4.999999999999999237e-03 1.697152357185587107e+03
9.999999999999998473e-03 1.033759834474195713e+03
1.499999999999999771e-02 6.382354265079998186e+02
1.999999999999999695e-02 3.947887189938371080e+02
2.499999999999999445e-02 2.433603793613806090e+02
2.999999999999999195e-02 1.490221544652946477e+02
3.499999999999999639e-02 9.043086177565064077e+01
3.999999999999999389e-02 5.426047807268150081e+01
4.499999999999999140e-02 3.210955767852008336e+01
4.999999999999998890e-02 1.868132196035124082e+01
5.499999999999998640e-02 1.064166207581053314e+01
5.999999999999999084e-02 5.901670322217865916e+00
6.499999999999998834e-02 3.162706222069326500e+00
6.999999999999999278e-02 1.619616381494655366e+00
7.499999999999999722e-02 7.821348795486181560e-01
7.999999999999998779e-02 3.513875383051967005e-01
8.499999999999999223e-02 1.486572672081113711e-01
8.999999999999999667e-02 6.828891623835345315e-02
