1.900000000000000000e+01 8.252776317931878225e+01
2.000000000000000000e+01 9.693244529009956523e+01
2.100000000000000000e+01 1.128262005656045801e+02
2.200000000000000000e+01 1.302537052388330210e+02
2.300000000000000000e+01 1.494373113962222988e+02
2.400000000000000000e+01 1.707799471273928589e+02
2.500000000000000000e+01 1.944671143916633014e+02
2.600000000000000000e+01 2.203365567116249508e+02
2.700000000000000000e+01 2.486142221998285891e+02
2.800000000000000000e+01 2.794408582379274435e+02
2.900000000000000000e+01 3.128266997894045289e+02
3.000000000000000000e+01 3.487000655728263041e+02
3.100000000000000000e+01 3.871310421832634461e+02
3.200000000000000000e+01 4.283959134774170820e+02
3.300000000000000000e+01 4.723483602780625006e+02
3.400000000000000000e+01 5.190443232466436712e+02
3.500000000000000000e+01 5.688226764090902634e+02
3.600000000000000000e+01 6.217914424913212770e+02
3.700000000000000000e+01 6.780592716564492548e+02
3.800000000000000000e+01 7.375387607952793587e+02
3.900000000000000000e+01 8.003025134337192412e+02
4.000000000000000000e+01 8.666363281246681254e+02
4.100000000000000000e+01 9.366475877887788783e+02
4.200000000000000000e+01 1.006802268398996603e+03
4.300000000000000000e+01 1.076622827560908263e+03
4.400000000000000000e+01 1.149532432564237297e+03
4.500000000000000000e+01 1.225593723468596863e+03
4.600000000000000000e+01 1.304869176183405898e+03
4.700000000000000000e+01 1.378061828323941654e+03
4.800000000000000000e+01 1.444141803639335876e+03
4.900000000000000000e+01 1.511944530586318933e+03
5.000000000000000000e+01 1.581478758759683387e+03
5.100000000000000000e+01 1.652753105835815404e+03
5.200000000000000000e+01 1.725776062116737421e+03
5.300000000000000000e+01 1.787431539364983792e+03
5.400000000000000000e+01 1.836838431845630566e+03
5.500000000000000000e+01 1.886675418575588765e+03
5.600000000000000000e+01 1.936938392488887303e+03
5.700000000000000000e+01 1.987623358058877329e+03
5.800000000000000000e+01 2.038726426373277945e+03
5.900000000000000000e+01 2.090243810507514354e+03
6.000000000000000000e+01 2.123867203506267288e+03
6.100000000000000000e+01 2.139227557126452211e+03
6.200000000000000000e+01 2.154448558630757816e+03
6.300000000000000000e+01 2.169533672152728741e+03
6.400000000000000000e+01 2.184486222734173680e+03
6.500000000000000000e+01 2.199309403971626125e+03
6.600000000000000000e+01 2.214006285132550602e+03
6.700000000000000000e+01 2.208409796925397131e+03
6.800000000000000000e+01 2.183051112952168751e+03
6.900000000000000000e+01 2.158344886070392022e+03
7.000000000000000000e+01 2.134265297720871331e+03
7.100000000000000000e+01 2.110787898402995779e+03
7.200000000000000000e+01 2.087889517166613587e+03
7.300000000000000000e+01 2.065548178239313074e+03
7.400000000000000000e+01 2.043743024138209421e+03
7.500000000000000000e+01 2.005527842319859701e+03
7.600000000000000000e+01 1.952009038197829568e+03
7.700000000000000000e+01 1.900586005483665758e+03
7.800000000000000000e+01 1.851151193964030654e+03
7.900000000000000000e+01 1.803603847592426291e+03
8.000000000000000000e+01 1.757849496735597313e+03
8.100000000000000000e+01 1.713799494093642579e+03
8.200000000000000000e+01 1.671370590056508263e+03
8.300000000000000000e+01 1.630484543716230974e+03
8.400000000000000000e+01 1.580456974546319998e+03
8.500000000000000000e+01 1.522239315490566696e+03
8.600000000000000000e+01 1.466806229522208241e+03
8.700000000000000000e+01 1.413994606490489559e+03
8.800000000000000000e+01 1.363652604255228653e+03
8.900000000000000000e+01 1.315638754503464043e+03
9.000000000000000000e+01 1.269821148510642843e+03
9.100000000000000000e+01 1.226076694912900393e+03
9.200000000000000000e+01 1.184290442420581257e+03
9.300000000000000000e+01 1.144354961164672886e+03
9.400000000000000000e+01 1.102359629162013334e+03
9.500000000000000000e+01 1.058631403587601199e+03
9.600000000000000000e+01 1.017066558704638965e+03
9.700000000000000000e+01 9.775372813687072266e+02
9.800000000000000000e+01 9.399245129571420421e+02
9.900000000000000000e+01 9.041172689476343294e+02
1.000000000000000000e+02 8.700120175360174244e+02
1.010000000000000000e+02 8.375121116468033051e+02
1.020000000000000000e+02 8.065272692791676263e+02
1.030000000000000000e+02 7.769730976537291554e+02
1.040000000000000000e+02 7.487706570896685889e+02
