1.000000000000000021e-03 5.656072941751374856e+03
1.051999999999999984e-03 5.664484459999359387e+03
1.106999999999999911e-03 5.672654594558996905e+03
1.163999999999999887e-03 5.666117455822532065e+03
1.224999999999999960e-03 5.662544122729073024e+03
1.288999999999999998e-03 5.642896385047386502e+03
1.356000000000000000e-03 5.625142378257429300e+03
1.427000000000000100e-03 5.592358988186496390e+03
1.500999999999999947e-03 5.560834434616966064e+03
1.579000000000000108e-03 5.515856782127759288e+03
1.661000000000000150e-03 5.469256316355797026e+03
1.747999999999999988e-03 5.411322404119846396e+03
1.839000000000000140e-03 5.349754809217090042e+03
1.935000000000000088e-03 5.277409129392004616e+03
2.034999999999999917e-03 5.202137403113523760e+03
2.141000000000000108e-03 5.118294955437036151e+03
2.252999999999999794e-03 5.026910313181166202e+03
2.370000000000000145e-03 4.932308625467868296e+03
2.492999999999999990e-03 4.827395794355451471e+03
2.623000000000000331e-03 4.721056959464513966e+03
2.759999999999999867e-03 4.604603782199296802e+03
2.903999999999999897e-03 4.488920538159148236e+03
3.054999999999999990e-03 4.365210150429608802e+03
3.213999999999999843e-03 4.239102375580807347e+03
3.380999999999999891e-03 4.109667760477912452e+03
3.556999999999999832e-03 3.977758537587943465e+03
3.742000000000000100e-03 3.844073912713749451e+03
3.936999999999999528e-03 3.707765504271003920e+03
4.142000000000000716e-03 3.571839945187309240e+03
4.357999999999999895e-03 3.433773171658214778e+03
4.585000000000000533e-03 3.299210115300405050e+03
4.824000000000000163e-03 3.163192834348329598e+03
5.074999999999999650e-03 3.031092600146546829e+03
5.338999999999999996e-03 2.900177803945737651e+03
5.616999999999999597e-03 2.773118012219530101e+03
5.908999999999999322e-03 2.648917304581472308e+03
6.217000000000000304e-03 2.529625012002522453e+03
6.540999999999999939e-03 2.414818615873788076e+03
6.880999999999999964e-03 2.304812215411992838e+03
7.239999999999999908e-03 2.200345722774590740e+03
7.617000000000000506e-03 2.100848347428800025e+03
8.012999999999999290e-03 2.007738239585229621e+03
8.429999999999999993e-03 1.920293699060217932e+03
8.868999999999998413e-03 1.839380771383203410e+03
9.330999999999999017e-03 1.763224684913961937e+03
9.816999999999999338e-03 1.694626787236958535e+03
1.032999999999999891e-02 1.630374155390466512e+03
1.086999999999999945e-02 1.573312948773329936e+03
1.143000000000000092e-02 1.521579484066487112e+03
1.203000000000000076e-02 1.475596068286022273e+03
1.264999999999999979e-02 1.434751122151160189e+03
1.330999999999999892e-02 1.399172435950700901e+03
1.400999999999999988e-02 1.367719854960348812e+03
1.473000000000000004e-02 1.340796608039240255e+03
1.549999999999999989e-02 1.318538401137839173e+03
1.631000000000000158e-02 1.299311578758520454e+03
1.715999999999999817e-02 1.284259269266969341e+03
1.805000000000000007e-02 1.271967790599773934e+03
1.898999999999999994e-02 1.262610561958713333e+03
1.997999999999999776e-02 1.255755074780631730e+03
2.101999999999999702e-02 1.251395676318320056e+03
2.212000000000000077e-02 1.248810255804629833e+03
2.326999999999999902e-02 1.247794499132424789e+03
2.447999999999999829e-02 1.248207127812529507e+03
2.574999999999999858e-02 1.250152727547691256e+03
2.708999999999999950e-02 1.253029107197243093e+03
2.850000000000000103e-02 1.256339635118474462e+03
2.998999999999999930e-02 1.260710794654647543e+03
3.155000000000000165e-02 1.264949325759322619e+03
3.318999999999999728e-02 1.270179155008669341e+03
3.491999999999999965e-02 1.274681158283741752e+03
3.673999999999999488e-02 1.279822492925431561e+03
3.864999999999999686e-02 1.283989871729222841e+03
4.066000000000000170e-02 1.288615376291050097e+03
4.277999999999999858e-02 1.292650519509544665e+03
4.500999999999999446e-02 1.295940141396374884e+03
4.734999999999999626e-02 1.299102803741097432e+03
4.982000000000000317e-02 1.301208054110477633e+03
5.240999999999999825e-02 1.303043067926195590e+03
5.513999999999999457e-02 1.303645265518657652e+03
5.800999999999999907e-02 1.304024681362703404e+03
6.102999999999999398e-02 1.302853546572972391e+03
6.421000000000000318e-02 1.301668789437535452e+03
6.755999999999999506e-02 1.299029529017821915e+03
7.106999999999999429e-02 1.295783190757172633e+03
7.477000000000000313e-02 1.291337050960888519e+03
7.867000000000000381e-02 1.286164654918516135e+03
8.276000000000000023e-02 1.279809800437576087e+03
8.707000000000000850e-02 1.272601648180354687e+03
9.160999999999999699e-02 1.264345115163560195e+03
9.637999999999999345e-02 1.254952835690289248e+03
1.014000000000000040e-01 1.244836250033865554e+03
1.067000000000000032e-01 1.233535422937634394e+03
1.122000000000000081e-01 1.221579107484239103e+03
1.180999999999999966e-01 1.208186519683766392e+03
1.242000000000000048e-01 1.194486112791584674e+03
1.307000000000000106e-01 1.179393025797316568e+03
1.375000000000000111e-01 1.163960664352370486e+03
1.446999999999999953e-01 1.147333160177238369e+03
1.522000000000000020e-01 1.130325903409618604e+03
1.600999999999999923e-01 1.112452703471899667e+03
1.683999999999999941e-01 1.093922782553551315e+03
1.771999999999999964e-01 1.074602530683627720e+03
1.864000000000000101e-01 1.054679108450467311e+03
1.960999999999999965e-01 1.034302181813860670e+03
2.064000000000000001e-01 1.012931125383086055e+03
2.170999999999999874e-01 9.915306355796902835e+02
2.283999999999999919e-01 9.693056896362179486e+02
2.403000000000000136e-01 9.467758066403202974e+02
2.528000000000000247e-01 9.237387188586566253e+02
2.660000000000000142e-01 9.002869292271562927e+02
2.798000000000000487e-01 8.766413809480081909e+02
2.943999999999999950e-01 8.526371166995031672e+02
3.096999999999999753e-01 8.285988526131773142e+02
3.259000000000000230e-01 8.042910655082993117e+02
3.427999999999999936e-01 7.802099512991561596e+02
3.606999999999999651e-01 7.558723838544766522e+02
3.795000000000000040e-01 7.317527234477788625e+02
3.991999999999999993e-01 7.076949068905348668e+02
4.200000000000000400e-01 6.837398492105297692e+02
4.419000000000000150e-01 6.598506224466630101e+02
4.649000000000000354e-01 6.362668908974055739e+02
4.891000000000000347e-01 6.128235888232751449e+02
5.144999999999999574e-01 5.897439077325384460e+02
5.413000000000000034e-01 5.667754660068719659e+02
5.695000000000000062e-01 5.440872372639893229e+02
5.992000000000000659e-01 5.216614489585026604e+02
6.304000000000000714e-01 4.995536871384281312e+02
6.632000000000000117e-01 4.778896146285625264e+02
6.976999999999999869e-01 4.565890190740731214e+02
7.340999999999999748e-01 4.358497518747991535e+02
7.722999999999999865e-01 4.156109267495332915e+02
8.125000000000000000e-01 3.961357947665380834e+02
8.548000000000000043e-01 3.771637150806685668e+02
8.992999999999999883e-01 3.589532584061948910e+02
9.460999999999999410e-01 3.413522714331089674e+02
9.954000000000000625e-01 3.244199290540108223e+02
1.046999999999999931e+00 3.082244816992573533e+02
1.101999999999999869e+00 2.924398384553558117e+02
1.159000000000000030e+00 2.775914295748318636e+02
1.219000000000000083e+00 2.632619516338186827e+02
1.283000000000000140e+00 2.494588122758570421e+02
1.350000000000000089e+00 2.361305254038231851e+02
1.419999999999999929e+00 2.235888863911679323e+02
1.493999999999999995e+00 2.113066301744302677e+02
1.572000000000000064e+00 1.996057269266558478e+02
1.654000000000000137e+00 1.883745813240521443e+02
1.739999999999999991e+00 1.777328540005270838e+02
1.830000000000000071e+00 1.678275453905859536e+02
1.925999999999999934e+00 1.583612621379235179e+02
2.025999999999999801e+00 1.497895592503365378e+02
2.131000000000000227e+00 1.418116440040814155e+02
2.241999999999999993e+00 1.345689308416128256e+02
2.358999999999999986e+00 1.278607151873620182e+02
2.481999999999999762e+00 1.217864067493304958e+02
2.611000000000000210e+00 1.162896942074528681e+02
2.746999999999999886e+00 1.112628910761592635e+02
2.890000000000000124e+00 1.068244953792693934e+02
3.040999999999999925e+00 1.027147472477820997e+02
3.198999999999999844e+00 9.915647297757234924e+01
3.366000000000000103e+00 9.575793767824700353e+01
3.540999999999999925e+00 9.280649712316684941e+01
3.725000000000000089e+00 8.987900021124289651e+01
3.918999999999999595e+00 8.717797589143721382e+01
4.123000000000000220e+00 8.461604098695494258e+01
4.338000000000000078e+00 8.218817817931342518e+01
4.564000000000000057e+00 8.009703492290277893e+01
4.801000000000000156e+00 7.821896956899917086e+01
5.051000000000000156e+00 7.670173548759906623e+01
5.314000000000000057e+00 7.548402617677781734e+01
5.590999999999999304e+00 7.458459310915898755e+01
5.881999999999999673e+00 7.396300778042734692e+01
6.187999999999999723e+00 7.350487475581334706e+01
6.511000000000000121e+00 7.327466938436506894e+01
6.850000000000000533e+00 7.310199050102076512e+01
7.205999999999999517e+00 7.305708816351878454e+01
7.581999999999999851e+00 7.310427130477091850e+01
7.976000000000000867e+00 7.311400453199904348e+01
8.391999999999999460e+00 7.327163503522265842e+01
8.829000000000000625e+00 7.336880396380185232e+01
9.288000000000000256e+00 7.357117531235098795e+01
9.772000000000000242e+00 7.376747495033168889e+01
1.027999999999999936e+01 7.395510172662055481e+01
1.082000000000000028e+01 7.418377618904933968e+01
1.137999999999999901e+01 7.430601481864964342e+01
1.196999999999999886e+01 7.448324550677136813e+01
1.259999999999999964e+01 7.450454575179003314e+01
1.325000000000000000e+01 7.454855898613470799e+01
1.393999999999999950e+01 7.444680976685296514e+01
1.466999999999999993e+01 7.430526570119741336e+01
1.542999999999999972e+01 7.405245719630993051e+01
1.623000000000000043e+01 7.368896086256049216e+01
1.708000000000000185e+01 7.322942417634814660e+01
1.796999999999999886e+01 7.261676587747541589e+01
1.889999999999999858e+01 7.189619908422362471e+01
1.989000000000000057e+01 7.101453836302360401e+01
2.092000000000000171e+01 6.998758320724385840e+01
2.200999999999999801e+01 6.881237873605664390e+01
2.316000000000000014e+01 6.745264392994371860e+01
2.437000000000000099e+01 6.594316574871244541e+01
2.562999999999999901e+01 6.425400998019289034e+01
2.697000000000000242e+01 6.238481383546409376e+01
2.837000000000000099e+01 6.033429464462739134e+01
2.985000000000000142e+01 5.811001751101655088e+01
3.139999999999999858e+01 5.570053682244336102e+01
3.303999999999999915e+01 5.309942068720962993e+01
3.475999999999999801e+01 5.031165315323883647e+01
3.657000000000000028e+01 4.736939775336092850e+01
3.846999999999999886e+01 4.426107427418993723e+01
4.048000000000000398e+01 4.098744472575826592e+01
4.259000000000000341e+01 3.757980556815668649e+01
4.479999999999999716e+01 3.409372891299516084e+01
4.714000000000000057e+01 3.050407048848833824e+01
4.959000000000000341e+01 2.693042757085045480e+01
5.217000000000000171e+01 2.338110595688435467e+01
5.489000000000000057e+01 1.994542672182959109e+01
5.775000000000000000e+01 1.668738347069759698e+01
6.075000000000000000e+01 1.369591471861650689e+01
6.392000000000000171e+01 1.100500736531637358e+01
6.723999999999999488e+01 8.665506739332371922e+00
7.075000000000000000e+01 6.683394112820685962e+00
7.442999999999999261e+01 5.067083047866184131e+00
7.829999999999999716e+01 3.777773488579143191e+00
8.237999999999999545e+01 2.779483130174511984e+00
8.667000000000000171e+01 2.018028251810118689e+00
9.117999999999999261e+01 1.461567656460324827e+00
9.593000000000000682e+01 1.046118597057709820e+00
1.009000000000000057e+02 7.488119598223530460e-01
1.062000000000000028e+02 5.260586306443775229e-01
1.116999999999999886e+02 3.670547583558176896e-01
1.175000000000000000e+02 2.485996053785632931e-01
1.236000000000000085e+02 1.628244899179640548e-01
1.300999999999999943e+02 1.016614664583426197e-01
1.369000000000000057e+02 6.164229674452137431e-02
1.440000000000000000e+02 3.623465040930118342e-02
1.515000000000000000e+02 2.058094546901001465e-02
1.593999999999999773e+02 1.159736387133483704e-02
1.676999999999999886e+02 6.370229036549129864e-03
1.764000000000000057e+02 3.453430648176311624e-03
1.855999999999999943e+02 1.775512161213813056e-03
1.952000000000000171e+02 8.834361609402902049e-04
2.054000000000000057e+02 4.044802220858952774e-04
2.160999999999999943e+02 1.817438040670523586e-04
2.273999999999999773e+02 7.784653141787402017e-05
2.391999999999999886e+02 3.246265364117636998e-05
2.516999999999999886e+02 1.337123879732531571e-05
2.647999999999999545e+02 5.098633850074597721e-06
2.785000000000000000e+02 1.994314185688514764e-06
2.930000000000000000e+02 6.645525496627788101e-07
3.083000000000000114e+02 2.296575520011170978e-07
3.244000000000000341e+02 7.070115381618301940e-08
3.411999999999999886e+02 2.111108485131075138e-08
3.590000000000000000e+02 5.899557500460100474e-09
3.776999999999999886e+02 1.434628727044787625e-09
3.973999999999999773e+02 3.718265075004114711e-10
4.181000000000000227e+02 6.418312473356330808e-11
4.398000000000000114e+02 1.596527922745917763e-11
4.626999999999999886e+02 2.274876401529333803e-12
4.868000000000000114e+02 5.587498755275333710e-13
5.122000000000000455e+02 4.498552705878472513e-14
5.387999999999999545e+02 1.074416019118138291e-14
5.668999999999999773e+02 6.917003285000690632e-16
5.964000000000000909e+02 1.980492077106604516e-16
6.275000000000000000e+02 1.910655397428938433e-17
6.601000000000000227e+02 1.657295120348501611e-18
6.945000000000000000e+02 2.398150542715977129e-19
7.307000000000000455e+02 9.364125757492524867e-21
7.687000000000000455e+02 1.598658281199504634e-21
8.087999999999999545e+02 2.208266187540457886e-23
8.508999999999999773e+02 4.436217664065837960e-24
8.952000000000000455e+02 3.261284324809591588e-26
9.417999999999999545e+02 7.065678404373318266e-27
9.908000000000000682e+02 1.855007743831273650e-29
1.042000000000000000e+03 4.420455402786509344e-30
1.097000000000000000e+03 4.857712257502174004e-33
1.154000000000000000e+03 1.219081145261279301e-33
1.214000000000000000e+03 5.288358618135729174e-37
1.277000000000000000e+03 1.440055810081339746e-37
1.344000000000000000e+03 1.561061624727410386e-39
1.414000000000000000e+03 5.563744727302870604e-42
1.487000000000000000e+03 6.139289096286902064e-43
1.565000000000000000e+03 6.300483600229353968e-47
1.646000000000000000e+03 1.038522536576483444e-47
1.732000000000000000e+03 1.906474516106270644e-52
1.822000000000000000e+03 3.889807084330892763e-53
1.917000000000000000e+03 1.300210555716109495e-58
2.017000000000000000e+03 3.046524096359272318e-59
2.122000000000000000e+03 1.783759335045392402e-65
2.232000000000000000e+03 4.696303716224520697e-66
2.348000000000000000e+03 3.903417424141894872e-73
2.470000000000000000e+03 1.146423204150210035e-73
2.599000000000000000e+03 8.867503844315677836e-82
2.734000000000000000e+03 2.805918523572687014e-82
2.877000000000000000e+03 2.707314920400579629e-91
3.027000000000000000e+03 9.824451678376745074e-92
3.184000000000000000e+03 6.075801545051738337e-93
3.350000000000000000e+03 2.501803933903962131e-102
3.524000000000000000e+03 3.692448042002825688e-103
3.708000000000000000e+03 3.600797002796012894e-114
3.901000000000000000e+03 7.469725219152320059e-115
4.104000000000000000e+03 2.102472048940309470e-127
4.318000000000000000e+03 5.418158067841868219e-128
4.543000000000000000e+03 3.623822048541458924e-142
4.779000000000000000e+03 1.076890824770288655e-142
5.028000000000000000e+03 1.280541649612415982e-158
5.290000000000000000e+03 4.279028924248370157e-159
5.565000000000000000e+03 6.204708525276025093e-177
5.855000000000000000e+03 2.275135745008064708e-177
6.160000000000000000e+03 2.726457628790165904e-197
6.481000000000000000e+03 1.090150653744143684e-197
6.818000000000000000e+03 4.736313637462588854e-220
7.173000000000000000e+03 2.129106483302906757e-220
7.547000000000000000e+03 2.143751961280412171e-221
7.940000000000000000e+03 1.039735904538797562e-245
8.353000000000000000e+03 1.948450509944829347e-246
8.788000000000000000e+03 6.458948933449786030e-274
9.246000000000000000e+03 1.631218365308745530e-274
9.727000000000000000e+03 2.176415105739983715e-305
1.023000000000000000e+04 6.842802511862251182e-306
1.077000000000000000e+04 0.000000000000000000e+00
1.133000000000000000e+04 0.000000000000000000e+00
1.192000000000000000e+04 0.000000000000000000e+00
1.254000000000000000e+04 0.000000000000000000e+00
1.319000000000000000e+04 0.000000000000000000e+00
1.388000000000000000e+04 0.000000000000000000e+00
1.460000000000000000e+04 0.000000000000000000e+00
1.536000000000000000e+04 0.000000000000000000e+00
1.616000000000000000e+04 0.000000000000000000e+00
1.700000000000000000e+04 0.000000000000000000e+00
1.789000000000000000e+04 0.000000000000000000e+00
1.882000000000000000e+04 0.000000000000000000e+00
1.980000000000000000e+04 0.000000000000000000e+00
2.083000000000000000e+04 0.000000000000000000e+00
2.191000000000000000e+04 0.000000000000000000e+00
2.305000000000000000e+04 0.000000000000000000e+00
2.425000000000000000e+04 0.000000000000000000e+00
2.552000000000000000e+04 0.000000000000000000e+00
2.684000000000000000e+04 0.000000000000000000e+00
2.824000000000000000e+04 0.000000000000000000e+00
2.971000000000000000e+04 0.000000000000000000e+00
3.126000000000000000e+04 0.000000000000000000e+00
3.289000000000000000e+04 0.000000000000000000e+00
3.460000000000000000e+04 0.000000000000000000e+00
3.640000000000000000e+04 0.000000000000000000e+00
3.830000000000000000e+04 0.000000000000000000e+00
4.029000000000000000e+04 0.000000000000000000e+00
4.239000000000000000e+04 0.000000000000000000e+00
4.460000000000000000e+04 0.000000000000000000e+00
4.692000000000000000e+04 0.000000000000000000e+00
4.936000000000000000e+04 0.000000000000000000e+00
5.193000000000000000e+04 0.000000000000000000e+00
5.464000000000000000e+04 0.000000000000000000e+00
5.748000000000000000e+04 0.000000000000000000e+00
6.047000000000000000e+04 0.000000000000000000e+00
6.362000000000000000e+04 0.000000000000000000e+00
6.693000000000000000e+04 0.000000000000000000e+00
7.042000000000000000e+04 0.000000000000000000e+00
7.409000000000000000e+04 0.000000000000000000e+00
7.794000000000000000e+04 0.000000000000000000e+00
8.200000000000000000e+04 0.000000000000000000e+00
8.627000000000000000e+04 0.000000000000000000e+00
9.076000000000000000e+04 0.000000000000000000e+00
9.549000000000000000e+04 0.000000000000000000e+00
1.005000000000000000e+05 0.000000000000000000e+00
1.057000000000000000e+05 0.000000000000000000e+00
1.112000000000000000e+05 0.000000000000000000e+00
1.170000000000000000e+05 0.000000000000000000e+00
1.231000000000000000e+05 0.000000000000000000e+00
1.295000000000000000e+05 0.000000000000000000e+00
1.362000000000000000e+05 0.000000000000000000e+00
1.433000000000000000e+05 0.000000000000000000e+00
1.508000000000000000e+05 0.000000000000000000e+00
1.586000000000000000e+05 0.000000000000000000e+00
1.669000000000000000e+05 0.000000000000000000e+00
1.756000000000000000e+05 0.000000000000000000e+00
1.847000000000000000e+05 0.000000000000000000e+00
1.943000000000000000e+05 0.000000000000000000e+00
2.045000000000000000e+05 0.000000000000000000e+00
2.151000000000000000e+05 0.000000000000000000e+00
2.263000000000000000e+05 0.000000000000000000e+00
2.381000000000000000e+05 0.000000000000000000e+00
2.505000000000000000e+05 0.000000000000000000e+00
2.635000000000000000e+05 0.000000000000000000e+00
2.773000000000000000e+05 0.000000000000000000e+00
2.917000000000000000e+05 0.000000000000000000e+00
3.069000000000000000e+05 0.000000000000000000e+00
3.229000000000000000e+05 0.000000000000000000e+00
3.397000000000000000e+05 0.000000000000000000e+00
3.574000000000000000e+05 0.000000000000000000e+00
3.760000000000000000e+05 0.000000000000000000e+00
3.955000000000000000e+05 0.000000000000000000e+00
4.161000000000000000e+05 0.000000000000000000e+00
4.378000000000000000e+05 0.000000000000000000e+00
4.606000000000000000e+05 0.000000000000000000e+00
4.846000000000000000e+05 0.000000000000000000e+00
5.098000000000000000e+05 0.000000000000000000e+00
5.364000000000000000e+05 0.000000000000000000e+00
5.643000000000000000e+05 0.000000000000000000e+00
5.937000000000000000e+05 0.000000000000000000e+00
6.246000000000000000e+05 0.000000000000000000e+00
6.571000000000000000e+05 0.000000000000000000e+00
6.913000000000000000e+05 0.000000000000000000e+00
7.273000000000000000e+05 0.000000000000000000e+00
7.652000000000000000e+05 0.000000000000000000e+00
8.050000000000000000e+05 0.000000000000000000e+00
8.469000000000000000e+05 0.000000000000000000e+00
8.910000000000000000e+05 0.000000000000000000e+00
9.374000000000000000e+05 0.000000000000000000e+00
9.863000000000000000e+05 0.000000000000000000e+00
1.038000000000000000e+06 0.000000000000000000e+00
1.092000000000000000e+06 0.000000000000000000e+00
1.148000000000000000e+06 0.000000000000000000e+00
1.208000000000000000e+06 0.000000000000000000e+00
1.271000000000000000e+06 0.000000000000000000e+00
1.337000000000000000e+06 0.000000000000000000e+00
1.407000000000000000e+06 0.000000000000000000e+00
1.480000000000000000e+06 0.000000000000000000e+00
1.557000000000000000e+06 0.000000000000000000e+00
1.638000000000000000e+06 0.000000000000000000e+00
1.724000000000000000e+06 0.000000000000000000e+00
1.814000000000000000e+06 0.000000000000000000e+00
1.908000000000000000e+06 0.000000000000000000e+00
2.007000000000000000e+06 0.000000000000000000e+00
2.112000000000000000e+06 0.000000000000000000e+00
2.222000000000000000e+06 0.000000000000000000e+00
2.337000000000000000e+06 0.000000000000000000e+00
2.459000000000000000e+06 0.000000000000000000e+00
2.587000000000000000e+06 0.000000000000000000e+00
2.722000000000000000e+06 0.000000000000000000e+00
2.864000000000000000e+06 0.000000000000000000e+00
3.013000000000000000e+06 0.000000000000000000e+00
3.170000000000000000e+06 0.000000000000000000e+00
3.335000000000000000e+06 0.000000000000000000e+00
3.508000000000000000e+06 0.000000000000000000e+00
3.691000000000000000e+06 0.000000000000000000e+00
3.883000000000000000e+06 0.000000000000000000e+00
4.085000000000000000e+06 0.000000000000000000e+00
4.298000000000000000e+06 0.000000000000000000e+00
4.522000000000000000e+06 0.000000000000000000e+00
4.757000000000000000e+06 0.000000000000000000e+00
5.005000000000000000e+06 0.000000000000000000e+00
5.266000000000000000e+06 0.000000000000000000e+00
5.540000000000000000e+06 0.000000000000000000e+00
5.828000000000000000e+06 0.000000000000000000e+00
6.132000000000000000e+06 0.000000000000000000e+00
6.451000000000000000e+06 0.000000000000000000e+00
6.787000000000000000e+06 0.000000000000000000e+00
7.140000000000000000e+06 0.000000000000000000e+00
7.512000000000000000e+06 0.000000000000000000e+00
7.903000000000000000e+06 0.000000000000000000e+00
8.315000000000000000e+06 0.000000000000000000e+00
8.748000000000000000e+06 0.000000000000000000e+00
9.203000000000000000e+06 0.000000000000000000e+00
9.682000000000000000e+06 0.000000000000000000e+00
1.019000000000000000e+07 0.000000000000000000e+00
1.072000000000000000e+07 0.000000000000000000e+00
1.127000000000000000e+07 0.000000000000000000e+00
1.186000000000000000e+07 0.000000000000000000e+00
1.248000000000000000e+07 0.000000000000000000e+00
1.313000000000000000e+07 0.000000000000000000e+00
1.381000000000000000e+07 0.000000000000000000e+00
1.453000000000000000e+07 0.000000000000000000e+00
1.529000000000000000e+07 0.000000000000000000e+00
1.608000000000000000e+07 0.000000000000000000e+00
1.692000000000000000e+07 0.000000000000000000e+00
1.780000000000000000e+07 0.000000000000000000e+00
1.873000000000000000e+07 0.000000000000000000e+00
1.971000000000000000e+07 0.000000000000000000e+00
2.073000000000000000e+07 0.000000000000000000e+00
2.181000000000000000e+07 0.000000000000000000e+00
2.295000000000000000e+07 0.000000000000000000e+00
2.414000000000000000e+07 0.000000000000000000e+00
2.540000000000000000e+07 0.000000000000000000e+00
2.672000000000000000e+07 0.000000000000000000e+00
2.811000000000000000e+07 0.000000000000000000e+00
2.958000000000000000e+07 0.000000000000000000e+00
3.112000000000000000e+07 0.000000000000000000e+00
3.274000000000000000e+07 0.000000000000000000e+00
3.444000000000000000e+07 0.000000000000000000e+00
3.623000000000000000e+07 0.000000000000000000e+00
3.812000000000000000e+07 0.000000000000000000e+00
4.011000000000000000e+07 0.000000000000000000e+00
4.219000000000000000e+07 0.000000000000000000e+00
4.439000000000000000e+07 0.000000000000000000e+00
4.670000000000000000e+07 0.000000000000000000e+00
4.913000000000000000e+07 0.000000000000000000e+00
5.169000000000000000e+07 0.000000000000000000e+00
5.438000000000000000e+07 0.000000000000000000e+00
5.722000000000000000e+07 0.000000000000000000e+00
6.019000000000000000e+07 0.000000000000000000e+00
6.333000000000000000e+07 0.000000000000000000e+00
6.663000000000000000e+07 0.000000000000000000e+00
7.010000000000000000e+07 0.000000000000000000e+00
7.375000000000000000e+07 0.000000000000000000e+00
7.759000000000000000e+07 0.000000000000000000e+00
8.163000000000000000e+07 0.000000000000000000e+00
8.588000000000000000e+07 0.000000000000000000e+00
9.035000000000000000e+07 0.000000000000000000e+00
9.505000000000000000e+07 0.000000000000000000e+00
1.000000000000000000e+08 0.000000000000000000e+00
