1.000000000000000021e-03 2.938294616579129737e+21
1.051999999999999984e-03 2.942616474601650127e+21
1.106999999999999911e-03 2.946931121301227569e+21
1.163999999999999887e-03 2.943508248950076867e+21
1.224999999999999960e-03 2.941678126139216232e+21
1.288999999999999998e-03 2.931550504774569820e+21
1.356000000000000000e-03 2.922262461377476559e+21
1.427000000000000100e-03 2.905360765357337870e+21
1.500999999999999947e-03 2.888890322465079689e+21
1.579000000000000108e-03 2.865667528252340568e+21
1.661000000000000150e-03 2.841372172617783443e+21
1.747999999999999988e-03 2.811410866215230898e+21
1.839000000000000140e-03 2.779333048809162801e+21
1.935000000000000088e-03 2.741839665727177490e+21
2.034999999999999917e-03 2.702742153553946083e+21
2.141000000000000108e-03 2.659192990619000635e+21
2.252999999999999794e-03 2.611781783151363752e+21
2.370000000000000145e-03 2.562595069946759741e+21
2.492999999999999990e-03 2.508174688670409818e+21
2.623000000000000331e-03 2.452867181535752618e+21
2.759999999999999867e-03 2.392457859062733734e+21
2.903999999999999897e-03 2.332291227033712722e+21
3.054999999999999990e-03 2.268082118333367321e+21
3.213999999999999843e-03 2.202538224117997109e+21
3.380999999999999891e-03 2.135316327371295425e+21
3.556999999999999832e-03 2.066779307615827001e+21
3.742000000000000100e-03 1.997320590353923047e+21
3.936999999999999528e-03 1.926510353802090250e+21
4.142000000000000716e-03 1.855879740479302533e+21
4.357999999999999895e-03 1.784156460499939099e+21
4.585000000000000533e-03 1.714227855375047852e+21
4.824000000000000163e-03 1.643562382478619181e+21
5.074999999999999650e-03 1.574923284510031741e+21
5.338999999999999996e-03 1.506902025536001016e+21
5.616999999999999597e-03 1.440875239598510572e+21
5.908999999999999322e-03 1.376344453103633826e+21
6.217000000000000304e-03 1.314355733401717441e+21
6.540999999999999939e-03 1.254704763227480523e+21
6.880999999999999964e-03 1.197538335513626542e+21
7.239999999999999908e-03 1.143260053990569935e+21
7.617000000000000506e-03 1.091560543837246063e+21
8.012999999999999290e-03 1.043181127172726587e+21
8.429999999999999993e-03 9.977456417628402483e+20
8.868999999999998413e-03 9.557084692928694845e+20
9.330999999999999017e-03 9.161353313344781025e+20
9.816999999999999338e-03 8.805021130023382548e+20
1.032999999999999891e-02 8.471127905980916695e+20
1.086999999999999945e-02 8.174729957536825344e+20
1.143000000000000092e-02 7.905886638418621891e+20
1.203000000000000076e-02 7.667070827604648919e+20
1.264999999999999979e-02 7.454807327342800404e+20
1.330999999999999892e-02 7.270007465956155064e+20
1.400999999999999988e-02 7.106577893773452247e+20
1.473000000000000004e-02 6.966700523912805745e+20
1.549999999999999989e-02 6.851107970463236096e+20
1.631000000000000158e-02 6.751189071061971108e+20
1.715999999999999817e-02 6.673014576506525450e+20
1.805000000000000007e-02 6.609111880359901921e+20
1.898999999999999994e-02 6.560509939746338243e+20
1.997999999999999776e-02 6.524866616175615017e+20
2.101999999999999702e-02 6.502219992012463800e+20
2.212000000000000077e-02 6.488740773002292756e+20
2.326999999999999902e-02 6.483449139893127086e+20
2.447999999999999829e-02 6.485540344962846556e+20
2.574999999999999858e-02 6.495662750992600924e+20
2.708999999999999950e-02 6.510541357584639590e+20
2.850000000000000103e-02 6.527703610703862825e+20
2.998999999999999930e-02 6.550410992884202865e+20
3.155000000000000165e-02 6.572377022608054682e+20
3.318999999999999728e-02 6.599559844966709330e+20
3.491999999999999965e-02 6.622886853156996383e+20
3.673999999999999488e-02 6.649618191121513185e+20
3.864999999999999686e-02 6.671214185346528707e+20
4.066000000000000170e-02 6.695282450677596160e+20
4.277999999999999858e-02 6.716194682419139052e+20
4.500999999999999446e-02 6.733286081196066079e+20
4.734999999999999626e-02 6.749724949069434716e+20
4.982000000000000317e-02 6.760637495460001219e+20
5.240999999999999825e-02 6.770204277410682634e+20
5.513999999999999457e-02 6.773298996815170109e+20
5.800999999999999907e-02 6.775312220567614259e+20
6.102999999999999398e-02 6.769200140401210819e+20
6.421000000000000318e-02 6.763104262637946143e+20
6.755999999999999506e-02 6.749385475573659730e+20
7.106999999999999429e-02 6.732515459217159619e+20
7.477000000000000313e-02 6.709475878676468859e+20
7.867000000000000381e-02 6.682568728808200602e+20
8.276000000000000023e-02 6.649615412227909878e+20
8.707000000000000850e-02 6.612140167773860659e+20
9.160999999999999699e-02 6.569290661394593874e+20
9.637999999999999345e-02 6.520466290361084150e+20
1.014000000000000040e-01 6.467948848264234926e+20
1.067000000000000032e-01 6.409228851885317816e+20
1.122000000000000081e-01 6.347098377610140058e+20
1.180999999999999966e-01 6.277559869679551119e+20
1.242000000000000048e-01 6.206336219817123512e+20
1.307000000000000106e-01 6.127970723966072914e+20
1.375000000000000111e-01 6.047762887948152340e+20
1.446999999999999953e-01 5.961416919520681656e+20
1.522000000000000020e-01 5.873017195039269847e+20
1.600999999999999923e-01 5.780215626119150961e+20
1.683999999999999941e-01 5.683908854367144509e+20
1.771999999999999964e-01 5.583553369402222838e+20
1.864000000000000101e-01 5.480046369409474232e+20
1.960999999999999965e-01 5.374167506713243156e+20
2.064000000000000001e-01 5.263150897777351066e+20
2.170999999999999874e-01 5.151946820790530867e+20
2.283999999999999919e-01 5.036486786851107635e+20
2.403000000000000136e-01 4.919401432359826883e+20
2.528000000000000247e-01 4.799724041643543757e+20
2.660000000000000142e-01 4.677835306876136980e+20
2.798000000000000487e-01 4.554977795123523748e+20
2.943999999999999950e-01 4.430249099439273411e+20
3.096999999999999753e-01 4.305331280325490115e+20
3.259000000000000230e-01 4.179050988450829435e+20
3.427999999999999936e-01 4.053913096327854162e+20
3.606999999999999651e-01 3.927477531190400778e+20
3.795000000000000040e-01 3.802154410251344937e+20
3.991999999999999993e-01 3.677164342520180900e+20
4.200000000000000400e-01 3.552694386838494249e+20
4.419000000000000150e-01 3.428564348208040509e+20
4.649000000000000354e-01 3.306037067175826555e+20
4.891000000000000347e-01 3.184211921840819405e+20
5.144999999999999574e-01 3.064302028748647301e+20
5.413000000000000034e-01 2.944939781607765115e+20
5.695000000000000062e-01 2.827066700702905795e+20
5.992000000000000659e-01 2.710514212887819715e+20
6.304000000000000714e-01 2.595647892014392607e+20
6.632000000000000117e-01 2.483046876741704090e+20
6.976999999999999869e-01 2.372359083518280663e+20
7.340999999999999748e-01 2.264588243042937405e+20
7.722999999999999865e-01 2.159404059729645732e+20
8.125000000000000000e-01 2.058224649888888914e+20
8.548000000000000043e-01 1.959632108915439043e+20
8.992999999999999883e-01 1.865027972249693716e+20
9.460999999999999410e-01 1.773575271971991060e+20
9.954000000000000625e-01 1.685592477246740234e+20
1.046999999999999931e+00 1.601447002102335406e+20
1.101999999999999869e+00 1.519412975571500073e+20
1.159000000000000030e+00 1.442272586936386847e+20
1.219000000000000083e+00 1.367795377834046423e+20
1.283000000000000140e+00 1.296088162085484462e+20
1.350000000000000089e+00 1.226811508023379886e+20
1.419999999999999929e+00 1.161660273702623150e+20
1.493999999999999995e+00 1.097806941315007611e+20
1.572000000000000064e+00 1.037007211517966254e+20
1.654000000000000137e+00 9.786152107101834445e+19
1.739999999999999991e+00 9.232877789115324826e+19
1.830000000000000071e+00 8.718207879129314099e+19
1.925999999999999934e+00 8.225920719250168218e+19
2.025999999999999801e+00 7.780848568709726208e+19
2.131000000000000227e+00 7.366065021707592499e+19
2.241999999999999993e+00 6.990096913301787443e+19
2.358999999999999986e+00 6.641572583331552461e+19
2.481999999999999762e+00 6.326040825158028493e+19
2.611000000000000210e+00 6.040538236001138278e+19
2.746999999999999886e+00 5.779160146136122163e+19
2.890000000000000124e+00 5.548818051557416960e+19
3.040999999999999925e+00 5.334982855160727962e+19
3.198999999999999844e+00 5.150410014804048282e+19
3.366000000000000103e+00 4.973516976845588890e+19
3.540999999999999925e+00 4.820510192413451878e+19
3.725000000000000089e+00 4.667914563366968525e+19
3.918999999999999595e+00 4.527654646167994368e+19
4.123000000000000220e+00 4.394015736568120934e+19
4.338000000000000078e+00 4.267431207213057638e+19
4.564000000000000057e+00 4.158821907886039859e+19
4.801000000000000156e+00 4.060451676992444826e+19
5.051000000000000156e+00 3.982097619472343859e+19
5.314000000000000057e+00 3.918330652394187162e+19
5.590999999999999304e+00 3.872050527357254042e+19
5.881999999999999673e+00 3.839792127004163277e+19
6.187999999999999723e+00 3.815934155903539610e+19
6.511000000000000121e+00 3.804262666697759949e+19
6.850000000000000533e+00 3.794735912213887386e+19
7.205999999999999517e+00 3.792855971974736282e+19
7.581999999999999851e+00 3.794495400680622490e+19
7.976000000000000867e+00 3.795343577643617485e+19
8.391999999999999460e+00 3.802945666580703642e+19
8.829000000000000625e+00 3.808147707850406298e+19
9.288000000000000256e+00 3.818601676060810445e+19
9.772000000000000242e+00 3.828574582120636416e+19
1.027999999999999936e+01 3.838624198582479258e+19
1.082000000000000028e+01 3.850014338169081037e+19
1.137999999999999901e+01 3.856751727776132301e+19
1.196999999999999886e+01 3.865539610089845555e+19
1.259999999999999964e+01 3.866771514986660659e+19
1.325000000000000000e+01 3.869024630093901824e+19
1.393999999999999950e+01 3.863687657893531648e+19
1.466999999999999993e+01 3.856613363434332979e+19
1.542999999999999972e+01 3.843325947078441370e+19
1.623000000000000043e+01 3.824900725041381376e+19
1.708000000000000185e+01 3.800777012714485350e+19
1.796999999999999886e+01 3.769231359723234099e+19
1.889999999999999858e+01 3.731682433032195277e+19
1.989000000000000057e+01 3.685925548740326605e+19
2.092000000000000171e+01 3.632508684377155584e+19
2.200999999999999801e+01 3.571392229276960358e+19
2.316000000000000014e+01 3.500687337592530125e+19
2.437000000000000099e+01 3.422123837924129997e+19
2.562999999999999901e+01 3.334387117111332864e+19
2.697000000000000242e+01 3.237122658787435315e+19
2.837000000000000099e+01 3.130662080155712307e+19
2.985000000000000142e+01 3.015047273545834496e+19
3.139999999999999858e+01 2.889929187576710758e+19
3.303999999999999915e+01 2.754788579976679014e+19
3.475999999999999801e+01 2.610080999393027277e+19
3.657000000000000028e+01 2.457317689970110464e+19
3.846999999999999886e+01 2.295999226189437338e+19
4.048000000000000398e+01 2.126033582455654810e+19
4.259000000000000341e+01 1.949156900765913088e+19
4.479999999999999716e+01 1.768195970601203712e+19
4.714000000000000057e+01 1.581856341287459635e+19
4.959000000000000341e+01 1.396351088237332685e+19
5.217000000000000171e+01 1.212053951092468122e+19
5.489000000000000057e+01 1.033669805485014016e+19
5.775000000000000000e+01 8.645160552305477632e+18
6.075000000000000000e+01 7.092697977545190400e+18
6.392000000000000171e+01 5.696139235477548032e+18
6.723999999999999488e+01 4.482387664266390016e+18
7.075000000000000000e+01 3.455186706435505152e+18
7.442999999999999261e+01 2.617841530289677824e+18
7.829999999999999716e+01 1.950516973234618880e+18
8.237999999999999545e+01 1.434272322148769536e+18
8.667000000000000171e+01 1.040798326126819328e+18
9.117999999999999261e+01 7.538558131688445440e+17
9.593000000000000682e+01 5.389096097910020480e+17
1.009000000000000057e+02 3.858979947554214400e+17
1.062000000000000028e+02 2.706854091775580800e+17
1.116999999999999886e+02 1.888470972114650240e+17
1.175000000000000000e+02 1.275597919647275040e+17
1.236000000000000085e+02 8.342820083123206400e+16
1.300999999999999943e+02 5.190765575275981600e+16
1.369000000000000057e+02 3.144443733259038400e+16
1.440000000000000000e+02 1.840270942076806000e+16
1.515000000000000000e+02 1.044170529698934400e+16
1.593999999999999773e+02 5.879415925839896000e+15
1.676999999999999886e+02 3.215132781178938000e+15
1.764000000000000057e+02 1.742645950221126000e+15
1.855999999999999943e+02 8.857169175822917500e+14
1.952000000000000171e+02 4.412948039620124375e+14
2.054000000000000057e+02 1.973743882429922188e+14
2.160999999999999943e+02 9.031166773455525000e+13
2.273999999999999773e+02 3.719171988697230469e+13
2.391999999999999886e+02 1.610743059855165234e+13
2.516999999999999886e+02 6.303777186684993164e+12
2.647999999999999545e+02 2.513396915653434570e+12
2.785000000000000000e+02 9.354810278417012939e+11
2.930000000000000000e+02 3.188898926811293945e+11
3.083000000000000114e+02 1.082700427823346100e+11
3.244000000000000341e+02 3.232763418328574753e+10
3.411999999999999886e+02 9.876114931673282623e+09
3.590000000000000000e+02 2.499992285515553951e+09
3.776999999999999886e+02 6.714874823319501877e+08
3.973999999999999773e+02 1.370064900032601953e+08
4.181000000000000227e+02 2.954908601164271683e+07
4.398000000000000114e+02 5.402419350493610837e+06
4.626999999999999886e+02 1.058567400745840045e+06
4.868000000000000114e+02 1.492770306863405567e+05
5.122000000000000455e+02 2.044968776413404339e+04
5.387999999999999545e+02 2.644527188367491817e+03
5.668999999999999773e+02 3.337738585014895989e+02
5.964000000000000909e+02 6.950839783818805984e+01
6.275000000000000000e+02 6.051664842632571428e+00
6.601000000000000227e+02 6.856379278828668156e-01
6.945000000000000000e+02 5.623812405451299179e-02
7.307000000000000455e+02 3.995433041031198028e-03
7.687000000000000455e+02 2.481658597834210064e-04
8.087999999999999545e+02 1.000402140746132178e-05
8.508999999999999773e+02 5.912373756824325279e-07
8.952000000000000455e+02 1.476240448505664640e-08
9.417999999999999545e+02 6.667531107240154706e-10
9.908000000000000682e+02 8.406572485197205931e-12
1.042000000000000000e+03 3.390737299249838572e-13
1.097000000000000000e+03 2.267477587202349328e-15
1.154000000000000000e+03 7.561331350081558354e-17
1.214000000000000000e+03 2.565886149358977136e-19
1.277000000000000000e+03 2.575758212704592408e-20
1.344000000000000000e+03 1.885518349191790293e-22
1.414000000000000000e+03 2.114449960432557949e-24
1.487000000000000000e+03 3.133747620293446491e-26
1.565000000000000000e+03 2.720994986209668436e-29
1.646000000000000000e+03 3.827461225467797729e-31
1.732000000000000000e+03 8.812103938546348018e-35
1.822000000000000000e+03 1.075784054496313586e-36
1.917000000000000000e+03 6.292297113739791274e-41
2.017000000000000000e+03 6.384255766234835623e-43
2.122000000000000000e+03 8.814964902030535071e-48
2.232000000000000000e+03 7.333653189742487468e-50
2.348000000000000000e+03 2.012109310679725500e-55
2.470000000000000000e+03 1.304257923734314828e-57
2.599000000000000000e+03 4.674861317148479089e-64
2.734000000000000000e+03 2.420920703543728539e-66
2.877000000000000000e+03 1.515549913867863098e-73
3.027000000000000000e+03 3.448199902149061853e-74
3.184000000000000000e+03 5.062052605794176778e-77
3.350000000000000000e+03 1.142337152348710521e-84
3.524000000000000000e+03 1.754144577174170104e-87
3.708000000000000000e+03 1.832316271729059173e-96
3.901000000000000000e+03 2.133663382670980232e-99
4.104000000000000000e+03 3.646071903825480701e-102
4.318000000000000000e+03 3.740542369025376480e-102
4.543000000000000000e+03 3.827187464515920961e-102
4.779000000000000000e+03 3.912603042003068180e-102
5.028000000000000000e+03 3.994132452844109308e-102
5.290000000000000000e+03 4.122918629038516129e-102
5.565000000000000000e+03 4.195903778271183709e-102
5.855000000000000000e+03 4.288797493847772141e-102
6.160000000000000000e+03 4.399222449873683094e-102
6.481000000000000000e+03 4.480662594718186986e-102
6.818000000000000000e+03 4.579970933691884714e-102
7.173000000000000000e+03 4.655991046558122909e-102
7.547000000000000000e+03 4.692910631112857664e-102
7.940000000000000000e+03 4.692910631112857664e-102
8.353000000000000000e+03 4.764535304737409217e-102
8.788000000000000000e+03 4.849963970162474295e-102
9.246000000000000000e+03 4.940902703284004893e-102
9.727000000000000000e+03 5.033465777307256990e-102
1.023000000000000000e+04 5.092764676071155551e-102
1.077000000000000000e+04 5.170181464396564387e-102
1.133000000000000000e+04 5.170181464396564387e-102
1.192000000000000000e+04 5.170181464396564387e-102
1.254000000000000000e+04 5.170181464396564387e-102
1.319000000000000000e+04 5.165704593110830745e-102
1.388000000000000000e+04 5.165704593110830745e-102
1.460000000000000000e+04 5.165704593110830745e-102
1.536000000000000000e+04 5.165704593110830745e-102
1.616000000000000000e+04 5.165704593110830745e-102
1.700000000000000000e+04 5.165704593110830745e-102
1.789000000000000000e+04 5.165704593110830745e-102
1.882000000000000000e+04 5.153314360241185531e-102
1.980000000000000000e+04 5.153314360241185531e-102
2.083000000000000000e+04 5.153314360241185531e-102
2.191000000000000000e+04 5.153314360241185531e-102
2.305000000000000000e+04 5.153314360241185531e-102
2.425000000000000000e+04 5.153314360241185531e-102
2.552000000000000000e+04 5.153314360241185531e-102
2.684000000000000000e+04 5.153314360241185531e-102
2.824000000000000000e+04 5.144810350790266408e-102
2.971000000000000000e+04 5.144810350790266408e-102
3.126000000000000000e+04 5.144810350790266408e-102
3.289000000000000000e+04 5.144810350790266408e-102
3.460000000000000000e+04 5.144810350790266408e-102
3.640000000000000000e+04 5.144810350790266408e-102
3.830000000000000000e+04 5.144810350790266408e-102
4.029000000000000000e+04 5.121685119408929320e-102
4.239000000000000000e+04 5.121685119408929320e-102
4.460000000000000000e+04 5.121685119408929320e-102
4.692000000000000000e+04 5.121685119408929320e-102
4.936000000000000000e+04 5.121685119408929320e-102
5.193000000000000000e+04 5.121685119408929320e-102
5.464000000000000000e+04 5.121685119408929320e-102
5.748000000000000000e+04 5.121685119408929320e-102
6.047000000000000000e+04 5.106133037000899432e-102
6.362000000000000000e+04 5.106133037000899432e-102
6.693000000000000000e+04 5.106133037000899432e-102
7.042000000000000000e+04 5.106133037000899432e-102
7.409000000000000000e+04 5.106133037000899432e-102
7.794000000000000000e+04 5.106133037000899432e-102
8.200000000000000000e+04 5.106133037000899432e-102
8.627000000000000000e+04 5.106133037000899432e-102
9.076000000000000000e+04 5.064784751335008621e-102
9.549000000000000000e+04 5.064784751335008621e-102
1.005000000000000000e+05 5.064784751335008621e-102
1.057000000000000000e+05 5.064784751335008621e-102
1.112000000000000000e+05 5.064784751335008621e-102
1.170000000000000000e+05 5.064784751335008621e-102
1.231000000000000000e+05 5.064784751335008621e-102
1.295000000000000000e+05 5.064784751335008621e-102
1.362000000000000000e+05 5.037504665732239011e-102
1.433000000000000000e+05 5.037504665732239011e-102
1.508000000000000000e+05 5.037504665732239011e-102
1.586000000000000000e+05 5.037504665732239011e-102
1.669000000000000000e+05 5.037504665732239011e-102
1.756000000000000000e+05 5.037504665732239011e-102
1.847000000000000000e+05 5.037504665732239011e-102
1.943000000000000000e+05 5.037504665732239011e-102
2.045000000000000000e+05 5.037504665732239011e-102
2.151000000000000000e+05 4.966087797884985652e-102
2.263000000000000000e+05 4.966087797884985652e-102
2.381000000000000000e+05 4.966087797884985652e-102
2.505000000000000000e+05 4.966087797884985652e-102
2.635000000000000000e+05 4.966087797884985652e-102
2.773000000000000000e+05 4.966087797884985652e-102
2.917000000000000000e+05 4.966087797884985652e-102
3.069000000000000000e+05 4.966087797884985652e-102
3.229000000000000000e+05 4.919793495442261712e-102
3.397000000000000000e+05 4.919793495442261712e-102
3.574000000000000000e+05 4.919793495442261712e-102
3.760000000000000000e+05 4.919793495442261712e-102
3.955000000000000000e+05 4.919793495442261712e-102
4.161000000000000000e+05 4.919793495442261712e-102
4.378000000000000000e+05 4.919793495442261712e-102
4.606000000000000000e+05 4.919793495442261712e-102
4.846000000000000000e+05 4.919793495442261712e-102
5.098000000000000000e+05 4.800749637800635393e-102
5.364000000000000000e+05 4.800749637800635393e-102
5.643000000000000000e+05 4.800749637800635393e-102
5.937000000000000000e+05 4.800749637800635393e-102
6.246000000000000000e+05 4.800749637800635393e-102
6.571000000000000000e+05 4.800749637800635393e-102
6.913000000000000000e+05 4.800749637800635393e-102
7.273000000000000000e+05 4.800749637800635393e-102
7.652000000000000000e+05 4.800749637800635393e-102
8.050000000000000000e+05 4.724751148807942893e-102
8.469000000000000000e+05 4.724751148807942893e-102
8.910000000000000000e+05 4.724751148807942893e-102
9.374000000000000000e+05 4.724751148807942893e-102
9.863000000000000000e+05 4.724751148807942893e-102
1.038000000000000000e+06 4.724751148807942893e-102
1.092000000000000000e+06 4.724751148807942893e-102
1.148000000000000000e+06 4.724751148807942893e-102
1.208000000000000000e+06 4.724751148807942893e-102
1.271000000000000000e+06 4.531783732480888954e-102
1.337000000000000000e+06 4.531783732480888954e-102
1.407000000000000000e+06 4.531783732480888954e-102
1.480000000000000000e+06 4.531783732480888954e-102
1.557000000000000000e+06 4.531783732480888954e-102
1.638000000000000000e+06 4.531783732480888954e-102
1.724000000000000000e+06 4.531783732480888954e-102
1.814000000000000000e+06 4.531783732480888954e-102
1.908000000000000000e+06 4.531783732480888954e-102
2.007000000000000000e+06 4.409754157611972313e-102
2.112000000000000000e+06 4.409754157611972313e-102
2.222000000000000000e+06 4.409754157611972313e-102
2.337000000000000000e+06 4.409754157611972313e-102
2.459000000000000000e+06 4.409754157611972313e-102
2.587000000000000000e+06 4.409754157611972313e-102
2.722000000000000000e+06 4.409754157611972313e-102
2.864000000000000000e+06 4.409754157611972313e-102
3.013000000000000000e+06 4.409754157611972313e-102
3.170000000000000000e+06 4.099912773678719486e-102
3.335000000000000000e+06 4.099912773678719486e-102
3.508000000000000000e+06 4.099912773678719486e-102
3.691000000000000000e+06 4.099912773678719486e-102
3.883000000000000000e+06 4.099912773678719486e-102
4.085000000000000000e+06 4.099912773678719486e-102
4.298000000000000000e+06 4.099912773678719486e-102
4.522000000000000000e+06 4.099912773678719486e-102
4.757000000000000000e+06 4.099912773678719486e-102
5.005000000000000000e+06 3.891830778024201735e-102
5.266000000000000000e+06 3.891830778024201735e-102
5.540000000000000000e+06 3.891830778024201735e-102
5.828000000000000000e+06 3.891830778024201735e-102
6.132000000000000000e+06 3.891830778024201735e-102
6.451000000000000000e+06 3.891830778024201735e-102
6.787000000000000000e+06 3.891830778024201735e-102
7.140000000000000000e+06 3.891830778024201735e-102
7.512000000000000000e+06 3.891830778024201735e-102
7.903000000000000000e+06 3.470050315328373855e-102
8.315000000000000000e+06 3.470050315328373855e-102
8.748000000000000000e+06 3.470050315328373855e-102
9.203000000000000000e+06 3.470050315328373855e-102
9.682000000000000000e+06 3.470050315328373855e-102
1.019000000000000000e+07 3.373417311290370397e-102
1.072000000000000000e+07 3.373417311290370397e-102
1.127000000000000000e+07 3.373417311290370397e-102
1.186000000000000000e+07 3.373417311290370397e-102
1.248000000000000000e+07 3.139378846093876102e-102
1.313000000000000000e+07 3.139378846093876102e-102
1.381000000000000000e+07 3.139378846093876102e-102
1.453000000000000000e+07 3.048135065479935320e-102
1.529000000000000000e+07 3.048135065479935320e-102
1.608000000000000000e+07 2.873217195022319795e-102
1.692000000000000000e+07 2.873217195022319795e-102
1.780000000000000000e+07 2.797923457887517633e-102
1.873000000000000000e+07 2.797923457887517633e-102
1.971000000000000000e+07 2.654905969841639765e-102
2.073000000000000000e+07 2.654905969841639765e-102
2.181000000000000000e+07 2.590386453772105653e-102
2.295000000000000000e+07 2.467670653976034181e-102
2.414000000000000000e+07 2.411032609031108248e-102
2.540000000000000000e+07 2.302468112439225868e-102
2.672000000000000000e+07 2.302468112439225868e-102
2.811000000000000000e+07 2.154260188620016460e-102
2.958000000000000000e+07 2.108017596887217272e-102
3.112000000000000000e+07 2.019231280666175803e-102
3.274000000000000000e+07 1.976794196514015258e-102
3.444000000000000000e+07 1.894486520058924243e-102
3.623000000000000000e+07 1.778936553256125840e-102
3.812000000000000000e+07 1.742192271900799642e-102
4.011000000000000000e+07 1.635946596817968079e-102
4.219000000000000000e+07 1.536142023892025551e-102
4.439000000000000000e+07 1.441671443152825897e-102
4.670000000000000000e+07 1.351728486596207588e-102
4.913000000000000000e+07 1.266312909109060567e-102
5.169000000000000000e+07 1.184783498268019836e-102
5.438000000000000000e+07 1.055997322073611627e-102
5.722000000000000000e+07 9.830121728409438486e-103
6.019000000000000000e+07 8.901184572643555157e-103
6.333000000000000000e+07 7.796935012384447612e-103
6.663000000000000000e+07 6.959469567793473872e-103
7.010000000000000000e+07 5.966386178056495597e-103
7.375000000000000000e+07 5.206185049972778273e-103
7.759000000000000000e+07 4.120742467601248094e-103
8.163000000000000000e+07 3.266455813350592855e-103
8.588000000000000000e+07 2.292787611125604856e-103
9.035000000000000000e+07 1.367156870893071489e-103
9.505000000000000000e+07 4.895637809923520276e-104
1.000000000000000000e+08 0.000000000000000000e+00
