1.774127155601597394e+01 2.426951087345812275e+19
1.874127155601597394e+01 2.397237228920870912e+19
1.974127155601597394e+01 2.359499060205665894e+19
2.074127155601597394e+01 2.315814662098090394e+19
2.174127155601597394e+01 2.268626129413896192e+19
2.274127155601597394e+01 2.217547466503097139e+19
2.374127155601597394e+01 2.164639499258768179e+19
2.474127155601597394e+01 2.110276662456079974e+19
2.574127155601597394e+01 2.055031605512457421e+19
2.674127155601597394e+01 1.999781128345289933e+19
2.774127155601597394e+01 1.944597310944555418e+19
2.874127155601597394e+01 1.889678743236093542e+19
2.974127155601597394e+01 1.835227429576742093e+19
3.074127155601597394e+01 1.781896874775119462e+19
3.174127155601597394e+01 1.728990587936798720e+19
3.274127155601597394e+01 1.677039778491655578e+19
3.374127155601597394e+01 1.626444653764391526e+19
3.474127155601597394e+01 1.576608635360329523e+19
3.574127155601597394e+01 1.528902733194491494e+19
3.674127155601597394e+01 1.482353361189289984e+19
3.774127155601597394e+01 1.437736248114431181e+19
3.874127155601597394e+01 1.395299134796689203e+19
3.974127155601597394e+01 1.353895226857354035e+19
4.074127155601597394e+01 1.314532541167288934e+19
4.174127155601597394e+01 1.277013489909295514e+19
4.274127155601597394e+01 1.240288028745974579e+19
4.374127155601597394e+01 1.205218302306097562e+19
4.474127155601597394e+01 1.171130258443496243e+19
4.574127155601597394e+01 1.138098512963130368e+19
4.674127155601597394e+01 1.106061394869545370e+19
4.774127155601597394e+01 1.074926170632173568e+19
4.874127155601597394e+01 1.044791250037706342e+19
4.974127155601597394e+01 1.015580005401233613e+19
5.074127155601597394e+01 9.872584684434053120e+18
5.174127155601597394e+01 9.598388014736957440e+18
5.274127155601597394e+01 9.332789851498094592e+18
5.374127155601597394e+01 9.075815097774810112e+18
5.474127155601597394e+01 8.826956595534684160e+18
5.574127155601597394e+01 8.586071983100793856e+18
5.674127155601597394e+01 8.353558717053929472e+18
5.774127155601597394e+01 8.128065121893319680e+18
5.874127155601597394e+01 7.911156773676208128e+18
5.974127155601597394e+01 7.700961625136846848e+18
6.074127155601597394e+01 7.498441543424422912e+18
6.174127155601597394e+01 7.303829173516777472e+18
6.274127155601597394e+01 7.114417848105966592e+18
6.374127155601597394e+01 6.932387625348802560e+18
6.474127155601597394e+01 6.757273659204132864e+18
6.574127155601597394e+01 6.586569738172157952e+18
6.674127155601597394e+01 6.422226992194280448e+18
6.774127155601597394e+01 6.263933378398983168e+18
6.874127155601597394e+01 6.109114485879227392e+18
6.974127155601597394e+01 5.959760764582035456e+18
7.074127155601597394e+01 5.815783176046043136e+18
7.174127155601597394e+01 5.674657782606932992e+18
7.274127155601597394e+01 5.538260515887124480e+18
7.374127155601597394e+01 5.406686893289064448e+18
7.474127155601597394e+01 5.277516953165061120e+18
7.574127155601597394e+01 5.152449561587233792e+18
7.674127155601597394e+01 5.031756785198963712e+18
7.774127155601597394e+01 4.913325677159876608e+18
7.874127155601597394e+01 4.798509608393602048e+18
7.974127155601597394e+01 4.687655328690475008e+18
8.074127155601597394e+01 4.578844590905340416e+18
8.174127155601597394e+01 4.473198436881775616e+18
8.274127155601597394e+01 4.371168800620882944e+18
8.374127155601597394e+01 4.271445400791661056e+18
8.474127155601597394e+01 4.174645908422301184e+18
