1.473707518796992133e+01 7.442670081104240968e+20
1.673707518796992133e+01 7.359047233321536061e+20
1.873707518796992133e+01 7.164076120252222013e+20
2.073707518796992133e+01 6.892991187617020641e+20
2.273707518796992133e+01 6.577546411564303647e+20
2.473707518796992133e+01 6.242589304091396014e+20
2.673707518796992133e+01 5.903678801345244037e+20
2.873707518796992133e+01 5.571220959094618194e+20
3.073707518796992133e+01 5.247744838255713321e+20
3.273707518796992133e+01 4.935659682064265380e+20
3.473707518796992133e+01 4.638556657151143444e+20
3.673707518796992133e+01 4.360230976055325491e+20
3.873707518796992133e+01 4.103183446369028014e+20
4.073707518796992133e+01 3.866961469856228311e+20
4.273707518796992133e+01 3.648418043543711908e+20
4.473707518796992133e+01 3.444194942710317056e+20
4.673707518796992133e+01 3.252264481248445071e+20
4.873707518796992133e+01 3.071652383252850278e+20
5.073707518796992133e+01 2.902090613795827876e+20
5.273707518796992133e+01 2.743218110966609347e+20
5.473707518796992133e+01 2.594503807223118561e+20
5.673707518796992133e+01 2.455516114350101627e+20
5.873707518796992133e+01 2.325836721199495578e+20
6.073707518796992133e+01 2.205066500798455808e+20
6.273707518796992133e+01 2.092516790878477681e+20
6.473707518796992133e+01 1.987576353656997806e+20
6.673707518796992133e+01 1.889537761804189696e+20
6.873707518796992133e+01 1.797662048268482970e+20
7.073707518796992133e+01 1.711328562761049702e+20
7.273707518796992133e+01 1.630005502792277688e+20
7.473707518796992133e+01 1.553300384250990756e+20
7.673707518796992133e+01 1.480855164544721551e+20
7.873707518796992133e+01 1.412437846706597560e+20
8.073707518796992133e+01 1.347775517709877576e+20
8.273707518796992133e+01 1.286673005792245678e+20
8.473707518796992133e+01 1.228962070533187502e+20
