4.999999999999999237e-03 2.433202968636971827e+19
6.999999999999999278e-03 1.676383597946495795e+19
8.999999999999999320e-03 1.216594370441191834e+19
1.099999999999999936e-02 9.135586288095414272e+18
1.299999999999999940e-02 7.026836135217780736e+18
1.499999999999999944e-02 5.501295862166985728e+18
1.700000000000000122e-02 4.365307756311480832e+18
1.899999999999999953e-02 3.500281960639048704e+18
2.099999999999999784e-02 2.829914469934453248e+18
2.299999999999999961e-02 2.302998053455815680e+18
2.500000000000000139e-02 1.884000071802089728e+18
2.699999999999999623e-02 1.547722342587365376e+18
2.899999999999999800e-02 1.275606758955547136e+18
3.099999999999999978e-02 1.054011890614958720e+18
3.300000000000000155e-02 8.725716486300806400e+17
3.499999999999999639e-02 7.233218170603511040e+17
3.699999999999999817e-02 6.000822868004180480e+17
3.899999999999999994e-02 4.980465402188895360e+17
4.100000000000000172e-02 4.133123496896661120e+17
4.299999999999999656e-02 3.428063129521461760e+17
4.499999999999999833e-02 2.840936189397106560e+17
4.700000000000000011e-02 2.351049340238367360e+17
4.899999999999999495e-02 1.942246235257152640e+17
5.099999999999999672e-02 1.601290946461708800e+17
5.299999999999999850e-02 1.316616412956761920e+17
5.500000000000000028e-02 1.079180659628882880e+17
5.700000000000000205e-02 8.814615178620371200e+16
5.899999999999999689e-02 7.170292119240441600e+16
6.099999999999999867e-02 5.805293069643452000e+16
6.300000000000000044e-02 4.675004787309630400e+16
6.500000000000000222e-02 3.741895148886444800e+16
6.700000000000000400e-02 2.974447746202744000e+16
6.900000000000000577e-02 2.346074661887988800e+16
7.100000000000000755e-02 1.834333752048394000e+16
7.300000000000000933e-02 1.420230875649556800e+16
7.500000000000001110e-02 1.087688722973669600e+16
7.700000000000001288e-02 8.231161892218255000e+15
7.900000000000000078e-02 6.150503441709699000e+15
8.100000000000000255e-02 4.541013148782749000e+15
8.300000000000000433e-02 3.321181311066722000e+15
8.500000000000000611e-02 2.416114509187494500e+15
8.700000000000000788e-02 1.769232581074901500e+15
8.900000000000000966e-02 1.337546099556277000e+15
9.100000000000001144e-02 1.066918274999274125e+15
9.299999999999999933e-02 9.252531615891593750e+14
9.500000000000000111e-02 8.945428255358353750e+14
9.700000000000000289e-02 9.333696877431512500e+14
