4.999999999999999237e-03 1.327951716462129971e+20
9.999999999999998473e-03 8.516169067553659290e+19
1.499999999999999771e-02 6.140377333036883149e+19
1.999999999999999695e-02 4.711189472909008896e+19
2.499999999999999445e-02 3.759899214215550566e+19
2.999999999999999195e-02 3.084146473846948659e+19
3.499999999999999639e-02 2.581605049330982912e+19
3.999999999999999389e-02 2.194887661939449037e+19
4.499999999999999140e-02 1.889332046672103834e+19
4.999999999999998890e-02 1.642742152957021798e+19
5.499999999999998640e-02 1.440289371172342170e+19
5.999999999999999084e-02 1.271669565229771981e+19
6.499999999999998834e-02 1.129535201279671501e+19
6.999999999999999278e-02 1.008462626651969741e+19
7.499999999999999722e-02 9.044259462265681920e+18
7.999999999999998779e-02 8.143269380092092416e+18
8.499999999999999223e-02 7.357583793378033664e+18
8.999999999999999667e-02 6.668345603391257600e+18
