1.221799999999999287e+01 5.426064624756872806e+19
1.621799999999999287e+01 5.480057543947717018e+19
2.021799999999999287e+01 5.155386410489668403e+19
2.421799999999999287e+01 4.691016313842733875e+19
2.821799999999999287e+01 4.203180417358770995e+19
3.221799999999998931e+01 3.724758077372820685e+19
3.621799999999998931e+01 3.300774471412421018e+19
4.021799999999998931e+01 2.935003827524159488e+19
4.421799999999998931e+01 2.624822952773450547e+19
4.821799999999998931e+01 2.344743647286361702e+19
5.221799999999998931e+01 2.098872667877295718e+19
5.621799999999998931e+01 1.884096880945843814e+19
6.021799999999998931e+01 1.698128164290324480e+19
6.421799999999998931e+01 1.538030839354326426e+19
6.821799999999998931e+01 1.398796824571175731e+19
7.221799999999998931e+01 1.277273321937725440e+19
7.621799999999998931e+01 1.164963311918525850e+19
8.021799999999998931e+01 1.066059340837179392e+19
8.421799999999998931e+01 9.736883122600796160e+18
8.821799999999998931e+01 8.907142500759076864e+18
9.221799999999998931e+01 8.166565823555965952e+18
9.621799999999998931e+01 7.484802192846643200e+18
1.002179999999999893e+02 6.882616640409086976e+18
