1.900000000000000000e+01 9.053844423391484314e+19
2.300000000000000000e+01 9.923458220745375744e+19
2.700000000000000000e+01 1.044068879693458637e+20
3.100000000000000000e+01 1.075208870009435750e+20
3.500000000000000000e+01 1.092617515154666783e+20
3.900000000000000000e+01 1.101451320442058179e+20
4.300000000000000000e+01 1.103383806228997243e+20
4.700000000000000000e+01 1.100194823673650381e+20
5.100000000000000000e+01 1.093133047441497129e+20
5.500000000000000000e+01 1.081768574449532928e+20
5.900000000000000000e+01 1.068680388557470106e+20
6.300000000000000000e+01 1.052266121620197048e+20
6.700000000000000000e+01 1.033213106131176980e+20
7.100000000000000000e+01 1.012010406254989804e+20
7.500000000000000000e+01 9.878557480831837798e+19
7.900000000000000000e+01 9.611317437013853798e+19
8.300000000000000000e+01 9.337816994166333440e+19
8.700000000000000000e+01 9.023236100380337766e+19
9.100000000000000000e+01 8.727231974161496474e+19
9.500000000000000000e+01 8.399569637975708467e+19
9.900000000000000000e+01 8.075842180786744525e+19
