1.903427155601598031e+01 1.906826321021292500e+14
2.003427155601598031e+01 1.473559594972654375e+14
2.103427155601598031e+01 1.132912170908124062e+14
2.203427155601598031e+01 8.663705049139240625e+13
2.303427155601598031e+01 6.604036804767843750e+13
2.403427155601598031e+01 4.997077457799877344e+13
2.503427155601598031e+01 3.763888102743409375e+13
2.603427155601598031e+01 2.820935454318512500e+13
2.703427155601598031e+01 2.104731954747643359e+13
2.803427155601598031e+01 1.567337176683745703e+13
2.903427155601598031e+01 1.165359883736748633e+13
3.003427155601598031e+01 8.655212248603012695e+12
3.103427155601598031e+01 6.423894881469296875e+12
3.203427155601598031e+01 4.772765405208911133e+12
3.303427155601598031e+01 3.538488549290449219e+12
3.403427155601598031e+01 2.620306505064486328e+12
3.503427155601598031e+01 1.939923871285327393e+12
3.603427155601598031e+01 1.428430651515743408e+12
3.703427155601598031e+01 1.054874170971793335e+12
3.803427155601598031e+01 7.728184691656135254e+11
3.903427155601598031e+01 5.662671400389842529e+11
4.003427155601598031e+01 4.165851918729635620e+11
4.103427155601598031e+01 3.026178134886789551e+11
4.203427155601598031e+01 2.208620793175447388e+11
4.303427155601598031e+01 1.619470066906826477e+11
4.403427155601598031e+01 1.176186052900627747e+11
4.503427155601598031e+01 8.575628915889918518e+10
4.603427155601598031e+01 6.237380250745329285e+10
4.703427155601598031e+01 4.531699840379678345e+10
4.803427155601598031e+01 3.289102439350568008e+10
4.903427155601598031e+01 2.384363421155587769e+10
5.003427155601598031e+01 1.728772943842712784e+10
5.103427155601598031e+01 1.251457894778514862e+10
5.203427155601598031e+01 9.050699725956562042e+09
5.303427155601598031e+01 6.540026328842235565e+09
5.403427155601598031e+01 4.720735792796836853e+09
5.503427155601598031e+01 3.406340054785477638e+09
5.603427155601598031e+01 2.454702115807908058e+09
5.703427155601598031e+01 1.766105127986893415e+09
5.803427155601598031e+01 1.270845129467453003e+09
5.903427155601598031e+01 9.115983369258387089e+08
6.003427155601598031e+01 6.550935682606695890e+08
6.103427155601598031e+01 4.694980221282213926e+08
6.203427155601598031e+01 3.368013630607286692e+08
6.303427155601598031e+01 2.424214011869508326e+08
6.403427155601598031e+01 1.734912911801967323e+08
6.503427155601598031e+01 1.245914062171674222e+08
6.603427155601598031e+01 8.980193368143609166e+07
6.703427155601598031e+01 6.446373501760920137e+07
6.803427155601598031e+01 4.642552062347176671e+07
6.903427155601598031e+01 3.355575462729378790e+07
7.003427155601598031e+01 2.415026000916592777e+07
7.103427155601598031e+01 1.742864782627359778e+07
7.203427155601598031e+01 1.262447254810508341e+07
7.303427155601598031e+01 9.113907490497987717e+06
7.403427155601598031e+01 6.595747436510046944e+06
7.503427155601598031e+01 4.790659099925731309e+06
7.603427155601598031e+01 3.466417683780823369e+06
7.703427155601598031e+01 2.512899004386363085e+06
7.803427155601598031e+01 1.828075562146264827e+06
7.903427155601598031e+01 1.323429101581276627e+06
8.003427155601598031e+01 9.590571271800256800e+05
8.103427155601598031e+01 6.974927388416859321e+05
8.203427155601598031e+01 5.053953827193868929e+05
8.303427155601598031e+01 3.665271419393253163e+05
8.403427155601598031e+01 2.667557719311363762e+05
8.503427155601598031e+01 1.934213811582432245e+05
8.603427155601598031e+01 1.402914802482739033e+05
