1.603007518796992770e+01 3.078409148786151500e+15
1.703007518796992770e+01 2.392798142135620500e+15
1.803007518796992770e+01 1.851360486067825250e+15
1.903007518796992770e+01 1.437038202815961500e+15
2.003007518796992770e+01 1.109770345638507500e+15
2.103007518796992770e+01 8.535491581452426250e+14
2.203007518796992770e+01 6.538787891585095000e+14
2.303007518796992770e+01 4.980358218122565000e+14
2.403007518796992770e+01 3.768500845131958750e+14
2.503007518796992770e+01 2.836925372035036875e+14
2.603007518796992770e+01 2.124756903077823750e+14
2.703007518796992770e+01 1.585778098013245938e+14
2.803007518796992770e+01 1.180470769693213906e+14
2.903007518796992770e+01 8.754056959098426562e+13
3.003007518796992770e+01 6.512400927046150000e+13
3.103007518796992770e+01 4.840651533426641406e+13
3.203007518796992770e+01 3.596419343691442969e+13
3.303007518796992770e+01 2.666358235860796875e+13
3.403007518796992770e+01 1.978048501237601172e+13
3.503007518796992770e+01 1.463085232261290820e+13
3.603007518796992770e+01 1.080965462704601758e+13
3.703007518796992770e+01 7.965684204159866211e+12
3.803007518796992770e+01 5.856960453503867188e+12
3.903007518796992770e+01 4.296834863890287109e+12
4.003007518796992770e+01 3.145277719120903320e+12
4.103007518796992770e+01 2.297815007576636230e+12
4.203007518796992770e+01 1.677479618130696777e+12
4.303007518796992770e+01 1.222373928123198730e+12
4.403007518796992770e+01 8.903751076930157471e+11
4.503007518796992770e+01 6.475456957730657959e+11
4.603007518796992770e+01 4.706186271211677246e+11
4.703007518796992770e+01 3.416776019264884644e+11
4.803007518796992770e+01 2.478902655319369202e+11
4.903007518796992770e+01 1.797658727544377747e+11
5.003007518796992770e+01 1.302050363435653229e+11
5.103007518796992770e+01 9.431164816528384399e+10
5.203007518796992770e+01 6.818734295285079193e+10
5.303007518796992770e+01 4.926941578552620697e+10
5.403007518796992770e+01 3.556771290764933014e+10
5.503007518796992770e+01 2.566580773846278763e+10
5.603007518796992770e+01 1.848874769970046234e+10
5.703007518796992770e+01 1.330724510224709320e+10
5.803007518796992770e+01 9.568081821093496323e+09
5.903007518796992770e+01 6.875065953412075043e+09
6.003007518796992770e+01 4.937953077499915123e+09
6.103007518796992770e+01 3.546778846831799030e+09
6.203007518796992770e+01 2.545682232306826591e+09
6.303007518796992770e+01 1.827789022192986012e+09
6.403007518796992770e+01 1.312786979458287954e+09
6.503007518796992770e+01 9.426684123622986078e+08
6.603007518796992770e+01 6.775948731225262880e+08
6.703007518796992770e+01 4.875539965118268728e+08
6.803007518796992770e+01 3.510508257689532638e+08
6.903007518796992770e+01 2.527491840158458352e+08
7.003007518796992770e+01 1.822571978409800828e+08
7.103007518796992770e+01 1.316721949730560631e+08
7.203007518796992770e+01 9.519387074349588156e+07
7.303007518796992770e+01 6.888767161398872733e+07
7.403007518796992770e+01 4.985790988679724187e+07
7.503007518796992770e+01 3.611274324057754874e+07
7.603007518796992770e+01 2.618650237877690792e+07
7.703007518796992770e+01 1.898417375206335634e+07
7.803007518796992770e+01 1.376782065140943415e+07
7.903007518796992770e+01 1.000373982273275778e+07
8.003007518796992770e+01 7.255633079947164282e+06
8.103007518796992770e+01 5.265255305468086153e+06
8.203007518796992770e+01 3.818212698197641410e+06
8.303007518796992770e+01 2.772879673241237644e+06
8.403007518796992770e+01 2.012593987126298016e+06
8.503007518796992770e+01 1.460585884561777348e+06
8.603007518796992770e+01 1.058180663274430670e+06
8.703007518796992770e+01 7.668101215154314414e+05
8.803007518796992770e+01 5.554399780346184270e+05
