1.903427155601598031e+01 6.421185990553257600e+16
2.003427155601598031e+01 6.005243409422184800e+16
2.103427155601598031e+01 5.617300439776325600e+16
2.203427155601598031e+01 5.256328581999091200e+16
2.303427155601598031e+01 4.922197334037422400e+16
2.403427155601598031e+01 4.609808137600050400e+16
2.503427155601598031e+01 4.318776253775105600e+16
2.603427155601598031e+01 4.045063102952729600e+16
2.703427155601598031e+01 3.786179374616924000e+16
2.803427155601598031e+01 3.541358806160727200e+16
2.903427155601598031e+01 3.308538424110752800e+16
3.003427155601598031e+01 3.086397476502970000e+16
3.103427155601598031e+01 2.874105471148547200e+16
3.203427155601598031e+01 2.673580842169000000e+16
3.303427155601598031e+01 2.480964078171456800e+16
3.403427155601598031e+01 2.297747520082136800e+16
3.503427155601598031e+01 2.125353415870739200e+16
3.603427155601598031e+01 1.959693108171106400e+16
3.703427155601598031e+01 1.807398169470934400e+16
3.803427155601598031e+01 1.660878067108933200e+16
3.903427155601598031e+01 1.525529814936243600e+16
4.003427155601598031e+01 1.402169548782713400e+16
4.103427155601598031e+01 1.282281690993578000e+16
4.203427155601598031e+01 1.174013619545584000e+16
4.303427155601598031e+01 1.075945298216118000e+16
4.403427155601598031e+01 9.819627797280324000e+15
4.503427155601598031e+01 8.969950029870575000e+15
4.603427155601598031e+01 8.181639076682032000e+15
4.703427155601598031e+01 7.456671595713262000e+15
4.803427155601598031e+01 6.791356064227439000e+15
4.903427155601598031e+01 6.181233978322099000e+15
5.003427155601598031e+01 5.625588977108852000e+15
5.103427155601598031e+01 5.118486609508612000e+15
5.203427155601598031e+01 4.656504852596285000e+15
5.303427155601598031e+01 4.236426887634597500e+15
5.403427155601598031e+01 3.854812856189139500e+15
5.503427155601598031e+01 3.508454568561552000e+15
5.603427155601598031e+01 3.193743908835414000e+15
5.703427155601598031e+01 2.907941670982435000e+15
5.803427155601598031e+01 2.648986281904015500e+15
5.903427155601598031e+01 2.412801399742471000e+15
6.003427155601598031e+01 2.199599915043206000e+15
6.103427155601598031e+01 2.004656729419480250e+15
6.203427155601598031e+01 1.828058034408516000e+15
6.303427155601598031e+01 1.668568020241130000e+15
6.403427155601598031e+01 1.520928081390207500e+15
6.503427155601598031e+01 1.387774286178175000e+15
6.603427155601598031e+01 1.267308235278394000e+15
6.703427155601598031e+01 1.154844962051857250e+15
6.803427155601598031e+01 1.053184523852668875e+15
6.903427155601598031e+01 9.611955258636686250e+14
7.003427155601598031e+01 8.747194227284802500e+14
7.103427155601598031e+01 7.964213754846022500e+14
7.203427155601598031e+01 7.256800953160017500e+14
7.303427155601598031e+01 6.589406962490326250e+14
7.403427155601598031e+01 5.984615014170175000e+14
7.503427155601598031e+01 5.439779715932053750e+14
7.603427155601598031e+01 4.926233278373375625e+14
7.703427155601598031e+01 4.460879822204719375e+14
7.803427155601598031e+01 4.043097520495413750e+14
7.903427155601598031e+01 3.650427144537521250e+14
8.003427155601598031e+01 3.294789940332437500e+14
8.103427155601598031e+01 2.976770483625426875e+14
8.203427155601598031e+01 2.680318267036141875e+14
8.303427155601598031e+01 2.412309454797600625e+14
8.403427155601598031e+01 2.173476907575115312e+14
8.503427155601598031e+01 1.953392727780713125e+14
8.603427155601598031e+01 1.754969543723809062e+14
