1.900000000000000000e+01 2.803882306902772800e+16
2.000000000000000000e+01 2.772391050362994000e+16
2.100000000000000000e+01 2.727139170401975600e+16
2.200000000000000000e+01 2.669515528326380800e+16
2.300000000000000000e+01 2.615538862710876800e+16
2.400000000000000000e+01 2.559219195133042000e+16
2.500000000000000000e+01 2.500836968391400000e+16
2.600000000000000000e+01 2.445957983098482800e+16
2.700000000000000000e+01 2.388562039370950000e+16
2.800000000000000000e+01 2.328966604183173600e+16
2.900000000000000000e+01 2.272838574110196800e+16
3.000000000000000000e+01 2.210284051488548400e+16
3.100000000000000000e+01 2.142110957160313600e+16
3.200000000000000000e+01 2.078075087378526000e+16
3.300000000000000000e+01 2.005185652378003200e+16
3.400000000000000000e+01 1.924741976446816800e+16
3.500000000000000000e+01 1.849689130743150400e+16
3.600000000000000000e+01 1.779528757418777000e+16
3.700000000000000000e+01 1.713820571957315400e+16
3.800000000000000000e+01 1.642284585217653200e+16
3.900000000000000000e+01 1.565971529035129400e+16
4.000000000000000000e+01 1.494982577144542600e+16
4.100000000000000000e+01 1.428828154146631000e+16
4.200000000000000000e+01 1.358871801238259800e+16
4.300000000000000000e+01 1.286017082377738800e+16
4.400000000000000000e+01 1.218594177930754000e+16
4.500000000000000000e+01 1.156089281466302400e+16
4.600000000000000000e+01 1.098047046222444400e+16
4.700000000000000000e+01 1.035852965830570000e+16
4.800000000000000000e+01 9.705792840284190000e+15
4.900000000000000000e+01 9.106280172839492000e+15
5.000000000000000000e+01 8.554704056368036000e+15
5.100000000000000000e+01 8.046392755222990000e+15
5.200000000000000000e+01 7.577208512295865000e+15
5.300000000000000000e+01 7.110964704114199000e+15
5.400000000000000000e+01 6.650395236525874000e+15
5.500000000000000000e+01 6.227235666281840000e+15
5.600000000000000000e+01 5.837853072014184000e+15
5.700000000000000000e+01 5.479023075749310000e+15
5.800000000000000000e+01 5.147877840851825000e+15
5.900000000000000000e+01 4.841861434941195000e+15
6.000000000000000000e+01 4.547051305485124000e+15
6.100000000000000000e+01 4.263507269676728500e+15
6.200000000000000000e+01 4.001799187542796500e+15
6.300000000000000000e+01 3.759935363410322000e+15
6.400000000000000000e+01 3.536133192348585000e+15
6.500000000000000000e+01 3.328794416634756500e+15
6.600000000000000000e+01 3.136483631104940500e+15
6.700000000000000000e+01 2.945643553685873000e+15
6.800000000000000000e+01 2.757302599949002500e+15
6.900000000000000000e+01 2.583477264248428500e+15
7.000000000000000000e+01 2.422863482713799000e+15
7.100000000000000000e+01 2.274290541054730000e+15
7.200000000000000000e+01 2.136705827379239250e+15
7.300000000000000000e+01 2.009161507697945000e+15
7.400000000000000000e+01 1.890802859642719750e+15
7.500000000000000000e+01 1.768575727684371750e+15
7.600000000000000000e+01 1.644080008790037000e+15
7.700000000000000000e+01 1.529797765503597500e+15
7.800000000000000000e+01 1.424775109404365250e+15
7.900000000000000000e+01 1.328157807481961500e+15
8.000000000000000000e+01 1.239179793650224500e+15
8.100000000000000000e+01 1.157153125887512250e+15
8.200000000000000000e+01 1.081459192205086250e+15
8.300000000000000000e+01 1.011540997415992375e+15
8.400000000000000000e+01 9.383414754752512500e+14
8.500000000000000000e+01 8.631698645002277500e+14
8.600000000000000000e+01 7.947918317253738750e+14
8.700000000000000000e+01 7.325252354314938750e+14
8.800000000000000000e+01 6.757631231358630000e+14
8.900000000000000000e+01 6.239647218309452500e+14
9.000000000000000000e+01 5.766475925036106250e+14
9.100000000000000000e+01 5.333807877734668750e+14
9.200000000000000000e+01 4.937788752482102500e+14
9.300000000000000000e+01 4.574967092409771875e+14
9.400000000000000000e+01 4.208700399175630625e+14
9.500000000000000000e+01 3.843761679959840000e+14
9.600000000000000000e+01 3.513785953480539375e+14
9.700000000000000000e+01 3.215111919180766250e+14
9.800000000000000000e+01 2.944493682149400625e+14
9.900000000000000000e+01 2.699050062097150625e+14
1.000000000000000000e+02 2.476220514067106562e+14
1.010000000000000000e+02 2.273726743990332812e+14
1.020000000000000000e+02 2.089539236763779062e+14
1.030000000000000000e+02 1.921848028276859062e+14
1.040000000000000000e+02 1.769037149127067188e+14
