1.903427155601598031e+01 5.326887357181478433e-02
2.003427155601598031e+01 3.515918998435486192e-02
2.103427155601598031e+01 2.306887073035067057e-02
2.203427155601598031e+01 1.508495822654109392e-02
2.303427155601598031e+01 9.860116609209663985e-03
2.403427155601598031e+01 6.403084149608139972e-03
2.503427155601598031e+01 4.140558581138171351e-03
2.603427155601598031e+01 2.661932485455137561e-03
2.703427155601598031e+01 1.699980689483179992e-03
2.803427155601598031e+01 1.081571176656929891e-03
2.903427155601598031e+01 6.855268256281122057e-04
3.003427155601598031e+01 4.329800099543774016e-04
3.103427155601598031e+01 2.726235595611158080e-04
3.203427155601598031e+01 1.716222993376316855e-04
3.303427155601598031e+01 1.075000123570628801e-04
3.403427155601598031e+01 6.716636944811608890e-05
3.503427155601598031e+01 4.191285054701693991e-05
3.603427155601598031e+01 2.594143654155340201e-05
3.703427155601598031e+01 1.612657337539919348e-05
3.803427155601598031e+01 9.919313389044845543e-06
3.903427155601598031e+01 6.104207275892153717e-06
4.003427155601598031e+01 3.782812045770938879e-06
4.103427155601598031e+01 2.303478252723819236e-06
4.203427155601598031e+01 1.412994587637602375e-06
4.303427155601598031e+01 8.737600810822272450e-07
4.403427155601598031e+01 5.343386351013784922e-07
4.503427155601598031e+01 3.289051826069209620e-07
4.603427155601598031e+01 2.023168776898960816e-07
4.703427155601598031e+01 1.246094202286150023e-07
4.803427155601598031e+01 7.678384701438089435e-08
4.903427155601598031e+01 4.733050755319907780e-08
5.003427155601598031e+01 2.928637878349650598e-08
5.103427155601598031e+01 1.810977388293285233e-08
5.203427155601598031e+01 1.120462382250824052e-08
5.303427155601598031e+01 6.941349906143524788e-09
5.403427155601598031e+01 4.300241004801215533e-09
5.503427155601598031e+01 2.669208835252343863e-09
5.603427155601598031e+01 1.658208654642650645e-09
5.703427155601598031e+01 1.028527668748023602e-09
5.803427155601598031e+01 6.390050369142720837e-10
5.903427155601598031e+01 3.960878958966293580e-10
6.003427155601598031e+01 2.463879752672799849e-10
6.103427155601598031e+01 1.527191871423082749e-10
6.203427155601598031e+01 9.477508620339939732e-11
6.303427155601598031e+01 5.909475790302212670e-11
6.403427155601598031e+01 3.649665692771781656e-11
6.503427155601598031e+01 2.264552293444452881e-11
6.603427155601598031e+01 1.412039773519026879e-11
6.703427155601598031e+01 8.725262020358170454e-12
6.803427155601598031e+01 5.413277550829303425e-12
6.903427155601598031e+01 3.374335019463734580e-12
7.003427155601598031e+01 2.079699583419840225e-12
7.103427155601598031e+01 1.285332490333898321e-12
7.203427155601598031e+01 7.984978902239841865e-13
7.303427155601598031e+01 4.918053811382980643e-13
7.403427155601598031e+01 3.036932941294263682e-13
7.503427155601598031e+01 1.885098863306651008e-13
7.603427155601598031e+01 1.159942933665332481e-13
7.703427155601598031e+01 7.149391619627561908e-14
7.803427155601598031e+01 4.430156091225129801e-14
7.903427155601598031e+01 2.725230423521502133e-14
8.003427155601598031e+01 1.678591234250524338e-14
8.103427155601598031e+01 1.039493605677497882e-14
8.203427155601598031e+01 6.396724936401935436e-15
8.303427155601598031e+01 3.939461908803238027e-15
8.403427155601598031e+01 2.439315010705709124e-15
8.503427155601598031e+01 1.504575309705040314e-15
8.603427155601598031e+01 9.289694899355532978e-16
