1.000000000000000000e+01 8.361272016345715485e+00
1.020283975659229192e+01 8.667134939724661535e+00
1.055780933062880322e+01 9.219288434929188369e+00
1.091277890466531453e+01 9.761695243343950779e+00
1.106490872210953214e+01 9.992096050698091148e+00
1.223123732251521290e+01 1.180114173514811782e+01
1.415821501014199058e+01 1.474406924208067160e+01
1.654158215010142285e+01 1.796490595845422078e+01
1.811359026369168390e+01 1.976892064607082489e+01
1.973630831643002281e+01 2.119657457436850834e+01
2.105476673427992296e+01 2.205556496415764300e+01
2.217038539553752585e+01 2.246911161492181819e+01
2.318458417849899078e+01 2.273507249936529462e+01
2.409736308316430353e+01 2.267490448739610898e+01
2.511156186612576136e+01 2.252761538510029737e+01
2.759634888438133871e+01 2.135644750386421009e+01
2.962474645030426146e+01 1.980184501828225052e+01
3.155172413793103914e+01 1.783392249253176587e+01
3.292089249492901359e+01 1.649735835162999820e+01
3.479716024340771696e+01 1.441483065660905538e+01
3.621703853955375507e+01 1.293901456098934588e+01
3.728194726166329076e+01 1.184208143920268341e+01
