1.900000000000000000e+01 2.801528509734803762e+01
2.100000000000000000e+01 3.427115311823432364e+01
2.400000000000000000e+01 4.164519425016440124e+01
2.700000000000000000e+01 4.804093743037996944e+01
3.000000000000000000e+01 5.088514637081612335e+01
3.300000000000000000e+01 4.934749556416535654e+01
3.800000000000000000e+01 4.100177816008627474e+01
4.200000000000000000e+01 3.266475166854920076e+01
4.700000000000000000e+01 2.318348685601089798e+01
5.300000000000000000e+01 1.556386475649373047e+01
6.000000000000000000e+01 9.787018696955939845e+00
6.700000000000000000e+01 5.921198774395208808e+00
