9.999999999999999547e-07 1.022659968036873825e+07
1.052000000000000050e-06 1.013477025047980249e+07
1.106999999999999947e-06 1.010968017843208835e+07
1.163999999999999994e-06 9.998418006186598912e+06
1.224999999999999918e-06 9.948591279400365427e+06
1.289000000000000068e-06 9.812396466233255342e+06
1.356000000000000019e-06 9.734162394328808412e+06
1.427000000000000059e-06 9.578401999968860298e+06
1.500999999999999901e-06 9.478272355184512213e+06
1.579000000000000044e-06 9.306457192196879536e+06
1.661000000000000064e-06 9.174076245800334960e+06
1.748000000000000035e-06 8.990168453246653080e+06
1.839000000000000096e-06 8.830876773853551596e+06
1.935000000000000108e-06 8.639289630777003244e+06
2.034999999999999998e-06 8.458685150392895564e+06
2.140999999999999915e-06 8.249812466290826909e+06
2.252999999999999859e-06 8.057617567577230744e+06
2.370000000000000179e-06 7.837130494219211861e+06
2.493000000000000102e-06 7.636754715494740754e+06
2.623000000000000128e-06 7.412863426285414025e+06
2.759999999999999833e-06 7.201023106488387100e+06
2.904000000000000063e-06 6.980037764265575446e+06
3.054999999999999973e-06 6.762201360724875703e+06
3.214000000000000060e-06 6.551490250606327318e+06
3.380999999999999901e-06 6.332751838632705621e+06
3.556999999999999995e-06 6.136748795233828947e+06
3.741999999999999917e-06 5.923142460503695533e+06
3.936999999999999745e-06 5.740249957311197184e+06
4.142000000000000323e-06 5.538524457141234539e+06
4.357999999999999610e-06 5.373250405728491955e+06
4.585000000000000147e-06 5.187535196465518326e+06
4.823999999999999892e-06 5.038200060076381080e+06
5.074999999999999691e-06 4.873709528160495684e+06
5.339000000000000043e-06 4.742661439651665278e+06
5.616999999999999753e-06 4.600692950778350234e+06
5.908999999999999668e-06 4.487476085985632613e+06
6.216999999999999938e-06 4.373611080052579753e+06
6.540999999999999716e-06 4.274573967275434174e+06
6.880999999999999848e-06 4.186132469390639104e+06
7.240000000000000138e-06 4.105346472670612391e+06
7.617000000000000086e-06 4.037453037346851081e+06
8.012999999999999344e-06 3.975148128535570577e+06
8.430000000000000603e-06 3.926481779050270095e+06
8.868999999999999280e-06 3.882451992960541975e+06
9.330999999999999261e-06 3.848495188485009130e+06
9.816999999999999351e-06 3.820311211409173906e+06
1.032999999999999935e-05 3.799875340992952231e+06
1.086999999999999926e-05 3.784582798393885605e+06
1.143000000000000068e-05 3.774861045147969853e+06
1.203000000000000002e-05 3.770580595645208377e+06
1.264999999999999916e-05 3.769880482897380367e+06
1.330999999999999962e-05 3.773847173064396251e+06
1.400999999999999969e-05 3.779400471733842045e+06
1.472999999999999958e-05 3.790714490333458409e+06
1.550000000000000068e-05 3.800045797681353986e+06
1.631000000000000139e-05 3.815632056218358688e+06
1.715999999999999833e-05 3.828570725390894338e+06
1.805000000000000167e-05 3.845144295614393894e+06
1.898999999999999945e-05 3.859816290846227668e+06
1.997999999999999844e-05 3.877184210822030902e+06
2.101999999999999865e-05 3.891956374781880528e+06
2.212000000000000167e-05 3.908579431154469028e+06
2.326999999999999913e-05 3.922090918090119958e+06
2.447999999999999940e-05 3.937637524023800623e+06
2.574999999999999910e-05 3.948648171388244722e+06
2.708999999999999982e-05 3.961719876567913219e+06
2.850000000000000157e-05 3.969884105204583146e+06
2.998999999999999916e-05 3.978851111195741221e+06
3.155000000000000117e-05 3.984982882708735298e+06
3.318999999999999902e-05 3.989115557436941657e+06
3.491999999999999770e-05 3.990941541798040736e+06
3.673999999999999722e-05 3.990937286438288633e+06
3.864999999999999756e-05 3.988842913888035342e+06
4.066000000000000034e-05 3.983703311759177130e+06
4.278000000000000037e-05 3.976111535005200654e+06
4.500999999999999766e-05 3.965676608647811692e+06
4.734999999999999897e-05 3.953883603859809227e+06
4.982000000000000073e-05 3.936281465846722946e+06
5.241000000000000134e-05 3.920738636332997587e+06
5.513999999999999723e-05 3.897117226384373382e+06
5.801000000000000194e-05 3.876238174746419769e+06
6.102999999999999674e-05 3.847321867187689990e+06
6.420999999999999679e-05 3.820596322248804383e+06
6.755999999999999690e-05 3.786690119738258421e+06
7.106999999999999548e-05 3.754057597332700156e+06
7.477000000000000410e-05 3.715616284450202249e+06
7.867000000000000403e-05 3.677569719488637522e+06
8.276000000000000045e-05 3.634002592654878274e+06
8.707000000000000492e-05 3.590781960822009481e+06
9.160999999999999872e-05 3.542651537822252139e+06
9.637999999999999541e-05 3.494700817557406146e+06
1.013999999999999982e-04 3.442474258941447362e+06
1.067000000000000050e-04 3.388786878277742304e+06
1.122000000000000032e-04 3.333893799685211852e+06
1.180999999999999975e-04 3.274846311437366065e+06
1.242000000000000103e-04 3.216868982083152514e+06
1.307000000000000056e-04 3.154479621457032394e+06
1.375000000000000083e-04 3.092582968314294238e+06
1.446999999999999936e-04 3.027301251585173421e+06
1.522000000000000132e-04 2.962350219330048189e+06
1.600999999999999884e-04 2.895431188697941136e+06
1.684000000000000004e-04 2.828157559109527618e+06
1.771999999999999975e-04 2.758150007641808596e+06
1.864000000000000043e-04 2.689581630504014436e+06
1.960999999999999961e-04 2.618055988652583677e+06
2.064000000000000025e-04 2.547567342187599279e+06
2.170999999999999916e-04 2.475425597742542159e+06
2.283999999999999952e-04 2.404807254728237167e+06
2.403000000000000134e-04 2.332259949514400680e+06
2.528000000000000191e-04 2.261186298718688544e+06
2.660000000000000146e-04 2.188800598883850966e+06
2.798000000000000248e-04 2.117691049541275948e+06
2.944000000000000002e-04 2.046378998963241465e+06
3.096999999999999927e-04 1.975691827047896804e+06
3.259000000000000070e-04 1.905883892323051579e+06
3.427999999999999841e-04 1.836385501114597078e+06
3.606999999999999855e-04 1.768762757417371497e+06
3.795000000000000088e-04 1.700616388379885349e+06
3.991999999999999997e-04 1.635626005697877612e+06
4.200000000000000174e-04 1.569581180613992037e+06
4.419000000000000076e-04 1.506599556852864800e+06
4.649000000000000246e-04 1.443380099505562568e+06
4.891000000000000165e-04 1.383161161586532136e+06
5.144999999999999834e-04 1.323460110467845574e+06
5.412999999999999843e-04 1.266377328186707338e+06
5.695000000000000192e-04 1.210231055900946027e+06
5.992000000000000364e-04 1.156331235526936129e+06
6.304000000000000358e-04 1.103776257332829293e+06
6.631999999999999658e-04 1.053384496194028296e+06
6.976999999999999912e-04 1.004222211430837051e+06
7.341000000000000086e-04 9.571962330463245744e+05
7.722999999999999613e-04 9.119286221219142899e+05
8.124999999999999627e-04 8.688460406411623117e+05
8.547999999999999609e-04 8.275639489325368777e+05
8.993000000000000126e-04 7.884351357948217774e+05
9.460999999999999575e-04 7.511046047727591358e+05
9.954000000000000174e-04 7.155392287874091417e+05
1.046999999999999971e-03 6.818055927272422705e+05
1.101999999999999898e-03 6.493503266530284891e+05
1.159000000000000091e-03 6.191717915092466865e+05
1.219000000000000031e-03 5.906207374898414128e+05
1.283000000000000069e-03 5.636432059951879783e+05
1.350000000000000071e-03 5.387016541282477556e+05
1.420000000000000038e-03 5.153398657596698031e+05
1.494000000000000102e-03 4.937330698449439369e+05
1.572000000000000047e-03 4.729908622853797860e+05
1.654000000000000088e-03 4.539171204581756028e+05
1.740000000000000010e-03 4.356188622292620712e+05
1.830000000000000029e-03 4.189038174082316109e+05
1.925999999999999978e-03 4.031026764268325060e+05
2.026000000000000023e-03 3.886743729231336038e+05
2.131000000000000082e-03 3.757502125372138107e+05
2.242000000000000069e-03 3.633975198873431073e+05
2.358999999999999986e-03 3.526739034019421670e+05
2.481999999999999831e-03 3.417008300562858931e+05
2.611000000000000040e-03 3.323455655300175422e+05
2.746999999999999876e-03 3.226736873576486832e+05
2.890000000000000208e-03 3.145114789242948173e+05
3.040999999999999866e-03 3.069402418822478503e+05
3.199000000000000021e-03 3.008426347206774517e+05
3.366000000000000068e-03 2.963558560928497463e+05
3.540999999999999877e-03 2.930485131541763549e+05
3.725000000000000012e-03 2.916913451977320365e+05
3.918999999999999741e-03 2.908980491288462072e+05
4.122999999999999929e-03 2.914348004676611163e+05
4.337999999999999842e-03 2.922978720057716127e+05
4.564000000000000348e-03 2.934970480073954095e+05
4.800999999999999712e-03 2.951415137517962139e+05
5.050999999999999934e-03 2.964558387666522758e+05
5.314000000000000147e-03 2.982869589865314774e+05
5.590999999999999616e-03 2.999075646879256819e+05
5.882000000000000076e-03 3.018613450104392832e+05
6.187999999999999924e-03 3.039383797968243016e+05
6.511000000000000294e-03 3.059442754318413790e+05
6.850000000000000186e-03 3.083599283437724807e+05
7.205999999999999732e-03 3.101877278848477872e+05
7.582000000000000198e-03 3.124336634954299661e+05
7.976000000000000451e-03 3.140187474656986888e+05
8.392000000000000154e-03 3.155693105203474988e+05
8.829000000000000042e-03 3.168665597405003500e+05
9.287999999999999381e-03 3.175744821382130031e+05
9.771999999999999437e-03 3.183396093508829363e+05
1.027999999999999921e-02 3.182550873221729416e+05
1.081999999999999976e-02 3.181189514762305771e+05
1.137999999999999949e-02 3.173054837305169785e+05
1.196999999999999974e-02 3.158322154302950366e+05
1.260000000000000009e-02 3.142274782394864596e+05
1.324999999999999963e-02 3.113278509353159461e+05
1.393999999999999927e-02 3.085898538208413520e+05
1.467000000000000075e-02 3.043622478972190875e+05
1.542999999999999927e-02 3.001123142756097368e+05
1.623000000000000137e-02 2.946456682621586951e+05
1.708000000000000143e-02 2.886706208012530697e+05
1.796999999999999986e-02 2.817532440825753147e+05
1.890000000000000013e-02 2.741398917226107442e+05
1.989000000000000143e-02 2.655603886900706566e+05
2.092000000000000109e-02 2.561713600648777792e+05
2.200999999999999832e-02 2.459550009336527728e+05
2.316000000000000003e-02 2.344497163179563358e+05
2.436999999999999930e-02 2.224285720830454375e+05
2.563000000000000000e-02 2.088123510182378232e+05
2.697000000000000092e-02 1.947555804030617001e+05
2.836999999999999938e-02 1.788837228916766471e+05
2.985000000000000153e-02 1.627173377301502624e+05
3.139999999999999736e-02 1.451788667736002826e+05
3.303999999999999992e-02 1.273196081881113350e+05
3.475999999999999923e-02 1.094341663429235487e+05
3.656999999999999834e-02 9.172701458807504969e+04
3.846999999999999725e-02 7.537679080976215482e+04
4.048000000000000209e-02 6.026434982203824620e+04
4.259000000000000286e-02 4.693085792113526259e+04
4.479999999999999954e-02 3.619478552387501986e+04
4.714000000000000135e-02 2.665765418781845801e+04
4.959000000000000213e-02 2.017554835028668822e+04
5.217000000000000109e-02 1.426091919977731595e+04
5.489000000000000129e-02 1.073845368963913461e+04
5.775000000000000272e-02 7.525487630267469285e+03
6.074999999999999845e-02 5.599833389743060252e+03
6.392000000000000459e-02 3.973735506765826358e+03
6.723999999999999422e-02 2.848416264426274211e+03
7.074999999999999345e-02 1.941969388624525436e+03
7.442999999999999616e-02 1.294054230251689887e+03
7.829999999999999460e-02 8.159360067957003366e+02
8.237999999999999490e-02 4.830373696960191978e+02
8.666999999999999704e-02 2.919286098325962939e+02
9.117999999999999716e-02 1.537688766202252850e+02
9.593000000000000138e-02 9.451290196445721392e+01
1.009000000000000036e-01 4.764513074305573781e+01
1.062000000000000027e-01 2.871869831260204720e+01
1.116999999999999937e-01 1.272857633645950060e+01
1.174999999999999933e-01 7.466770597907032680e+00
1.236000000000000015e-01 2.683129413070945546e+00
1.300999999999999934e-01 1.495258178216975153e+00
1.368999999999999939e-01 5.776879764199523981e-01
1.439999999999999891e-01 2.754155364820575214e-01
1.514999999999999958e-01 1.042574639719540813e-01
1.593999999999999861e-01 3.734614249430290994e-02
1.676999999999999880e-01 1.494367674800291257e-02
1.764000000000000012e-01 4.249532139799665209e-03
1.855999999999999872e-01 1.745466449152346597e-03
1.952000000000000124e-01 3.313835202483215092e-04
2.053999999999999992e-01 1.443221731014838083e-04
2.160999999999999865e-01 2.208181234900789675e-05
2.273999999999999910e-01 9.936050840192498415e-06
2.391999999999999960e-01 8.508369625373447896e-07
2.516999999999999793e-01 3.974509417906004104e-07
2.647999999999999798e-01 2.767859575341214177e-08
2.785000000000000253e-01 1.334293916431570423e-08
2.929999999999999827e-01 1.490950786488044556e-09
3.083000000000000185e-01 2.492176991125570408e-10
3.244000000000000217e-01 4.665172937532741733e-11
3.412000000000000033e-01 3.268503195475527114e-12
3.589999999999999858e-01 8.246939261056675829e-13
3.776999999999999802e-01 2.346177989332868853e-14
3.973999999999999755e-01 6.892268610272530664e-15
4.181000000000000272e-01 8.712714411760233531e-17
4.398000000000000242e-01 2.945851488588494498e-17
4.627000000000000002e-01 1.975188205812100599e-19
4.868000000000000105e-01 6.748310275136301918e-20
5.121999999999999886e-01 2.264502945139963136e-22
5.387999999999999456e-01 7.859803764328058064e-23
5.668999999999999595e-01 1.188898954370655494e-25
5.964000000000000412e-01 4.171341437520521053e-26
6.274999999999999467e-01 3.160695375328118638e-29
6.601000000000000201e-01 9.296988407538753385e-30
6.945000000000000062e-01 9.360771294697485845e-31
7.307000000000000162e-01 9.827008525008091867e-34
7.687000000000000499e-01 1.470634586935672792e-34
8.087999999999999634e-01 3.193482471337586737e-38
8.508999999999999897e-01 5.261010642201535870e-39
8.951999999999999957e-01 3.241516798764022710e-43
9.417999999999999705e-01 4.642593348127937576e-44
9.908000000000000140e-01 9.732943914320426648e-49
1.042000000000000037e+00 1.031355006344422404e-49
1.096999999999999975e+00 6.855943853929733954e-55
1.153999999999999915e+00 4.952036278000521137e-56
1.213999999999999968e+00 1.027145759059259017e-61
1.276999999999999913e+00 4.313432232910295027e-63
1.344000000000000083e+00 3.196944299605054227e-69
1.413999999999999924e+00 1.769960016193039869e-70
1.487000000000000099e+00 2.320002830223991546e-72
1.564999999999999947e+00 1.321020277986211894e-78
1.645999999999999908e+00 1.313131492349842643e-80
1.731999999999999984e+00 7.767801325751302832e-88
1.822000000000000064e+00 2.640319899839047640e-90
1.917000000000000037e+00 2.634357056523956639e-98
2.016999999999999904e+00 3.691900233320314995e-101
2.121999999999999886e+00 5.403353675472657488e-110
2.232000000000000206e+00 2.647661776941956907e-113
2.347999999999999865e+00 5.227157236209131468e-123
2.470000000000000195e+00 8.011018872886812857e-127
2.599000000000000199e+00 1.206582650966654334e-137
2.733999999999999986e+00 5.177741448171082244e-142
2.876999999999999780e+00 7.309554091835540238e-154
3.027000000000000135e+00 6.906061595532711915e-159
3.184000000000000163e+00 6.664266902531499054e-172
3.350000000000000089e+00 4.939117870857251082e-173
3.524000000000000021e+00 8.735488676633346352e-179
3.708000000000000185e+00 6.205883070628383610e-193
3.900999999999999801e+00 2.049127867816430331e-199
4.104000000000000092e+00 2.468230359096837550e-215
4.317999999999999616e+00 1.115033789262321887e-222
4.543000000000000149e+00 2.589961461344955032e-240
4.778999999999999915e+00 9.571866561108698805e-249
5.027999999999999581e+00 2.825213553312620717e-268
5.290000000000000036e+00 9.274110401232361037e-278
5.565000000000000391e+00 2.255825080564522136e-299
5.855000000000000426e+00 4.270527184546516141e-310
6.160000000000000142e+00 0.000000000000000000e+00
6.480999999999999872e+00 0.000000000000000000e+00
6.817999999999999616e+00 0.000000000000000000e+00
7.173000000000000043e+00 0.000000000000000000e+00
7.546999999999999709e+00 0.000000000000000000e+00
7.940000000000000391e+00 0.000000000000000000e+00
8.352999999999999758e+00 0.000000000000000000e+00
8.788000000000000256e+00 0.000000000000000000e+00
9.246000000000000441e+00 0.000000000000000000e+00
9.727000000000000313e+00 0.000000000000000000e+00
1.023000000000000043e+01 0.000000000000000000e+00
1.076999999999999957e+01 0.000000000000000000e+00
1.133000000000000007e+01 0.000000000000000000e+00
1.191999999999999993e+01 0.000000000000000000e+00
1.253999999999999915e+01 0.000000000000000000e+00
1.318999999999999950e+01 0.000000000000000000e+00
1.388000000000000078e+01 0.000000000000000000e+00
1.459999999999999964e+01 0.000000000000000000e+00
1.535999999999999943e+01 0.000000000000000000e+00
1.616000000000000014e+01 0.000000000000000000e+00
1.700000000000000000e+01 0.000000000000000000e+00
1.789000000000000057e+01 0.000000000000000000e+00
1.882000000000000028e+01 0.000000000000000000e+00
1.980000000000000071e+01 0.000000000000000000e+00
2.082999999999999829e+01 0.000000000000000000e+00
2.191000000000000014e+01 0.000000000000000000e+00
2.305000000000000071e+01 0.000000000000000000e+00
2.425000000000000000e+01 0.000000000000000000e+00
2.551999999999999957e+01 0.000000000000000000e+00
2.683999999999999986e+01 0.000000000000000000e+00
2.823999999999999844e+01 0.000000000000000000e+00
2.971000000000000085e+01 0.000000000000000000e+00
3.126000000000000156e+01 0.000000000000000000e+00
3.289000000000000057e+01 0.000000000000000000e+00
3.460000000000000142e+01 0.000000000000000000e+00
3.639999999999999858e+01 0.000000000000000000e+00
3.829999999999999716e+01 0.000000000000000000e+00
4.028999999999999915e+01 0.000000000000000000e+00
4.239000000000000057e+01 0.000000000000000000e+00
4.460000000000000142e+01 0.000000000000000000e+00
4.692000000000000171e+01 0.000000000000000000e+00
4.935999999999999943e+01 0.000000000000000000e+00
5.192999999999999972e+01 0.000000000000000000e+00
5.464000000000000057e+01 0.000000000000000000e+00
5.747999999999999687e+01 0.000000000000000000e+00
6.046999999999999886e+01 0.000000000000000000e+00
6.361999999999999744e+01 0.000000000000000000e+00
6.693000000000000682e+01 0.000000000000000000e+00
7.042000000000000171e+01 0.000000000000000000e+00
7.409000000000000341e+01 0.000000000000000000e+00
7.793999999999999773e+01 0.000000000000000000e+00
8.200000000000000000e+01 0.000000000000000000e+00
8.626999999999999602e+01 0.000000000000000000e+00
9.076000000000000512e+01 0.000000000000000000e+00
9.548999999999999488e+01 0.000000000000000000e+00
1.005000000000000000e+02 0.000000000000000000e+00
1.057000000000000028e+02 0.000000000000000000e+00
1.112000000000000028e+02 0.000000000000000000e+00
1.170000000000000000e+02 0.000000000000000000e+00
1.230999999999999943e+02 0.000000000000000000e+00
1.295000000000000000e+02 0.000000000000000000e+00
1.361999999999999886e+02 0.000000000000000000e+00
1.433000000000000114e+02 0.000000000000000000e+00
1.508000000000000114e+02 0.000000000000000000e+00
1.585999999999999943e+02 0.000000000000000000e+00
1.669000000000000057e+02 0.000000000000000000e+00
1.755999999999999943e+02 0.000000000000000000e+00
1.846999999999999886e+02 0.000000000000000000e+00
1.943000000000000114e+02 0.000000000000000000e+00
2.045000000000000000e+02 0.000000000000000000e+00
2.150999999999999943e+02 0.000000000000000000e+00
2.263000000000000114e+02 0.000000000000000000e+00
2.380999999999999943e+02 0.000000000000000000e+00
2.505000000000000000e+02 0.000000000000000000e+00
2.635000000000000000e+02 0.000000000000000000e+00
2.773000000000000114e+02 0.000000000000000000e+00
2.916999999999999886e+02 0.000000000000000000e+00
3.068999999999999773e+02 0.000000000000000000e+00
3.228999999999999773e+02 0.000000000000000000e+00
3.396999999999999886e+02 0.000000000000000000e+00
3.573999999999999773e+02 0.000000000000000000e+00
3.760000000000000000e+02 0.000000000000000000e+00
3.955000000000000000e+02 0.000000000000000000e+00
4.161000000000000227e+02 0.000000000000000000e+00
4.378000000000000114e+02 0.000000000000000000e+00
4.606000000000000227e+02 0.000000000000000000e+00
4.846000000000000227e+02 0.000000000000000000e+00
5.098000000000000114e+02 0.000000000000000000e+00
5.363999999999999773e+02 0.000000000000000000e+00
5.642999999999999545e+02 0.000000000000000000e+00
5.937000000000000455e+02 0.000000000000000000e+00
6.246000000000000227e+02 0.000000000000000000e+00
6.571000000000000227e+02 0.000000000000000000e+00
6.912999999999999545e+02 0.000000000000000000e+00
7.272999999999999545e+02 0.000000000000000000e+00
7.652000000000000455e+02 0.000000000000000000e+00
8.050000000000000000e+02 0.000000000000000000e+00
8.468999999999999773e+02 0.000000000000000000e+00
8.910000000000000000e+02 0.000000000000000000e+00
9.373999999999999773e+02 0.000000000000000000e+00
9.862999999999999545e+02 0.000000000000000000e+00
1.038000000000000000e+03 0.000000000000000000e+00
1.092000000000000000e+03 0.000000000000000000e+00
1.148000000000000000e+03 0.000000000000000000e+00
1.208000000000000000e+03 0.000000000000000000e+00
1.271000000000000000e+03 0.000000000000000000e+00
1.337000000000000000e+03 0.000000000000000000e+00
1.407000000000000000e+03 0.000000000000000000e+00
1.480000000000000000e+03 0.000000000000000000e+00
1.557000000000000000e+03 0.000000000000000000e+00
1.638000000000000000e+03 0.000000000000000000e+00
1.724000000000000000e+03 0.000000000000000000e+00
1.814000000000000000e+03 0.000000000000000000e+00
1.908000000000000000e+03 0.000000000000000000e+00
2.007000000000000000e+03 0.000000000000000000e+00
2.112000000000000000e+03 0.000000000000000000e+00
2.222000000000000000e+03 0.000000000000000000e+00
2.337000000000000000e+03 0.000000000000000000e+00
2.459000000000000000e+03 0.000000000000000000e+00
2.587000000000000000e+03 0.000000000000000000e+00
2.722000000000000000e+03 0.000000000000000000e+00
2.864000000000000000e+03 0.000000000000000000e+00
3.013000000000000000e+03 0.000000000000000000e+00
3.170000000000000000e+03 0.000000000000000000e+00
3.335000000000000000e+03 0.000000000000000000e+00
3.508000000000000000e+03 0.000000000000000000e+00
3.691000000000000000e+03 0.000000000000000000e+00
3.883000000000000000e+03 0.000000000000000000e+00
4.085000000000000000e+03 0.000000000000000000e+00
4.298000000000000000e+03 0.000000000000000000e+00
4.522000000000000000e+03 0.000000000000000000e+00
4.757000000000000000e+03 0.000000000000000000e+00
5.005000000000000000e+03 0.000000000000000000e+00
5.266000000000000000e+03 0.000000000000000000e+00
5.540000000000000000e+03 0.000000000000000000e+00
5.828000000000000000e+03 0.000000000000000000e+00
6.132000000000000000e+03 0.000000000000000000e+00
6.451000000000000000e+03 0.000000000000000000e+00
6.787000000000000000e+03 0.000000000000000000e+00
7.140000000000000000e+03 0.000000000000000000e+00
7.512000000000000000e+03 0.000000000000000000e+00
7.903000000000000000e+03 0.000000000000000000e+00
8.315000000000000000e+03 0.000000000000000000e+00
8.748000000000000000e+03 0.000000000000000000e+00
9.203000000000000000e+03 0.000000000000000000e+00
9.682000000000000000e+03 0.000000000000000000e+00
1.019000000000000000e+04 0.000000000000000000e+00
1.072000000000000000e+04 0.000000000000000000e+00
1.127000000000000000e+04 0.000000000000000000e+00
1.186000000000000000e+04 0.000000000000000000e+00
1.248000000000000000e+04 0.000000000000000000e+00
1.313000000000000000e+04 0.000000000000000000e+00
1.381000000000000000e+04 0.000000000000000000e+00
1.453000000000000000e+04 0.000000000000000000e+00
1.529000000000000000e+04 0.000000000000000000e+00
1.608000000000000000e+04 0.000000000000000000e+00
1.692000000000000000e+04 0.000000000000000000e+00
1.780000000000000000e+04 0.000000000000000000e+00
1.873000000000000000e+04 0.000000000000000000e+00
1.971000000000000000e+04 0.000000000000000000e+00
2.073000000000000000e+04 0.000000000000000000e+00
2.181000000000000000e+04 0.000000000000000000e+00
2.295000000000000000e+04 0.000000000000000000e+00
2.414000000000000000e+04 0.000000000000000000e+00
2.540000000000000000e+04 0.000000000000000000e+00
2.672000000000000000e+04 0.000000000000000000e+00
2.811000000000000000e+04 0.000000000000000000e+00
2.958000000000000000e+04 0.000000000000000000e+00
3.112000000000000000e+04 0.000000000000000000e+00
3.274000000000000000e+04 0.000000000000000000e+00
3.444000000000000000e+04 0.000000000000000000e+00
3.623000000000000000e+04 0.000000000000000000e+00
3.812000000000000000e+04 0.000000000000000000e+00
4.011000000000000000e+04 0.000000000000000000e+00
4.219000000000000000e+04 0.000000000000000000e+00
4.439000000000000000e+04 0.000000000000000000e+00
4.670000000000000000e+04 0.000000000000000000e+00
4.913000000000000000e+04 0.000000000000000000e+00
5.169000000000000000e+04 0.000000000000000000e+00
5.438000000000000000e+04 0.000000000000000000e+00
5.722000000000000000e+04 0.000000000000000000e+00
6.019000000000000000e+04 0.000000000000000000e+00
6.333000000000000000e+04 0.000000000000000000e+00
6.663000000000000000e+04 0.000000000000000000e+00
7.010000000000000000e+04 0.000000000000000000e+00
7.375000000000000000e+04 0.000000000000000000e+00
7.759000000000000000e+04 0.000000000000000000e+00
8.163000000000000000e+04 0.000000000000000000e+00
8.588000000000000000e+04 0.000000000000000000e+00
9.035000000000000000e+04 0.000000000000000000e+00
9.505000000000000000e+04 0.000000000000000000e+00
1.000000000000000000e+05 0.000000000000000000e+00
