1.221799999999999287e+01 9.030099113295534000e+15
1.321799999999999287e+01 7.655573203349645000e+15
1.421799999999999287e+01 6.471675152759378000e+15
1.521799999999999287e+01 5.449215219550665000e+15
1.621799999999999287e+01 4.500304684963539500e+15
1.721799999999999287e+01 3.642156724999798500e+15
1.821799999999999287e+01 2.936961923853644500e+15
1.921799999999999287e+01 2.356704020049492000e+15
2.021799999999999287e+01 1.888825707806150000e+15
2.121799999999999287e+01 1.510229337685784750e+15
2.221799999999999287e+01 1.219766364701932250e+15
2.321799999999999287e+01 9.816938903442590000e+14
2.421799999999999287e+01 7.865075367554378750e+14
2.521799999999999287e+01 6.357038650443495000e+14
2.621799999999999287e+01 5.115986986101588125e+14
2.721799999999999287e+01 4.095706565324429375e+14
2.821799999999999287e+01 3.304893591699455625e+14
2.921799999999999287e+01 2.646841966852136562e+14
3.021799999999999287e+01 2.101945007186398125e+14
3.121799999999999287e+01 1.681614249164398438e+14
3.221799999999998931e+01 1.317733680719165156e+14
3.321799999999998931e+01 1.009747394539718906e+14
3.421799999999998931e+01 7.797976048717484375e+13
3.521799999999998931e+01 6.066560098651203125e+13
3.621799999999998931e+01 4.752454350633276562e+13
3.721799999999998931e+01 3.703223024332444531e+13
3.821799999999998931e+01 2.867570195829740234e+13
3.921799999999998931e+01 2.235032868897427344e+13
4.021799999999998931e+01 1.752863751101867969e+13
4.121799999999998931e+01 1.357114470472736523e+13
4.221799999999998931e+01 1.035861868500025000e+13
4.321799999999998931e+01 7.956186898752656250e+12
4.421799999999998931e+01 6.147559363781572266e+12
4.521799999999998931e+01 4.777274074874960938e+12
4.621799999999998931e+01 3.656380964722223633e+12
4.721799999999998931e+01 2.751918526144554688e+12
4.821799999999998931e+01 2.083445271968507812e+12
4.921799999999998931e+01 1.586305103298490967e+12
5.021799999999998931e+01 1.214371024570117188e+12
5.121799999999998931e+01 9.345097279363979492e+11
5.221799999999998931e+01 7.141901353970621338e+11
5.321799999999998931e+01 5.415088890126154175e+11
5.421799999999998931e+01 4.126830005431557007e+11
5.521799999999998931e+01 3.160576615695050049e+11
5.621799999999998931e+01 2.432084326890052795e+11
5.721799999999998931e+01 1.880101563661711731e+11
5.821799999999998931e+01 1.459842171080662842e+11
5.921799999999998931e+01 1.117569717958441162e+11
6.021799999999998931e+01 8.422845723768516541e+10
6.121799999999998931e+01 6.377507505925775146e+10
6.221799999999998931e+01 4.850498759685285950e+10
6.321799999999998931e+01 3.705130861228456116e+10
6.421799999999998931e+01 2.842128869095532227e+10
6.521799999999998931e+01 2.189026765384766388e+10
6.621799999999998931e+01 1.666778167252977371e+10
6.721799999999998931e+01 1.253056992908942795e+10
6.821799999999998931e+01 9.459791600522542953e+09
6.921799999999998931e+01 7.170632352157108307e+09
7.021799999999998931e+01 5.456927144636458397e+09
7.121799999999998931e+01 4.168746239753386974e+09
7.221799999999998931e+01 3.196562247177329063e+09
7.321799999999998931e+01 2.460010542190615654e+09
7.421799999999998931e+01 1.862095397249053955e+09
7.521799999999998931e+01 1.384027326036932230e+09
7.621799999999998931e+01 1.032712011090455770e+09
7.721799999999998931e+01 7.735025540478438139e+08
7.821799999999998931e+01 5.815004519792326689e+08
7.921799999999998931e+01 4.387362930406171083e+08
8.021799999999998931e+01 3.321874385099864602e+08
8.121799999999998931e+01 2.523779296406094432e+08
8.221799999999998931e+01 1.923852721628545523e+08
8.321799999999998931e+01 1.446511601127079129e+08
8.421799999999998931e+01 1.071147838464585245e+08
8.521799999999998931e+01 7.959923918586352468e+07
8.621799999999998931e+01 5.935603103762481362e+07
8.721799999999998931e+01 4.441021538146921992e+07
8.821799999999998931e+01 3.333725360137281567e+07
8.921799999999998931e+01 2.510577381151871383e+07
9.021799999999998931e+01 1.896632839731479809e+07
9.121799999999998931e+01 1.437238391496046633e+07
9.221799999999998931e+01 1.092398881084819138e+07
9.321799999999998931e+01 8.184897626216490753e+06
9.421799999999998931e+01 6.035971857024678960e+06
9.521799999999998931e+01 4.465509656843601726e+06
9.621799999999998931e+01 3.314025285570948850e+06
9.721799999999998931e+01 2.467024938788505271e+06
9.821799999999998931e+01 1.842031424365934217e+06
9.921799999999998931e+01 1.379430934525038349e+06
1.002179999999999893e+02 1.035992868538453477e+06
1.012179999999999893e+02 7.802659492974994937e+05
1.022179999999999893e+02 5.892960929728677729e+05
1.032179999999999893e+02 4.462786604707847000e+05
