1.900000000000000000e+01 2.076512127335301727e+01
2.000000000000000000e+01 2.084918947836932190e+01
2.100000000000000000e+01 2.033167298721351202e+01
2.200000000000000000e+01 1.928612048416090730e+01
2.300000000000000000e+01 1.833641932937635488e+01
2.400000000000000000e+01 1.710152415611609911e+01
2.500000000000000000e+01 1.565335236718606993e+01
2.600000000000000000e+01 1.437670797498052622e+01
2.700000000000000000e+01 1.310168535585624383e+01
2.800000000000000000e+01 1.184649257322902294e+01
2.900000000000000000e+01 1.074885143844643842e+01
3.000000000000000000e+01 9.734738905343137461e+00
3.100000000000000000e+01 8.798462429184082723e+00
3.200000000000000000e+01 7.977427182683974216e+00
3.300000000000000000e+01 7.206791512604374006e+00
3.400000000000000000e+01 6.486079146480045132e+00
3.500000000000000000e+01 5.855054713017216805e+00
3.600000000000000000e+01 5.300481572277620401e+00
3.700000000000000000e+01 4.811367112159824266e+00
3.800000000000000000e+01 4.320433719116920201e+00
3.900000000000000000e+01 3.837267305813250040e+00
4.000000000000000000e+01 3.418261569625836493e+00
4.100000000000000000e+01 3.053614049887213966e+00
4.200000000000000000e+01 2.690372072438984574e+00
4.300000000000000000e+01 2.337003578556165362e+00
4.400000000000000000e+01 2.036560066586881490e+00
4.500000000000000000e+01 1.780180372081650253e+00
4.600000000000000000e+01 1.560636984914575143e+00
4.700000000000000000e+01 1.349390398886048281e+00
4.800000000000000000e+01 1.150173220562906051e+00
4.900000000000000000e+01 9.835708535355419668e-01
5.000000000000000000e+01 8.437389268418934440e-01
5.100000000000000000e+01 7.259674906431123897e-01
5.200000000000000000e+01 6.264445131267623035e-01
5.300000000000000000e+01 5.369605099964354089e-01
5.400000000000000000e+01 4.570219568106149710e-01
5.500000000000000000e+01 3.901264216144872954e-01
5.600000000000000000e+01 3.339655879166614771e-01
5.700000000000000000e+01 2.866705001718520274e-01
5.800000000000000000e+01 2.467222556139725964e-01
5.900000000000000000e+01 2.128819677210868067e-01
6.000000000000000000e+01 1.821716039413687760e-01
6.100000000000000000e+01 1.545443064359896534e-01
6.200000000000000000e+01 1.314552702783503280e-01
6.300000000000000000e+01 1.121034657180751959e-01
6.400000000000000000e+01 9.583876698851938325e-02
6.500000000000000000e+01 8.213178243070375084e-02
6.600000000000000000e+01 7.055005471137240636e-02
6.700000000000000000e+01 5.995735728167056466e-02
6.800000000000000000e+01 5.038660386343486036e-02
6.900000000000000000e+01 4.245050150112578830e-02
7.000000000000000000e+01 3.585208229766449761e-02
7.100000000000000000e+01 3.035147334429764282e-02
7.200000000000000000e+01 2.575433067794408171e-02
7.300000000000000000e+01 2.190273250281975920e-02
7.400000000000000000e+01 1.866798466858806196e-02
7.500000000000000000e+01 1.575653645585091758e-02
7.600000000000000000e+01 1.316300232012209033e-02
7.700000000000000000e+01 1.102209036911194415e-02
7.800000000000000000e+01 9.250426349201486265e-03
7.900000000000000000e+01 7.780782160416682518e-03
8.000000000000000000e+01 6.558799876112205059e-03
8.100000000000000000e+01 5.540410009388652135e-03
8.200000000000000000e+01 4.689790777739902966e-03
8.300000000000000000e+01 3.977750267038526223e-03
8.400000000000000000e+01 3.335483638679954607e-03
8.500000000000000000e+01 2.763360384838513782e-03
8.600000000000000000e+01 2.294388064029971065e-03
8.700000000000000000e+01 1.909083789755292417e-03
8.800000000000000000e+01 1.591808254823362393e-03
8.900000000000000000e+01 1.329975846917508947e-03
9.000000000000000000e+01 1.113433456720382912e-03
9.100000000000000000e+01 9.339706198092879910e-04
9.200000000000000000e+01 7.849321960375799535e-04
9.300000000000000000e+01 6.609113252086019387e-04
9.400000000000000000e+01 5.499449645046184439e-04
9.500000000000000000e+01 4.519105653351562671e-04
9.600000000000000000e+01 3.721125250123316413e-04
9.700000000000000000e+01 3.070197258510842710e-04
9.800000000000000000e+01 2.538111518415263855e-04
9.900000000000000000e+01 2.102278843236982044e-04
1.000000000000000000e+02 1.744570104322085233e-04
1.010000000000000000e+02 1.450403378882691291e-04
1.020000000000000000e+02 1.208024414730437634e-04
1.030000000000000000e+02 1.007938124809958482e-04
1.040000000000000000e+02 8.424583641726334860e-05
