1.603007518796992770e+01 4.085524331718452800e+02
1.703007518796992770e+01 4.043446552735650243e+02
1.803007518796992770e+01 3.879448986740741816e+02
1.903007518796992770e+01 3.665710397598371060e+02
2.003007518796992770e+01 3.375910614561995544e+02
2.103007518796992770e+01 3.052366945377585239e+02
2.203007518796992770e+01 2.722667301699532914e+02
2.303007518796992770e+01 2.401213969037802087e+02
2.403007518796992770e+01 2.099692667765786780e+02
2.503007518796992770e+01 1.826617782947554929e+02
2.603007518796992770e+01 1.583994635230683343e+02
2.703007518796992770e+01 1.372166259906106802e+02
2.803007518796992770e+01 1.189056550848284530e+02
2.903007518796992770e+01 1.030952925033078458e+02
3.003007518796992770e+01 8.963410009300480397e+01
3.103007518796992770e+01 7.800058258672569877e+01
3.203007518796992770e+01 6.792515114854202807e+01
3.303007518796992770e+01 5.907813346605581728e+01
3.403007518796992770e+01 5.133449217614550264e+01
3.503007518796992770e+01 4.443402532272286720e+01
3.603007518796992770e+01 3.833697235475388254e+01
3.703007518796992770e+01 3.291291329259458820e+01
3.803007518796992770e+01 2.811446012486392831e+01
3.903007518796992770e+01 2.388894530644875402e+01
4.003007518796992770e+01 2.019190902043898461e+01
4.103007518796992770e+01 1.698182067748636115e+01
4.203007518796992770e+01 1.422801577887700830e+01
4.303007518796992770e+01 1.186626990817101479e+01
4.403007518796992770e+01 9.869964682888268115e+00
4.503007518796992770e+01 8.184781010365165699e+00
4.603007518796992770e+01 6.773375914723824387e+00
4.703007518796992770e+01 5.597459461743635956e+00
4.803007518796992770e+01 4.623276967241208624e+00
4.903007518796992770e+01 3.817834810684201496e+00
5.003007518796992770e+01 3.152289686742835606e+00
5.103007518796992770e+01 2.604702795192300524e+00
5.203007518796992770e+01 2.152094806311160458e+00
5.303007518796992770e+01 1.778816348943927705e+00
5.403007518796992770e+01 1.470137490361730581e+00
5.503007518796992770e+01 1.214872381505490484e+00
5.603007518796992770e+01 1.002873405396519146e+00
5.703007518796992770e+01 8.270096826556238012e-01
5.803007518796992770e+01 6.809963276935516729e-01
5.903007518796992770e+01 5.599338570250874669e-01
6.003007518796992770e+01 4.596961319588647177e-01
6.103007518796992770e+01 3.769668688843860749e-01
6.203007518796992770e+01 3.085783525074002887e-01
6.303007518796992770e+01 2.522348209111318629e-01
6.403007518796992770e+01 2.059796691211329134e-01
6.503007518796992770e+01 1.679352834039437303e-01
6.603007518796992770e+01 1.368402451888353910e-01
6.703007518796992770e+01 1.114162002055513329e-01
6.803007518796992770e+01 9.065880587073836538e-02
6.903007518796992770e+01 7.372634968691335611e-02
7.003007518796992770e+01 5.993352973792821087e-02
7.103007518796992770e+01 4.872215076684099921e-02
7.203007518796992770e+01 3.959701398108080028e-02
7.303007518796992770e+01 3.215913991638509606e-02
7.403007518796992770e+01 2.610229106627064838e-02
7.503007518796992770e+01 2.117557616793242642e-02
7.603007518796992770e+01 1.717198923422652568e-02
7.703007518796992770e+01 1.391949261642204741e-02
7.803007518796992770e+01 1.126814374990050237e-02
7.903007518796992770e+01 9.126998708466657617e-03
8.003007518796992770e+01 7.380510760308815754e-03
8.103007518796992770e+01 5.961942627167987271e-03
8.203007518796992770e+01 4.811322553577536930e-03
8.303007518796992770e+01 3.881130605723363391e-03
8.403007518796992770e+01 3.128835106771606263e-03
8.503007518796992770e+01 2.520433945704211864e-03
8.603007518796992770e+01 2.026857664535421447e-03
8.703007518796992770e+01 1.629359573075138705e-03
8.803007518796992770e+01 1.308206280560153360e-03
