1.221799999999999287e+01 4.554010229907543561e-01
1.321799999999999287e+01 3.472809644320253852e-01
1.421799999999999287e+01 2.652845435880406555e-01
1.521799999999999287e+01 2.024654204904890176e-01
1.621799999999999287e+01 1.526378526052656615e-01
1.721799999999999287e+01 1.133822277030235581e-01
1.821799999999999287e+01 8.278707928462167298e-02
1.921799999999999287e+01 5.923643692645436110e-02
2.021799999999999287e+01 4.163470782858021135e-02
2.121799999999999287e+01 2.863991433261942055e-02
2.221799999999999287e+01 2.003669697019643328e-02
2.321799999999999287e+01 1.382789039657181945e-02
2.421799999999999287e+01 9.381138887958835604e-03
2.521799999999999287e+01 6.463343831923811823e-03
2.621799999999999287e+01 4.405924562296851740e-03
2.721799999999999287e+01 2.962166590310218259e-03
2.821799999999999287e+01 2.019803291982313030e-03
2.921799999999999287e+01 1.362919711729453347e-03
3.021799999999999287e+01 9.072846048758469563e-04
3.121799999999999287e+01 6.119160945540623887e-04
3.221799999999998931e+01 4.072668339677229369e-04
3.321799999999998931e+01 2.665814077333096273e-04
3.421799999999998931e+01 1.766736698069509457e-04
3.521799999999998931e+01 1.184671093049274979e-04
3.621799999999998931e+01 8.032044743636804326e-05
3.721799999999998931e+01 5.365018920540351102e-05
3.821799999999998931e+01 3.518856811306875741e-05
3.921799999999998931e+01 2.332983826123083808e-05
4.021799999999998931e+01 1.562673590671183912e-05
4.121799999999998931e+01 1.031684808826505355e-05
4.221799999999998931e+01 6.691569451243696307e-06
4.321799999999998931e+01 4.383967710272185407e-06
4.421799999999998931e+01 2.899796061672739154e-06
4.521799999999998931e+01 1.935725732302244344e-06
4.621799999999998931e+01 1.269916133587150408e-06
4.721799999999998931e+01 8.158595944727510686e-07
4.821799999999998931e+01 5.289901763348088081e-07
4.921799999999998931e+01 3.460262051445096774e-07
5.021799999999998931e+01 2.282688867770314454e-07
5.121799999999998931e+01 1.518157839173386089e-07
5.221799999999998931e+01 9.903490239718337232e-08
5.321799999999998931e+01 6.312903787011897341e-08
5.421799999999998931e+01 4.057722039785601147e-08
5.521799999999998931e+01 2.629157069148202683e-08
5.621799999999998931e+01 1.716752883464542494e-08
5.721799999999998931e+01 1.129375801482209624e-08
5.821799999999998931e+01 7.483368105399571781e-09
5.921799999999998931e+01 4.863475627583607749e-09
6.021799999999998931e+01 3.088722542253187259e-09
6.121799999999998931e+01 1.976223283939104550e-09
6.221799999999998931e+01 1.273544786581503823e-09
6.321799999999998931e+01 8.264462361794632429e-10
6.421799999999998931e+01 5.399367306820733951e-10
6.521799999999998931e+01 3.550659923823264024e-10
6.621799999999998931e+01 2.290583062454109682e-10
6.721799999999998931e+01 1.444282608250431160e-10
6.821799999999998931e+01 9.168491284215469370e-11
6.921799999999998931e+01 5.858656649763040546e-11
7.021799999999998931e+01 3.767656078310535097e-11
7.121799999999998931e+01 2.438032507129730225e-11
7.221799999999998931e+01 1.587186682118993833e-11
7.321799999999998931e+01 1.039357904909943506e-11
7.421799999999998931e+01 6.694868320602032518e-12
7.521799999999998931e+01 4.228097126284015021e-12
7.621799999999998931e+01 2.686391993268592159e-12
7.721799999999998931e+01 1.716909183649039390e-12
7.821799999999998931e+01 1.103604297751546311e-12
7.921799999999998931e+01 7.133532659542502477e-13
8.021799999999998931e+01 4.636183153731063728e-13
8.121799999999998931e+01 3.029164539368968634e-13
8.221799999999998931e+01 1.989460465992407489e-13
8.321799999999998931e+01 1.292044115886507989e-13
8.421799999999998931e+01 8.277864830375804077e-14
8.521799999999998931e+01 5.331266187190882021e-14
8.621799999999998931e+01 3.451125088537196438e-14
8.721799999999998931e+01 2.245217392230636248e-14
8.821799999999998931e+01 1.467824927139817545e-14
8.921799999999998931e+01 9.641858242665913197e-15
9.021799999999998931e+01 6.363146017060132337e-15
9.121799999999998931e+01 4.218550532621134512e-15
9.221799999999998931e+01 2.809259415756526211e-15
9.321799999999998931e+01 1.845151661783088842e-15
9.421799999999998931e+01 1.192262050822979333e-15
9.521799999999998931e+01 7.739355668099055834e-16
9.621799999999998931e+01 5.046494900156086180e-16
9.721799999999998931e+01 3.305115330131343867e-16
9.821799999999998931e+01 2.173983145702016838e-16
9.921799999999998931e+01 1.436020730199970203e-16
1.002179999999999893e+02 9.524968960436752178e-17
1.012179999999999893e+02 6.343503456732564017e-17
1.022179999999999893e+02 4.241534648023592122e-17
1.032179999999999893e+02 2.847157961404537333e-17
