1.903427155601598031e+01 2.366823380501099361e-01
2.003427155601598031e+01 1.675560508844269603e-01
2.103427155601598031e+01 1.167679289008875659e-01
2.203427155601598031e+01 8.065441622535540755e-02
2.303427155601598031e+01 5.557320114189486654e-02
2.403427155601598031e+01 3.807729817165050878e-02
2.503427155601598031e+01 2.603924495296494265e-02
2.603427155601598031e+01 1.774889514469937118e-02
2.703427155601598031e+01 1.204663551716191917e-02
2.803427155601598031e+01 8.151097985092194825e-03
2.903427155601598031e+01 5.493616038817931285e-03
3.003427155601598031e+01 3.686973356493062140e-03
3.103427155601598031e+01 2.467321775607847663e-03
3.203427155601598031e+01 1.651287818844575459e-03
3.303427155601598031e+01 1.101149600874108334e-03
3.403427155601598031e+01 7.339183895862559041e-04
3.503427155601598031e+01 4.894994923550537646e-04
3.603427155601598031e+01 3.248960401783142628e-04
3.703427155601598031e+01 2.166497353633153715e-04
3.803427155601598031e+01 1.433206107368721030e-04
3.903427155601598031e+01 9.492072123986072818e-05
4.003427155601598031e+01 6.322693911304640905e-05
4.103427155601598031e+01 4.147230871920569532e-05
4.203427155601598031e+01 2.737352720448614583e-05
4.303427155601598031e+01 1.818191888040049435e-05
4.403427155601598031e+01 1.192737247540922759e-05
4.503427155601598031e+01 7.863889171527428781e-06
4.603427155601598031e+01 5.167572809355169619e-06
4.703427155601598031e+01 3.389808625024009129e-06
4.803427155601598031e+01 2.220203225701265870e-06
4.903427155601598031e+01 1.451929573424488065e-06
5.003427155601598031e+01 9.500815479479211307e-07
5.103427155601598031e+01 6.204418944923339340e-07
5.203427155601598031e+01 4.046320299994113612e-07
5.303427155601598031e+01 2.637704610373453288e-07
5.403427155601598031e+01 1.716361466622275265e-07
5.503427155601598031e+01 1.117563083025909040e-07
5.603427155601598031e+01 7.275116679613316985e-08
5.703427155601598031e+01 4.720996753404564074e-08
5.803427155601598031e+01 3.065526061218092197e-08
5.903427155601598031e+01 1.984522920626742537e-08
6.003427155601598031e+01 1.288060178331996759e-08
6.103427155601598031e+01 8.317525689439335276e-09
6.203427155601598031e+01 5.371821443420694963e-09
6.303427155601598031e+01 3.483742640699384497e-09
6.403427155601598031e+01 2.237500448338564639e-09
6.503427155601598031e+01 1.443082667393763836e-09
6.603427155601598031e+01 9.347841683440314778e-10
6.703427155601598031e+01 5.999655736450985084e-10
6.803427155601598031e+01 3.864533209909530659e-10
6.903427155601598031e+01 2.500301267249121342e-10
7.003427155601598031e+01 1.602406270934036198e-10
7.103427155601598031e+01 1.029829860834517908e-10
7.203427155601598031e+01 6.649364923536893220e-11
7.303427155601598031e+01 4.256577750726241008e-11
7.403427155601598031e+01 2.730975167842084439e-11
7.503427155601598031e+01 1.761031378627974389e-11
7.603427155601598031e+01 1.130253783135665640e-11
7.703427155601598031e+01 7.272824517344532177e-12
7.803427155601598031e+01 4.702729301736622172e-12
7.903427155601598031e+01 3.022199624684700775e-12
8.003427155601598031e+01 1.944918908357867571e-12
8.103427155601598031e+01 1.258045163801896770e-12
8.203427155601598031e+01 8.126280432356707913e-13
8.303427155601598031e+01 5.262385137302942774e-13
8.403427155601598031e+01 3.424728396839898918e-13
8.503427155601598031e+01 2.227366939696961494e-13
8.603427155601598031e+01 1.451958296769334473e-13
