1.900000000000000000e+01 3.054488824773699207e+00
2.000000000000000000e+01 2.620931575125907909e+00
2.100000000000000000e+01 2.249868149530090289e+00
2.200000000000000000e+01 1.930990132764600187e+00
2.300000000000000000e+01 1.668376216739044793e+00
2.400000000000000000e+01 1.436228018241898052e+00
2.500000000000000000e+01 1.231307245883831225e+00
2.600000000000000000e+01 1.061902593640831505e+00
2.700000000000000000e+01 8.972276999413631993e-01
2.800000000000000000e+01 7.422282974343906714e-01
2.900000000000000000e+01 6.180401780326386652e-01
3.000000000000000000e+01 5.021781710102419805e-01
3.100000000000000000e+01 3.976598385175134642e-01
3.200000000000000000e+01 3.172031795434094303e-01
3.300000000000000000e+01 2.516617470939946366e-01
3.400000000000000000e+01 1.984083833273824482e-01
3.500000000000000000e+01 1.574915068204799096e-01
3.600000000000000000e+01 1.258183862083774307e-01
3.700000000000000000e+01 1.011276342082315649e-01
3.800000000000000000e+01 8.067387144470623828e-02
3.900000000000000000e+01 6.381955581521892018e-02
4.000000000000000000e+01 5.078344057218200924e-02
4.100000000000000000e+01 4.063623402450949190e-02
4.200000000000000000e+01 3.185870359178221561e-02
4.300000000000000000e+01 2.443222895195373834e-02
4.400000000000000000e+01 1.885040970448200251e-02
4.500000000000000000e+01 1.462798311924458361e-02
4.600000000000000000e+01 1.141418557092277464e-02
4.700000000000000000e+01 8.760146322259576568e-03
4.800000000000000000e+01 6.602058968196149180e-03
4.900000000000000000e+01 5.004456808688416587e-03
5.000000000000000000e+01 3.814551301963424110e-03
5.100000000000000000e+01 2.923104422851669198e-03
5.200000000000000000e+01 2.251492016287113488e-03
5.300000000000000000e+01 1.712135490466711344e-03
5.400000000000000000e+01 1.283585768677853855e-03
5.500000000000000000e+01 9.673611879886903934e-04
5.600000000000000000e+01 7.327367759685110169e-04
5.700000000000000000e+01 5.577322296121989568e-04
5.800000000000000000e+01 4.265292024193979023e-04
5.900000000000000000e+01 3.276782803513511046e-04
6.000000000000000000e+01 2.489872187765131205e-04
6.100000000000000000e+01 1.868882966686562653e-04
6.200000000000000000e+01 1.409283809270057487e-04
6.300000000000000000e+01 1.067486014424862568e-04
6.400000000000000000e+01 8.121053491748991772e-05
6.500000000000000000e+01 6.204272751961220763e-05
6.600000000000000000e+01 4.759290997991633078e-05
6.700000000000000000e+01 3.612744903469939224e-05
6.800000000000000000e+01 2.710480412128802604e-05
6.900000000000000000e+01 2.042044421080425973e-05
7.000000000000000000e+01 1.544693301848483022e-05
7.100000000000000000e+01 1.173080804646471886e-05
7.200000000000000000e+01 8.942823713976950966e-06
7.300000000000000000e+01 6.842848613772668534e-06
7.400000000000000000e+01 5.254979295245865335e-06
7.500000000000000000e+01 3.974582329710363106e-06
7.600000000000000000e+01 2.956023253610679538e-06
7.700000000000000000e+01 2.206964091898541948e-06
7.800000000000000000e+01 1.653906175495543510e-06
7.900000000000000000e+01 1.243979978902235433e-06
8.000000000000000000e+01 9.389946578923500817e-07
8.100000000000000000e+01 7.112492517554277128e-07
8.200000000000000000e+01 5.405708909908126889e-07
8.300000000000000000e+01 4.122115121973001674e-07
8.400000000000000000e+01 3.069254740361203463e-07
8.500000000000000000e+01 2.226012156129498418e-07
8.600000000000000000e+01 1.620486278635012473e-07
8.700000000000000000e+01 1.183992802654512949e-07
8.800000000000000000e+01 8.681655885378190776e-08
8.900000000000000000e+01 6.388089830988328672e-08
9.000000000000000000e+01 4.716509431410034680e-08
9.100000000000000000e+01 3.493969113546240381e-08
9.200000000000000000e+01 2.596776411897225480e-08
9.300000000000000000e+01 1.936139713235134112e-08
9.400000000000000000e+01 1.426489887755189301e-08
9.500000000000000000e+01 1.037039049684810764e-08
9.600000000000000000e+01 7.564231295976361939e-09
9.700000000000000000e+01 5.535386922823122950e-09
9.800000000000000000e+01 4.063645261511120118e-09
9.900000000000000000e+01 2.992541771806783639e-09
1.000000000000000000e+02 2.210518357669984486e-09
1.010000000000000000e+02 1.637763378509969474e-09
1.020000000000000000e+02 1.216986440414361047e-09
1.030000000000000000e+02 9.069285025239829525e-10
1.040000000000000000e+02 6.777803619318998228e-10
