1.774127155601597394e+01 7.687994363247041996e+00
1.874127155601597394e+01 6.328878240479212991e+00
1.974127155601597394e+01 5.198561823284527428e+00
2.074127155601597394e+01 4.274227134587787802e+00
2.174127155601597394e+01 3.521007091472283079e+00
2.274127155601597394e+01 2.896873284521136238e+00
2.374127155601597394e+01 2.379561511656205219e+00
2.474127155601597394e+01 1.944259944713766286e+00
2.574127155601597394e+01 1.576613857282161524e+00
2.674127155601597394e+01 1.269319314880153371e+00
2.774127155601597394e+01 1.013227944173818784e+00
2.874127155601597394e+01 8.017333050005324147e-01
2.974127155601597394e+01 6.296668343021184500e-01
3.074127155601597394e+01 4.925681570231654205e-01
3.174127155601597394e+01 3.826614435402392322e-01
3.274127155601597394e+01 2.963123460262205855e-01
3.374127155601597394e+01 2.290994242772361744e-01
3.474127155601597394e+01 1.762742950885310134e-01
3.574127155601597394e+01 1.359928955958268904e-01
3.674127155601597394e+01 1.043216803155722072e-01
3.774127155601597394e+01 8.009606476712775869e-02
3.874127155601597394e+01 6.170458077390856416e-02
3.974127155601597394e+01 4.699226457260492068e-02
4.074127155601597394e+01 3.593507578511410255e-02
4.174127155601597394e+01 2.757700374065082810e-02
4.274127155601597394e+01 2.091953381599591030e-02
4.374127155601597394e+01 1.591517499983181871e-02
4.474127155601597394e+01 1.205561757547820266e-02
4.574127155601597394e+01 9.108289642331603153e-03
4.674127155601597394e+01 6.865211852022032324e-03
4.774127155601597394e+01 5.160166869454765014e-03
4.874127155601597394e+01 3.875937743502220166e-03
4.974127155601597394e+01 2.906848876212013173e-03
5.074127155601597394e+01 2.177852666385080450e-03
5.174127155601597394e+01 1.630484985217091690e-03
5.274127155601597394e+01 1.219152957657480048e-03
5.374127155601597394e+01 9.107474363790775667e-04
5.474127155601597394e+01 6.794475700105399776e-04
5.574127155601597394e+01 5.061015668559684265e-04
5.674127155601597394e+01 3.766925720356515718e-04
5.774127155601597394e+01 2.794223932380180309e-04
5.874127155601597394e+01 2.076079626795622663e-04
5.974127155601597394e+01 1.536892773940582292e-04
6.074127155601597394e+01 1.138071366029330022e-04
6.174127155601597394e+01 8.451586797070624049e-05
6.274127155601597394e+01 6.235805095732005737e-05
6.374127155601597394e+01 4.614975211980018474e-05
6.474127155601597394e+01 3.426266635306528762e-05
6.574127155601597394e+01 2.530710615018950244e-05
6.674127155601597394e+01 1.874482423845632515e-05
6.774127155601597394e+01 1.392999356548502958e-05
6.874127155601597394e+01 1.030615216263812879e-05
6.974127155601597394e+01 7.643894156916819323e-06
7.074127155601597394e+01 5.688220836020898637e-06
7.174127155601597394e+01 4.214757563685139729e-06
7.274127155601597394e+01 3.129356636622214612e-06
7.374127155601597394e+01 2.331180814701721780e-06
7.474127155601597394e+01 1.729027934316265362e-06
7.574127155601597394e+01 1.284381168299692346e-06
7.674127155601597394e+01 9.572427851970287624e-07
7.774127155601597394e+01 7.103117482329762538e-07
7.874127155601597394e+01 5.276218861612927762e-07
7.974127155601597394e+01 3.932138847016647484e-07
8.074127155601597394e+01 2.917459444580714004e-07
8.174127155601597394e+01 2.165654812781367729e-07
8.274127155601597394e+01 1.612907613701512189e-07
8.374127155601597394e+01 1.196601091401498324e-07
8.474127155601597394e+01 8.878846747268667071e-08
