4.999999999999999237e-03 9.071884326454774383e-01
9.999999999999998473e-03 8.625656916751305026e-02
1.499999999999999771e-02 1.176888482773115821e-02
1.999999999999999695e-02 2.072221541216708127e-03
2.499999999999999445e-02 4.253175492048202194e-04
2.999999999999999195e-02 9.507774748000258824e-05
3.499999999999999639e-02 2.294027315115747877e-05
3.999999999999999389e-02 5.950496410742358661e-06
4.499999999999999140e-02 1.618416176537296776e-06
4.999999999999998890e-02 4.539858717047563547e-07
5.499999999999998640e-02 1.309288210674597750e-07
5.999999999999999084e-02 3.882876343088745065e-08
6.499999999999998834e-02 1.168441436585996352e-08
6.999999999999999278e-02 3.525249432404788727e-09
7.499999999999999722e-02 1.054583339196728921e-09
7.999999999999998779e-02 3.043312526638740630e-10
8.499999999999999223e-02 8.310813360405419926e-11
8.999999999999999667e-02 2.596793230088777534e-11
