4.999999999999999237e-03 1.459973179737128035e+01
9.999999999999998473e-03 4.370576314438797461e+00
1.499999999999999771e-02 1.627773961216736565e+00
1.999999999999999695e-02 7.159190311351428804e-01
2.499999999999999445e-02 3.452616519621853342e-01
2.999999999999999195e-02 1.741800818069305090e-01
3.499999999999999639e-02 9.040778505448497648e-02
3.999999999999999389e-02 4.825055314428031844e-02
4.499999999999999140e-02 2.662848857733342983e-02
4.999999999999998890e-02 1.514978849599677400e-02
5.499999999999998640e-02 8.900174262584862120e-03
5.999999999999999084e-02 5.363082611337840512e-03
6.499999999999998834e-02 3.289267670003538993e-03
6.999999999999999278e-02 2.049819277717202567e-03
7.499999999999999722e-02 1.292196997648162662e-03
7.999999999999998779e-02 8.204241549315282635e-04
8.499999999999999223e-02 5.247133578341226868e-04
8.999999999999999667e-02 3.383101387018023543e-04
