1.221799999999999287e+01 4.612427799376772164e+00
1.321799999999999287e+01 4.232690314597930659e+00
1.421799999999999287e+01 3.760831435893710939e+00
1.521799999999999287e+01 3.238691604196846097e+00
1.621799999999999287e+01 2.740701578177579645e+00
1.721799999999999287e+01 2.277878432584610646e+00
1.821799999999999287e+01 1.883694793838000869e+00
1.921799999999999287e+01 1.548355500297964094e+00
2.021799999999999287e+01 1.271381841997929474e+00
2.121799999999999287e+01 1.041854446870905893e+00
2.221799999999999287e+01 8.614663437867993157e-01
2.321799999999999287e+01 7.067045936107915205e-01
2.421799999999999287e+01 5.746753561529054366e-01
2.521799999999999287e+01 4.711676537154159128e-01
2.621799999999999287e+01 3.806475154280028472e-01
2.721799999999999287e+01 3.026824652785685688e-01
2.821799999999999287e+01 2.426526854115202692e-01
2.921799999999999287e+01 1.917948253458400254e-01
3.021799999999999287e+01 1.492711477476932891e-01
3.121799999999999287e+01 1.171137212736905464e-01
3.221799999999998931e+01 9.066407446680778415e-02
3.321799999999998931e+01 6.915461947445680768e-02
3.421799999999998931e+01 5.316793715296761619e-02
3.521799999999998931e+01 4.118367767549130365e-02
3.621799999999998931e+01 3.212680008131087867e-02
3.721799999999998931e+01 2.477744677831547615e-02
3.821799999999998931e+01 1.886721683485814011e-02
3.921799999999998931e+01 1.446708221695178383e-02
4.021799999999998931e+01 1.116671190532252979e-02
4.121799999999998931e+01 8.510612739322414785e-03
4.221799999999998931e+01 6.395006965103109363e-03
4.321799999999998931e+01 4.837230712231575455e-03
4.421799999999998931e+01 3.682119388226443805e-03
4.521799999999998931e+01 2.819827731938815991e-03
4.621799999999998931e+01 2.127104078379566179e-03
4.721799999999998931e+01 1.577814270849167179e-03
4.821799999999998931e+01 1.177651255565320037e-03
4.921799999999998931e+01 8.842224863349085889e-04
5.021799999999998931e+01 6.677092105010417819e-04
5.121799999999998931e+01 5.069873296448902450e-04
5.221799999999998931e+01 3.791091485854871540e-04
5.321799999999998931e+01 2.786893370931190308e-04
5.421799999999998931e+01 2.060364042668666907e-04
5.521799999999998931e+01 1.531600794292500736e-04
5.621799999999998931e+01 1.144565077960130867e-04
5.721799999999998931e+01 8.597029410099149040e-05
5.821799999999998931e+01 6.489230757086736313e-05
5.921799999999998931e+01 4.826071511561779294e-05
6.021799999999998931e+01 3.530120304461687261e-05
6.121799999999998931e+01 2.595408346080777632e-05
6.221799999999998931e+01 1.917656654680486246e-05
6.321799999999998931e+01 1.423694790071127445e-05
6.421799999999998931e+01 1.061888551853618570e-05
6.521799999999998931e+01 7.956005612839323426e-06
6.621799999999998931e+01 5.897007414778563500e-06
6.721799999999998931e+01 4.317920521569843102e-06
6.821799999999998931e+01 3.176167783351660018e-06
6.921799999999998931e+01 2.346716365585781181e-06
7.021799999999998931e+01 1.741370374218598096e-06
7.121799999999998931e+01 1.297604715090046091e-06
7.221799999999998931e+01 9.708763308651814723e-07
7.321799999999998931e+01 7.293017232134376408e-07
7.421799999999998931e+01 5.416285364002818271e-07
7.521799999999998931e+01 3.971282550798771453e-07
7.621799999999998931e+01 2.923678103974440188e-07
7.721799999999998931e+01 2.160986032405789274e-07
7.821799999999998931e+01 1.603444316756579837e-07
7.921799999999998931e+01 1.194243477966532400e-07
8.021799999999998931e+01 8.927463644200237226e-08
8.121799999999998931e+01 6.697614916657203490e-08
8.221799999999998931e+01 5.042329494261014856e-08
8.321799999999998931e+01 3.740336552291744570e-08
8.421799999999998931e+01 2.729111791368869980e-08
8.521799999999998931e+01 1.998662061960712567e-08
8.621799999999998931e+01 1.469019252896669178e-08
8.721799999999998931e+01 1.083551717134174551e-08
8.821799999999998931e+01 8.019938344875064591e-09
8.921799999999998931e+01 5.956045457484012670e-09
9.021799999999998931e+01 4.437905482644635134e-09
9.121799999999998931e+01 3.317414328101226424e-09
9.221799999999998931e+01 2.487668933779778175e-09
9.321799999999998931e+01 1.832299912924912696e-09
9.421799999999998931e+01 1.322918762318948399e-09
9.521799999999998931e+01 9.584210958283429075e-10
9.621799999999998931e+01 6.966829771007105042e-10
9.721799999999998931e+01 5.080889005771835851e-10
9.821799999999998931e+01 3.717413183674892548e-10
9.921799999999998931e+01 2.728414849140447246e-10
1.002179999999999893e+02 2.008727776463353759e-10
1.012179999999999893e+02 1.483359289319698721e-10
1.022179999999999893e+02 1.098652820470882206e-10
1.032179999999999893e+02 8.160907405812395087e-11
