1.000000000000000021e-03 4.179855175161703755e+02
1.051999999999999984e-03 4.078599996338017490e+02
1.106999999999999911e-03 3.921799207905985440e+02
1.163999999999999887e-03 3.837596727522903848e+02
1.224999999999999960e-03 3.657960141396818585e+02
1.288999999999999998e-03 3.558901098876605147e+02
1.356000000000000000e-03 3.397651405007206904e+02
1.427000000000000100e-03 3.264947024426475082e+02
1.500999999999999947e-03 3.114928936616667556e+02
1.579000000000000108e-03 2.964831085332972407e+02
1.661000000000000150e-03 2.832922975123033780e+02
1.747999999999999988e-03 2.677914657201760065e+02
1.839000000000000140e-03 2.557187914800115607e+02
1.935000000000000088e-03 2.406273544773206936e+02
2.034999999999999917e-03 2.289759326363364949e+02
2.141000000000000108e-03 2.148166188318942034e+02
2.252999999999999794e-03 2.047630246778953733e+02
2.370000000000000145e-03 1.913351985833161280e+02
2.492999999999999990e-03 1.819464757524012839e+02
2.623000000000000331e-03 1.708084585088989797e+02
2.759999999999999867e-03 1.621327303268449782e+02
2.903999999999999897e-03 1.526295808370960572e+02
3.054999999999999990e-03 1.451313599181514746e+02
3.213999999999999843e-03 1.378573392047335346e+02
3.380999999999999891e-03 1.308317904479732192e+02
3.556999999999999832e-03 1.257368021186813110e+02
3.742000000000000100e-03 1.196613955414862005e+02
3.936999999999999528e-03 1.155828128234332723e+02
4.142000000000000716e-03 1.110455427624833646e+02
4.357999999999999895e-03 1.079431293714982587e+02
4.585000000000000533e-03 1.049922280704966511e+02
4.824000000000000163e-03 1.024709349058643113e+02
5.074999999999999650e-03 1.003962696204250591e+02
5.338999999999999996e-03 9.867838757232655666e+01
5.616999999999999597e-03 9.749869858807474543e+01
5.908999999999999322e-03 9.662838898068213211e+01
6.217000000000000304e-03 9.585626773492415964e+01
6.540999999999999939e-03 9.561185855056521632e+01
6.880999999999999964e-03 9.555269079358829742e+01
7.239999999999999908e-03 9.550477350385196473e+01
7.617000000000000506e-03 9.600792992184436514e+01
8.012999999999999290e-03 9.600663882819621620e+01
8.429999999999999993e-03 9.703617144857626897e+01
8.868999999999998413e-03 9.717244808745888918e+01
9.330999999999999017e-03 9.834363322215729397e+01
9.816999999999999338e-03 9.888407800984977314e+01
1.032999999999999891e-02 9.988353670701532394e+01
1.086999999999999945e-02 1.004495761999628627e+02
1.143000000000000092e-02 1.015315268397222610e+02
1.203000000000000076e-02 1.023017054526440717e+02
1.264999999999999979e-02 1.033202937092315210e+02
1.330999999999999892e-02 1.041378955714532140e+02
1.400999999999999988e-02 1.050003313102182858e+02
1.473000000000000004e-02 1.059075410119247920e+02
1.549999999999999989e-02 1.064689646048711893e+02
1.631000000000000158e-02 1.073867097069361591e+02
1.715999999999999817e-02 1.079082661099150755e+02
1.805000000000000007e-02 1.085746886968436371e+02
1.898999999999999994e-02 1.091792150527630412e+02
1.997999999999999776e-02 1.097079138088307388e+02
2.101999999999999702e-02 1.101755175143697727e+02
2.212000000000000077e-02 1.102945249676903359e+02
2.326999999999999902e-02 1.106677188249399819e+02
2.447999999999999829e-02 1.107333563485218519e+02
2.574999999999999858e-02 1.106396953032095496e+02
2.708999999999999950e-02 1.107831204867022734e+02
2.850000000000000103e-02 1.104750342104962186e+02
2.998999999999999930e-02 1.103502967340282339e+02
3.155000000000000165e-02 1.099280893083331136e+02
3.318999999999999728e-02 1.095158763652888183e+02
3.491999999999999965e-02 1.090105556616345694e+02
3.673999999999999488e-02 1.084135543065232525e+02
3.864999999999999686e-02 1.076972606221099227e+02
4.066000000000000170e-02 1.070113222232328667e+02
4.277999999999999858e-02 1.061311241009774307e+02
4.500999999999999446e-02 1.052282094371570054e+02
4.734999999999999626e-02 1.040525110155071360e+02
4.982000000000000317e-02 1.031658927313918923e+02
5.240999999999999825e-02 1.018250016283275556e+02
5.513999999999999457e-02 1.006063267608529088e+02
5.800999999999999907e-02 9.923182040178309649e+01
6.102999999999999398e-02 9.770475213774687973e+01
6.421000000000000318e-02 9.625663591521083617e+01
6.755999999999999506e-02 9.461201846602136811e+01
7.106999999999999429e-02 9.301745734288364531e+01
7.477000000000000313e-02 9.121920758886838598e+01
7.867000000000000381e-02 8.940549429772134715e+01
8.276000000000000023e-02 8.764066989094325777e+01
8.707000000000000850e-02 8.581957803667384610e+01
9.160999999999999699e-02 8.382000371134137140e+01
9.637999999999999345e-02 8.206591237063273070e+01
1.014000000000000040e-01 8.003784775488699665e+01
1.067000000000000032e-01 7.822296607342994434e+01
1.122000000000000081e-01 7.611461549905450852e+01
1.180999999999999966e-01 7.422366775533396321e+01
1.242000000000000048e-01 7.214634578243885699e+01
1.307000000000000106e-01 7.019934900722441284e+01
1.375000000000000111e-01 6.813759969999621546e+01
1.446999999999999953e-01 6.607249769182143950e+01
1.522000000000000020e-01 6.400231659599300826e+01
1.600999999999999923e-01 6.189499161170940056e+01
1.683999999999999941e-01 5.985511036233111781e+01
1.771999999999999964e-01 5.772329444958640465e+01
1.864000000000000101e-01 5.575344667535195242e+01
1.960999999999999965e-01 5.365147282046277866e+01
2.064000000000000001e-01 5.181671911692804144e+01
2.170999999999999874e-01 4.985581098448689374e+01
2.283999999999999919e-01 4.807395434077690766e+01
2.403000000000000136e-01 4.626817848117539711e+01
2.528000000000000247e-01 4.457590260112267799e+01
2.660000000000000142e-01 4.289747385637704724e+01
2.798000000000000487e-01 4.131720835288885496e+01
2.943999999999999950e-01 3.976972413843321874e+01
3.096999999999999753e-01 3.824952160593382189e+01
3.259000000000000230e-01 3.680494779993969701e+01
3.427999999999999936e-01 3.540302348700915758e+01
3.606999999999999651e-01 3.397271919607561586e+01
3.795000000000000040e-01 3.262791423620535625e+01
3.991999999999999993e-01 3.128160699632818265e+01
4.200000000000000400e-01 2.998627829494208896e+01
4.419000000000000150e-01 2.875056917880408491e+01
4.649000000000000354e-01 2.759787561839229397e+01
4.891000000000000347e-01 2.651697685586289666e+01
5.144999999999999574e-01 2.556445901101377416e+01
5.413000000000000034e-01 2.467615354299243791e+01
5.695000000000000062e-01 2.390981529208904988e+01
5.992000000000000659e-01 2.321091627904225874e+01
6.304000000000000714e-01 2.261340963251474534e+01
6.632000000000000117e-01 2.206167569254133554e+01
6.976999999999999869e-01 2.162634382516788634e+01
7.340999999999999748e-01 2.119975019317957532e+01
7.722999999999999865e-01 2.087189246206165194e+01
8.125000000000000000e-01 2.053010268717865472e+01
8.548000000000000043e-01 2.024615472839431263e+01
8.992999999999999883e-01 1.993192273409811577e+01
9.460999999999999410e-01 1.961302071014485904e+01
9.954000000000000625e-01 1.930773847640382002e+01
1.046999999999999931e+00 1.898322179372790686e+01
1.101999999999999869e+00 1.873936690142715378e+01
1.159000000000000030e+00 1.850017512472274461e+01
1.219000000000000083e+00 1.839217420215350174e+01
1.283000000000000140e+00 1.833209279816959381e+01
1.350000000000000089e+00 1.840541782230973311e+01
1.419999999999999929e+00 1.853526080923401409e+01
1.493999999999999995e+00 1.874735821783198730e+01
1.572000000000000064e+00 1.903016285501673366e+01
1.654000000000000137e+00 1.934572004216515495e+01
1.739999999999999991e+00 1.972911942688520526e+01
1.830000000000000071e+00 2.011502669023765932e+01
1.925999999999999934e+00 2.054908520804113792e+01
2.025999999999999801e+00 2.094799668058247377e+01
2.131000000000000227e+00 2.132643772373301161e+01
2.241999999999999993e+00 2.165783605435291292e+01
2.358999999999999986e+00 2.186517490058005819e+01
2.481999999999999762e+00 2.205825295474410197e+01
2.611000000000000210e+00 2.214807735397770116e+01
2.746999999999999886e+00 2.225779865365973365e+01
2.890000000000000124e+00 2.238704054418399281e+01
3.040999999999999925e+00 2.256099883019158625e+01
3.198999999999999844e+00 2.286666647884893067e+01
3.366000000000000103e+00 2.320939255886630903e+01
3.540999999999999925e+00 2.372707116815575290e+01
3.725000000000000089e+00 2.422232356729749370e+01
3.918999999999999595e+00 2.485351749510950015e+01
4.123000000000000220e+00 2.548136765643916846e+01
4.338000000000000078e+00 2.615016122082398908e+01
4.564000000000000057e+00 2.688159126025357182e+01
4.801000000000000156e+00 2.753626168363572546e+01
5.051000000000000156e+00 2.828312490262698020e+01
5.314000000000000057e+00 2.884100072454251418e+01
5.590999999999999304e+00 2.945873332688535129e+01
5.881999999999999673e+00 2.978342449890285693e+01
6.187999999999999723e+00 3.003364082911881994e+01
6.511000000000000121e+00 3.011335231507258214e+01
6.850000000000000533e+00 3.005963768659130153e+01
7.205999999999999517e+00 3.002721923186806663e+01
7.581999999999999851e+00 2.993728967817803266e+01
7.976000000000000867e+00 2.998373868081830196e+01
8.391999999999999460e+00 3.007559429117059580e+01
8.829000000000000625e+00 3.025425952793691309e+01
9.288000000000000256e+00 3.047562798912642990e+01
9.772000000000000242e+00 3.050422810912843019e+01
1.027999999999999936e+01 3.048902898122231164e+01
1.082000000000000028e+01 2.978075140539149146e+01
1.137999999999999901e+01 2.908798950024895902e+01
1.196999999999999886e+01 2.721253083013863616e+01
1.259999999999999964e+01 2.527657324029150843e+01
1.325000000000000000e+01 2.253450574719217769e+01
1.393999999999999950e+01 1.962826522827759845e+01
1.466999999999999993e+01 1.658251425809214652e+01
1.542999999999999972e+01 1.350677901473735965e+01
1.623000000000000043e+01 1.082167945282335531e+01
1.708000000000000185e+01 8.320969948491640622e+00
1.796999999999999886e+01 6.295231435181433355e+00
1.889999999999999858e+01 4.724313575661447828e+00
1.989000000000000057e+01 3.407259871570581744e+00
2.092000000000000171e+01 2.558151820096067119e+00
2.200999999999999801e+01 1.801886549409607241e+00
2.316000000000000014e+01 1.377179961635222494e+00
2.437000000000000099e+01 9.716715609249358954e-01
2.562999999999999901e+01 7.306777013703034118e-01
2.697000000000000242e+01 4.860244668041792671e-01
2.837000000000000099e+01 3.452933383212291596e-01
2.985000000000000142e+01 2.022305975840473224e-01
3.139999999999999858e+01 1.324981920528316426e-01
3.303999999999999915e+01 7.259411954735686678e-02
3.475999999999999801e+01 4.322261179638727663e-02
3.657000000000000028e+01 2.442773317619760867e-02
3.846999999999999886e+01 1.353851953064844418e-02
4.048000000000000398e+01 7.655061798443919818e-03
4.259000000000000341e+01 3.774853629475367119e-03
4.479999999999999716e+01 2.016720459324911063e-03
4.714000000000000057e+01 7.442277773895597092e-04
4.959000000000000341e+01 4.149557977785469460e-04
5.217000000000000171e+01 1.425618825748631606e-04
5.489000000000000057e+01 7.886374248359443015e-05
5.775000000000000000e+01 1.956009041631535724e-05
6.075000000000000000e+01 1.114350422077861108e-05
6.392000000000000171e+01 2.370759628446083875e-06
6.723999999999999488e+01 1.301070085154143407e-06
7.075000000000000000e+01 3.163104634456281001e-07
7.442999999999999261e+01 1.093093277825269261e-07
7.829999999999999716e+01 3.213807477022457871e-08
8.237999999999999545e+01 7.219578947713177387e-09
8.667000000000000171e+01 2.399040309725516611e-09
9.117999999999999261e+01 3.131563533758907638e-10
9.593000000000000682e+01 1.174872175868586811e-10
1.009000000000000057e+02 9.132746225003789842e-12
1.062000000000000028e+02 3.787708982960842394e-12
1.116999999999999886e+02 1.953749168938919696e-13
1.175000000000000000e+02 8.906309398875173913e-14
1.236000000000000085e+02 2.076099046719773301e-15
1.300999999999999943e+02 1.011411983199124268e-15
1.369000000000000057e+02 1.739090069780637835e-17
1.440000000000000000e+02 9.063846440800534926e-18
1.515000000000000000e+02 2.708023239110584739e-19
1.593999999999999773e+02 2.761053352296073329e-20
1.676999999999999886e+02 3.780520643329204287e-21
1.764000000000000057e+02 7.378542893065311664e-23
1.855999999999999943e+02 1.651445039724363332e-23
1.952000000000000171e+02 9.020620840688991232e-26
2.054000000000000057e+02 2.671938761873962785e-26
2.160999999999999943e+02 4.722719071030779573e-29
2.273999999999999773e+02 1.670159709411114220e-29
2.391999999999999886e+02 9.757006426339555376e-33
2.516999999999999886e+02 3.949032423478974623e-33
2.647999999999999545e+02 9.251503254719760534e-37
2.785000000000000000e+02 4.191778567379717008e-37
2.930000000000000000e+02 2.583865670430446329e-41
3.083000000000000114e+02 1.260836623934357618e-41
3.244000000000000341e+02 2.052910524056437588e-46
3.411999999999999886e+02 1.075229554812191900e-46
3.590000000000000000e+02 3.935623998249945772e-48
3.776999999999999886e+02 2.468576698391896864e-52
3.973999999999999773e+02 3.509804876074280949e-53
4.181000000000000227e+02 1.329777890131326919e-58
4.398000000000000114e+02 3.074240094348336272e-59
4.626999999999999886e+02 1.407743161633139647e-65
4.868000000000000114e+02 4.240425470209800258e-66
5.122000000000000455e+02 1.983979701287010826e-73
5.387999999999999545e+02 7.168594623606144126e-74
5.668999999999999773e+02 3.900146758708482997e-82
5.964000000000000909e+02 1.602081162728486460e-82
6.275000000000000000e+02 7.131587163556601370e-92
6.601000000000000227e+02 3.242206211448814302e-92
6.945000000000000000e+02 1.152011844238278980e-102
7.307000000000000455e+02 5.654544549516351581e-103
7.687000000000000455e+02 9.794550656701612052e-115
8.087999999999999545e+02 5.126922354318665588e-115
8.508999999999999773e+02 2.265117018591727554e-116
8.952000000000000455e+02 1.850568350180265088e-128
9.417999999999999545e+02 2.779688929120951748e-129
9.908000000000000682e+02 2.352111681296221845e-143
1.042000000000000000e+03 5.680916434542756465e-144
1.097000000000000000e+03 5.022807671602149626e-160
1.154000000000000000e+03 1.527453069154701586e-160
1.214000000000000000e+03 1.337396428609235000e-178
1.277000000000000000e+03 4.885375422206145674e-179
1.344000000000000000e+03 2.304647714562426526e-199
1.414000000000000000e+03 9.480367088176742619e-200
1.487000000000000000e+03 1.971292979412400150e-222
1.565000000000000000e+03 8.932743500343808124e-223
1.646000000000000000e+03 4.398721896133921223e-248
1.732000000000000000e+03 2.164903855491265581e-248
1.822000000000000000e+03 9.484328297244497510e-277
1.917000000000000000e+03 4.984335106820781858e-277
2.017000000000000000e+03 2.475077378124226078e-278
2.122000000000000000e+03 7.281787529295750338e-309
2.232000000000000000e+03 1.152304865182945762e-309
2.348000000000000000e+03 0.000000000000000000e+00
2.470000000000000000e+03 0.000000000000000000e+00
2.599000000000000000e+03 0.000000000000000000e+00
2.734000000000000000e+03 0.000000000000000000e+00
2.877000000000000000e+03 0.000000000000000000e+00
3.027000000000000000e+03 0.000000000000000000e+00
3.184000000000000000e+03 0.000000000000000000e+00
3.350000000000000000e+03 0.000000000000000000e+00
3.524000000000000000e+03 0.000000000000000000e+00
3.708000000000000000e+03 0.000000000000000000e+00
3.901000000000000000e+03 0.000000000000000000e+00
4.104000000000000000e+03 0.000000000000000000e+00
4.318000000000000000e+03 0.000000000000000000e+00
4.543000000000000000e+03 0.000000000000000000e+00
4.779000000000000000e+03 0.000000000000000000e+00
5.028000000000000000e+03 0.000000000000000000e+00
5.290000000000000000e+03 0.000000000000000000e+00
5.565000000000000000e+03 0.000000000000000000e+00
5.855000000000000000e+03 0.000000000000000000e+00
6.160000000000000000e+03 0.000000000000000000e+00
6.481000000000000000e+03 0.000000000000000000e+00
6.818000000000000000e+03 0.000000000000000000e+00
7.173000000000000000e+03 0.000000000000000000e+00
7.547000000000000000e+03 0.000000000000000000e+00
7.940000000000000000e+03 0.000000000000000000e+00
8.353000000000000000e+03 0.000000000000000000e+00
8.788000000000000000e+03 0.000000000000000000e+00
9.246000000000000000e+03 0.000000000000000000e+00
9.727000000000000000e+03 0.000000000000000000e+00
1.023000000000000000e+04 0.000000000000000000e+00
1.077000000000000000e+04 0.000000000000000000e+00
1.133000000000000000e+04 0.000000000000000000e+00
1.192000000000000000e+04 0.000000000000000000e+00
1.254000000000000000e+04 0.000000000000000000e+00
1.319000000000000000e+04 0.000000000000000000e+00
1.388000000000000000e+04 0.000000000000000000e+00
1.460000000000000000e+04 0.000000000000000000e+00
1.536000000000000000e+04 0.000000000000000000e+00
1.616000000000000000e+04 0.000000000000000000e+00
1.700000000000000000e+04 0.000000000000000000e+00
1.789000000000000000e+04 0.000000000000000000e+00
1.882000000000000000e+04 0.000000000000000000e+00
1.980000000000000000e+04 0.000000000000000000e+00
2.083000000000000000e+04 0.000000000000000000e+00
2.191000000000000000e+04 0.000000000000000000e+00
2.305000000000000000e+04 0.000000000000000000e+00
2.425000000000000000e+04 0.000000000000000000e+00
2.552000000000000000e+04 0.000000000000000000e+00
2.684000000000000000e+04 0.000000000000000000e+00
2.824000000000000000e+04 0.000000000000000000e+00
2.971000000000000000e+04 0.000000000000000000e+00
3.126000000000000000e+04 0.000000000000000000e+00
3.289000000000000000e+04 0.000000000000000000e+00
3.460000000000000000e+04 0.000000000000000000e+00
3.640000000000000000e+04 0.000000000000000000e+00
3.830000000000000000e+04 0.000000000000000000e+00
4.029000000000000000e+04 0.000000000000000000e+00
4.239000000000000000e+04 0.000000000000000000e+00
4.460000000000000000e+04 0.000000000000000000e+00
4.692000000000000000e+04 0.000000000000000000e+00
4.936000000000000000e+04 0.000000000000000000e+00
5.193000000000000000e+04 0.000000000000000000e+00
5.464000000000000000e+04 0.000000000000000000e+00
5.748000000000000000e+04 0.000000000000000000e+00
6.047000000000000000e+04 0.000000000000000000e+00
6.362000000000000000e+04 0.000000000000000000e+00
6.693000000000000000e+04 0.000000000000000000e+00
7.042000000000000000e+04 0.000000000000000000e+00
7.409000000000000000e+04 0.000000000000000000e+00
7.794000000000000000e+04 0.000000000000000000e+00
8.200000000000000000e+04 0.000000000000000000e+00
8.627000000000000000e+04 0.000000000000000000e+00
9.076000000000000000e+04 0.000000000000000000e+00
9.549000000000000000e+04 0.000000000000000000e+00
1.005000000000000000e+05 0.000000000000000000e+00
1.057000000000000000e+05 0.000000000000000000e+00
1.112000000000000000e+05 0.000000000000000000e+00
1.170000000000000000e+05 0.000000000000000000e+00
1.231000000000000000e+05 0.000000000000000000e+00
1.295000000000000000e+05 0.000000000000000000e+00
1.362000000000000000e+05 0.000000000000000000e+00
1.433000000000000000e+05 0.000000000000000000e+00
1.508000000000000000e+05 0.000000000000000000e+00
1.586000000000000000e+05 0.000000000000000000e+00
1.669000000000000000e+05 0.000000000000000000e+00
1.756000000000000000e+05 0.000000000000000000e+00
1.847000000000000000e+05 0.000000000000000000e+00
1.943000000000000000e+05 0.000000000000000000e+00
2.045000000000000000e+05 0.000000000000000000e+00
2.151000000000000000e+05 0.000000000000000000e+00
2.263000000000000000e+05 0.000000000000000000e+00
2.381000000000000000e+05 0.000000000000000000e+00
2.505000000000000000e+05 0.000000000000000000e+00
2.635000000000000000e+05 0.000000000000000000e+00
2.773000000000000000e+05 0.000000000000000000e+00
2.917000000000000000e+05 0.000000000000000000e+00
3.069000000000000000e+05 0.000000000000000000e+00
3.229000000000000000e+05 0.000000000000000000e+00
3.397000000000000000e+05 0.000000000000000000e+00
3.574000000000000000e+05 0.000000000000000000e+00
3.760000000000000000e+05 0.000000000000000000e+00
3.955000000000000000e+05 0.000000000000000000e+00
4.161000000000000000e+05 0.000000000000000000e+00
4.378000000000000000e+05 0.000000000000000000e+00
4.606000000000000000e+05 0.000000000000000000e+00
4.846000000000000000e+05 0.000000000000000000e+00
5.098000000000000000e+05 0.000000000000000000e+00
5.364000000000000000e+05 0.000000000000000000e+00
5.643000000000000000e+05 0.000000000000000000e+00
5.937000000000000000e+05 0.000000000000000000e+00
6.246000000000000000e+05 0.000000000000000000e+00
6.571000000000000000e+05 0.000000000000000000e+00
6.913000000000000000e+05 0.000000000000000000e+00
7.273000000000000000e+05 0.000000000000000000e+00
7.652000000000000000e+05 0.000000000000000000e+00
8.050000000000000000e+05 0.000000000000000000e+00
8.469000000000000000e+05 0.000000000000000000e+00
8.910000000000000000e+05 0.000000000000000000e+00
9.374000000000000000e+05 0.000000000000000000e+00
9.863000000000000000e+05 0.000000000000000000e+00
1.038000000000000000e+06 0.000000000000000000e+00
1.092000000000000000e+06 0.000000000000000000e+00
1.148000000000000000e+06 0.000000000000000000e+00
1.208000000000000000e+06 0.000000000000000000e+00
1.271000000000000000e+06 0.000000000000000000e+00
1.337000000000000000e+06 0.000000000000000000e+00
1.407000000000000000e+06 0.000000000000000000e+00
1.480000000000000000e+06 0.000000000000000000e+00
1.557000000000000000e+06 0.000000000000000000e+00
1.638000000000000000e+06 0.000000000000000000e+00
1.724000000000000000e+06 0.000000000000000000e+00
1.814000000000000000e+06 0.000000000000000000e+00
1.908000000000000000e+06 0.000000000000000000e+00
2.007000000000000000e+06 0.000000000000000000e+00
2.112000000000000000e+06 0.000000000000000000e+00
2.222000000000000000e+06 0.000000000000000000e+00
2.337000000000000000e+06 0.000000000000000000e+00
2.459000000000000000e+06 0.000000000000000000e+00
2.587000000000000000e+06 0.000000000000000000e+00
2.722000000000000000e+06 0.000000000000000000e+00
2.864000000000000000e+06 0.000000000000000000e+00
3.013000000000000000e+06 0.000000000000000000e+00
3.170000000000000000e+06 0.000000000000000000e+00
3.335000000000000000e+06 0.000000000000000000e+00
3.508000000000000000e+06 0.000000000000000000e+00
3.691000000000000000e+06 0.000000000000000000e+00
3.883000000000000000e+06 0.000000000000000000e+00
4.085000000000000000e+06 0.000000000000000000e+00
4.298000000000000000e+06 0.000000000000000000e+00
4.522000000000000000e+06 0.000000000000000000e+00
4.757000000000000000e+06 0.000000000000000000e+00
5.005000000000000000e+06 0.000000000000000000e+00
5.266000000000000000e+06 0.000000000000000000e+00
5.540000000000000000e+06 0.000000000000000000e+00
5.828000000000000000e+06 0.000000000000000000e+00
6.132000000000000000e+06 0.000000000000000000e+00
6.451000000000000000e+06 0.000000000000000000e+00
6.787000000000000000e+06 0.000000000000000000e+00
7.140000000000000000e+06 0.000000000000000000e+00
7.512000000000000000e+06 0.000000000000000000e+00
7.903000000000000000e+06 0.000000000000000000e+00
8.315000000000000000e+06 0.000000000000000000e+00
8.748000000000000000e+06 0.000000000000000000e+00
9.203000000000000000e+06 0.000000000000000000e+00
9.682000000000000000e+06 0.000000000000000000e+00
1.019000000000000000e+07 0.000000000000000000e+00
1.072000000000000000e+07 0.000000000000000000e+00
1.127000000000000000e+07 0.000000000000000000e+00
1.186000000000000000e+07 0.000000000000000000e+00
1.248000000000000000e+07 0.000000000000000000e+00
1.313000000000000000e+07 0.000000000000000000e+00
1.381000000000000000e+07 0.000000000000000000e+00
1.453000000000000000e+07 0.000000000000000000e+00
1.529000000000000000e+07 0.000000000000000000e+00
1.608000000000000000e+07 0.000000000000000000e+00
1.692000000000000000e+07 0.000000000000000000e+00
1.780000000000000000e+07 0.000000000000000000e+00
1.873000000000000000e+07 0.000000000000000000e+00
1.971000000000000000e+07 0.000000000000000000e+00
2.073000000000000000e+07 0.000000000000000000e+00
2.181000000000000000e+07 0.000000000000000000e+00
2.295000000000000000e+07 0.000000000000000000e+00
2.414000000000000000e+07 0.000000000000000000e+00
2.540000000000000000e+07 0.000000000000000000e+00
2.672000000000000000e+07 0.000000000000000000e+00
2.811000000000000000e+07 0.000000000000000000e+00
2.958000000000000000e+07 0.000000000000000000e+00
3.112000000000000000e+07 0.000000000000000000e+00
3.274000000000000000e+07 0.000000000000000000e+00
3.444000000000000000e+07 0.000000000000000000e+00
3.623000000000000000e+07 0.000000000000000000e+00
3.812000000000000000e+07 0.000000000000000000e+00
4.011000000000000000e+07 0.000000000000000000e+00
4.219000000000000000e+07 0.000000000000000000e+00
4.439000000000000000e+07 0.000000000000000000e+00
4.670000000000000000e+07 0.000000000000000000e+00
4.913000000000000000e+07 0.000000000000000000e+00
5.169000000000000000e+07 0.000000000000000000e+00
5.438000000000000000e+07 0.000000000000000000e+00
5.722000000000000000e+07 0.000000000000000000e+00
6.019000000000000000e+07 0.000000000000000000e+00
6.333000000000000000e+07 0.000000000000000000e+00
6.663000000000000000e+07 0.000000000000000000e+00
7.010000000000000000e+07 0.000000000000000000e+00
7.375000000000000000e+07 0.000000000000000000e+00
7.759000000000000000e+07 0.000000000000000000e+00
8.163000000000000000e+07 0.000000000000000000e+00
8.588000000000000000e+07 0.000000000000000000e+00
9.035000000000000000e+07 0.000000000000000000e+00
9.505000000000000000e+07 0.000000000000000000e+00
1.000000000000000000e+08 0.000000000000000000e+00
