9.999999999999999547e-07 4.395737902989079006e+22
1.052000000000000050e-06 4.164279324177288135e+22
1.106999999999999947e-06 3.999151775824400613e+22
1.163999999999999994e-06 3.786720862642140663e+22
1.224999999999999918e-06 3.613786568190549872e+22
1.289000000000000068e-06 3.430684221903728122e+22
1.356000000000000019e-06 3.266387551652682295e+22
1.427000000000000059e-06 3.109111475766187524e+22
1.500999999999999901e-06 2.958398693665730776e+22
1.579000000000000044e-06 2.830815054437769072e+22
1.661000000000000064e-06 2.691835146466937432e+22
1.748000000000000035e-06 2.585411327189114998e+22
1.839000000000000096e-06 2.465429154856430679e+22
1.935000000000000108e-06 2.373619760138971146e+22
2.034999999999999998e-06 2.274940042197428758e+22
2.140999999999999915e-06 2.202013833795115732e+22
2.252999999999999859e-06 2.126887846870208270e+22
2.370000000000000179e-06 2.068139133099044766e+22
2.493000000000000102e-06 2.008197743054651025e+22
2.623000000000000128e-06 1.963069807528056875e+22
2.759999999999999833e-06 1.921307449585913404e+22
2.904000000000000063e-06 1.887346658260366131e+22
3.054999999999999973e-06 1.858884162219047230e+22
3.214000000000000060e-06 1.833891557599677409e+22
3.380999999999999901e-06 1.819052465034687100e+22
3.556999999999999995e-06 1.802663221238347648e+22
3.741999999999999917e-06 1.798482041977029473e+22
3.936999999999999745e-06 1.790297046516473056e+22
4.142000000000000323e-06 1.790630005031203504e+22
4.357999999999999610e-06 1.787781706644654234e+22
4.585000000000000147e-06 1.793883053451124303e+22
4.823999999999999892e-06 1.795629168962196577e+22
5.074999999999999691e-06 1.803599804854185440e+22
5.339000000000000043e-06 1.808690381212325459e+22
5.616999999999999753e-06 1.818093306348701326e+22
5.908999999999999668e-06 1.828236755220811481e+22
6.216999999999999938e-06 1.838331766504462850e+22
6.540999999999999716e-06 1.850273736567278273e+22
6.880999999999999848e-06 1.857324286535499199e+22
7.240000000000000138e-06 1.872047270450730264e+22
7.617000000000000086e-06 1.877813388490831403e+22
8.012999999999999344e-06 1.890112243698810382e+22
8.430000000000000603e-06 1.898077012006287285e+22
8.868999999999999280e-06 1.905995965003713426e+22
9.330999999999999261e-06 1.913324012943817310e+22
9.816999999999999351e-06 1.921076835434604842e+22
1.032999999999999935e-05 1.926297603030498306e+22
1.086999999999999926e-05 1.929142002968544726e+22
1.143000000000000068e-05 1.932421837334735172e+22
1.203000000000000002e-05 1.933136124662272492e+22
1.264999999999999916e-05 1.932559942346252222e+22
1.330999999999999962e-05 1.931267292820172230e+22
1.400999999999999969e-05 1.929269672330437172e+22
1.472999999999999958e-05 1.923570709682763648e+22
1.550000000000000068e-05 1.919472802756080697e+22
1.631000000000000139e-05 1.911704614232715900e+22
1.715999999999999833e-05 1.903422915984200250e+22
1.805000000000000167e-05 1.893890154383006289e+22
1.898999999999999945e-05 1.882087041772643208e+22
1.997999999999999844e-05 1.870993931027478479e+22
2.101999999999999865e-05 1.856310075256757604e+22
2.212000000000000167e-05 1.840858206478604540e+22
2.326999999999999913e-05 1.822575580859678799e+22
2.447999999999999940e-05 1.804943852932512612e+22
2.574999999999999910e-05 1.784947896397287182e+22
2.708999999999999982e-05 1.762936620494370741e+22
2.850000000000000157e-05 1.739541037039121701e+22
2.998999999999999916e-05 1.715260286913070131e+22
3.155000000000000117e-05 1.689768783793284868e+22
3.318999999999999902e-05 1.664229868159159081e+22
3.491999999999999770e-05 1.637280251645030669e+22
3.673999999999999722e-05 1.609069518217512013e+22
3.864999999999999756e-05 1.580100466404446385e+22
4.066000000000000034e-05 1.550822816868828656e+22
4.278000000000000037e-05 1.521873742921023776e+22
4.500999999999999766e-05 1.489378938638185791e+22
4.734999999999999897e-05 1.459833909008447989e+22
4.982000000000000073e-05 1.427110958438940672e+22
5.241000000000000134e-05 1.395757078883221268e+22
5.513999999999999723e-05 1.361769238585662453e+22
5.801000000000000194e-05 1.328652962455728266e+22
6.102999999999999674e-05 1.293739535059336036e+22
6.420999999999999679e-05 1.259678676669555540e+22
6.755999999999999690e-05 1.224011723085696939e+22
7.106999999999999548e-05 1.188889068916292400e+22
7.477000000000000410e-05 1.153929465718388031e+22
7.867000000000000403e-05 1.118133884666135550e+22
8.276000000000000045e-05 1.084907385536002182e+22
8.707000000000000492e-05 1.050176181819556443e+22
9.160999999999999872e-05 1.018047463542663361e+22
9.637999999999999541e-05 9.839580136905522545e+21
1.013999999999999982e-04 9.535588574380559434e+21
1.067000000000000050e-04 9.214644846888755397e+21
1.122000000000000032e-04 8.917584593666009203e+21
1.180999999999999975e-04 8.613283616413663101e+21
1.242000000000000103e-04 8.324338248161324696e+21
1.307000000000000056e-04 8.034459483243615879e+21
1.375000000000000083e-04 7.752646455349401879e+21
1.446999999999999936e-04 7.471982511170992996e+21
1.522000000000000132e-04 7.190182636346711998e+21
1.600999999999999884e-04 6.922184062534489735e+21
1.684000000000000004e-04 6.649353940814685798e+21
1.771999999999999975e-04 6.394756591247893201e+21
1.864000000000000043e-04 6.142881301303031497e+21
1.960999999999999961e-04 5.912918525863934296e+21
2.064000000000000025e-04 5.690455104654370931e+21
2.170999999999999916e-04 5.491548856764414820e+21
2.283999999999999952e-04 5.305696951476573700e+21
2.403000000000000134e-04 5.132797061643870667e+21
2.528000000000000191e-04 4.978349872950195257e+21
2.660000000000000146e-04 4.828226732487386071e+21
2.798000000000000248e-04 4.700878687804577546e+21
2.944000000000000002e-04 4.574488144783935537e+21
3.096999999999999927e-04 4.465669629808285319e+21
3.259000000000000070e-04 4.353254378937963250e+21
3.427999999999999841e-04 4.257717790412656083e+21
3.606999999999999855e-04 4.150720799921777672e+21
3.795000000000000088e-04 4.051987127440507404e+21
3.991999999999999997e-04 3.952458666584880710e+21
4.200000000000000174e-04 3.853570880431956427e+21
4.419000000000000076e-04 3.769482257101108543e+21
4.649000000000000246e-04 3.688215813310484840e+21
4.891000000000000165e-04 3.631483476984899568e+21
5.144999999999999834e-04 3.582858981299855557e+21
5.412999999999999843e-04 3.559976073222536823e+21
5.695000000000000192e-04 3.544667028770992423e+21
5.992000000000000364e-04 3.548380878858856956e+21
6.304000000000000358e-04 3.562478495862083813e+21
6.631999999999999658e-04 3.585410335667056017e+21
6.976999999999999912e-04 3.621927609247913738e+21
7.341000000000000086e-04 3.657678814301191143e+21
7.722999999999999613e-04 3.706964983326607671e+21
8.124999999999999627e-04 3.743162651087465349e+21
8.547999999999999609e-04 3.789550453746967773e+21
8.993000000000000126e-04 3.812056117518712963e+21
9.460999999999999575e-04 3.832640145362675827e+21
9.954000000000000174e-04 3.840294652008653652e+21
1.046999999999999971e-03 3.840098626940323234e+21
1.101999999999999898e-03 3.846556784817811227e+21
1.159000000000000091e-03 3.852787951608777933e+21
1.219000000000000031e-03 3.877872340168412758e+21
1.283000000000000069e-03 3.913664789381526847e+21
1.350000000000000071e-03 3.970103872942784905e+21
1.420000000000000038e-03 4.038615521137494852e+21
1.494000000000000102e-03 4.116460751791461499e+21
1.572000000000000047e-03 4.208224293815427531e+21
1.654000000000000088e-03 4.299163662706971509e+21
1.740000000000000010e-03 4.401158621709905953e+21
1.830000000000000029e-03 4.496853090130588074e+21
1.925999999999999978e-03 4.595232243873129431e+21
2.026000000000000023e-03 4.679655116263156875e+21
2.131000000000000082e-03 4.749459739414502572e+21
2.242000000000000069e-03 4.800099327868966797e+21
2.358999999999999986e-03 4.809900356010889970e+21
2.481999999999999831e-03 4.808390357306656686e+21
2.611000000000000040e-03 4.771014392597754937e+21
2.746999999999999876e-03 4.731474370347165286e+21
2.890000000000000208e-03 4.686749641593598247e+21
3.040999999999999866e-03 4.645330798175366676e+21
3.199000000000000021e-03 4.627964261209565299e+21
3.366000000000000068e-03 4.610325741571823108e+21
3.540999999999999877e-03 4.627962185887717523e+21
3.725000000000000012e-03 4.628305064744652898e+21
3.918999999999999741e-03 4.653092954774251766e+21
4.122999999999999929e-03 4.663292867438436155e+21
4.337999999999999842e-03 4.673279493694112662e+21
4.564000000000000348e-03 4.683020509399743988e+21
4.800999999999999712e-03 4.662830592131750953e+21
5.050999999999999934e-03 4.646992011959659397e+21
5.314000000000000147e-03 4.570338924582036046e+21
5.590999999999999616e-03 4.489272652008173601e+21
5.882000000000000076e-03 4.318351107028492485e+21
6.187999999999999924e-03 4.109833697408303235e+21
6.511000000000000294e-03 3.839981828251892842e+21
6.850000000000000186e-03 3.521418967592545026e+21
7.205999999999999732e-03 3.193359297763912712e+21
7.582000000000000198e-03 2.842057515688743928e+21
7.976000000000000451e-03 2.520259358085747311e+21
8.392000000000000154e-03 2.214360728194446524e+21
8.829000000000000042e-03 1.952589893460044284e+21
9.287999999999999381e-03 1.720723722434479391e+21
9.771999999999999437e-03 1.527140374869498659e+21
1.027999999999999921e-02 1.341852286721149633e+21
1.081999999999999976e-02 1.177534132663815635e+21
1.137999999999999949e-02 1.018845435158575448e+21
1.196999999999999974e-02 8.656243619023300854e+20
1.260000000000000009e-02 7.193118788418490860e+20
1.324999999999999963e-02 5.772408113550028308e+20
1.393999999999999927e-02 4.555975273308130509e+20
1.467000000000000075e-02 3.444625292727860593e+20
1.542999999999999927e-02 2.569002598388338852e+20
1.623000000000000137e-02 1.897419147694658355e+20
1.708000000000000143e-02 1.349535772332880527e+20
1.796999999999999986e-02 9.989920299916192973e+19
1.890000000000000013e-02 7.005478510292015514e+19
1.989000000000000143e-02 5.318291967724208128e+19
2.092000000000000109e-02 3.753923649153793229e+19
2.200999999999999832e-02 2.812709379727999386e+19
2.316000000000000003e-02 1.873188174937781043e+19
2.436999999999999930e-02 1.321057911125390131e+19
2.563000000000000000e-02 7.797207422069840896e+18
2.697000000000000092e-02 5.062939137090512896e+18
2.836999999999999938e-02 2.789414356689851904e+18
2.985000000000000153e-02 1.656332345092756736e+18
3.139999999999999736e-02 9.389843120737661440e+17
3.303999999999999992e-02 5.203891897764376320e+17
3.475999999999999923e-02 2.949286344219460480e+17
3.656999999999999834e-02 1.457676837283605760e+17
3.846999999999999725e-02 7.715721957944889600e+16
4.048000000000000209e-02 2.879845625590981600e+16
4.259000000000000286e-02 1.585856486508087400e+16
4.479999999999999954e-02 5.536644021529712000e+15
4.714000000000000135e-02 2.997780982299743500e+15
4.959000000000000213e-02 7.620916900717132500e+14
5.217000000000000109e-02 4.227869831432008125e+14
5.489000000000000129e-02 9.243816650299009375e+13
5.775000000000000272e-02 4.944122822496119531e+13
6.074999999999999845e-02 1.217200143615146094e+13
6.392000000000000459e-02 4.178985871758188477e+12
6.723999999999999422e-02 1.224301729732257812e+12
7.074999999999999345e-02 2.770779865517098389e+11
7.442999999999999616e-02 9.064889045108992004e+10
7.829999999999999460e-02 1.208734536108351326e+10
8.237999999999999490e-02 4.420287039801824570e+09
8.666999999999999704e-02 3.528948629855190516e+08
9.117999999999999716e-02 1.427928755853936970e+08
9.593000000000000138e-02 7.593132678270448931e+06
1.009000000000000036e-01 3.337936069774403702e+06
1.062000000000000027e-01 8.057608482660460868e+04
1.116999999999999937e-01 3.804629550097903848e+04
1.174999999999999933e-01 6.841588624732995640e+02
1.236000000000000015e-01 3.431250563936793014e+02
1.300999999999999934e-01 1.021963635195037057e+01
1.368999999999999939e-01 1.042899901136365770e+00
1.439999999999999891e-01 1.417950652224427288e-01
1.514999999999999958e-01 2.809829471946696799e-03
1.593999999999999861e-01 6.160453454568201202e-04
1.676999999999999880e-01 3.442361617144010276e-06
1.764000000000000012e-01 9.976295509154476156e-07
1.855999999999999872e-01 1.819579751976154294e-09
1.952000000000000124e-01 6.296319469662540238e-10
2.053999999999999992e-01 3.785227215935195280e-13
2.160999999999999865e-01 1.483183932073923381e-13
2.273999999999999910e-01 3.599262586307940663e-17
2.391999999999999960e-01 1.561897798303511310e-17
2.516999999999999793e-01 1.005325398128404140e-21
2.647999999999999798e-01 4.697384073322685458e-22
2.785000000000000253e-01 8.059561827890158471e-27
2.929999999999999827e-01 4.035438940317293998e-27
3.083000000000000185e-01 1.470571362335985684e-28
3.244000000000000217e-01 9.323628880416513687e-33
3.412000000000000033e-01 1.317673885525106063e-33
3.589999999999999858e-01 5.084404976324740482e-39
3.776999999999999802e-01 1.147956678133787817e-39
3.973999999999999755e-01 5.396273016316568403e-46
4.181000000000000272e-01 1.580826183017634875e-46
4.398000000000000242e-01 7.701762155031122864e-54
4.627000000000000002e-01 2.679804050464612071e-54
4.868000000000000105e-01 1.937370189584855641e-62
5.121999999999999886e-01 5.980219873528240101e-63
5.387999999999999456e-01 7.446553224569936560e-71
5.668999999999999595e-01 1.210480682253375923e-72
5.964000000000000412e-01 1.602531061743903229e-79
6.274999999999999467e-01 2.112996495825807370e-83
6.601000000000000201e-01 3.242210048538433583e-89
6.945000000000000062e-01 1.927678069622188913e-95
7.307000000000000162e-01 8.476554235145104713e-97
7.687000000000000499e-01 7.031024710547167427e-109
8.087999999999999634e-01 1.043488068223115500e-109
8.508999999999999897e-01 2.265117018681460369e-113
8.951999999999999957e-01 2.292713396587472192e-124
9.417999999999999705e-01 2.779688929120971326e-126
9.908000000000000140e-01 2.925494064044073989e-140
1.042000000000000037e+00 5.680916434542756374e-141
1.096999999999999975e+00 5.040954070393278719e-157
1.153999999999999915e+00 1.527453069154702043e-157
1.213999999999999968e+00 1.337432013550799203e-175
1.276999999999999913e+00 4.885375422206145499e-176
1.344000000000000083e+00 2.304648048047629153e-196
1.413999999999999924e+00 9.480367088176742879e-197
1.487000000000000099e+00 1.971292980225703336e-219
1.564999999999999947e+00 8.932743500343807215e-220
1.645999999999999908e+00 4.398721896135799326e-245
1.731999999999999984e+00 2.164903855491358608e-245
1.822000000000000064e+00 9.484328297244499883e-274
1.917000000000000037e+00 4.984335106820782210e-274
2.016999999999999904e+00 2.475077378124226055e-275
2.121999999999999886e+00 7.281787529295749784e-306
2.232000000000000206e+00 1.152304865182943193e-306
2.347999999999999865e+00 0.000000000000000000e+00
2.470000000000000195e+00 0.000000000000000000e+00
2.599000000000000199e+00 0.000000000000000000e+00
2.733999999999999986e+00 0.000000000000000000e+00
2.876999999999999780e+00 0.000000000000000000e+00
3.027000000000000135e+00 0.000000000000000000e+00
3.184000000000000163e+00 0.000000000000000000e+00
3.350000000000000089e+00 0.000000000000000000e+00
3.524000000000000021e+00 0.000000000000000000e+00
3.708000000000000185e+00 0.000000000000000000e+00
3.900999999999999801e+00 0.000000000000000000e+00
4.104000000000000092e+00 0.000000000000000000e+00
4.317999999999999616e+00 0.000000000000000000e+00
4.543000000000000149e+00 0.000000000000000000e+00
4.778999999999999915e+00 0.000000000000000000e+00
5.027999999999999581e+00 0.000000000000000000e+00
5.290000000000000036e+00 0.000000000000000000e+00
5.565000000000000391e+00 0.000000000000000000e+00
5.855000000000000426e+00 0.000000000000000000e+00
6.160000000000000142e+00 0.000000000000000000e+00
6.480999999999999872e+00 0.000000000000000000e+00
6.817999999999999616e+00 0.000000000000000000e+00
7.173000000000000043e+00 0.000000000000000000e+00
7.546999999999999709e+00 0.000000000000000000e+00
7.940000000000000391e+00 0.000000000000000000e+00
8.352999999999999758e+00 0.000000000000000000e+00
8.788000000000000256e+00 0.000000000000000000e+00
9.246000000000000441e+00 0.000000000000000000e+00
9.727000000000000313e+00 0.000000000000000000e+00
1.023000000000000043e+01 0.000000000000000000e+00
1.076999999999999957e+01 0.000000000000000000e+00
1.133000000000000007e+01 0.000000000000000000e+00
1.191999999999999993e+01 0.000000000000000000e+00
1.253999999999999915e+01 0.000000000000000000e+00
1.318999999999999950e+01 0.000000000000000000e+00
1.388000000000000078e+01 0.000000000000000000e+00
1.459999999999999964e+01 0.000000000000000000e+00
1.535999999999999943e+01 0.000000000000000000e+00
1.616000000000000014e+01 0.000000000000000000e+00
1.700000000000000000e+01 0.000000000000000000e+00
1.789000000000000057e+01 0.000000000000000000e+00
1.882000000000000028e+01 0.000000000000000000e+00
1.980000000000000071e+01 0.000000000000000000e+00
2.082999999999999829e+01 0.000000000000000000e+00
2.191000000000000014e+01 0.000000000000000000e+00
2.305000000000000071e+01 0.000000000000000000e+00
2.425000000000000000e+01 0.000000000000000000e+00
2.551999999999999957e+01 0.000000000000000000e+00
2.683999999999999986e+01 0.000000000000000000e+00
2.823999999999999844e+01 0.000000000000000000e+00
2.971000000000000085e+01 0.000000000000000000e+00
3.126000000000000156e+01 0.000000000000000000e+00
3.289000000000000057e+01 0.000000000000000000e+00
3.460000000000000142e+01 0.000000000000000000e+00
3.639999999999999858e+01 0.000000000000000000e+00
3.829999999999999716e+01 0.000000000000000000e+00
4.028999999999999915e+01 0.000000000000000000e+00
4.239000000000000057e+01 0.000000000000000000e+00
4.460000000000000142e+01 0.000000000000000000e+00
4.692000000000000171e+01 0.000000000000000000e+00
4.935999999999999943e+01 0.000000000000000000e+00
5.192999999999999972e+01 0.000000000000000000e+00
5.464000000000000057e+01 0.000000000000000000e+00
5.747999999999999687e+01 0.000000000000000000e+00
6.046999999999999886e+01 0.000000000000000000e+00
6.361999999999999744e+01 0.000000000000000000e+00
6.693000000000000682e+01 0.000000000000000000e+00
7.042000000000000171e+01 0.000000000000000000e+00
7.409000000000000341e+01 0.000000000000000000e+00
7.793999999999999773e+01 0.000000000000000000e+00
8.200000000000000000e+01 0.000000000000000000e+00
8.626999999999999602e+01 0.000000000000000000e+00
9.076000000000000512e+01 0.000000000000000000e+00
9.548999999999999488e+01 0.000000000000000000e+00
1.005000000000000000e+02 0.000000000000000000e+00
1.057000000000000028e+02 0.000000000000000000e+00
1.112000000000000028e+02 0.000000000000000000e+00
1.170000000000000000e+02 0.000000000000000000e+00
1.230999999999999943e+02 0.000000000000000000e+00
1.295000000000000000e+02 0.000000000000000000e+00
1.361999999999999886e+02 0.000000000000000000e+00
1.433000000000000114e+02 0.000000000000000000e+00
1.508000000000000114e+02 0.000000000000000000e+00
1.585999999999999943e+02 0.000000000000000000e+00
1.669000000000000057e+02 0.000000000000000000e+00
1.755999999999999943e+02 0.000000000000000000e+00
1.846999999999999886e+02 0.000000000000000000e+00
1.943000000000000114e+02 0.000000000000000000e+00
2.045000000000000000e+02 0.000000000000000000e+00
2.150999999999999943e+02 0.000000000000000000e+00
2.263000000000000114e+02 0.000000000000000000e+00
2.380999999999999943e+02 0.000000000000000000e+00
2.505000000000000000e+02 0.000000000000000000e+00
2.635000000000000000e+02 0.000000000000000000e+00
2.773000000000000114e+02 0.000000000000000000e+00
2.916999999999999886e+02 0.000000000000000000e+00
3.068999999999999773e+02 0.000000000000000000e+00
3.228999999999999773e+02 0.000000000000000000e+00
3.396999999999999886e+02 0.000000000000000000e+00
3.573999999999999773e+02 0.000000000000000000e+00
3.760000000000000000e+02 0.000000000000000000e+00
3.955000000000000000e+02 0.000000000000000000e+00
4.161000000000000227e+02 0.000000000000000000e+00
4.378000000000000114e+02 0.000000000000000000e+00
4.606000000000000227e+02 0.000000000000000000e+00
4.846000000000000227e+02 0.000000000000000000e+00
5.098000000000000114e+02 0.000000000000000000e+00
5.363999999999999773e+02 0.000000000000000000e+00
5.642999999999999545e+02 0.000000000000000000e+00
5.937000000000000455e+02 0.000000000000000000e+00
6.246000000000000227e+02 0.000000000000000000e+00
6.571000000000000227e+02 0.000000000000000000e+00
6.912999999999999545e+02 0.000000000000000000e+00
7.272999999999999545e+02 0.000000000000000000e+00
7.652000000000000455e+02 0.000000000000000000e+00
8.050000000000000000e+02 0.000000000000000000e+00
8.468999999999999773e+02 0.000000000000000000e+00
8.910000000000000000e+02 0.000000000000000000e+00
9.373999999999999773e+02 0.000000000000000000e+00
9.862999999999999545e+02 0.000000000000000000e+00
1.038000000000000000e+03 0.000000000000000000e+00
1.092000000000000000e+03 0.000000000000000000e+00
1.148000000000000000e+03 0.000000000000000000e+00
1.208000000000000000e+03 0.000000000000000000e+00
1.271000000000000000e+03 0.000000000000000000e+00
1.337000000000000000e+03 0.000000000000000000e+00
1.407000000000000000e+03 0.000000000000000000e+00
1.480000000000000000e+03 0.000000000000000000e+00
1.557000000000000000e+03 0.000000000000000000e+00
1.638000000000000000e+03 0.000000000000000000e+00
1.724000000000000000e+03 0.000000000000000000e+00
1.814000000000000000e+03 0.000000000000000000e+00
1.908000000000000000e+03 0.000000000000000000e+00
2.007000000000000000e+03 0.000000000000000000e+00
2.112000000000000000e+03 0.000000000000000000e+00
2.222000000000000000e+03 0.000000000000000000e+00
2.337000000000000000e+03 0.000000000000000000e+00
2.459000000000000000e+03 0.000000000000000000e+00
2.587000000000000000e+03 0.000000000000000000e+00
2.722000000000000000e+03 0.000000000000000000e+00
2.864000000000000000e+03 0.000000000000000000e+00
3.013000000000000000e+03 0.000000000000000000e+00
3.170000000000000000e+03 0.000000000000000000e+00
3.335000000000000000e+03 0.000000000000000000e+00
3.508000000000000000e+03 0.000000000000000000e+00
3.691000000000000000e+03 0.000000000000000000e+00
3.883000000000000000e+03 0.000000000000000000e+00
4.085000000000000000e+03 0.000000000000000000e+00
4.298000000000000000e+03 0.000000000000000000e+00
4.522000000000000000e+03 0.000000000000000000e+00
4.757000000000000000e+03 0.000000000000000000e+00
5.005000000000000000e+03 0.000000000000000000e+00
5.266000000000000000e+03 0.000000000000000000e+00
5.540000000000000000e+03 0.000000000000000000e+00
5.828000000000000000e+03 0.000000000000000000e+00
6.132000000000000000e+03 0.000000000000000000e+00
6.451000000000000000e+03 0.000000000000000000e+00
6.787000000000000000e+03 0.000000000000000000e+00
7.140000000000000000e+03 0.000000000000000000e+00
7.512000000000000000e+03 0.000000000000000000e+00
7.903000000000000000e+03 0.000000000000000000e+00
8.315000000000000000e+03 0.000000000000000000e+00
8.748000000000000000e+03 0.000000000000000000e+00
9.203000000000000000e+03 0.000000000000000000e+00
9.682000000000000000e+03 0.000000000000000000e+00
1.019000000000000000e+04 0.000000000000000000e+00
1.072000000000000000e+04 0.000000000000000000e+00
1.127000000000000000e+04 0.000000000000000000e+00
1.186000000000000000e+04 0.000000000000000000e+00
1.248000000000000000e+04 0.000000000000000000e+00
1.313000000000000000e+04 0.000000000000000000e+00
1.381000000000000000e+04 0.000000000000000000e+00
1.453000000000000000e+04 0.000000000000000000e+00
1.529000000000000000e+04 0.000000000000000000e+00
1.608000000000000000e+04 0.000000000000000000e+00
1.692000000000000000e+04 0.000000000000000000e+00
1.780000000000000000e+04 0.000000000000000000e+00
1.873000000000000000e+04 0.000000000000000000e+00
1.971000000000000000e+04 0.000000000000000000e+00
2.073000000000000000e+04 0.000000000000000000e+00
2.181000000000000000e+04 0.000000000000000000e+00
2.295000000000000000e+04 0.000000000000000000e+00
2.414000000000000000e+04 0.000000000000000000e+00
2.540000000000000000e+04 0.000000000000000000e+00
2.672000000000000000e+04 0.000000000000000000e+00
2.811000000000000000e+04 0.000000000000000000e+00
2.958000000000000000e+04 0.000000000000000000e+00
3.112000000000000000e+04 0.000000000000000000e+00
3.274000000000000000e+04 0.000000000000000000e+00
3.444000000000000000e+04 0.000000000000000000e+00
3.623000000000000000e+04 0.000000000000000000e+00
3.812000000000000000e+04 0.000000000000000000e+00
4.011000000000000000e+04 0.000000000000000000e+00
4.219000000000000000e+04 0.000000000000000000e+00
4.439000000000000000e+04 0.000000000000000000e+00
4.670000000000000000e+04 0.000000000000000000e+00
4.913000000000000000e+04 0.000000000000000000e+00
5.169000000000000000e+04 0.000000000000000000e+00
5.438000000000000000e+04 0.000000000000000000e+00
5.722000000000000000e+04 0.000000000000000000e+00
6.019000000000000000e+04 0.000000000000000000e+00
6.333000000000000000e+04 0.000000000000000000e+00
6.663000000000000000e+04 0.000000000000000000e+00
7.010000000000000000e+04 0.000000000000000000e+00
7.375000000000000000e+04 0.000000000000000000e+00
7.759000000000000000e+04 0.000000000000000000e+00
8.163000000000000000e+04 0.000000000000000000e+00
8.588000000000000000e+04 0.000000000000000000e+00
9.035000000000000000e+04 0.000000000000000000e+00
9.505000000000000000e+04 0.000000000000000000e+00
1.000000000000000000e+05 0.000000000000000000e+00
