1.000000000000000021e-03 1.692109950980191684e+02
1.051999999999999984e-03 1.603011516748968575e+02
1.106999999999999911e-03 1.539446769733710312e+02
1.163999999999999887e-03 1.457672908319661076e+02
1.224999999999999960e-03 1.391103006527224863e+02
1.288999999999999998e-03 1.320618981083152619e+02
1.356000000000000000e-03 1.257374075044587016e+02
1.427000000000000100e-03 1.196831699923066026e+02
1.500999999999999947e-03 1.138815820914747974e+02
1.579000000000000108e-03 1.089703350998582323e+02
1.661000000000000150e-03 1.036203963534229615e+02
1.747999999999999988e-03 9.952368250024102281e+01
1.839000000000000140e-03 9.490504890049203368e+01
1.935000000000000088e-03 9.137090756123606639e+01
2.034999999999999917e-03 8.757229771747671521e+01
2.141000000000000108e-03 8.476505202521428828e+01
2.252999999999999794e-03 8.187312732773852986e+01
2.370000000000000145e-03 7.961163482355912890e+01
2.492999999999999990e-03 7.730423104271187640e+01
2.623000000000000331e-03 7.556706130108972275e+01
2.759999999999999867e-03 7.395944722104542279e+01
2.903999999999999897e-03 7.265214923801406144e+01
3.054999999999999990e-03 7.155650446018276511e+01
3.213999999999999843e-03 7.059443083544294950e+01
3.380999999999999891e-03 7.002320987671241426e+01
3.556999999999999832e-03 6.939231688152341349e+01
3.742000000000000100e-03 6.923136517805406243e+01
3.936999999999999528e-03 6.891628924374695941e+01
4.142000000000000716e-03 6.892910625942153047e+01
4.357999999999999895e-03 6.881946291512741709e+01
4.585000000000000533e-03 6.905433018595785200e+01
4.824000000000000163e-03 6.912154573649912948e+01
5.074999999999999650e-03 6.942837004236375265e+01
5.338999999999999996e-03 6.962432837977908662e+01
5.616999999999999597e-03 6.998628770362239493e+01
5.908999999999999322e-03 7.037675299415039376e+01
6.217000000000000304e-03 7.076535371205737590e+01
6.540999999999999939e-03 7.122505187476761535e+01
6.880999999999999964e-03 7.149645808743093767e+01
7.239999999999999908e-03 7.206320952122645451e+01
7.617000000000000506e-03 7.228517238456157656e+01
8.012999999999999290e-03 7.275860860260664253e+01
8.429999999999999993e-03 7.306520703972385888e+01
8.868999999999998413e-03 7.337004184707618037e+01
9.330999999999999017e-03 7.365213015885377956e+01
9.816999999999999338e-03 7.395056988329511682e+01
1.032999999999999891e-02 7.415153984546596178e+01
1.086999999999999945e-02 7.426103312158834058e+01
1.143000000000000092e-02 7.438728815523862181e+01
1.203000000000000076e-02 7.441478416891048653e+01
1.264999999999999979e-02 7.439260441543032698e+01
1.330999999999999892e-02 7.434284473515631930e+01
1.400999999999999988e-02 7.426594766841668616e+01
1.473000000000000004e-02 7.404656990706662612e+01
1.549999999999999989e-02 7.388882371650973369e+01
1.631000000000000158e-02 7.358979248690576469e+01
1.715999999999999817e-02 7.327099404335436361e+01
1.805000000000000007e-02 7.290403675150277252e+01
1.898999999999999994e-02 7.244968381369558585e+01
1.997999999999999776e-02 7.202266192354933594e+01
2.101999999999999702e-02 7.145741670154691860e+01
2.212000000000000077e-02 7.086260733170317394e+01
2.326999999999999902e-02 7.015882986765569740e+01
2.447999999999999829e-02 6.948010827558249503e+01
2.574999999999999858e-02 6.871037728207593887e+01
2.708999999999999950e-02 6.786306791534212834e+01
2.850000000000000103e-02 6.696247055382302449e+01
2.998999999999999930e-02 6.602779929242643675e+01
3.155000000000000165e-02 6.504652090307797607e+01
3.318999999999999728e-02 6.406341740065209933e+01
3.491999999999999965e-02 6.302600990991775376e+01
3.673999999999999488e-02 6.194005656577743935e+01
3.864999999999999686e-02 6.082491226179114818e+01
4.066000000000000170e-02 5.969788869455704372e+01
4.277999999999999858e-02 5.858351342515271654e+01
4.500999999999999446e-02 5.733264763434305422e+01
4.734999999999999626e-02 5.619533144894246846e+01
4.982000000000000317e-02 5.493568331918375947e+01
5.240999999999999825e-02 5.372873666383403446e+01
5.513999999999999457e-02 5.242039744868843343e+01
5.800999999999999907e-02 5.114560851414425002e+01
6.102999999999999398e-02 4.980163944173693125e+01
6.421000000000000318e-02 4.849048944389280535e+01
6.755999999999999506e-02 4.711751388410438324e+01
7.106999999999999429e-02 4.576549076679176409e+01
7.477000000000000313e-02 4.441974418774147182e+01
7.867000000000000381e-02 4.304181719945476203e+01
8.276000000000000023e-02 4.176278530412493950e+01
8.707000000000000850e-02 4.042583081058800332e+01
9.160999999999999699e-02 3.918905725610465396e+01
9.637999999999999345e-02 3.787680664901152028e+01
1.014000000000000040e-01 3.670661142965430912e+01
1.067000000000000032e-01 3.547115998332427722e+01
1.122000000000000081e-01 3.432764637625254522e+01
1.180999999999999966e-01 3.315626008556503024e+01
1.242000000000000048e-01 3.204398418627414458e+01
1.307000000000000106e-01 3.092811523885222869e+01
1.375000000000000111e-01 2.984329480747165064e+01
1.446999999999999953e-01 2.876289769711916477e+01
1.522000000000000020e-01 2.767812789760291281e+01
1.600999999999999923e-01 2.664648528468053712e+01
1.683999999999999941e-01 2.559624395073910108e+01
1.771999999999999964e-01 2.461618845561459068e+01
1.864000000000000101e-01 2.364661134722533831e+01
1.960999999999999965e-01 2.276138500010641508e+01
2.064000000000000001e-01 2.190502691628657672e+01
2.170999999999999874e-01 2.113935059801049121e+01
2.283999999999999919e-01 2.042392609981114404e+01
2.403000000000000136e-01 1.975835952016963759e+01
2.528000000000000247e-01 1.916382538128985757e+01
2.660000000000000142e-01 1.858593637731448212e+01
2.798000000000000487e-01 1.809571858362136609e+01
2.943999999999999950e-01 1.760918662863472051e+01
3.096999999999999753e-01 1.719029702214572453e+01
3.259000000000000230e-01 1.675756202102052228e+01
3.427999999999999936e-01 1.638980030343393679e+01
3.606999999999999651e-01 1.597792253380751859e+01
3.795000000000000040e-01 1.559785385503398558e+01
3.991999999999999993e-01 1.521472569148941645e+01
4.200000000000000400e-01 1.483406376242858293e+01
4.419000000000000150e-01 1.451037022236196705e+01
4.649000000000000354e-01 1.419754047397005969e+01
4.891000000000000347e-01 1.397915313387500724e+01
5.144999999999999574e-01 1.379197638488342648e+01
5.413000000000000034e-01 1.370389015836235380e+01
5.695000000000000062e-01 1.364495901408543865e+01
5.992000000000000659e-01 1.365925523198743896e+01
6.304000000000000714e-01 1.371352306720129022e+01
6.632000000000000117e-01 1.380179765314029794e+01
6.976999999999999869e-01 1.394236845916314849e+01
7.340999999999999748e-01 1.407999033554719404e+01
7.722999999999999865e-01 1.426971415187593806e+01
8.125000000000000000e-01 1.440905465663799667e+01
8.548000000000000043e-01 1.458762140519430872e+01
8.992999999999999883e-01 1.467425545495348516e+01
9.460999999999999410e-01 1.475349229553567021e+01
9.954000000000000625e-01 1.478295780770075396e+01
1.046999999999999931e+00 1.478220322229078398e+01
1.101999999999999869e+00 1.480706346976383969e+01
1.159000000000000030e+00 1.483104993020780960e+01
1.219000000000000083e+00 1.492761060883050206e+01
1.283000000000000140e+00 1.506539125185355488e+01
1.350000000000000089e+00 1.528264973501577373e+01
1.419999999999999929e+00 1.554638074952755744e+01
1.493999999999999995e+00 1.584604076641881676e+01
1.572000000000000064e+00 1.619927839346286191e+01
1.654000000000000137e+00 1.654934342107199541e+01
1.739999999999999991e+00 1.694196620452168034e+01
1.830000000000000071e+00 1.731033567022227260e+01
1.925999999999999934e+00 1.768903965278585844e+01
2.025999999999999801e+00 1.801401986228459506e+01
2.131000000000000227e+00 1.828272809754697548e+01
2.241999999999999993e+00 1.847766181158637622e+01
2.358999999999999986e+00 1.851539021490520298e+01
2.481999999999999762e+00 1.850957757573110385e+01
2.611000000000000210e+00 1.836570129555431308e+01
2.746999999999999886e+00 1.821349462038675426e+01
2.890000000000000124e+00 1.804132976377111675e+01
3.040999999999999925e+00 1.788189069198655901e+01
3.198999999999999844e+00 1.781503936767553498e+01
3.366000000000000103e+00 1.774714106423190074e+01
3.540999999999999925e+00 1.781503137886267396e+01
3.725000000000000089e+00 1.781635126812496850e+01
3.918999999999999595e+00 1.791177059545648831e+01
4.123000000000000220e+00 1.795103447810621944e+01
4.338000000000000078e+00 1.798947732896968077e+01
4.564000000000000057e+00 1.802697471842265031e+01
4.801000000000000156e+00 1.794925498018391608e+01
5.051000000000000156e+00 1.788828542351319584e+01
5.314000000000000057e+00 1.759321448255278497e+01
5.590999999999999304e+00 1.728115527989235289e+01
5.881999999999999673e+00 1.662320420664851639e+01
6.187999999999999723e+00 1.582053036312611027e+01
6.511000000000000121e+00 1.478175361353950024e+01
6.850000000000000533e+00 1.355546715508652156e+01
7.205999999999999517e+00 1.229262336393411914e+01
7.581999999999999851e+00 1.094031061379892833e+01
7.976000000000000867e+00 9.701570095814780359e+00
8.391999999999999460e+00 8.524033747984983478e+00
8.829000000000000625e+00 7.516364400753719366e+00
9.288000000000000256e+00 6.623811059433617032e+00
9.772000000000000242e+00 5.878624890494794641e+00
1.027999999999999936e+01 5.165370768722159056e+00
1.082000000000000028e+01 4.532839007858886049e+00
1.137999999999999901e+01 3.921977464057306406e+00
1.196999999999999886e+01 3.332163174673816286e+00
1.259999999999999964e+01 2.768943041892672596e+00
1.325000000000000000e+01 2.222049955120141362e+00
1.393999999999999950e+01 1.753792256617977330e+00
1.466999999999999993e+01 1.325985503198310766e+00
1.542999999999999972e+01 9.889203944281828029e-01
1.623000000000000043e+01 7.303988299237005322e-01
1.708000000000000185e+01 5.194947833480689781e-01
1.796999999999999886e+01 3.845553106679213684e-01
1.889999999999999858e+01 2.696712169891277711e-01
1.989000000000000057e+01 2.047240977376012516e-01
2.092000000000000171e+01 1.445047840007394058e-01
2.200999999999999801e+01 1.082733692428907712e-01
2.316000000000000014e+01 7.210712787755846342e-02
2.437000000000000099e+01 5.085324208516472932e-02
2.562999999999999901e+01 3.001482927307674853e-02
2.697000000000000242e+01 1.948944610471969874e-02
2.837000000000000099e+01 1.073766428874733947e-02
2.985000000000000142e+01 6.375940752418374213e-03
3.139999999999999858e+01 3.614557403874979480e-03
3.303999999999999915e+01 2.003203434409628336e-03
3.475999999999999801e+01 1.135308082847751032e-03
3.657000000000000028e+01 5.611229641338914831e-04
3.846999999999999886e+01 2.970115642053402366e-04
4.048000000000000398e+01 1.108577341937437913e-04
4.259000000000000341e+01 6.104648641180572891e-05
4.479999999999999716e+01 2.131294142331549915e-05
4.714000000000000057e+01 1.153975769929151910e-05
4.959000000000000341e+01 2.933621068382588626e-06
5.217000000000000171e+01 1.627490257858726875e-06
5.489000000000000057e+01 3.558345489245606135e-07
5.775000000000000000e+01 1.903207063625216770e-07
6.075000000000000000e+01 4.685530668116335889e-08
6.392000000000000171e+01 1.608672704029798228e-08
6.723999999999999488e+01 4.712867749629787652e-09
7.075000000000000000e+01 1.066593205939092197e-09
7.442999999999999261e+01 3.489468502507870464e-10
7.829999999999999716e+01 4.652942877352978065e-11
8.237999999999999545e+01 1.701559977256943336e-11
8.667000000000000171e+01 1.358445208713471891e-12
9.117999999999999261e+01 5.496716388454792976e-13
9.593000000000000682e+01 2.922925717493700561e-14
1.009000000000000057e+02 1.284916199293971024e-14
1.062000000000000028e+02 3.101722576625401126e-16
1.116999999999999886e+02 1.464566737961503596e-16
1.175000000000000000e+02 2.633623852899947039e-18
1.236000000000000085e+02 1.320836990666865274e-18
1.300999999999999943e+02 3.933980766862848425e-20
1.369000000000000057e+02 4.014573524477959492e-21
1.440000000000000000e+02 5.458306344864372730e-22
1.515000000000000000e+02 1.081625091161441644e-23
1.593999999999999773e+02 2.371425417776150997e-24
1.676999999999999886e+02 1.325114116378429794e-26
1.764000000000000057e+02 3.840308334459248303e-27
1.855999999999999943e+02 7.004350744256386145e-30
1.952000000000000171e+02 2.423726132975025744e-30
2.054000000000000057e+02 1.457097941379152926e-33
2.160999999999999943e+02 5.709417499348375405e-34
2.273999999999999773e+02 1.385512108448996558e-37
2.391999999999999886e+02 6.012421270938660095e-38
2.516999999999999886e+02 3.869932715456430222e-42
2.647999999999999545e+02 1.808226629839507858e-42
2.785000000000000000e+02 3.102478456357268401e-47
2.930000000000000000e+02 1.553415271418940002e-47
3.083000000000000114e+02 5.660866262479184099e-49
3.244000000000000341e+02 3.589068672781055967e-53
3.411999999999999886e+02 5.072297628629871582e-54
3.590000000000000000e+02 1.957211230847616502e-59
3.776999999999999886e+02 4.418982554782304139e-60
3.973999999999999773e+02 2.077155444384955976e-66
4.181000000000000227e+02 6.085284750634936510e-67
4.398000000000000114e+02 3.095202810145848954e-74
4.626999999999999886e+02 1.031572623013486783e-74
4.868000000000000114e+02 0.000000000000000000e+00
5.122000000000000455e+02 2.302045940513128013e-83
5.387999999999999545e+02 0.000000000000000000e+00
5.668999999999999773e+02 4.659672475825144995e-93
5.964000000000000909e+02 0.000000000000000000e+00
6.275000000000000000e+02 8.134406478351571135e-104
6.601000000000000227e+02 0.000000000000000000e+00
6.945000000000000000e+02 7.415548805906662574e-116
7.307000000000000455e+02 3.271565649664704077e-117
7.687000000000000455e+02 2.704974204429414780e-129
8.087999999999999545e+02 3.606632272572553039e-130
8.508999999999999773e+02 0.000000000000000000e+00
8.952000000000000455e+02 0.000000000000000000e+00
9.417999999999999545e+02 0.000000000000000000e+00
9.908000000000000682e+02 0.000000000000000000e+00
1.042000000000000000e+03 0.000000000000000000e+00
1.097000000000000000e+03 0.000000000000000000e+00
1.154000000000000000e+03 0.000000000000000000e+00
1.214000000000000000e+03 0.000000000000000000e+00
1.277000000000000000e+03 0.000000000000000000e+00
1.344000000000000000e+03 0.000000000000000000e+00
1.414000000000000000e+03 0.000000000000000000e+00
1.487000000000000000e+03 0.000000000000000000e+00
1.565000000000000000e+03 0.000000000000000000e+00
1.646000000000000000e+03 0.000000000000000000e+00
1.732000000000000000e+03 0.000000000000000000e+00
1.822000000000000000e+03 0.000000000000000000e+00
1.917000000000000000e+03 0.000000000000000000e+00
2.017000000000000000e+03 0.000000000000000000e+00
2.122000000000000000e+03 0.000000000000000000e+00
2.232000000000000000e+03 0.000000000000000000e+00
2.348000000000000000e+03 0.000000000000000000e+00
2.470000000000000000e+03 0.000000000000000000e+00
2.599000000000000000e+03 0.000000000000000000e+00
2.734000000000000000e+03 0.000000000000000000e+00
2.877000000000000000e+03 0.000000000000000000e+00
3.027000000000000000e+03 0.000000000000000000e+00
3.184000000000000000e+03 0.000000000000000000e+00
3.350000000000000000e+03 0.000000000000000000e+00
3.524000000000000000e+03 0.000000000000000000e+00
3.708000000000000000e+03 0.000000000000000000e+00
3.901000000000000000e+03 0.000000000000000000e+00
4.104000000000000000e+03 0.000000000000000000e+00
4.318000000000000000e+03 0.000000000000000000e+00
4.543000000000000000e+03 0.000000000000000000e+00
4.779000000000000000e+03 0.000000000000000000e+00
5.028000000000000000e+03 0.000000000000000000e+00
5.290000000000000000e+03 0.000000000000000000e+00
5.565000000000000000e+03 0.000000000000000000e+00
5.855000000000000000e+03 0.000000000000000000e+00
6.160000000000000000e+03 0.000000000000000000e+00
6.481000000000000000e+03 0.000000000000000000e+00
6.818000000000000000e+03 0.000000000000000000e+00
7.173000000000000000e+03 0.000000000000000000e+00
7.547000000000000000e+03 0.000000000000000000e+00
7.940000000000000000e+03 0.000000000000000000e+00
8.353000000000000000e+03 0.000000000000000000e+00
8.788000000000000000e+03 0.000000000000000000e+00
9.246000000000000000e+03 0.000000000000000000e+00
9.727000000000000000e+03 0.000000000000000000e+00
1.023000000000000000e+04 0.000000000000000000e+00
1.077000000000000000e+04 0.000000000000000000e+00
1.133000000000000000e+04 0.000000000000000000e+00
1.192000000000000000e+04 0.000000000000000000e+00
1.254000000000000000e+04 0.000000000000000000e+00
1.319000000000000000e+04 0.000000000000000000e+00
1.388000000000000000e+04 0.000000000000000000e+00
1.460000000000000000e+04 0.000000000000000000e+00
1.536000000000000000e+04 0.000000000000000000e+00
1.616000000000000000e+04 0.000000000000000000e+00
1.700000000000000000e+04 0.000000000000000000e+00
1.789000000000000000e+04 0.000000000000000000e+00
1.882000000000000000e+04 0.000000000000000000e+00
1.980000000000000000e+04 0.000000000000000000e+00
2.083000000000000000e+04 0.000000000000000000e+00
2.191000000000000000e+04 0.000000000000000000e+00
2.305000000000000000e+04 0.000000000000000000e+00
2.425000000000000000e+04 0.000000000000000000e+00
2.552000000000000000e+04 0.000000000000000000e+00
2.684000000000000000e+04 0.000000000000000000e+00
2.824000000000000000e+04 0.000000000000000000e+00
2.971000000000000000e+04 0.000000000000000000e+00
3.126000000000000000e+04 0.000000000000000000e+00
3.289000000000000000e+04 0.000000000000000000e+00
3.460000000000000000e+04 0.000000000000000000e+00
3.640000000000000000e+04 0.000000000000000000e+00
3.830000000000000000e+04 0.000000000000000000e+00
4.029000000000000000e+04 0.000000000000000000e+00
4.239000000000000000e+04 0.000000000000000000e+00
4.460000000000000000e+04 0.000000000000000000e+00
4.692000000000000000e+04 0.000000000000000000e+00
4.936000000000000000e+04 0.000000000000000000e+00
5.193000000000000000e+04 0.000000000000000000e+00
5.464000000000000000e+04 0.000000000000000000e+00
5.748000000000000000e+04 0.000000000000000000e+00
6.047000000000000000e+04 0.000000000000000000e+00
6.362000000000000000e+04 0.000000000000000000e+00
6.693000000000000000e+04 0.000000000000000000e+00
7.042000000000000000e+04 0.000000000000000000e+00
7.409000000000000000e+04 0.000000000000000000e+00
7.794000000000000000e+04 0.000000000000000000e+00
8.200000000000000000e+04 0.000000000000000000e+00
8.627000000000000000e+04 0.000000000000000000e+00
9.076000000000000000e+04 0.000000000000000000e+00
9.549000000000000000e+04 0.000000000000000000e+00
1.005000000000000000e+05 0.000000000000000000e+00
1.057000000000000000e+05 0.000000000000000000e+00
1.112000000000000000e+05 0.000000000000000000e+00
1.170000000000000000e+05 0.000000000000000000e+00
1.231000000000000000e+05 0.000000000000000000e+00
1.295000000000000000e+05 0.000000000000000000e+00
1.362000000000000000e+05 0.000000000000000000e+00
1.433000000000000000e+05 0.000000000000000000e+00
1.508000000000000000e+05 0.000000000000000000e+00
1.586000000000000000e+05 0.000000000000000000e+00
1.669000000000000000e+05 0.000000000000000000e+00
1.756000000000000000e+05 0.000000000000000000e+00
1.847000000000000000e+05 0.000000000000000000e+00
1.943000000000000000e+05 0.000000000000000000e+00
2.045000000000000000e+05 0.000000000000000000e+00
2.151000000000000000e+05 0.000000000000000000e+00
2.263000000000000000e+05 0.000000000000000000e+00
2.381000000000000000e+05 0.000000000000000000e+00
2.505000000000000000e+05 0.000000000000000000e+00
2.635000000000000000e+05 0.000000000000000000e+00
2.773000000000000000e+05 0.000000000000000000e+00
2.917000000000000000e+05 0.000000000000000000e+00
3.069000000000000000e+05 0.000000000000000000e+00
3.229000000000000000e+05 0.000000000000000000e+00
3.397000000000000000e+05 0.000000000000000000e+00
3.574000000000000000e+05 0.000000000000000000e+00
3.760000000000000000e+05 0.000000000000000000e+00
3.955000000000000000e+05 0.000000000000000000e+00
4.161000000000000000e+05 0.000000000000000000e+00
4.378000000000000000e+05 0.000000000000000000e+00
4.606000000000000000e+05 0.000000000000000000e+00
4.846000000000000000e+05 0.000000000000000000e+00
5.098000000000000000e+05 0.000000000000000000e+00
5.364000000000000000e+05 0.000000000000000000e+00
5.643000000000000000e+05 0.000000000000000000e+00
5.937000000000000000e+05 0.000000000000000000e+00
6.246000000000000000e+05 0.000000000000000000e+00
6.571000000000000000e+05 0.000000000000000000e+00
6.913000000000000000e+05 0.000000000000000000e+00
7.273000000000000000e+05 0.000000000000000000e+00
7.652000000000000000e+05 0.000000000000000000e+00
8.050000000000000000e+05 0.000000000000000000e+00
8.469000000000000000e+05 0.000000000000000000e+00
8.910000000000000000e+05 0.000000000000000000e+00
9.374000000000000000e+05 0.000000000000000000e+00
9.863000000000000000e+05 0.000000000000000000e+00
1.038000000000000000e+06 0.000000000000000000e+00
1.092000000000000000e+06 0.000000000000000000e+00
1.148000000000000000e+06 0.000000000000000000e+00
1.208000000000000000e+06 0.000000000000000000e+00
1.271000000000000000e+06 0.000000000000000000e+00
1.337000000000000000e+06 0.000000000000000000e+00
1.407000000000000000e+06 0.000000000000000000e+00
1.480000000000000000e+06 0.000000000000000000e+00
1.557000000000000000e+06 0.000000000000000000e+00
1.638000000000000000e+06 0.000000000000000000e+00
1.724000000000000000e+06 0.000000000000000000e+00
1.814000000000000000e+06 0.000000000000000000e+00
1.908000000000000000e+06 0.000000000000000000e+00
2.007000000000000000e+06 0.000000000000000000e+00
2.112000000000000000e+06 0.000000000000000000e+00
2.222000000000000000e+06 0.000000000000000000e+00
2.337000000000000000e+06 0.000000000000000000e+00
2.459000000000000000e+06 0.000000000000000000e+00
2.587000000000000000e+06 0.000000000000000000e+00
2.722000000000000000e+06 0.000000000000000000e+00
2.864000000000000000e+06 0.000000000000000000e+00
3.013000000000000000e+06 0.000000000000000000e+00
3.170000000000000000e+06 0.000000000000000000e+00
3.335000000000000000e+06 0.000000000000000000e+00
3.508000000000000000e+06 0.000000000000000000e+00
3.691000000000000000e+06 0.000000000000000000e+00
3.883000000000000000e+06 0.000000000000000000e+00
4.085000000000000000e+06 0.000000000000000000e+00
4.298000000000000000e+06 0.000000000000000000e+00
4.522000000000000000e+06 0.000000000000000000e+00
4.757000000000000000e+06 0.000000000000000000e+00
5.005000000000000000e+06 0.000000000000000000e+00
5.266000000000000000e+06 0.000000000000000000e+00
5.540000000000000000e+06 0.000000000000000000e+00
5.828000000000000000e+06 0.000000000000000000e+00
6.132000000000000000e+06 0.000000000000000000e+00
6.451000000000000000e+06 0.000000000000000000e+00
6.787000000000000000e+06 0.000000000000000000e+00
7.140000000000000000e+06 0.000000000000000000e+00
7.512000000000000000e+06 0.000000000000000000e+00
7.903000000000000000e+06 0.000000000000000000e+00
8.315000000000000000e+06 0.000000000000000000e+00
8.748000000000000000e+06 0.000000000000000000e+00
9.203000000000000000e+06 0.000000000000000000e+00
9.682000000000000000e+06 0.000000000000000000e+00
1.019000000000000000e+07 0.000000000000000000e+00
1.072000000000000000e+07 0.000000000000000000e+00
1.127000000000000000e+07 0.000000000000000000e+00
1.186000000000000000e+07 0.000000000000000000e+00
1.248000000000000000e+07 0.000000000000000000e+00
1.313000000000000000e+07 0.000000000000000000e+00
1.381000000000000000e+07 0.000000000000000000e+00
1.453000000000000000e+07 0.000000000000000000e+00
1.529000000000000000e+07 0.000000000000000000e+00
1.608000000000000000e+07 0.000000000000000000e+00
1.692000000000000000e+07 0.000000000000000000e+00
1.780000000000000000e+07 0.000000000000000000e+00
1.873000000000000000e+07 0.000000000000000000e+00
1.971000000000000000e+07 0.000000000000000000e+00
2.073000000000000000e+07 0.000000000000000000e+00
2.181000000000000000e+07 0.000000000000000000e+00
2.295000000000000000e+07 0.000000000000000000e+00
2.414000000000000000e+07 0.000000000000000000e+00
2.540000000000000000e+07 0.000000000000000000e+00
2.672000000000000000e+07 0.000000000000000000e+00
2.811000000000000000e+07 0.000000000000000000e+00
2.958000000000000000e+07 0.000000000000000000e+00
3.112000000000000000e+07 0.000000000000000000e+00
3.274000000000000000e+07 0.000000000000000000e+00
3.444000000000000000e+07 0.000000000000000000e+00
3.623000000000000000e+07 0.000000000000000000e+00
3.812000000000000000e+07 0.000000000000000000e+00
4.011000000000000000e+07 0.000000000000000000e+00
4.219000000000000000e+07 0.000000000000000000e+00
4.439000000000000000e+07 0.000000000000000000e+00
4.670000000000000000e+07 0.000000000000000000e+00
4.913000000000000000e+07 0.000000000000000000e+00
5.169000000000000000e+07 0.000000000000000000e+00
5.438000000000000000e+07 0.000000000000000000e+00
5.722000000000000000e+07 0.000000000000000000e+00
6.019000000000000000e+07 0.000000000000000000e+00
6.333000000000000000e+07 0.000000000000000000e+00
6.663000000000000000e+07 0.000000000000000000e+00
7.010000000000000000e+07 0.000000000000000000e+00
7.375000000000000000e+07 0.000000000000000000e+00
7.759000000000000000e+07 0.000000000000000000e+00
8.163000000000000000e+07 0.000000000000000000e+00
8.588000000000000000e+07 0.000000000000000000e+00
9.035000000000000000e+07 0.000000000000000000e+00
9.505000000000000000e+07 0.000000000000000000e+00
1.000000000000000000e+08 0.000000000000000000e+00
