1.000000000000000021e-03 2.492380056721158041e+02
1.051999999999999984e-03 2.480200749724098159e+02
1.106999999999999911e-03 2.386791666151715106e+02
1.163999999999999887e-03 2.384358539768433616e+02
1.224999999999999960e-03 2.271082008443348457e+02
1.288999999999999998e-03 2.242453947760415360e+02
1.356000000000000000e-03 2.144267276763799259e+02
1.427000000000000100e-03 2.071971341669782021e+02
1.500999999999999947e-03 1.979801329327284236e+02
1.579000000000000108e-03 1.878625574683072728e+02
1.661000000000000150e-03 1.800071319077397618e+02
1.747999999999999988e-03 1.685818493656626913e+02
1.839000000000000140e-03 1.611139733824157645e+02
1.935000000000000088e-03 1.495349329989449529e+02
2.034999999999999917e-03 1.416678413816063085e+02
2.141000000000000108e-03 1.302944094430590951e+02
2.252999999999999794e-03 1.231194482304544664e+02
2.370000000000000145e-03 1.119323894382742708e+02
2.492999999999999990e-03 1.048379306336237704e+02
2.623000000000000331e-03 9.541934068843099226e+01
2.759999999999999867e-03 8.833810846512699300e+01
2.903999999999999897e-03 8.012703622232389478e+01
3.054999999999999990e-03 7.371257717026674072e+01
3.213999999999999843e-03 6.738863008879320660e+01
3.380999999999999891e-03 6.092232333092974272e+01
3.556999999999999832e-03 5.644993324260950374e+01
3.742000000000000100e-03 5.052421610485357917e+01
3.936999999999999528e-03 4.675372441144602931e+01
4.142000000000000716e-03 4.219519256535276241e+01
4.357999999999999895e-03 3.919657319649959959e+01
4.585000000000000533e-03 3.600517725827560866e+01
4.824000000000000163e-03 3.341156951289959665e+01
5.074999999999999650e-03 3.102572853274079279e+01
5.338999999999999996e-03 2.910830665355720015e+01
5.616999999999999597e-03 2.756375804277943331e+01
5.908999999999999322e-03 2.630062329494707640e+01
6.217000000000000304e-03 2.513768810686623212e+01
6.540999999999999939e-03 2.443227396629460557e+01
6.880999999999999964e-03 2.410104739680148356e+01
7.239999999999999908e-03 2.348521796913318127e+01
7.617000000000000506e-03 2.376690392041967925e+01
8.012999999999999290e-03 2.329129553488320070e+01
8.429999999999999993e-03 2.401557145346141908e+01
8.868999999999998413e-03 2.384667096141538067e+01
9.330999999999999017e-03 2.473741791049389960e+01
9.816999999999999338e-03 2.497988170671412078e+01
1.032999999999999891e-02 2.577981333455662494e+01
1.086999999999999945e-02 2.623721646367204485e+01
1.143000000000000092e-02 2.719468580046807560e+01
1.203000000000000076e-02 2.793874678725952521e+01
1.264999999999999979e-02 2.898144641880328720e+01
1.330999999999999892e-02 2.985041774769409173e+01
1.400999999999999988e-02 3.079148433342746927e+01
1.473000000000000004e-02 3.192019218197457775e+01
1.549999999999999989e-02 3.264076304540559903e+01
1.631000000000000158e-02 3.385970184464987653e+01
1.715999999999999817e-02 3.470161635428805624e+01
1.805000000000000007e-02 3.573694362921839485e+01
1.898999999999999994e-02 3.679778815819878446e+01
1.997999999999999776e-02 3.775528258157302730e+01
2.101999999999999702e-02 3.879014425102089092e+01
2.212000000000000077e-02 3.950519007015223849e+01
2.326999999999999902e-02 4.058416020474231800e+01
2.447999999999999829e-02 4.132990081948252481e+01
2.574999999999999858e-02 4.200725501168463438e+01
2.708999999999999950e-02 4.299992413978217343e+01
2.850000000000000103e-02 4.359353490064845715e+01
2.998999999999999930e-02 4.440497188847924548e+01
3.155000000000000165e-02 4.496508046270260195e+01
3.318999999999999728e-02 4.553691262391949124e+01
3.491999999999999965e-02 4.607018599103094658e+01
3.673999999999999488e-02 4.656004545583319043e+01
3.864999999999999686e-02 4.695934145644647373e+01
4.066000000000000170e-02 4.740163594549949266e+01
4.277999999999999858e-02 4.763624771554443527e+01
4.500999999999999446e-02 4.798484462360221414e+01
4.734999999999999626e-02 4.794629533515981024e+01
4.982000000000000317e-02 4.831981845749057669e+01
5.240999999999999825e-02 4.818562541453733417e+01
5.513999999999999457e-02 4.827575104125863703e+01
5.800999999999999907e-02 4.817584854540406525e+01
6.102999999999999398e-02 4.799231371149455327e+01
6.421000000000000318e-02 4.785518909965704637e+01
6.755999999999999506e-02 4.758274818704337861e+01
7.106999999999999429e-02 4.734005490672909389e+01
7.477000000000000313e-02 4.688641703611356348e+01
7.867000000000000381e-02 4.645002833941384068e+01
8.276000000000000023e-02 4.596330472931559541e+01
8.707000000000000850e-02 4.547829831529039524e+01
9.160999999999999699e-02 4.471408181689331229e+01
9.637999999999999345e-02 4.427139155880098542e+01
1.014000000000000040e-01 4.341192999303968492e+01
1.067000000000000032e-01 4.283145383130337791e+01
1.122000000000000081e-01 4.186479668059869397e+01
1.180999999999999966e-01 4.114392923862887130e+01
1.242000000000000048e-01 4.017706259353122533e+01
1.307000000000000106e-01 3.934439222758796717e+01
1.375000000000000111e-01 3.836565021300145872e+01
1.446999999999999953e-01 3.737911774447186275e+01
1.522000000000000020e-01 3.639187756640660609e+01
1.600999999999999923e-01 3.531419877398906948e+01
1.683999999999999941e-01 3.432272211336528756e+01
1.771999999999999964e-01 3.316882407704760993e+01
1.864000000000000101e-01 3.216666746435328861e+01
1.960999999999999965e-01 3.094769119602896268e+01
2.064000000000000001e-01 2.996745021333146752e+01
2.170999999999999874e-01 2.877000009939269987e+01
2.283999999999999919e-01 2.770158870085429825e+01
2.403000000000000136e-01 2.655926322532521056e+01
2.528000000000000247e-01 2.545948410654180449e+01
2.660000000000000142e-01 2.435689221340069111e+01
2.798000000000000487e-01 2.326482142108780238e+01
2.943999999999999950e-01 2.220187057699911293e+01
3.096999999999999753e-01 2.109850406361869446e+01
3.259000000000000230e-01 2.008479691044813364e+01
3.427999999999999936e-01 1.904870537120752161e+01
3.606999999999999651e-01 1.802835920655022051e+01
3.795000000000000040e-01 1.706185232059798551e+01
3.991999999999999993e-01 1.609685598488680824e+01
4.200000000000000400e-01 1.518049178261076193e+01
4.419000000000000150e-01 1.426677380939911011e+01
4.649000000000000354e-01 1.342535124561067938e+01
4.891000000000000347e-01 1.256119981692101639e+01
5.144999999999999574e-01 1.179444786210041762e+01
5.413000000000000034e-01 1.099276335242274172e+01
5.695000000000000062e-01 1.028401384134572716e+01
5.992000000000000659e-01 9.569524283946256205e+00
6.304000000000000714e-01 8.916510649556823154e+00
6.632000000000000117e-01 8.275304560102670237e+00
6.976999999999999869e-01 7.698333035664308710e+00
7.340999999999999748e-01 7.133070367134642709e+00
7.722999999999999865e-01 6.614528210192838209e+00
8.125000000000000000e-01 6.132495238321851616e+00
8.548000000000000043e-01 5.669092330575722372e+00
8.992999999999999883e-01 5.267472714279429979e+00
9.460999999999999410e-01 4.868597869497767405e+00
9.954000000000000625e-01 4.533235173122757367e+00
1.046999999999999931e+00 4.208859656611751099e+00
1.101999999999999869e+00 3.939645792886079967e+00
1.159000000000000030e+00 3.675976159369922946e+00
1.219000000000000083e+00 3.471031951811225369e+00
1.283000000000000140e+00 3.272790150735853665e+00
1.350000000000000089e+00 3.128585079086317666e+00
1.419999999999999929e+00 2.994445612300192572e+00
1.493999999999999995e+00 2.906716584651089619e+00
1.572000000000000064e+00 2.836149925463554045e+00
1.654000000000000137e+00 2.801576123549914143e+00
1.739999999999999991e+00 2.792329212017802931e+00
1.830000000000000071e+00 2.809899559081503906e+00
1.925999999999999934e+00 2.865351964969604648e+00
2.025999999999999801e+00 2.939420441314374077e+00
2.131000000000000227e+00 3.049351472275267927e+00
2.241999999999999993e+00 3.186065454568884903e+00
2.358999999999999986e+00 3.355986780444269790e+00
2.481999999999999762e+00 3.555241170125503558e+00
2.611000000000000210e+00 3.789374629948815354e+00
2.746999999999999886e+00 4.051786244347354682e+00
2.890000000000000124e+00 4.353745534155980756e+00
3.040999999999999925e+00 4.687760705186044596e+00
3.198999999999999844e+00 5.060964091720057567e+00
3.366000000000000103e+00 5.472337897959903330e+00
3.540999999999999925e+00 5.922957921634775857e+00
3.725000000000000089e+00 6.417807149394308297e+00
3.918999999999999595e+00 6.954585706699392134e+00
4.123000000000000220e+00 7.544254794865874025e+00
4.338000000000000078e+00 8.175775412692480870e+00
4.564000000000000057e+00 8.870986390572101143e+00
4.801000000000000156e+00 9.604715932462491779e+00
5.051000000000000156e+00 1.041403842985085859e+01
5.314000000000000057e+00 1.126856251236796069e+01
5.590999999999999304e+00 1.220011517196259021e+01
5.881999999999999673e+00 1.318458115973518829e+01
6.187999999999999723e+00 1.423938067111686756e+01
6.511000000000000121e+00 1.535994477358981847e+01
6.850000000000000533e+00 1.653468326557016610e+01
7.205999999999999517e+00 1.776740180125547752e+01
7.581999999999999851e+00 1.903211263228111960e+01
7.976000000000000867e+00 2.031970270570661441e+01
8.391999999999999460e+00 2.159145060175800523e+01
8.829000000000000625e+00 2.277998697264581907e+01
9.288000000000000256e+00 2.389597616698115701e+01
9.772000000000000242e+00 2.467120815238937226e+01
1.027999999999999936e+01 2.537061878422607464e+01
1.082000000000000028e+01 2.529480094348333097e+01
1.137999999999999901e+01 2.521281252416959973e+01
1.196999999999999886e+01 2.392482221420085509e+01
1.259999999999999964e+01 2.254959598785123376e+01
1.325000000000000000e+01 2.035037230764049099e+01
1.393999999999999950e+01 1.790790947612355311e+01
1.466999999999999993e+01 1.528506168338777194e+01
1.542999999999999972e+01 1.254133356979878933e+01
1.623000000000000043e+01 1.011022706898361179e+01
1.708000000000000185e+01 7.816171828994010973e+00
1.796999999999999886e+01 5.921809181342989170e+00
1.889999999999999858e+01 4.463040460010369692e+00
1.989000000000000057e+01 3.208571963531107407e+00
2.092000000000000171e+01 2.418198294250082370e+00
2.200999999999999801e+01 1.696810818557608291e+00
2.316000000000000014e+01 1.307533048518868979e+00
2.437000000000000099e+01 9.225500224726810305e-01
2.562999999999999901e+01 7.019850183387853493e-01
2.697000000000000242e+01 4.674182864279565197e-01
2.837000000000000099e+01 3.351900903796403708e-01
2.985000000000000142e+01 1.962264051990862124e-01
3.139999999999999858e+01 1.291288172555254965e-01
3.303999999999999915e+01 7.072573534163317799e-02
3.475999999999999801e+01 4.216775361739355521e-02
3.657000000000000028e+01 2.391210163741160077e-02
3.846999999999999886e+01 1.326673601222994568e-02
4.048000000000000398e+01 7.558640699193671861e-03
4.259000000000000341e+01 3.720949885991748154e-03
4.479999999999999716e+01 1.999241383226075999e-03
4.714000000000000057e+01 7.340913487925741169e-04
4.959000000000000341e+01 4.128129671179183867e-04
5.217000000000000171e+01 1.412068333672349509e-04
5.489000000000000057e+01 7.866013895825104297e-05
5.775000000000000000e+01 1.940821992157781676e-05
6.075000000000000000e+01 1.111860292208236628e-05
6.392000000000000171e+01 2.359265966652262387e-06
6.723999999999999488e+01 1.298882802121829220e-06
7.075000000000000000e+01 3.158686351594816997e-07
7.442999999999999261e+01 1.091794595908862650e-07
7.829999999999999716e+01 3.215578118534115843e-08
8.237999999999999545e+01 7.216746459077812184e-09
8.667000000000000171e+01 2.402414552815397705e-09
9.117999999999999261e+01 3.132423176622647434e-10
9.593000000000000682e+01 1.176961000196588412e-10
1.009000000000000057e+02 9.137910483796271004e-12
1.062000000000000028e+02 3.794890155666033195e-12
1.116999999999999886e+02 1.956321125224569673e-13
1.175000000000000000e+02 8.924478016520890949e-14
1.236000000000000085e+02 2.078889856941093794e-15
1.300999999999999943e+02 1.013380181543603259e-15
1.369000000000000057e+02 1.742306964775514786e-17
1.440000000000000000e+02 9.082187539589123234e-18
1.515000000000000000e+02 2.713500800265705802e-19
1.593999999999999773e+02 2.766293533065278163e-20
1.676999999999999886e+02 3.788024001662752246e-21
1.764000000000000057e+02 7.393863875884533973e-23
1.855999999999999943e+02 1.654966006567510021e-23
1.952000000000000171e+02 9.040109921231725813e-26
2.054000000000000057e+02 2.677778315740323148e-26
2.160999999999999943e+02 4.733047080722386795e-29
2.273999999999999773e+02 1.673835698210730720e-29
2.391999999999999886e+02 9.779023343342517678e-33
2.516999999999999886e+02 3.957965390532553815e-33
2.647999999999999545e+02 9.272841554549582867e-37
2.785000000000000000e+02 4.201444756601389624e-37
2.930000000000000000e+02 2.589893719052248357e-41
3.083000000000000114e+02 1.263780065463726080e-41
3.244000000000000341e+02 2.057802120299188406e-46
3.411999999999999886e+02 1.077795905047066778e-46
3.590000000000000000e+02 3.945005049167691574e-48
3.776999999999999886e+02 2.474615179353459753e-52
3.973999999999999773e+02 3.518390188317762110e-53
4.181000000000000227e+02 1.333121153596621159e-58
4.398000000000000114e+02 3.081962652902574579e-59
4.626999999999999886e+02 1.411410531111465463e-65
4.868000000000000114e+02 4.251464933152606316e-66
5.122000000000000455e+02 1.989396090352012893e-73
5.387999999999999545e+02 7.188205438874149219e-74
5.668999999999999773e+02 3.910913480082517376e-82
5.964000000000000909e+02 1.606500636069292313e-82
6.275000000000000000e+02 7.152434026885562380e-92
6.601000000000000227e+02 3.251692022765148853e-92
6.945000000000000000e+02 1.155541644081840393e-102
7.307000000000000455e+02 5.671888990263628130e-103
7.687000000000000455e+02 9.825884980324528727e-115
8.087999999999999545e+02 5.143331041631020071e-115
8.508999999999999773e+02 2.272365355613114752e-116
8.952000000000000455e+02 1.856645009903782866e-128
9.417999999999999545e+02 2.788816475294568058e-129
9.908000000000000682e+02 2.360342370842800191e-143
1.042000000000000000e+03 5.700810557403338128e-144
1.097000000000000000e+03 5.040985661373090448e-160
1.154000000000000000e+03 1.532984404409461196e-160
1.214000000000000000e+03 1.342591335919436327e-178
1.277000000000000000e+03 4.904353002177162504e-179
1.344000000000000000e+03 2.313975444877651623e-199
1.414000000000000000e+03 9.518729239085124558e-200
1.487000000000000000e+03 1.979871544181191155e-222
1.565000000000000000e+03 8.971611472742938134e-223
1.646000000000000000e+03 4.418666384082855502e-248
1.732000000000000000e+03 2.174722448207787785e-248
1.822000000000000000e+03 9.530200011014595279e-277
1.917000000000000000e+03 5.008448898340915886e-277
2.017000000000000000e+03 2.487053627777455693e-278
2.122000000000000000e+03 7.320690136467147860e-309
2.232000000000000000e+03 1.158466419104613269e-309
2.348000000000000000e+03 1.087438486496583644e-320
2.470000000000000000e+03 1.087438486496583644e-320
2.599000000000000000e+03 1.087438486496583644e-320
2.734000000000000000e+03 1.087438486496583644e-320
2.877000000000000000e+03 1.087438486496583644e-320
3.027000000000000000e+03 1.087438486496583644e-320
3.184000000000000000e+03 1.087438486496583644e-320
3.350000000000000000e+03 1.087438486496583644e-320
3.524000000000000000e+03 1.087438486496583644e-320
3.708000000000000000e+03 1.087438486496583644e-320
3.901000000000000000e+03 1.087438486496583644e-320
4.104000000000000000e+03 1.087438486496583644e-320
4.318000000000000000e+03 1.087438486496583644e-320
4.543000000000000000e+03 1.087438486496583644e-320
4.779000000000000000e+03 1.087438486496583644e-320
5.028000000000000000e+03 1.087438486496583644e-320
5.290000000000000000e+03 1.087438486496583644e-320
5.565000000000000000e+03 1.087438486496583644e-320
5.855000000000000000e+03 1.087438486496583644e-320
6.160000000000000000e+03 1.087438486496583644e-320
6.481000000000000000e+03 1.087438486496583644e-320
6.818000000000000000e+03 1.087438486496583644e-320
7.173000000000000000e+03 1.087438486496583644e-320
7.547000000000000000e+03 1.087438486496583644e-320
7.940000000000000000e+03 1.087438486496583644e-320
8.353000000000000000e+03 1.087438486496583644e-320
8.788000000000000000e+03 1.087438486496583644e-320
9.246000000000000000e+03 1.087438486496583644e-320
9.727000000000000000e+03 1.087438486496583644e-320
1.023000000000000000e+04 1.087438486496583644e-320
1.077000000000000000e+04 1.087438486496583644e-320
1.133000000000000000e+04 1.087438486496583644e-320
1.192000000000000000e+04 1.087438486496583644e-320
1.254000000000000000e+04 1.087438486496583644e-320
1.319000000000000000e+04 1.087438486496583644e-320
1.388000000000000000e+04 1.087438486496583644e-320
1.460000000000000000e+04 1.087438486496583644e-320
1.536000000000000000e+04 1.087438486496583644e-320
1.616000000000000000e+04 1.087438486496583644e-320
1.700000000000000000e+04 1.087438486496583644e-320
1.789000000000000000e+04 1.087438486496583644e-320
1.882000000000000000e+04 1.087438486496583644e-320
1.980000000000000000e+04 1.087438486496583644e-320
2.083000000000000000e+04 1.087438486496583644e-320
2.191000000000000000e+04 1.087438486496583644e-320
2.305000000000000000e+04 1.087438486496583644e-320
2.425000000000000000e+04 1.087438486496583644e-320
2.552000000000000000e+04 1.087438486496583644e-320
2.684000000000000000e+04 1.087438486496583644e-320
2.824000000000000000e+04 1.087438486496583644e-320
2.971000000000000000e+04 1.087438486496583644e-320
3.126000000000000000e+04 1.087438486496583644e-320
3.289000000000000000e+04 1.087438486496583644e-320
3.460000000000000000e+04 1.087438486496583644e-320
3.640000000000000000e+04 1.087438486496583644e-320
3.830000000000000000e+04 1.087438486496583644e-320
4.029000000000000000e+04 1.087438486496583644e-320
4.239000000000000000e+04 1.087438486496583644e-320
4.460000000000000000e+04 1.087438486496583644e-320
4.692000000000000000e+04 1.087438486496583644e-320
4.936000000000000000e+04 1.087438486496583644e-320
5.193000000000000000e+04 1.087438486496583644e-320
5.464000000000000000e+04 1.087438486496583644e-320
5.748000000000000000e+04 1.087438486496583644e-320
6.047000000000000000e+04 1.087438486496583644e-320
6.362000000000000000e+04 1.087438486496583644e-320
6.693000000000000000e+04 1.087438486496583644e-320
7.042000000000000000e+04 1.087438486496583644e-320
7.409000000000000000e+04 1.087438486496583644e-320
7.794000000000000000e+04 1.087438486496583644e-320
8.200000000000000000e+04 1.087438486496583644e-320
8.627000000000000000e+04 1.087438486496583644e-320
9.076000000000000000e+04 1.087438486496583644e-320
9.549000000000000000e+04 1.087438486496583644e-320
1.005000000000000000e+05 1.087438486496583644e-320
1.057000000000000000e+05 1.087438486496583644e-320
1.112000000000000000e+05 1.087438486496583644e-320
1.170000000000000000e+05 1.087438486496583644e-320
1.231000000000000000e+05 1.087438486496583644e-320
1.295000000000000000e+05 1.087438486496583644e-320
1.362000000000000000e+05 1.087438486496583644e-320
1.433000000000000000e+05 1.087438486496583644e-320
1.508000000000000000e+05 1.087438486496583644e-320
1.586000000000000000e+05 1.087438486496583644e-320
1.669000000000000000e+05 1.087438486496583644e-320
1.756000000000000000e+05 1.087438486496583644e-320
1.847000000000000000e+05 1.087438486496583644e-320
1.943000000000000000e+05 1.087438486496583644e-320
2.045000000000000000e+05 1.087438486496583644e-320
2.151000000000000000e+05 1.087438486496583644e-320
2.263000000000000000e+05 1.087438486496583644e-320
2.381000000000000000e+05 1.087438486496583644e-320
2.505000000000000000e+05 1.087438486496583644e-320
2.635000000000000000e+05 1.087438486496583644e-320
2.773000000000000000e+05 1.087438486496583644e-320
2.917000000000000000e+05 1.087438486496583644e-320
3.069000000000000000e+05 1.087438486496583644e-320
3.229000000000000000e+05 1.087438486496583644e-320
3.397000000000000000e+05 1.087438486496583644e-320
3.574000000000000000e+05 1.087438486496583644e-320
3.760000000000000000e+05 1.087438486496583644e-320
3.955000000000000000e+05 1.087438486496583644e-320
4.161000000000000000e+05 1.087438486496583644e-320
4.378000000000000000e+05 1.087438486496583644e-320
4.606000000000000000e+05 1.087438486496583644e-320
4.846000000000000000e+05 1.087438486496583644e-320
5.098000000000000000e+05 1.087438486496583644e-320
5.364000000000000000e+05 1.087438486496583644e-320
5.643000000000000000e+05 1.087438486496583644e-320
5.937000000000000000e+05 1.087438486496583644e-320
6.246000000000000000e+05 1.087438486496583644e-320
6.571000000000000000e+05 1.087438486496583644e-320
6.913000000000000000e+05 1.087438486496583644e-320
7.273000000000000000e+05 1.087438486496583644e-320
7.652000000000000000e+05 1.087438486496583644e-320
8.050000000000000000e+05 1.087438486496583644e-320
8.469000000000000000e+05 1.087438486496583644e-320
8.910000000000000000e+05 1.087438486496583644e-320
9.374000000000000000e+05 1.087438486496583644e-320
9.863000000000000000e+05 1.087438486496583644e-320
1.038000000000000000e+06 1.087438486496583644e-320
1.092000000000000000e+06 1.087438486496583644e-320
1.148000000000000000e+06 1.087438486496583644e-320
1.208000000000000000e+06 1.087438486496583644e-320
1.271000000000000000e+06 1.087438486496583644e-320
1.337000000000000000e+06 1.087438486496583644e-320
1.407000000000000000e+06 1.087438486496583644e-320
1.480000000000000000e+06 1.087438486496583644e-320
1.557000000000000000e+06 1.087438486496583644e-320
1.638000000000000000e+06 1.087438486496583644e-320
1.724000000000000000e+06 1.087438486496583644e-320
1.814000000000000000e+06 1.087438486496583644e-320
1.908000000000000000e+06 1.087438486496583644e-320
2.007000000000000000e+06 1.087438486496583644e-320
2.112000000000000000e+06 1.087438486496583644e-320
2.222000000000000000e+06 1.087438486496583644e-320
2.337000000000000000e+06 1.087438486496583644e-320
2.459000000000000000e+06 1.087438486496583644e-320
2.587000000000000000e+06 1.087438486496583644e-320
2.722000000000000000e+06 1.087438486496583644e-320
2.864000000000000000e+06 1.087438486496583644e-320
3.013000000000000000e+06 1.087438486496583644e-320
3.170000000000000000e+06 1.087438486496583644e-320
3.335000000000000000e+06 1.087438486496583644e-320
3.508000000000000000e+06 1.087438486496583644e-320
3.691000000000000000e+06 1.087438486496583644e-320
3.883000000000000000e+06 1.087438486496583644e-320
4.085000000000000000e+06 1.087438486496583644e-320
4.298000000000000000e+06 1.087438486496583644e-320
4.522000000000000000e+06 1.087438486496583644e-320
4.757000000000000000e+06 1.087438486496583644e-320
5.005000000000000000e+06 1.087438486496583644e-320
5.266000000000000000e+06 1.087438486496583644e-320
5.540000000000000000e+06 1.087438486496583644e-320
5.828000000000000000e+06 1.087438486496583644e-320
6.132000000000000000e+06 1.087438486496583644e-320
6.451000000000000000e+06 1.087438486496583644e-320
6.787000000000000000e+06 1.087438486496583644e-320
7.140000000000000000e+06 1.087438486496583644e-320
7.512000000000000000e+06 1.087438486496583644e-320
7.903000000000000000e+06 1.087438486496583644e-320
8.315000000000000000e+06 1.087438486496583644e-320
8.748000000000000000e+06 1.087438486496583644e-320
9.203000000000000000e+06 1.087438486496583644e-320
9.682000000000000000e+06 1.087438486496583644e-320
1.019000000000000000e+07 1.087438486496583644e-320
1.072000000000000000e+07 1.087438486496583644e-320
1.127000000000000000e+07 1.087438486496583644e-320
1.186000000000000000e+07 1.087438486496583644e-320
1.248000000000000000e+07 1.087438486496583644e-320
1.313000000000000000e+07 1.087438486496583644e-320
1.381000000000000000e+07 1.087438486496583644e-320
1.453000000000000000e+07 1.087438486496583644e-320
1.529000000000000000e+07 1.087438486496583644e-320
1.608000000000000000e+07 1.087438486496583644e-320
1.692000000000000000e+07 1.087438486496583644e-320
1.780000000000000000e+07 1.087438486496583644e-320
1.873000000000000000e+07 1.087438486496583644e-320
1.971000000000000000e+07 1.087438486496583644e-320
2.073000000000000000e+07 1.087438486496583644e-320
2.181000000000000000e+07 1.087438486496583644e-320
2.295000000000000000e+07 1.087438486496583644e-320
2.414000000000000000e+07 1.087438486496583644e-320
2.540000000000000000e+07 1.087438486496583644e-320
2.672000000000000000e+07 1.087438486496583644e-320
2.811000000000000000e+07 1.087438486496583644e-320
2.958000000000000000e+07 1.087438486496583644e-320
3.112000000000000000e+07 1.087438486496583644e-320
3.274000000000000000e+07 1.087438486496583644e-320
3.444000000000000000e+07 1.087438486496583644e-320
3.623000000000000000e+07 1.087438486496583644e-320
3.812000000000000000e+07 1.087438486496583644e-320
4.011000000000000000e+07 1.087438486496583644e-320
4.219000000000000000e+07 1.087438486496583644e-320
4.439000000000000000e+07 1.087438486496583644e-320
4.670000000000000000e+07 1.087438486496583644e-320
4.913000000000000000e+07 1.087438486496583644e-320
5.169000000000000000e+07 1.087438486496583644e-320
5.438000000000000000e+07 1.087438486496583644e-320
5.722000000000000000e+07 1.087438486496583644e-320
6.019000000000000000e+07 1.087438486496583644e-320
6.333000000000000000e+07 1.087438486496583644e-320
6.663000000000000000e+07 1.087438486496583644e-320
7.010000000000000000e+07 1.087438486496583644e-320
7.375000000000000000e+07 1.087438486496583644e-320
7.759000000000000000e+07 1.087438486496583644e-320
8.163000000000000000e+07 1.087438486496583644e-320
8.588000000000000000e+07 1.087438486496583644e-320
9.035000000000000000e+07 1.087438486496583644e-320
9.505000000000000000e+07 1.087438486496583644e-320
1.000000000000000000e+08 1.087438486496583644e-320
