1.774127155601597394e+01 4.655356034156341309e-04
1.874127155601597394e+01 2.549282431364328851e-04
1.974127155601597394e+01 1.377024627995380762e-04
2.074127155601597394e+01 7.374939743207301155e-05
2.174127155601597394e+01 3.944872973035019458e-05
2.274127155601597394e+01 2.091424335603548110e-05
2.374127155601597394e+01 1.104279048818420487e-05
2.474127155601597394e+01 5.802693943863509530e-06
2.574127155601597394e+01 3.027162372963023824e-06
2.674127155601597394e+01 1.575867001815681997e-06
2.774127155601597394e+01 8.170726630979122660e-07
2.874127155601597394e+01 4.221011662366361195e-07
2.974127155601597394e+01 2.175017369205007797e-07
3.074127155601597394e+01 1.122012870784007563e-07
3.174127155601597394e+01 5.759352415897146108e-08
3.274127155601597394e+01 2.956935984826990676e-08
3.374127155601597394e+01 1.519914084739715912e-08
3.474127155601597394e+01 7.761296018837072280e-09
3.574127155601597394e+01 3.995046438872711266e-09
3.674127155601597394e+01 2.041089389771184474e-09
3.774127155601597394e+01 1.046768926376272371e-09
3.874127155601597394e+01 5.432647680007693872e-10
3.974127155601597394e+01 2.774940889106781081e-10
4.074127155601597394e+01 1.433491442955085144e-10
4.174127155601597394e+01 7.493914988062640149e-11
4.274127155601597394e+01 3.868448037624403580e-11
4.374127155601597394e+01 2.015649902344771706e-11
4.474127155601597394e+01 1.050375486718189228e-11
4.574127155601597394e+01 5.488607023169245614e-12
4.674127155601597394e+01 2.874362235744265086e-12
4.774127155601597394e+01 1.504557664968441513e-12
4.874127155601597394e+01 7.899812970357896674e-13
4.974127155601597394e+01 4.151096161131163972e-13
5.074127155601597394e+01 2.181760694212628103e-13
5.174127155601597394e+01 1.148685143379123646e-13
5.274127155601597394e+01 6.062731301370660388e-14
5.374127155601597394e+01 3.202912218378563037e-14
5.474127155601597394e+01 1.692843392808094727e-14
5.574127155601597394e+01 8.953875586157220557e-15
5.674127155601597394e+01 4.736169692101210559e-15
5.774127155601597394e+01 2.501972378134888148e-15
5.874127155601597394e+01 1.329807443573915472e-15
5.974127155601597394e+01 7.038133542705802367e-16
6.074127155601597394e+01 3.730861217603867661e-16
6.174127155601597394e+01 1.991614619036698667e-16
6.274127155601597394e+01 1.051895036440947012e-16
6.374127155601597394e+01 5.591971122770452996e-17
6.474127155601597394e+01 2.993770153226394786e-17
6.574127155601597394e+01 1.586025038108604304e-17
6.674127155601597394e+01 8.449195835293676236e-18
6.774127155601597394e+01 4.532928902912461402e-18
6.874127155601597394e+01 2.406461379657198323e-18
6.974127155601597394e+01 1.283316126638172867e-18
7.074127155601597394e+01 6.894434045109911008e-19
7.174127155601597394e+01 3.677558826590275616e-19
7.274127155601597394e+01 1.970133395090310287e-19
7.374127155601597394e+01 1.062876925167222460e-19
7.474127155601597394e+01 5.675403745521920575e-20
7.574127155601597394e+01 3.037509965097870975e-20
7.674127155601597394e+01 1.637864360081262256e-20
7.774127155601597394e+01 8.802546067946188471e-21
7.874127155601597394e+01 4.748315863282486395e-21
7.974127155601597394e+01 2.579572797017082360e-21
8.074127155601597394e+01 1.392471992521492244e-21
8.174127155601597394e+01 7.527995679932282196e-22
8.274127155601597394e+01 4.098149875039005433e-22
8.374127155601597394e+01 2.216298172656521397e-22
8.474127155601597394e+01 1.198911613850790553e-22
