1.221799999999999287e+01 7.596084279837986460e-03
1.421799999999999287e+01 1.982918654960054688e-03
1.621799999999999287e+01 5.376352811086074863e-04
1.821799999999999287e+01 1.299055289526088294e-04
2.021799999999999287e+01 2.772362547182907305e-05
2.221799999999999287e+01 5.193457112958552224e-06
2.421799999999999287e+01 1.123096256611979679e-06
2.621799999999999287e+01 2.369991210931609244e-07
2.821799999999999287e+01 4.365950592600562029e-08
3.021799999999999287e+01 7.884486102398482081e-09
3.221799999999998931e+01 1.512827843950074798e-09
3.421799999999998931e+01 3.137681894298272421e-10
3.621799999999998931e+01 6.949299192772080850e-11
3.821799999999998931e+01 1.316073361575978901e-11
4.021799999999998931e+01 2.508725435592295069e-12
4.221799999999998931e+01 4.357213438608819390e-13
4.421799999999998931e+01 7.828666796077776686e-14
4.621799999999998931e+01 1.489623508639175904e-14
4.821799999999998931e+01 2.948587720064649983e-15
5.021799999999998931e+01 6.229532847995492564e-16
5.221799999999998931e+01 1.190210001942992037e-16
5.421799999999998931e+01 1.834283044745436230e-17
5.621799999999998931e+01 3.023414476753766995e-18
5.821799999999998931e+01 4.988629983217082049e-19
6.021799999999998931e+01 3.997200428527598936e-20
6.221799999999998931e+01 2.717788214288485093e-21
6.421799999999998931e+01 2.011201275223018838e-22
6.621799999999998931e+01 1.952207295936636377e-23
6.821799999999998931e+01 2.988330126750637571e-24
7.021799999999998931e+01 4.827662437991405415e-25
7.221799999999998931e+01 8.206165220914853396e-26
7.421799999999998931e+01 1.993692137624986213e-26
7.621799999999998931e+01 8.065206517613990218e-27
7.821799999999998931e+01 3.339352809927127267e-27
8.021799999999998931e+01 1.413489636119795538e-27
8.221799999999998931e+01 5.302542067510408244e-28
8.421799999999998931e+01 5.345125546164714208e-29
8.621799999999998931e+01 3.819456228315328140e-30
8.821799999999998931e+01 2.898940066478654702e-31
9.021799999999998931e+01 2.330758811755470314e-32
9.221799999999998931e+01 2.043774132604097915e-33
9.421799999999998931e+01 3.023342907562812490e-34
9.621799999999998931e+01 5.325853410905221074e-35
9.821799999999998931e+01 9.721433692731547801e-36
1.002179999999999893e+02 1.836072793448400139e-36
1.022179999999999893e+02 3.583305778593554883e-37
