1.900000000000000000e+01 1.119090348205252928e-03
2.300000000000000000e+01 1.733705802358725349e-04
2.700000000000000000e+01 2.530870599197669406e-05
3.100000000000000000e+01 3.588577822184596488e-06
3.500000000000000000e+01 4.974345887397631014e-07
3.900000000000000000e+01 7.151663722827594625e-08
4.300000000000000000e+01 1.015497664135377118e-08
4.700000000000000000e+01 1.482800879227243197e-09
5.100000000000000000e+01 2.231996313951298475e-10
5.500000000000000000e+01 3.499069581749551733e-11
5.900000000000000000e+01 5.895446827334642630e-12
6.300000000000000000e+01 9.784774395568306595e-13
6.700000000000000000e+01 1.704111542819448547e-13
7.100000000000000000e+01 3.001353833037269742e-14
7.500000000000000000e+01 5.429730086354642953e-15
7.900000000000000000e+01 9.553765186421834131e-16
8.300000000000000000e+01 1.773830367732708450e-16
8.700000000000000000e+01 3.104413404370802934e-17
9.100000000000000000e+01 5.795601209715274787e-18
9.500000000000000000e+01 1.034350687945580995e-18
9.900000000000000000e+01 1.831484676073634732e-19
