1.000000000000000021e-03 9.341284694173545233e+00
1.051999999999999984e-03 9.042849471714351495e+00
1.106999999999999911e-03 8.835373325835293556e+00
1.163999999999999887e-03 8.612717338040718928e+00
1.224999999999999960e-03 8.487342910649404715e+00
1.288999999999999998e-03 8.337472652726189537e+00
1.356000000000000000e-03 8.259097285635290220e+00
1.427000000000000100e-03 8.161149055336235136e+00
1.500999999999999947e-03 8.117555193434196070e+00
1.579000000000000108e-03 8.071458142119325885e+00
1.661000000000000150e-03 8.044536671980988984e+00
1.747999999999999988e-03 8.045827672718374401e+00
1.839000000000000140e-03 8.033969469339702130e+00
1.935000000000000088e-03 8.073286245213688872e+00
2.034999999999999917e-03 8.081316791003324340e+00
2.141000000000000108e-03 8.145409254802785881e+00
2.252999999999999794e-03 8.175941066192770279e+00
2.370000000000000145e-03 8.245080772338731379e+00
2.492999999999999990e-03 8.283262758224664069e+00
2.623000000000000331e-03 8.352400732028554486e+00
2.759999999999999867e-03 8.405252318658382293e+00
2.903999999999999897e-03 8.474573463170861132e+00
3.054999999999999990e-03 8.540155907511890021e+00
3.213999999999999843e-03 8.602556774238454551e+00
3.380999999999999891e-03 8.678257183944781517e+00
3.556999999999999832e-03 8.740702301202533775e+00
3.742000000000000100e-03 8.811492793486085162e+00
3.936999999999999528e-03 8.852901065511456835e+00
4.142000000000000716e-03 8.913651059495496298e+00
4.357999999999999895e-03 8.946534940321830831e+00
4.585000000000000533e-03 8.986123691493038024e+00
4.824000000000000163e-03 9.021035703454700183e+00
5.074999999999999650e-03 9.041093874338976377e+00
5.338999999999999996e-03 9.057276614300906914e+00
5.616999999999999597e-03 9.079828861400343953e+00
5.908999999999999322e-03 9.093747945156621881e+00
6.217000000000000304e-03 9.099758990594230212e+00
6.540999999999999939e-03 9.105780473542251841e+00
6.880999999999999964e-03 9.104745673520994842e+00
7.239999999999999908e-03 9.096991253980032610e+00
7.617000000000000506e-03 9.086240755481973963e+00
8.012999999999999290e-03 9.066150617524243671e+00
8.429999999999999993e-03 9.035753952488875029e+00
8.868999999999998413e-03 9.005645576082558890e+00
9.330999999999999017e-03 8.965090056148774522e+00
9.816999999999999338e-03 8.908515059684667392e+00
1.032999999999999891e-02 8.852460419661953850e+00
1.086999999999999945e-02 8.780581001394308416e+00
1.143000000000000092e-02 8.711411056482551984e+00
1.203000000000000076e-02 8.625517449897429856e+00
1.264999999999999979e-02 8.541290172775555689e+00
1.330999999999999892e-02 8.442942442067177922e+00
1.400999999999999988e-02 8.355439407680353980e+00
1.473000000000000004e-02 8.264351893608068877e+00
1.549999999999999989e-02 8.173708886543856522e+00
1.631000000000000158e-02 8.072852073089993752e+00
1.715999999999999817e-02 7.980149885745102978e+00
1.805000000000000007e-02 7.880723240174013711e+00
1.898999999999999994e-02 7.778507258481072384e+00
1.997999999999999776e-02 7.672798772597404060e+00
2.101999999999999702e-02 7.558018566810109640e+00
2.212000000000000077e-02 7.443180278017343277e+00
2.326999999999999902e-02 7.318068682973605910e+00
2.447999999999999829e-02 7.195954791645535309e+00
2.574999999999999858e-02 7.054483459268863221e+00
2.708999999999999950e-02 6.921142954081379806e+00
2.850000000000000103e-02 6.777298495877992934e+00
2.998999999999999930e-02 6.641286986611458332e+00
3.155000000000000165e-02 6.501060985809547610e+00
3.318999999999999728e-02 6.373053967161066424e+00
3.491999999999999965e-02 6.245649821448847838e+00
3.673999999999999488e-02 6.134054986998686232e+00
3.864999999999999686e-02 6.022399144880220767e+00
4.066000000000000170e-02 5.919354064934934989e+00
4.277999999999999858e-02 5.818880584937384803e+00
4.500999999999999446e-02 5.719906343741666177e+00
4.734999999999999626e-02 5.630855221077178285e+00
4.982000000000000317e-02 5.536003687657468753e+00
5.240999999999999825e-02 5.448910717853914676e+00
5.513999999999999457e-02 5.349511930398672455e+00
5.800999999999999907e-02 5.258901412365888817e+00
6.102999999999999398e-02 5.153780383386271424e+00
6.421000000000000318e-02 5.054692344935597603e+00
6.755999999999999506e-02 4.947944884631715112e+00
7.106999999999999429e-02 4.848112594284544663e+00
7.477000000000000313e-02 4.756800684108742239e+00
7.867000000000000381e-02 4.672080318202696425e+00
8.276000000000000023e-02 4.610276538868847140e+00
8.707000000000000850e-02 4.553755205231921011e+00
9.160999999999999699e-02 4.521972771367648747e+00
9.637999999999999345e-02 4.492712138578938585e+00
1.014000000000000040e-01 4.483633348097075810e+00
1.067000000000000032e-01 4.475924705310395879e+00
1.122000000000000081e-01 4.479841811116390460e+00
1.180999999999999966e-01 4.488086208768686802e+00
1.242000000000000048e-01 4.498554197452641290e+00
1.307000000000000106e-01 4.512497878037555310e+00
1.375000000000000111e-01 4.517302404625684886e+00
1.446999999999999953e-01 4.524691704966055994e+00
1.522000000000000020e-01 4.512535137102466010e+00
1.600999999999999923e-01 4.505613194834197088e+00
1.683999999999999941e-01 4.486126692692169016e+00
1.771999999999999964e-01 4.474161619306858739e+00
1.864000000000000101e-01 4.473314663129912105e+00
1.960999999999999965e-01 4.479919365663954878e+00
2.064000000000000001e-01 4.517869650696880512e+00
2.170999999999999874e-01 4.562278540930876147e+00
2.283999999999999919e-01 4.638793124537294865e+00
2.403000000000000136e-01 4.717674225577125569e+00
2.528000000000000247e-01 4.820121820028056447e+00
2.660000000000000142e-01 4.921893058727929926e+00
2.798000000000000487e-01 5.036855555696942766e+00
2.943999999999999950e-01 5.153689885492555689e+00
3.096999999999999753e-01 5.268169612639467481e+00
3.259000000000000230e-01 5.383355480029369033e+00
3.427999999999999936e-01 5.478155161453632793e+00
3.606999999999999651e-01 5.568413468990166315e+00
3.795000000000000040e-01 5.625954388111360061e+00
3.991999999999999993e-01 5.677021602478358631e+00
4.200000000000000400e-01 5.707091342960963765e+00
4.419000000000000150e-01 5.735637698159925080e+00
4.649000000000000354e-01 5.777744551970641851e+00
4.891000000000000347e-01 5.822368207520892902e+00
5.144999999999999574e-01 5.907807222022749549e+00
5.413000000000000034e-01 6.000633332999605329e+00
5.695000000000000062e-01 6.130165433449884738e+00
5.992000000000000659e-01 6.265744942017485997e+00
6.304000000000000714e-01 6.418396265961860969e+00
6.632000000000000117e-01 6.575760051124478700e+00
6.976999999999999869e-01 6.732120192068944853e+00
7.340999999999999748e-01 6.895803584926435192e+00
7.722999999999999865e-01 7.038860430965748094e+00
8.125000000000000000e-01 7.179533842802086951e+00
8.548000000000000043e-01 7.282209655008522908e+00
8.992999999999999883e-01 7.360581717152675729e+00
9.460999999999999410e-01 7.392443792638888844e+00
9.954000000000000625e-01 7.380399191417985172e+00
1.046999999999999931e+00 7.344184965698905998e+00
1.101999999999999869e+00 7.267797805205558959e+00
1.159000000000000030e+00 7.209918427454265810e+00
1.219000000000000083e+00 7.141205513507147273e+00
1.283000000000000140e+00 7.107388646134907617e+00
1.350000000000000089e+00 7.097327596968868946e+00
1.419999999999999929e+00 7.101747019555354257e+00
1.493999999999999995e+00 7.138340320514050319e+00
1.572000000000000064e+00 7.154012291929836564e+00
1.654000000000000137e+00 7.195431931398033498e+00
1.739999999999999991e+00 7.197699820676604077e+00
1.830000000000000071e+00 7.209525526048381927e+00
1.925999999999999934e+00 7.185339325207026562e+00
2.025999999999999801e+00 7.127030152517613182e+00
2.131000000000000227e+00 7.038328779351947340e+00
2.241999999999999993e+00 6.858035671916773879e+00
2.358999999999999986e+00 6.635274067546756527e+00
2.481999999999999762e+00 6.284613211535512889e+00
2.611000000000000210e+00 5.887421504794225768e+00
2.746999999999999886e+00 5.396215974886474420e+00
2.890000000000000124e+00 4.872885360445107672e+00
3.040999999999999925e+00 4.351952572741404346e+00
3.198999999999999844e+00 3.825015845729044628e+00
3.366000000000000103e+00 3.380538192989394730e+00
3.540999999999999925e+00 2.961533995005034114e+00
3.725000000000000089e+00 2.623959745832427970e+00
3.918999999999999595e+00 2.315443652035050093e+00
4.123000000000000220e+00 2.050308453355803806e+00
4.338000000000000078e+00 1.791086255715779174e+00
4.564000000000000057e+00 1.554398020492643084e+00
4.801000000000000156e+00 1.316016533424757995e+00
5.051000000000000156e+00 1.089062436923963872e+00
5.314000000000000057e+00 8.794066483842613025e-01
5.590999999999999304e+00 6.753227629556270983e-01
5.881999999999999673e+00 5.246088412688871827e-01
6.187999999999999723e+00 3.780532267718692552e-01
6.511000000000000121e+00 2.849970291334451566e-01
6.850000000000000533e+00 2.012178024827444567e-01
7.205999999999999517e+00 1.489091392517809531e-01
7.581999999999999851e+00 1.068774569870447610e-01
7.976000000000000867e+00 7.852093022798101174e-02
8.391999999999999460e+00 5.797670541330302019e-02
8.829000000000000625e+00 4.153115955037234297e-02
9.288000000000000256e+00 2.919710698699812257e-02
9.772000000000000242e+00 1.897520521984807917e-02
1.027999999999999936e+01 1.244336139446106104e-02
1.082000000000000028e+01 6.851093509645050927e-03
1.137999999999999901e+01 4.401819403215684323e-03
1.196999999999999886e+01 2.150174297446794114e-03
1.259999999999999964e+01 1.411981155480454553e-03
1.325000000000000000e+01 6.966695688465883440e-04
1.393999999999999950e+01 4.393933420953535091e-04
1.466999999999999993e+01 1.987082480173728294e-04
1.542999999999999972e+01 1.081160383557310325e-04
1.623000000000000043e+01 4.706156438565381461e-05
1.708000000000000185e+01 2.078185312985722163e-05
1.796999999999999886e+01 9.675937196420192517e-06
1.889999999999999858e+01 3.763899245562071783e-06
1.989000000000000057e+01 1.694824086510539557e-06
2.092000000000000171e+01 4.579645347724584613e-07
2.200999999999999801e+01 2.201945869140337574e-07
2.316000000000000014e+01 5.056171909371036464e-08
2.437000000000000099e+01 2.445095482341439001e-08
2.562999999999999901e+01 3.450127099642499428e-09
2.697000000000000242e+01 1.760067642857841121e-09
2.837000000000000099e+01 2.102812223135777249e-10
2.985000000000000142e+01 1.109701718503197051e-10
3.139999999999999858e+01 1.482072308627461881e-11
3.303999999999999915e+01 4.005817123149024190e-12
3.475999999999999801e+01 8.533715919572422687e-13
3.657000000000000028e+01 1.163343972790143011e-13
3.846999999999999886e+01 3.172344564017995573e-14
4.048000000000000398e+01 1.746481757293406806e-15
4.259000000000000341e+01 5.755639668424969627e-16
4.479999999999999716e+01 1.974294455616561818e-17
4.714000000000000057e+01 7.432134519063666587e-18
4.959000000000000341e+01 1.105330371419167956e-19
5.217000000000000171e+01 4.651007738861858534e-20
5.489000000000000057e+01 3.521130554965815881e-22
5.775000000000000000e+01 1.609489941266220320e-22
6.075000000000000000e+01 6.164637780173504362e-25
6.392000000000000171e+01 3.014003551828037425e-25
6.723999999999999488e+01 4.577108892750452926e-28
7.075000000000000000e+01 2.393851097702519349e-28
7.442999999999999261e+01 2.802022274956821922e-29
7.829999999999999716e+01 1.085487229031027619e-31
8.237999999999999545e+01 2.258028739493328464e-32
8.667000000000000171e+01 1.493269785540358358e-35
9.117999999999999261e+01 4.179977028506628627e-36
9.593000000000000682e+01 8.300430304104656566e-40
1.009000000000000057e+02 2.856618772635857480e-40
1.062000000000000028e+02 1.622631713626377848e-44
1.116999999999999886e+02 6.366649152849860453e-45
1.175000000000000000e+02 8.564788379471463368e-50
1.236000000000000085e+02 3.729123688252285368e-50
1.300999999999999943e+02 1.057962381358616979e-55
1.369000000000000057e+02 4.940324436557083288e-56
1.440000000000000000e+02 2.620776697829704454e-62
1.515000000000000000e+02 1.315260738931856782e-62
1.593999999999999773e+02 5.831967443822001297e-64
1.676999999999999886e+02 5.756869958825956787e-70
1.764000000000000057e+02 8.891645420524959505e-71
1.855999999999999943e+02 4.318084277547222313e-78
1.952000000000000171e+02 1.050038948048886389e-78
2.054000000000000057e+02 0.000000000000000000e+00
2.160999999999999943e+02 9.479843004416886359e-88
2.273999999999999773e+02 0.000000000000000000e+00
2.391999999999999886e+02 8.818862090862302910e-98
2.516999999999999886e+02 0.000000000000000000e+00
2.647999999999999545e+02 4.756939508759105882e-109
2.785000000000000000e+02 0.000000000000000000e+00
2.930000000000000000e+02 1.195057661223031811e-121
3.083000000000000114e+02 0.000000000000000000e+00
3.244000000000000341e+02 1.031865770122304832e-135
3.411999999999999886e+02 0.000000000000000000e+00
3.590000000000000000e+02 0.000000000000000000e+00
3.776999999999999886e+02 0.000000000000000000e+00
3.973999999999999773e+02 0.000000000000000000e+00
4.181000000000000227e+02 0.000000000000000000e+00
4.398000000000000114e+02 0.000000000000000000e+00
4.626999999999999886e+02 0.000000000000000000e+00
4.868000000000000114e+02 0.000000000000000000e+00
5.122000000000000455e+02 0.000000000000000000e+00
5.387999999999999545e+02 0.000000000000000000e+00
5.668999999999999773e+02 0.000000000000000000e+00
5.964000000000000909e+02 0.000000000000000000e+00
6.275000000000000000e+02 0.000000000000000000e+00
6.601000000000000227e+02 0.000000000000000000e+00
6.945000000000000000e+02 0.000000000000000000e+00
7.307000000000000455e+02 0.000000000000000000e+00
7.687000000000000455e+02 0.000000000000000000e+00
8.087999999999999545e+02 0.000000000000000000e+00
8.508999999999999773e+02 0.000000000000000000e+00
8.952000000000000455e+02 0.000000000000000000e+00
9.417999999999999545e+02 0.000000000000000000e+00
9.908000000000000682e+02 0.000000000000000000e+00
1.042000000000000000e+03 0.000000000000000000e+00
1.097000000000000000e+03 0.000000000000000000e+00
1.154000000000000000e+03 0.000000000000000000e+00
1.214000000000000000e+03 0.000000000000000000e+00
1.277000000000000000e+03 0.000000000000000000e+00
1.344000000000000000e+03 0.000000000000000000e+00
1.414000000000000000e+03 0.000000000000000000e+00
1.487000000000000000e+03 0.000000000000000000e+00
1.565000000000000000e+03 0.000000000000000000e+00
1.646000000000000000e+03 0.000000000000000000e+00
1.732000000000000000e+03 0.000000000000000000e+00
1.822000000000000000e+03 0.000000000000000000e+00
1.917000000000000000e+03 0.000000000000000000e+00
2.017000000000000000e+03 0.000000000000000000e+00
2.122000000000000000e+03 0.000000000000000000e+00
2.232000000000000000e+03 0.000000000000000000e+00
2.348000000000000000e+03 0.000000000000000000e+00
2.470000000000000000e+03 0.000000000000000000e+00
2.599000000000000000e+03 0.000000000000000000e+00
2.734000000000000000e+03 0.000000000000000000e+00
2.877000000000000000e+03 0.000000000000000000e+00
3.027000000000000000e+03 0.000000000000000000e+00
3.184000000000000000e+03 0.000000000000000000e+00
3.350000000000000000e+03 0.000000000000000000e+00
3.524000000000000000e+03 0.000000000000000000e+00
3.708000000000000000e+03 0.000000000000000000e+00
3.901000000000000000e+03 0.000000000000000000e+00
4.104000000000000000e+03 0.000000000000000000e+00
4.318000000000000000e+03 0.000000000000000000e+00
4.543000000000000000e+03 0.000000000000000000e+00
4.779000000000000000e+03 0.000000000000000000e+00
5.028000000000000000e+03 0.000000000000000000e+00
5.290000000000000000e+03 0.000000000000000000e+00
5.565000000000000000e+03 0.000000000000000000e+00
5.855000000000000000e+03 0.000000000000000000e+00
6.160000000000000000e+03 0.000000000000000000e+00
6.481000000000000000e+03 0.000000000000000000e+00
6.818000000000000000e+03 0.000000000000000000e+00
7.173000000000000000e+03 0.000000000000000000e+00
7.547000000000000000e+03 0.000000000000000000e+00
7.940000000000000000e+03 0.000000000000000000e+00
8.353000000000000000e+03 0.000000000000000000e+00
8.788000000000000000e+03 0.000000000000000000e+00
9.246000000000000000e+03 0.000000000000000000e+00
9.727000000000000000e+03 0.000000000000000000e+00
1.023000000000000000e+04 0.000000000000000000e+00
1.077000000000000000e+04 0.000000000000000000e+00
1.133000000000000000e+04 0.000000000000000000e+00
1.192000000000000000e+04 0.000000000000000000e+00
1.254000000000000000e+04 0.000000000000000000e+00
1.319000000000000000e+04 0.000000000000000000e+00
1.388000000000000000e+04 0.000000000000000000e+00
1.460000000000000000e+04 0.000000000000000000e+00
1.536000000000000000e+04 0.000000000000000000e+00
1.616000000000000000e+04 0.000000000000000000e+00
1.700000000000000000e+04 0.000000000000000000e+00
1.789000000000000000e+04 0.000000000000000000e+00
1.882000000000000000e+04 0.000000000000000000e+00
1.980000000000000000e+04 0.000000000000000000e+00
2.083000000000000000e+04 0.000000000000000000e+00
2.191000000000000000e+04 0.000000000000000000e+00
2.305000000000000000e+04 0.000000000000000000e+00
2.425000000000000000e+04 0.000000000000000000e+00
2.552000000000000000e+04 0.000000000000000000e+00
2.684000000000000000e+04 0.000000000000000000e+00
2.824000000000000000e+04 0.000000000000000000e+00
2.971000000000000000e+04 0.000000000000000000e+00
3.126000000000000000e+04 0.000000000000000000e+00
3.289000000000000000e+04 0.000000000000000000e+00
3.460000000000000000e+04 0.000000000000000000e+00
3.640000000000000000e+04 0.000000000000000000e+00
3.830000000000000000e+04 0.000000000000000000e+00
4.029000000000000000e+04 0.000000000000000000e+00
4.239000000000000000e+04 0.000000000000000000e+00
4.460000000000000000e+04 0.000000000000000000e+00
4.692000000000000000e+04 0.000000000000000000e+00
4.936000000000000000e+04 0.000000000000000000e+00
5.193000000000000000e+04 0.000000000000000000e+00
5.464000000000000000e+04 0.000000000000000000e+00
5.748000000000000000e+04 0.000000000000000000e+00
6.047000000000000000e+04 0.000000000000000000e+00
6.362000000000000000e+04 0.000000000000000000e+00
6.693000000000000000e+04 0.000000000000000000e+00
7.042000000000000000e+04 0.000000000000000000e+00
7.409000000000000000e+04 0.000000000000000000e+00
7.794000000000000000e+04 0.000000000000000000e+00
8.200000000000000000e+04 0.000000000000000000e+00
8.627000000000000000e+04 0.000000000000000000e+00
9.076000000000000000e+04 0.000000000000000000e+00
9.549000000000000000e+04 0.000000000000000000e+00
1.005000000000000000e+05 0.000000000000000000e+00
1.057000000000000000e+05 0.000000000000000000e+00
1.112000000000000000e+05 0.000000000000000000e+00
1.170000000000000000e+05 0.000000000000000000e+00
1.231000000000000000e+05 0.000000000000000000e+00
1.295000000000000000e+05 0.000000000000000000e+00
1.362000000000000000e+05 0.000000000000000000e+00
1.433000000000000000e+05 0.000000000000000000e+00
1.508000000000000000e+05 0.000000000000000000e+00
1.586000000000000000e+05 0.000000000000000000e+00
1.669000000000000000e+05 0.000000000000000000e+00
1.756000000000000000e+05 0.000000000000000000e+00
1.847000000000000000e+05 0.000000000000000000e+00
1.943000000000000000e+05 0.000000000000000000e+00
2.045000000000000000e+05 0.000000000000000000e+00
2.151000000000000000e+05 0.000000000000000000e+00
2.263000000000000000e+05 0.000000000000000000e+00
2.381000000000000000e+05 0.000000000000000000e+00
2.505000000000000000e+05 0.000000000000000000e+00
2.635000000000000000e+05 0.000000000000000000e+00
2.773000000000000000e+05 0.000000000000000000e+00
2.917000000000000000e+05 0.000000000000000000e+00
3.069000000000000000e+05 0.000000000000000000e+00
3.229000000000000000e+05 0.000000000000000000e+00
3.397000000000000000e+05 0.000000000000000000e+00
3.574000000000000000e+05 0.000000000000000000e+00
3.760000000000000000e+05 0.000000000000000000e+00
3.955000000000000000e+05 0.000000000000000000e+00
4.161000000000000000e+05 0.000000000000000000e+00
4.378000000000000000e+05 0.000000000000000000e+00
4.606000000000000000e+05 0.000000000000000000e+00
4.846000000000000000e+05 0.000000000000000000e+00
5.098000000000000000e+05 0.000000000000000000e+00
5.364000000000000000e+05 0.000000000000000000e+00
5.643000000000000000e+05 0.000000000000000000e+00
5.937000000000000000e+05 0.000000000000000000e+00
6.246000000000000000e+05 0.000000000000000000e+00
6.571000000000000000e+05 0.000000000000000000e+00
6.913000000000000000e+05 0.000000000000000000e+00
7.273000000000000000e+05 0.000000000000000000e+00
7.652000000000000000e+05 0.000000000000000000e+00
8.050000000000000000e+05 0.000000000000000000e+00
8.469000000000000000e+05 0.000000000000000000e+00
8.910000000000000000e+05 0.000000000000000000e+00
9.374000000000000000e+05 0.000000000000000000e+00
9.863000000000000000e+05 0.000000000000000000e+00
1.038000000000000000e+06 0.000000000000000000e+00
1.092000000000000000e+06 0.000000000000000000e+00
1.148000000000000000e+06 0.000000000000000000e+00
1.208000000000000000e+06 0.000000000000000000e+00
1.271000000000000000e+06 0.000000000000000000e+00
1.337000000000000000e+06 0.000000000000000000e+00
1.407000000000000000e+06 0.000000000000000000e+00
1.480000000000000000e+06 0.000000000000000000e+00
1.557000000000000000e+06 0.000000000000000000e+00
1.638000000000000000e+06 0.000000000000000000e+00
1.724000000000000000e+06 0.000000000000000000e+00
1.814000000000000000e+06 0.000000000000000000e+00
1.908000000000000000e+06 0.000000000000000000e+00
2.007000000000000000e+06 0.000000000000000000e+00
2.112000000000000000e+06 0.000000000000000000e+00
2.222000000000000000e+06 0.000000000000000000e+00
2.337000000000000000e+06 0.000000000000000000e+00
2.459000000000000000e+06 0.000000000000000000e+00
2.587000000000000000e+06 0.000000000000000000e+00
2.722000000000000000e+06 0.000000000000000000e+00
2.864000000000000000e+06 0.000000000000000000e+00
3.013000000000000000e+06 0.000000000000000000e+00
3.170000000000000000e+06 0.000000000000000000e+00
3.335000000000000000e+06 0.000000000000000000e+00
3.508000000000000000e+06 0.000000000000000000e+00
3.691000000000000000e+06 0.000000000000000000e+00
3.883000000000000000e+06 0.000000000000000000e+00
4.085000000000000000e+06 0.000000000000000000e+00
4.298000000000000000e+06 0.000000000000000000e+00
4.522000000000000000e+06 0.000000000000000000e+00
4.757000000000000000e+06 0.000000000000000000e+00
5.005000000000000000e+06 0.000000000000000000e+00
5.266000000000000000e+06 0.000000000000000000e+00
5.540000000000000000e+06 0.000000000000000000e+00
5.828000000000000000e+06 0.000000000000000000e+00
6.132000000000000000e+06 0.000000000000000000e+00
6.451000000000000000e+06 0.000000000000000000e+00
6.787000000000000000e+06 0.000000000000000000e+00
7.140000000000000000e+06 0.000000000000000000e+00
7.512000000000000000e+06 0.000000000000000000e+00
7.903000000000000000e+06 0.000000000000000000e+00
8.315000000000000000e+06 0.000000000000000000e+00
8.748000000000000000e+06 0.000000000000000000e+00
9.203000000000000000e+06 0.000000000000000000e+00
9.682000000000000000e+06 0.000000000000000000e+00
1.019000000000000000e+07 0.000000000000000000e+00
1.072000000000000000e+07 0.000000000000000000e+00
1.127000000000000000e+07 0.000000000000000000e+00
1.186000000000000000e+07 0.000000000000000000e+00
1.248000000000000000e+07 0.000000000000000000e+00
1.313000000000000000e+07 0.000000000000000000e+00
1.381000000000000000e+07 0.000000000000000000e+00
1.453000000000000000e+07 0.000000000000000000e+00
1.529000000000000000e+07 0.000000000000000000e+00
1.608000000000000000e+07 0.000000000000000000e+00
1.692000000000000000e+07 0.000000000000000000e+00
1.780000000000000000e+07 0.000000000000000000e+00
1.873000000000000000e+07 0.000000000000000000e+00
1.971000000000000000e+07 0.000000000000000000e+00
2.073000000000000000e+07 0.000000000000000000e+00
2.181000000000000000e+07 0.000000000000000000e+00
2.295000000000000000e+07 0.000000000000000000e+00
2.414000000000000000e+07 0.000000000000000000e+00
2.540000000000000000e+07 0.000000000000000000e+00
2.672000000000000000e+07 0.000000000000000000e+00
2.811000000000000000e+07 0.000000000000000000e+00
2.958000000000000000e+07 0.000000000000000000e+00
3.112000000000000000e+07 0.000000000000000000e+00
3.274000000000000000e+07 0.000000000000000000e+00
3.444000000000000000e+07 0.000000000000000000e+00
3.623000000000000000e+07 0.000000000000000000e+00
3.812000000000000000e+07 0.000000000000000000e+00
4.011000000000000000e+07 0.000000000000000000e+00
4.219000000000000000e+07 0.000000000000000000e+00
4.439000000000000000e+07 0.000000000000000000e+00
4.670000000000000000e+07 0.000000000000000000e+00
4.913000000000000000e+07 0.000000000000000000e+00
5.169000000000000000e+07 0.000000000000000000e+00
5.438000000000000000e+07 0.000000000000000000e+00
5.722000000000000000e+07 0.000000000000000000e+00
6.019000000000000000e+07 0.000000000000000000e+00
6.333000000000000000e+07 0.000000000000000000e+00
6.663000000000000000e+07 0.000000000000000000e+00
7.010000000000000000e+07 0.000000000000000000e+00
7.375000000000000000e+07 0.000000000000000000e+00
7.759000000000000000e+07 0.000000000000000000e+00
8.163000000000000000e+07 0.000000000000000000e+00
8.588000000000000000e+07 0.000000000000000000e+00
9.035000000000000000e+07 0.000000000000000000e+00
9.505000000000000000e+07 0.000000000000000000e+00
1.000000000000000000e+08 0.000000000000000000e+00
