1.000000000000000021e-03 4.624111343324391221e+00
1.051999999999999984e-03 4.328461270034870800e+00
1.106999999999999911e-03 3.988658773104972965e+00
1.163999999999999887e-03 3.733509333036655331e+00
1.224999999999999960e-03 3.406519270699502222e+00
1.288999999999999998e-03 3.205784380338135620e+00
1.356000000000000000e-03 2.908003664078873562e+00
1.427000000000000100e-03 2.741077841605146226e+00
1.500999999999999947e-03 2.521668445539225534e+00
1.579000000000000108e-03 2.380288391811291149e+00
1.661000000000000150e-03 2.221704787454491292e+00
1.747999999999999988e-03 2.089997456849236102e+00
1.839000000000000140e-03 2.017020999693225569e+00
1.935000000000000088e-03 1.879896069444227935e+00
2.034999999999999917e-03 1.875185383411366757e+00
2.141000000000000108e-03 1.776290350256431116e+00
2.252999999999999794e-03 1.775147924303720703e+00
2.370000000000000145e-03 1.747649618758026380e+00
2.492999999999999990e-03 1.767763321750295047e+00
2.623000000000000331e-03 1.786563533765720413e+00
2.759999999999999867e-03 1.808474790925366005e+00
2.903999999999999897e-03 1.874827421619441603e+00
3.054999999999999990e-03 1.918743385006344448e+00
3.213999999999999843e-03 2.009472082567233198e+00
3.380999999999999891e-03 2.069223923619852190e+00
3.556999999999999832e-03 2.157878665252898731e+00
3.742000000000000100e-03 2.248494563967005533e+00
3.936999999999999528e-03 2.375597748354616900e+00
4.142000000000000716e-03 2.459934436649089395e+00
4.357999999999999895e-03 2.601049274780114828e+00
4.585000000000000533e-03 2.705615324463798377e+00
4.824000000000000163e-03 2.867323542514546464e+00
5.074999999999999650e-03 2.985601634044238839e+00
5.338999999999999996e-03 3.113573896805277741e+00
5.616999999999999597e-03 3.251996991642230661e+00
5.908999999999999322e-03 3.390157352678515146e+00
6.217000000000000304e-03 3.541717740434095596e+00
6.540999999999999939e-03 3.683628969663776065e+00
6.880999999999999964e-03 3.835671853173570511e+00
7.239999999999999908e-03 4.001188089332861075e+00
7.617000000000000506e-03 4.126815858219186950e+00
8.012999999999999290e-03 4.306097479862676991e+00
8.429999999999999993e-03 4.411315147765143330e+00
8.868999999999998413e-03 4.576094282379863820e+00
9.330999999999999017e-03 4.679349102036314711e+00
9.816999999999999338e-03 4.869585743741944306e+00
1.032999999999999891e-02 4.956069992655050882e+00
1.086999999999999945e-02 5.119081502621998681e+00
1.143000000000000092e-02 5.228884334975402837e+00
1.203000000000000076e-02 5.371889413521858003e+00
1.264999999999999979e-02 5.467976346553834688e+00
1.330999999999999892e-02 5.593866228823061171e+00
1.400999999999999988e-02 5.696729411301510559e+00
1.473000000000000004e-02 5.780141047140778809e+00
1.549999999999999989e-02 5.890671042813494296e+00
1.631000000000000158e-02 5.970189823515394956e+00
1.715999999999999817e-02 6.053418724581773880e+00
1.805000000000000007e-02 6.130438459489653269e+00
1.898999999999999994e-02 6.186495586381560052e+00
1.997999999999999776e-02 6.231999797445588740e+00
2.101999999999999702e-02 6.289636028968472736e+00
2.212000000000000077e-02 6.305465799016539918e+00
2.326999999999999902e-02 6.371738444554924996e+00
2.447999999999999829e-02 6.356995884015041121e+00
2.574999999999999858e-02 6.397181919008824380e+00
2.708999999999999950e-02 6.367568055079519063e+00
2.850000000000000103e-02 6.384954881130633808e+00
2.998999999999999930e-02 6.356154247494936627e+00
3.155000000000000165e-02 6.333846193626575527e+00
3.318999999999999728e-02 6.302808588156588954e+00
3.491999999999999965e-02 6.254241486656098026e+00
3.673999999999999488e-02 6.213328184044530467e+00
3.864999999999999686e-02 6.153021757061819308e+00
4.066000000000000170e-02 6.086868949646246918e+00
4.277999999999999858e-02 6.010994986611623681e+00
4.500999999999999446e-02 5.933589497433539250e+00
4.734999999999999626e-02 5.838192592892189836e+00
4.982000000000000317e-02 5.755682069039807836e+00
5.240999999999999825e-02 5.637441155744864041e+00
5.513999999999999457e-02 5.546175592197769788e+00
5.800999999999999907e-02 5.414326035165365703e+00
6.102999999999999398e-02 5.312313701543813771e+00
6.421000000000000318e-02 5.167778908230717505e+00
6.755999999999999506e-02 5.050441022062443608e+00
7.106999999999999429e-02 4.905417129041365953e+00
7.477000000000000313e-02 4.778684264656725134e+00
7.867000000000000381e-02 4.630481050232233997e+00
8.276000000000000023e-02 4.494319770132593206e+00
8.707000000000000850e-02 4.344040572096854014e+00
9.160999999999999699e-02 4.196192907276279804e+00
9.637999999999999345e-02 4.055470967355065959e+00
1.014000000000000040e-01 3.897798548563064625e+00
1.067000000000000032e-01 3.756485403953924607e+00
1.122000000000000081e-01 3.597824103506886306e+00
1.180999999999999966e-01 3.454927520521240414e+00
1.242000000000000048e-01 3.303720184992089415e+00
1.307000000000000106e-01 3.155751899465483401e+00
1.375000000000000111e-01 3.010630311136397452e+00
1.446999999999999953e-01 2.864173047684446249e+00
1.522000000000000020e-01 2.728223533960828728e+00
1.600999999999999923e-01 2.585545796082947323e+00
1.683999999999999941e-01 2.454704092969066220e+00
1.771999999999999964e-01 2.319350006456003310e+00
1.864000000000000101e-01 2.196128571283474606e+00
1.960999999999999965e-01 2.072886783657080123e+00
2.064000000000000001e-01 1.953689482928508081e+00
2.170999999999999874e-01 1.842457785404583159e+00
2.283999999999999919e-01 1.730223099294056155e+00
2.403000000000000136e-01 1.631310616386329349e+00
2.528000000000000247e-01 1.528885138661920662e+00
2.660000000000000142e-01 1.439046311678097378e+00
2.798000000000000487e-01 1.347996417723126061e+00
2.943999999999999950e-01 1.270405785888226058e+00
3.096999999999999753e-01 1.191249711618307394e+00
3.259000000000000230e-01 1.125222467728364872e+00
3.427999999999999936e-01 1.059720978502612709e+00
3.606999999999999651e-01 1.005072030355632862e+00
3.795000000000000040e-01 9.518598936047976133e-01
3.991999999999999993e-01 9.097808293871407770e-01
4.200000000000000400e-01 8.698910959923803476e-01
4.419000000000000150e-01 8.388511705979727617e-01
4.649000000000000354e-01 8.141080794243542584e-01
4.891000000000000347e-01 7.952471260923402729e-01
5.144999999999999574e-01 7.855110877093425259e-01
5.413000000000000034e-01 7.790822846276951319e-01
5.695000000000000062e-01 7.833986155131873463e-01
5.992000000000000659e-01 7.918675742332933476e-01
6.304000000000000714e-01 8.101837429293466952e-01
6.632000000000000117e-01 8.333002099378400418e-01
6.976999999999999869e-01 8.665628715030840867e-01
7.340999999999999748e-01 9.061471644470292519e-01
7.722999999999999865e-01 9.551008002648836426e-01
8.125000000000000000e-01 1.012271409600810745e+00
8.548000000000000043e-01 1.078208963568004108e+00
8.992999999999999883e-01 1.154482535186119208e+00
9.460999999999999410e-01 1.239327745761005684e+00
9.954000000000000625e-01 1.336250257438620803e+00
1.046999999999999931e+00 1.441534374074056490e+00
1.101999999999999869e+00 1.562551737557066556e+00
1.159000000000000030e+00 1.690765519701908248e+00
1.219000000000000083e+00 1.835465390143280695e+00
1.283000000000000140e+00 1.991790185662434043e+00
1.350000000000000089e+00 2.166751148316582665e+00
1.419999999999999929e+00 2.351297043392643449e+00
1.493999999999999995e+00 2.557329199345905746e+00
1.572000000000000064e+00 2.777270774881468007e+00
1.654000000000000137e+00 3.018527364759902465e+00
1.739999999999999991e+00 3.275663965230391828e+00
1.830000000000000071e+00 3.553748312258250053e+00
1.925999999999999934e+00 3.856706233782532856e+00
2.025999999999999801e+00 4.179149339086334791e+00
2.131000000000000227e+00 4.525604640300469939e+00
2.241999999999999993e+00 4.896484456638060756e+00
2.358999999999999986e+00 5.296637981099714843e+00
2.481999999999999762e+00 5.719095693823488702e+00
2.611000000000000210e+00 6.168394790590110865e+00
2.746999999999999886e+00 6.641766383179070310e+00
2.890000000000000124e+00 7.132218318052680139e+00
3.040999999999999925e+00 7.650277732154799892e+00
3.198999999999999844e+00 8.150258407967617913e+00
3.366000000000000103e+00 8.676027960248509530e+00
3.540999999999999925e+00 9.126298631336755562e+00
3.725000000000000089e+00 9.575353426101523624e+00
3.918999999999999595e+00 9.874560835854405028e+00
4.123000000000000220e+00 1.010296964440988532e+01
4.338000000000000078e+00 1.011744144359387043e+01
4.564000000000000057e+00 9.938122988392827040e+00
4.801000000000000156e+00 9.558192860716266281e+00
5.051000000000000156e+00 8.876159493335725514e+00
5.314000000000000057e+00 8.084924991982214593e+00
5.590999999999999304e+00 7.057042155824807317e+00
5.881999999999999673e+00 5.991905059832218328e+00
6.187999999999999723e+00 4.957358717002425585e+00
6.511000000000000121e+00 3.872365585994005599e+00
6.850000000000000533e+00 3.084670758877883667e+00
7.205999999999999517e+00 2.257474511296599928e+00
7.581999999999999851e+00 1.740113079696266940e+00
7.976000000000000867e+00 1.244225271361800944e+00
8.391999999999999460e+00 9.324633410347031859e-01
8.829000000000000625e+00 6.748287314281682381e-01
9.288000000000000256e+00 4.990141698744735010e-01
9.772000000000000242e+00 3.718562301692641681e-01
1.027999999999999936e+01 2.681464541714727590e-01
1.082000000000000028e+01 1.895096956579552239e-01
1.137999999999999901e+01 1.236510251349904055e-01
1.196999999999999886e+01 8.209288283743881864e-02
1.259999999999999964e+01 4.481566373530895125e-02
1.325000000000000000e+01 2.929685591569428094e-02
1.393999999999999950e+01 1.405576655820717571e-02
1.466999999999999993e+01 9.408914831874296003e-03
1.542999999999999972e+01 4.571100461555608653e-03
1.623000000000000043e+01 2.938063811685195491e-03
1.708000000000000185e+01 1.317145193655798897e-03
1.796999999999999886e+01 7.219442817009557190e-04
1.889999999999999858e+01 3.142527110883452696e-04
1.989000000000000057e+01 1.384756995885370759e-04
2.092000000000000171e+01 6.518689354736124735e-05
2.200999999999999801e+01 2.508886230469998982e-05
2.316000000000000014e+01 1.151065429309154380e-05
2.437000000000000099e+01 3.035151320954176885e-06
2.562999999999999901e+01 1.499380163267120236e-06
2.697000000000000242e+01 3.360013550158032355e-07
2.837000000000000099e+01 1.687134773747456598e-07
2.985000000000000142e+01 2.284215358919982004e-08
3.139999999999999858e+01 1.214459904677344567e-08
3.303999999999999915e+01 1.390617408919716123e-09
3.475999999999999801e+01 7.619057870251502586e-10
3.657000000000000028e+01 1.002961939314526983e-10
3.846999999999999886e+01 2.735011352661872590e-11
4.048000000000000398e+01 5.851014668256548592e-12
4.259000000000000341e+01 7.872943986039402455e-13
4.479999999999999716e+01 2.190774328872370546e-13
4.714000000000000057e+01 1.176836052996849772e-14
4.959000000000000341e+01 3.996324174287131900e-15
5.217000000000000171e+01 1.324535825649111322e-16
5.489000000000000057e+01 5.164478133899766793e-17
5.775000000000000000e+01 7.383382445336992532e-19
6.075000000000000000e+01 3.230194548830560664e-19
6.392000000000000171e+01 2.344686139341037677e-21
6.723999999999999488e+01 1.120825698051934363e-21
7.075000000000000000e+01 4.089048931630545645e-24
7.442999999999999261e+01 2.096497647336528241e-24
7.829999999999999716e+01 3.030788569028608182e-27
8.237999999999999545e+01 1.648351862600168988e-27
8.667000000000000171e+01 1.947586722657169047e-28
9.117999999999999261e+01 7.398597813992829016e-31
9.593000000000000682e+01 1.569650856595608419e-31
1.009000000000000057e+02 1.014652378056372136e-34
1.062000000000000028e+02 2.892895220853818139e-35
1.116999999999999886e+02 5.594589040153766244e-39
1.175000000000000000e+02 1.984138335804713155e-39
1.236000000000000085e+02 1.094482056200880555e-43
1.300999999999999943e+02 4.403015133637210656e-44
1.369000000000000057e+02 5.684535527614231087e-49
1.440000000000000000e+02 2.564929143265105760e-49
1.515000000000000000e+02 7.038529696115982601e-55
1.593999999999999773e+02 3.440822134331610746e-55
1.676999999999999886e+02 1.736173407704847369e-61
1.764000000000000057e+02 9.120842973386049253e-62
1.855999999999999943e+02 4.063415050913651901e-63
1.952000000000000171e+02 3.973164690184739019e-69
2.054000000000000057e+02 6.187467492128331106e-70
2.160999999999999943e+02 3.019197974360682145e-77
2.273999999999999773e+02 7.236025615373407447e-78
2.391999999999999886e+02 2.106979104574621497e-86
2.516999999999999886e+02 6.557042502260892118e-87
2.647999999999999545e+02 1.636116622498464548e-96
2.785000000000000000e+02 6.148376366665904136e-97
2.930000000000000000e+02 7.843924088902666073e-108
3.083000000000000114e+02 3.316299209968510859e-108
3.244000000000000341e+02 1.762527902172631225e-120
3.411999999999999886e+02 8.257256849691667953e-121
3.590000000000000000e+02 1.328475325522198774e-134
3.776999999999999886e+02 6.691636654949682946e-135
3.973999999999999773e+02 2.945139717793330419e-150
4.181000000000000227e+02 1.578146284972062753e-150
4.398000000000000114e+02 1.451014391547005820e-151
4.626999999999999886e+02 5.512803720474462500e-168
4.868000000000000114e+02 1.053302887279550145e-168
5.122000000000000455e+02 1.666983635002693790e-187
5.387999999999999545e+02 4.540018567240120179e-188
5.668999999999999773e+02 3.706277139553977070e-209
5.964000000000000909e+02 1.251923137630231407e-209
6.275000000000000000e+02 2.274035604426989723e-233
6.601000000000000227e+02 8.961179276050340758e-234
6.945000000000000000e+02 2.579493354917125291e-260
7.307000000000000455e+02 1.134790845260443637e-260
7.687000000000000455e+02 2.375616097022301944e-290
8.087999999999999545e+02 1.141015906216925920e-290
8.508999999999999773e+02 0.000000000000000000e+00
8.952000000000000455e+02 0.000000000000000000e+00
9.417999999999999545e+02 0.000000000000000000e+00
9.908000000000000682e+02 0.000000000000000000e+00
1.042000000000000000e+03 0.000000000000000000e+00
1.097000000000000000e+03 0.000000000000000000e+00
1.154000000000000000e+03 0.000000000000000000e+00
1.214000000000000000e+03 0.000000000000000000e+00
1.277000000000000000e+03 0.000000000000000000e+00
1.344000000000000000e+03 0.000000000000000000e+00
1.414000000000000000e+03 0.000000000000000000e+00
1.487000000000000000e+03 0.000000000000000000e+00
1.565000000000000000e+03 0.000000000000000000e+00
1.646000000000000000e+03 0.000000000000000000e+00
1.732000000000000000e+03 0.000000000000000000e+00
1.822000000000000000e+03 0.000000000000000000e+00
1.917000000000000000e+03 0.000000000000000000e+00
2.017000000000000000e+03 0.000000000000000000e+00
2.122000000000000000e+03 0.000000000000000000e+00
2.232000000000000000e+03 0.000000000000000000e+00
2.348000000000000000e+03 0.000000000000000000e+00
2.470000000000000000e+03 0.000000000000000000e+00
2.599000000000000000e+03 0.000000000000000000e+00
2.734000000000000000e+03 0.000000000000000000e+00
2.877000000000000000e+03 0.000000000000000000e+00
3.027000000000000000e+03 0.000000000000000000e+00
3.184000000000000000e+03 0.000000000000000000e+00
3.350000000000000000e+03 0.000000000000000000e+00
3.524000000000000000e+03 0.000000000000000000e+00
3.708000000000000000e+03 0.000000000000000000e+00
3.901000000000000000e+03 0.000000000000000000e+00
4.104000000000000000e+03 0.000000000000000000e+00
4.318000000000000000e+03 0.000000000000000000e+00
4.543000000000000000e+03 0.000000000000000000e+00
4.779000000000000000e+03 0.000000000000000000e+00
5.028000000000000000e+03 0.000000000000000000e+00
5.290000000000000000e+03 0.000000000000000000e+00
5.565000000000000000e+03 0.000000000000000000e+00
5.855000000000000000e+03 0.000000000000000000e+00
6.160000000000000000e+03 0.000000000000000000e+00
6.481000000000000000e+03 0.000000000000000000e+00
6.818000000000000000e+03 0.000000000000000000e+00
7.173000000000000000e+03 0.000000000000000000e+00
7.547000000000000000e+03 0.000000000000000000e+00
7.940000000000000000e+03 0.000000000000000000e+00
8.353000000000000000e+03 0.000000000000000000e+00
8.788000000000000000e+03 0.000000000000000000e+00
9.246000000000000000e+03 0.000000000000000000e+00
9.727000000000000000e+03 0.000000000000000000e+00
1.023000000000000000e+04 0.000000000000000000e+00
1.077000000000000000e+04 0.000000000000000000e+00
1.133000000000000000e+04 0.000000000000000000e+00
1.192000000000000000e+04 0.000000000000000000e+00
1.254000000000000000e+04 0.000000000000000000e+00
1.319000000000000000e+04 0.000000000000000000e+00
1.388000000000000000e+04 0.000000000000000000e+00
1.460000000000000000e+04 0.000000000000000000e+00
1.536000000000000000e+04 0.000000000000000000e+00
1.616000000000000000e+04 0.000000000000000000e+00
1.700000000000000000e+04 0.000000000000000000e+00
1.789000000000000000e+04 0.000000000000000000e+00
1.882000000000000000e+04 0.000000000000000000e+00
1.980000000000000000e+04 0.000000000000000000e+00
2.083000000000000000e+04 0.000000000000000000e+00
2.191000000000000000e+04 0.000000000000000000e+00
2.305000000000000000e+04 0.000000000000000000e+00
2.425000000000000000e+04 0.000000000000000000e+00
2.552000000000000000e+04 0.000000000000000000e+00
2.684000000000000000e+04 0.000000000000000000e+00
2.824000000000000000e+04 0.000000000000000000e+00
2.971000000000000000e+04 0.000000000000000000e+00
3.126000000000000000e+04 0.000000000000000000e+00
3.289000000000000000e+04 0.000000000000000000e+00
3.460000000000000000e+04 0.000000000000000000e+00
3.640000000000000000e+04 0.000000000000000000e+00
3.830000000000000000e+04 0.000000000000000000e+00
4.029000000000000000e+04 0.000000000000000000e+00
4.239000000000000000e+04 0.000000000000000000e+00
4.460000000000000000e+04 0.000000000000000000e+00
4.692000000000000000e+04 0.000000000000000000e+00
4.936000000000000000e+04 0.000000000000000000e+00
5.193000000000000000e+04 0.000000000000000000e+00
5.464000000000000000e+04 0.000000000000000000e+00
5.748000000000000000e+04 0.000000000000000000e+00
6.047000000000000000e+04 0.000000000000000000e+00
6.362000000000000000e+04 0.000000000000000000e+00
6.693000000000000000e+04 0.000000000000000000e+00
7.042000000000000000e+04 0.000000000000000000e+00
7.409000000000000000e+04 0.000000000000000000e+00
7.794000000000000000e+04 0.000000000000000000e+00
8.200000000000000000e+04 0.000000000000000000e+00
8.627000000000000000e+04 0.000000000000000000e+00
9.076000000000000000e+04 0.000000000000000000e+00
9.549000000000000000e+04 0.000000000000000000e+00
1.005000000000000000e+05 0.000000000000000000e+00
1.057000000000000000e+05 0.000000000000000000e+00
1.112000000000000000e+05 0.000000000000000000e+00
1.170000000000000000e+05 0.000000000000000000e+00
1.231000000000000000e+05 0.000000000000000000e+00
1.295000000000000000e+05 0.000000000000000000e+00
1.362000000000000000e+05 0.000000000000000000e+00
1.433000000000000000e+05 0.000000000000000000e+00
1.508000000000000000e+05 0.000000000000000000e+00
1.586000000000000000e+05 0.000000000000000000e+00
1.669000000000000000e+05 0.000000000000000000e+00
1.756000000000000000e+05 0.000000000000000000e+00
1.847000000000000000e+05 0.000000000000000000e+00
1.943000000000000000e+05 0.000000000000000000e+00
2.045000000000000000e+05 0.000000000000000000e+00
2.151000000000000000e+05 0.000000000000000000e+00
2.263000000000000000e+05 0.000000000000000000e+00
2.381000000000000000e+05 0.000000000000000000e+00
2.505000000000000000e+05 0.000000000000000000e+00
2.635000000000000000e+05 0.000000000000000000e+00
2.773000000000000000e+05 0.000000000000000000e+00
2.917000000000000000e+05 0.000000000000000000e+00
3.069000000000000000e+05 0.000000000000000000e+00
3.229000000000000000e+05 0.000000000000000000e+00
3.397000000000000000e+05 0.000000000000000000e+00
3.574000000000000000e+05 0.000000000000000000e+00
3.760000000000000000e+05 0.000000000000000000e+00
3.955000000000000000e+05 0.000000000000000000e+00
4.161000000000000000e+05 0.000000000000000000e+00
4.378000000000000000e+05 0.000000000000000000e+00
4.606000000000000000e+05 0.000000000000000000e+00
4.846000000000000000e+05 0.000000000000000000e+00
5.098000000000000000e+05 0.000000000000000000e+00
5.364000000000000000e+05 0.000000000000000000e+00
5.643000000000000000e+05 0.000000000000000000e+00
5.937000000000000000e+05 0.000000000000000000e+00
6.246000000000000000e+05 0.000000000000000000e+00
6.571000000000000000e+05 0.000000000000000000e+00
6.913000000000000000e+05 0.000000000000000000e+00
7.273000000000000000e+05 0.000000000000000000e+00
7.652000000000000000e+05 0.000000000000000000e+00
8.050000000000000000e+05 0.000000000000000000e+00
8.469000000000000000e+05 0.000000000000000000e+00
8.910000000000000000e+05 0.000000000000000000e+00
9.374000000000000000e+05 0.000000000000000000e+00
9.863000000000000000e+05 0.000000000000000000e+00
1.038000000000000000e+06 0.000000000000000000e+00
1.092000000000000000e+06 0.000000000000000000e+00
1.148000000000000000e+06 0.000000000000000000e+00
1.208000000000000000e+06 0.000000000000000000e+00
1.271000000000000000e+06 0.000000000000000000e+00
1.337000000000000000e+06 0.000000000000000000e+00
1.407000000000000000e+06 0.000000000000000000e+00
1.480000000000000000e+06 0.000000000000000000e+00
1.557000000000000000e+06 0.000000000000000000e+00
1.638000000000000000e+06 0.000000000000000000e+00
1.724000000000000000e+06 0.000000000000000000e+00
1.814000000000000000e+06 0.000000000000000000e+00
1.908000000000000000e+06 0.000000000000000000e+00
2.007000000000000000e+06 0.000000000000000000e+00
2.112000000000000000e+06 0.000000000000000000e+00
2.222000000000000000e+06 0.000000000000000000e+00
2.337000000000000000e+06 0.000000000000000000e+00
2.459000000000000000e+06 0.000000000000000000e+00
2.587000000000000000e+06 0.000000000000000000e+00
2.722000000000000000e+06 0.000000000000000000e+00
2.864000000000000000e+06 0.000000000000000000e+00
3.013000000000000000e+06 0.000000000000000000e+00
3.170000000000000000e+06 0.000000000000000000e+00
3.335000000000000000e+06 0.000000000000000000e+00
3.508000000000000000e+06 0.000000000000000000e+00
3.691000000000000000e+06 0.000000000000000000e+00
3.883000000000000000e+06 0.000000000000000000e+00
4.085000000000000000e+06 0.000000000000000000e+00
4.298000000000000000e+06 0.000000000000000000e+00
4.522000000000000000e+06 0.000000000000000000e+00
4.757000000000000000e+06 0.000000000000000000e+00
5.005000000000000000e+06 0.000000000000000000e+00
5.266000000000000000e+06 0.000000000000000000e+00
5.540000000000000000e+06 0.000000000000000000e+00
5.828000000000000000e+06 0.000000000000000000e+00
6.132000000000000000e+06 0.000000000000000000e+00
6.451000000000000000e+06 0.000000000000000000e+00
6.787000000000000000e+06 0.000000000000000000e+00
7.140000000000000000e+06 0.000000000000000000e+00
7.512000000000000000e+06 0.000000000000000000e+00
7.903000000000000000e+06 0.000000000000000000e+00
8.315000000000000000e+06 0.000000000000000000e+00
8.748000000000000000e+06 0.000000000000000000e+00
9.203000000000000000e+06 0.000000000000000000e+00
9.682000000000000000e+06 0.000000000000000000e+00
1.019000000000000000e+07 0.000000000000000000e+00
1.072000000000000000e+07 0.000000000000000000e+00
1.127000000000000000e+07 0.000000000000000000e+00
1.186000000000000000e+07 0.000000000000000000e+00
1.248000000000000000e+07 0.000000000000000000e+00
1.313000000000000000e+07 0.000000000000000000e+00
1.381000000000000000e+07 0.000000000000000000e+00
1.453000000000000000e+07 0.000000000000000000e+00
1.529000000000000000e+07 0.000000000000000000e+00
1.608000000000000000e+07 0.000000000000000000e+00
1.692000000000000000e+07 0.000000000000000000e+00
1.780000000000000000e+07 0.000000000000000000e+00
1.873000000000000000e+07 0.000000000000000000e+00
1.971000000000000000e+07 0.000000000000000000e+00
2.073000000000000000e+07 0.000000000000000000e+00
2.181000000000000000e+07 0.000000000000000000e+00
2.295000000000000000e+07 0.000000000000000000e+00
2.414000000000000000e+07 0.000000000000000000e+00
2.540000000000000000e+07 0.000000000000000000e+00
2.672000000000000000e+07 0.000000000000000000e+00
2.811000000000000000e+07 0.000000000000000000e+00
2.958000000000000000e+07 0.000000000000000000e+00
3.112000000000000000e+07 0.000000000000000000e+00
3.274000000000000000e+07 0.000000000000000000e+00
3.444000000000000000e+07 0.000000000000000000e+00
3.623000000000000000e+07 0.000000000000000000e+00
3.812000000000000000e+07 0.000000000000000000e+00
4.011000000000000000e+07 0.000000000000000000e+00
4.219000000000000000e+07 0.000000000000000000e+00
4.439000000000000000e+07 0.000000000000000000e+00
4.670000000000000000e+07 0.000000000000000000e+00
4.913000000000000000e+07 0.000000000000000000e+00
5.169000000000000000e+07 0.000000000000000000e+00
5.438000000000000000e+07 0.000000000000000000e+00
5.722000000000000000e+07 0.000000000000000000e+00
6.019000000000000000e+07 0.000000000000000000e+00
6.333000000000000000e+07 0.000000000000000000e+00
6.663000000000000000e+07 0.000000000000000000e+00
7.010000000000000000e+07 0.000000000000000000e+00
7.375000000000000000e+07 0.000000000000000000e+00
7.759000000000000000e+07 0.000000000000000000e+00
8.163000000000000000e+07 0.000000000000000000e+00
8.588000000000000000e+07 0.000000000000000000e+00
9.035000000000000000e+07 0.000000000000000000e+00
9.505000000000000000e+07 0.000000000000000000e+00
1.000000000000000000e+08 0.000000000000000000e+00
