1.000000000000000021e-03 7.490992445701990299e+00
1.051999999999999984e-03 7.477687432387967625e+00
1.106999999999999911e-03 7.505557272256140777e+00
1.163999999999999887e-03 7.533286430700064429e+00
1.224999999999999960e-03 7.592012362939338566e+00
1.288999999999999998e-03 7.642895955224791038e+00
1.356000000000000000e-03 7.717595821609189777e+00
1.427000000000000100e-03 7.795078945763378009e+00
1.500999999999999947e-03 7.879620104092676769e+00
1.579000000000000108e-03 7.975430837421990660e+00
1.661000000000000150e-03 8.052253002730088483e+00
1.747999999999999988e-03 8.155398705261941217e+00
1.839000000000000140e-03 8.248328117193093334e+00
1.935000000000000088e-03 8.367708214476072826e+00
2.034999999999999917e-03 8.456610227354032006e+00
2.141000000000000108e-03 8.576244398974420591e+00
2.252999999999999794e-03 8.682448342672813624e+00
2.370000000000000145e-03 8.794124492032574736e+00
2.492999999999999990e-03 8.907409052892610646e+00
2.623000000000000331e-03 9.001242319999423813e+00
2.759999999999999867e-03 9.110529767769911302e+00
2.903999999999999897e-03 9.207578645181632382e+00
3.054999999999999990e-03 9.321251919314422096e+00
3.213999999999999843e-03 9.412416974491483401e+00
3.380999999999999891e-03 9.519940983179912664e+00
3.556999999999999832e-03 9.615489537902409012e+00
3.742000000000000100e-03 9.702188571137424944e+00
3.936999999999999528e-03 9.786659230358102590e+00
4.142000000000000716e-03 9.859745022581593688e+00
4.357999999999999895e-03 9.925897130074174513e+00
4.585000000000000533e-03 9.977453204226895522e+00
4.824000000000000163e-03 1.004184603058245706e+01
5.074999999999999650e-03 1.007817603255490901e+01
5.338999999999999996e-03 1.011951111927593061e+01
5.616999999999999597e-03 1.015698731056430759e+01
5.908999999999999322e-03 1.018672754148244408e+01
6.217000000000000304e-03 1.020829849392518796e+01
6.540999999999999939e-03 1.022482712932164439e+01
6.880999999999999964e-03 1.023822558936348592e+01
7.239999999999999908e-03 1.023958812939614305e+01
7.617000000000000506e-03 1.023720583683765284e+01
8.012999999999999290e-03 1.022663286674621830e+01
8.429999999999999993e-03 1.021092792789920267e+01
8.868999999999998413e-03 1.018409178058193376e+01
9.330999999999999017e-03 1.014934886316058638e+01
9.816999999999999338e-03 1.009634988489914420e+01
1.032999999999999891e-02 1.004355758933708032e+01
1.086999999999999945e-02 9.966755592861185065e+00
1.143000000000000092e-02 9.905082255269668678e+00
1.203000000000000076e-02 9.812890631827016819e+00
1.264999999999999979e-02 9.726668353950884693e+00
1.330999999999999892e-02 9.627120304528865802e+00
1.400999999999999988e-02 9.534093476472889961e+00
1.473000000000000004e-02 9.435030546550256858e+00
1.549999999999999989e-02 9.334250650978139774e+00
1.631000000000000158e-02 9.226491210933140508e+00
1.715999999999999817e-02 9.115857276597658654e+00
1.805000000000000007e-02 9.006395832525585732e+00
1.898999999999999994e-02 8.890147683878598883e+00
1.997999999999999776e-02 8.770570212527328380e+00
2.101999999999999702e-02 8.639392351993528507e+00
2.212000000000000077e-02 8.509258512176877787e+00
2.326999999999999902e-02 8.365005986450315234e+00
2.447999999999999829e-02 8.223381984519065213e+00
2.574999999999999858e-02 8.064489195185180037e+00
2.708999999999999950e-02 7.908165372938557702e+00
2.850000000000000103e-02 7.742204034658092482e+00
2.998999999999999930e-02 7.584398681057530567e+00
3.155000000000000165e-02 7.419916195126956993e+00
3.318999999999999728e-02 7.269103141226340270e+00
3.491999999999999965e-02 7.117069488343800820e+00
3.673999999999999488e-02 6.979790172730907294e+00
3.864999999999999686e-02 6.842647570697724113e+00
4.066000000000000170e-02 6.713885734471887190e+00
4.277999999999999858e-02 6.587416581247386382e+00
4.500999999999999446e-02 6.462132180273481907e+00
4.734999999999999626e-02 6.348652702559439476e+00
4.982000000000000317e-02 6.225146238474139615e+00
5.240999999999999825e-02 6.113623463421610005e+00
5.513999999999999457e-02 5.987190894621617687e+00
5.800999999999999907e-02 5.871246763262608859e+00
6.102999999999999398e-02 5.740637396868796039e+00
6.421000000000000318e-02 5.615348100743849713e+00
6.755999999999999506e-02 5.483472772548097396e+00
7.106999999999999429e-02 5.358218143791869892e+00
7.477000000000000313e-02 5.243820897434714468e+00
7.867000000000000381e-02 5.133492847332238540e+00
8.276000000000000023e-02 5.049000106343827454e+00
8.707000000000000850e-02 4.968035880915093294e+00
9.160999999999999699e-02 4.914737406491943794e+00
9.637999999999999345e-02 4.863365995492137550e+00
1.014000000000000040e-01 4.833039523591050823e+00
1.067000000000000032e-01 4.804380623917667847e+00
1.122000000000000081e-01 4.788162438209923266e+00
1.180999999999999966e-01 4.777257940858106622e+00
1.242000000000000048e-01 4.768730360097327647e+00
1.307000000000000106e-01 4.764855094990918971e+00
1.375000000000000111e-01 4.751639193219890700e+00
1.446999999999999953e-01 4.742955613079063326e+00
1.522000000000000020e-01 4.715266479136795752e+00
1.600999999999999923e-01 4.693970061307039643e+00
1.683999999999999941e-01 4.660421450864646431e+00
1.771999999999999964e-01 4.635392145921205298e+00
1.864000000000000101e-01 4.621618775966228831e+00
1.960999999999999965e-01 4.616344111084290880e+00
2.064000000000000001e-01 4.643189588791964084e+00
2.170999999999999874e-01 4.676599430015343728e+00
2.283999999999999919e-01 4.743385620814804859e+00
2.403000000000000136e-01 4.812781033671197584e+00
2.528000000000000247e-01 4.906985058268270805e+00
2.660000000000000142e-01 5.000684854955185443e+00
2.798000000000000487e-01 5.108530225729538188e+00
2.943999999999999950e-01 5.218495510126968995e+00
3.096999999999999753e-01 5.326791015195674994e+00
3.259000000000000230e-01 5.436007522115593460e+00
3.427999999999999936e-01 5.525411134406057023e+00
3.606999999999999651e-01 5.610898836911450971e+00
3.795000000000000040e-01 5.663742942256935642e+00
3.991999999999999993e-01 5.710892954170443403e+00
4.200000000000000400e-01 5.737061970638923647e+00
4.419000000000000150e-01 5.762404359863186443e+00
4.649000000000000354e-01 5.801274947713483066e+00
4.891000000000000347e-01 5.843311564725306440e+00
5.144999999999999574e-01 5.926166466057995130e+00
5.413000000000000034e-01 6.016773542243766926e+00
5.695000000000000062e-01 6.144275978955824336e+00
5.992000000000000659e-01 6.278049201330767382e+00
6.304000000000000714e-01 6.429139023888186699e+00
6.632000000000000117e-01 6.585031801058146783e+00
6.976999999999999869e-01 6.740208480846186845e+00
7.340999999999999748e-01 6.902703626265109804e+00
7.722999999999999865e-01 7.044827197497207649e+00
8.125000000000000000e-01 7.184611013917114875e+00
8.548000000000000043e-01 7.286572295440119973e+00
8.992999999999999883e-01 7.364263661424757856e+00
9.460999999999999410e-01 7.395582759334251577e+00
9.954000000000000625e-01 7.383044257380284137e+00
1.046999999999999931e+00 7.346432419810897230e+00
1.101999999999999869e+00 7.269671481325866935e+00
1.159000000000000030e+00 7.211493801100361090e+00
1.219000000000000083e+00 7.142516095037217738e+00
1.283000000000000140e+00 7.108473609899017553e+00
1.350000000000000089e+00 7.098221331565862435e+00
1.419999999999999929e+00 7.102481197706698168e+00
1.493999999999999995e+00 7.138937782112067865e+00
1.572000000000000064e+00 7.154499246116015065e+00
1.654000000000000137e+00 7.195827382690008989e+00
1.739999999999999991e+00 7.198017304392440252e+00
1.830000000000000071e+00 7.209788108872224655e+00
1.925999999999999934e+00 7.185543563746235485e+00
2.025999999999999801e+00 7.127195016501950420e+00
2.131000000000000227e+00 7.038457989747367805e+00
2.241999999999999993e+00 6.858141036373488042e+00
2.358999999999999986e+00 6.635353948559353121e+00
2.481999999999999762e+00 6.284672437719406091e+00
2.611000000000000210e+00 5.887466367633698461e+00
2.746999999999999886e+00 5.396247954285276371e+00
2.890000000000000124e+00 4.872910281649345698e+00
3.040999999999999925e+00 4.351972039567721495e+00
3.198999999999999844e+00 3.825031724841023717e+00
3.366000000000000103e+00 3.380547625465002426e+00
3.540999999999999925e+00 2.961540861658702894e+00
3.725000000000000089e+00 2.623963079746497229e+00
3.918999999999999595e+00 2.315446272284116702e+00
4.123000000000000220e+00 2.050310663247161713e+00
4.338000000000000078e+00 1.791087093694686772e+00
4.564000000000000057e+00 1.554399199333067472e+00
4.801000000000000156e+00 1.316016990693405830e+00
5.051000000000000156e+00 1.089061898661784156e+00
5.314000000000000057e+00 8.794054778222548663e-01
5.590999999999999304e+00 6.753221612649644712e-01
5.881999999999999673e+00 5.246091777317358762e-01
6.187999999999999723e+00 3.780528759755732437e-01
6.511000000000000121e+00 2.849968194235534824e-01
6.850000000000000533e+00 2.012176871042932191e-01
7.205999999999999517e+00 1.489089903426417116e-01
7.581999999999999851e+00 1.068773501095878764e-01
7.976000000000000867e+00 7.852085170705080941e-02
8.391999999999999460e+00 5.797664743659758368e-02
8.829000000000000625e+00 4.153111801921283153e-02
9.288000000000000256e+00 2.919707778989105718e-02
9.772000000000000242e+00 1.897518624464283876e-02
1.027999999999999936e+01 1.244334895109966421e-02
1.082000000000000028e+01 6.851086658551525099e-03
1.137999999999999901e+01 4.401815001396303106e-03
1.196999999999999886e+01 2.150172147272491618e-03
1.259999999999999964e+01 1.411979743724887937e-03
1.325000000000000000e+01 6.966688722760822072e-04
1.393999999999999950e+01 4.393929027020106182e-04
1.466999999999999993e+01 1.987080493091250566e-04
1.542999999999999972e+01 1.081159302396923413e-04
1.623000000000000043e+01 4.706151732408953361e-05
1.708000000000000185e+01 2.078183234800420366e-05
1.796999999999999886e+01 9.675927520483057660e-06
1.889999999999999858e+01 3.763895481662831756e-06
1.989000000000000057e+01 1.694822391686462469e-06
2.092000000000000171e+01 4.579640768079273633e-07
2.200999999999999801e+01 2.201943667194470450e-07
2.316000000000000014e+01 5.056166853199117869e-08
2.437000000000000099e+01 2.445093037245946754e-08
2.562999999999999901e+01 3.450123649515310210e-09
2.697000000000000242e+01 1.760065882790186450e-09
2.837000000000000099e+01 2.102810120323546131e-10
2.985000000000000142e+01 1.109700608801494735e-10
3.139999999999999858e+01 1.482070826555219788e-11
3.303999999999999915e+01 4.005813117331900072e-12
3.475999999999999801e+01 8.533707385856099804e-13
3.657000000000000028e+01 1.163342809446172949e-13
3.846999999999999886e+01 3.172341391673394564e-14
4.048000000000000398e+01 1.746480010811403325e-15
4.259000000000000341e+01 5.755633912785743261e-16
4.479999999999999716e+01 1.974292481323645813e-17
4.714000000000000057e+01 7.432127086928977183e-18
4.959000000000000341e+01 1.105329266090933387e-19
5.217000000000000171e+01 4.651003087853825296e-20
5.489000000000000057e+01 3.521127033872839475e-22
5.775000000000000000e+01 1.609488331776195446e-22
6.075000000000000000e+01 6.164631615271752379e-25
6.392000000000000171e+01 3.014000537826667679e-25
6.723999999999999488e+01 4.577104314905253084e-28
7.075000000000000000e+01 2.393848703852354938e-28
7.442999999999999261e+01 2.802019472945631546e-29
7.829999999999999716e+01 1.085486143542637679e-31
8.237999999999999545e+01 2.258026481452193439e-32
8.667000000000000171e+01 1.493268292316714774e-35
9.117999999999999261e+01 4.179972848520890700e-36
9.593000000000000682e+01 8.300421983895024637e-40
1.009000000000000057e+02 2.856615916198756510e-40
1.062000000000000028e+02 1.622630109967551792e-44
1.116999999999999886e+02 6.366642786110291027e-45
1.175000000000000000e+02 8.564755752949123375e-50
1.236000000000000085e+02 3.729119960417213318e-50
1.300999999999999943e+02 1.057962381358616979e-55
1.369000000000000057e+02 4.940319491265401296e-56
1.440000000000000000e+02 2.620776697829704454e-62
1.515000000000000000e+02 1.315259420424982905e-62
1.593999999999999773e+02 5.831961648187390848e-64
1.676999999999999886e+02 5.756864086231339323e-70
1.764000000000000057e+02 8.891636784356404411e-71
1.855999999999999943e+02 4.318084277547222313e-78
1.952000000000000171e+02 1.050037918537368496e-78
2.054000000000000057e+02 0.000000000000000000e+00
2.160999999999999943e+02 9.479843004416886359e-88
2.273999999999999773e+02 0.000000000000000000e+00
2.391999999999999886e+02 8.818862090862302910e-98
2.516999999999999886e+02 0.000000000000000000e+00
2.647999999999999545e+02 4.756939508759105882e-109
2.785000000000000000e+02 0.000000000000000000e+00
2.930000000000000000e+02 1.195057661223031811e-121
3.083000000000000114e+02 0.000000000000000000e+00
3.244000000000000341e+02 1.031865770122304832e-135
3.411999999999999886e+02 0.000000000000000000e+00
3.590000000000000000e+02 0.000000000000000000e+00
3.776999999999999886e+02 0.000000000000000000e+00
3.973999999999999773e+02 0.000000000000000000e+00
4.181000000000000227e+02 0.000000000000000000e+00
4.398000000000000114e+02 0.000000000000000000e+00
4.626999999999999886e+02 0.000000000000000000e+00
4.868000000000000114e+02 0.000000000000000000e+00
5.122000000000000455e+02 0.000000000000000000e+00
5.387999999999999545e+02 0.000000000000000000e+00
5.668999999999999773e+02 0.000000000000000000e+00
5.964000000000000909e+02 0.000000000000000000e+00
6.275000000000000000e+02 0.000000000000000000e+00
6.601000000000000227e+02 0.000000000000000000e+00
6.945000000000000000e+02 0.000000000000000000e+00
7.307000000000000455e+02 0.000000000000000000e+00
7.687000000000000455e+02 0.000000000000000000e+00
8.087999999999999545e+02 0.000000000000000000e+00
8.508999999999999773e+02 0.000000000000000000e+00
8.952000000000000455e+02 0.000000000000000000e+00
9.417999999999999545e+02 0.000000000000000000e+00
9.908000000000000682e+02 0.000000000000000000e+00
1.042000000000000000e+03 0.000000000000000000e+00
1.097000000000000000e+03 0.000000000000000000e+00
1.154000000000000000e+03 0.000000000000000000e+00
1.214000000000000000e+03 0.000000000000000000e+00
1.277000000000000000e+03 0.000000000000000000e+00
1.344000000000000000e+03 0.000000000000000000e+00
1.414000000000000000e+03 0.000000000000000000e+00
1.487000000000000000e+03 0.000000000000000000e+00
1.565000000000000000e+03 0.000000000000000000e+00
1.646000000000000000e+03 0.000000000000000000e+00
1.732000000000000000e+03 0.000000000000000000e+00
1.822000000000000000e+03 0.000000000000000000e+00
1.917000000000000000e+03 0.000000000000000000e+00
2.017000000000000000e+03 0.000000000000000000e+00
2.122000000000000000e+03 0.000000000000000000e+00
2.232000000000000000e+03 0.000000000000000000e+00
2.348000000000000000e+03 0.000000000000000000e+00
2.470000000000000000e+03 0.000000000000000000e+00
2.599000000000000000e+03 0.000000000000000000e+00
2.734000000000000000e+03 0.000000000000000000e+00
2.877000000000000000e+03 0.000000000000000000e+00
3.027000000000000000e+03 0.000000000000000000e+00
3.184000000000000000e+03 0.000000000000000000e+00
3.350000000000000000e+03 0.000000000000000000e+00
3.524000000000000000e+03 0.000000000000000000e+00
3.708000000000000000e+03 0.000000000000000000e+00
3.901000000000000000e+03 0.000000000000000000e+00
4.104000000000000000e+03 0.000000000000000000e+00
4.318000000000000000e+03 0.000000000000000000e+00
4.543000000000000000e+03 0.000000000000000000e+00
4.779000000000000000e+03 0.000000000000000000e+00
5.028000000000000000e+03 0.000000000000000000e+00
5.290000000000000000e+03 0.000000000000000000e+00
5.565000000000000000e+03 0.000000000000000000e+00
5.855000000000000000e+03 0.000000000000000000e+00
6.160000000000000000e+03 0.000000000000000000e+00
6.481000000000000000e+03 0.000000000000000000e+00
6.818000000000000000e+03 0.000000000000000000e+00
7.173000000000000000e+03 0.000000000000000000e+00
7.547000000000000000e+03 0.000000000000000000e+00
7.940000000000000000e+03 0.000000000000000000e+00
8.353000000000000000e+03 0.000000000000000000e+00
8.788000000000000000e+03 0.000000000000000000e+00
9.246000000000000000e+03 0.000000000000000000e+00
9.727000000000000000e+03 0.000000000000000000e+00
1.023000000000000000e+04 0.000000000000000000e+00
1.077000000000000000e+04 0.000000000000000000e+00
1.133000000000000000e+04 0.000000000000000000e+00
1.192000000000000000e+04 0.000000000000000000e+00
1.254000000000000000e+04 0.000000000000000000e+00
1.319000000000000000e+04 0.000000000000000000e+00
1.388000000000000000e+04 0.000000000000000000e+00
1.460000000000000000e+04 0.000000000000000000e+00
1.536000000000000000e+04 0.000000000000000000e+00
1.616000000000000000e+04 0.000000000000000000e+00
1.700000000000000000e+04 0.000000000000000000e+00
1.789000000000000000e+04 0.000000000000000000e+00
1.882000000000000000e+04 0.000000000000000000e+00
1.980000000000000000e+04 0.000000000000000000e+00
2.083000000000000000e+04 0.000000000000000000e+00
2.191000000000000000e+04 0.000000000000000000e+00
2.305000000000000000e+04 0.000000000000000000e+00
2.425000000000000000e+04 0.000000000000000000e+00
2.552000000000000000e+04 0.000000000000000000e+00
2.684000000000000000e+04 0.000000000000000000e+00
2.824000000000000000e+04 0.000000000000000000e+00
2.971000000000000000e+04 0.000000000000000000e+00
3.126000000000000000e+04 0.000000000000000000e+00
3.289000000000000000e+04 0.000000000000000000e+00
3.460000000000000000e+04 0.000000000000000000e+00
3.640000000000000000e+04 0.000000000000000000e+00
3.830000000000000000e+04 0.000000000000000000e+00
4.029000000000000000e+04 0.000000000000000000e+00
4.239000000000000000e+04 0.000000000000000000e+00
4.460000000000000000e+04 0.000000000000000000e+00
4.692000000000000000e+04 0.000000000000000000e+00
4.936000000000000000e+04 0.000000000000000000e+00
5.193000000000000000e+04 0.000000000000000000e+00
5.464000000000000000e+04 0.000000000000000000e+00
5.748000000000000000e+04 0.000000000000000000e+00
6.047000000000000000e+04 0.000000000000000000e+00
6.362000000000000000e+04 0.000000000000000000e+00
6.693000000000000000e+04 0.000000000000000000e+00
7.042000000000000000e+04 0.000000000000000000e+00
7.409000000000000000e+04 0.000000000000000000e+00
7.794000000000000000e+04 0.000000000000000000e+00
8.200000000000000000e+04 0.000000000000000000e+00
8.627000000000000000e+04 0.000000000000000000e+00
9.076000000000000000e+04 0.000000000000000000e+00
9.549000000000000000e+04 0.000000000000000000e+00
1.005000000000000000e+05 0.000000000000000000e+00
1.057000000000000000e+05 0.000000000000000000e+00
1.112000000000000000e+05 0.000000000000000000e+00
1.170000000000000000e+05 0.000000000000000000e+00
1.231000000000000000e+05 0.000000000000000000e+00
1.295000000000000000e+05 0.000000000000000000e+00
1.362000000000000000e+05 0.000000000000000000e+00
1.433000000000000000e+05 0.000000000000000000e+00
1.508000000000000000e+05 0.000000000000000000e+00
1.586000000000000000e+05 0.000000000000000000e+00
1.669000000000000000e+05 0.000000000000000000e+00
1.756000000000000000e+05 0.000000000000000000e+00
1.847000000000000000e+05 0.000000000000000000e+00
1.943000000000000000e+05 0.000000000000000000e+00
2.045000000000000000e+05 0.000000000000000000e+00
2.151000000000000000e+05 0.000000000000000000e+00
2.263000000000000000e+05 0.000000000000000000e+00
2.381000000000000000e+05 0.000000000000000000e+00
2.505000000000000000e+05 0.000000000000000000e+00
2.635000000000000000e+05 0.000000000000000000e+00
2.773000000000000000e+05 0.000000000000000000e+00
2.917000000000000000e+05 0.000000000000000000e+00
3.069000000000000000e+05 0.000000000000000000e+00
3.229000000000000000e+05 0.000000000000000000e+00
3.397000000000000000e+05 0.000000000000000000e+00
3.574000000000000000e+05 0.000000000000000000e+00
3.760000000000000000e+05 0.000000000000000000e+00
3.955000000000000000e+05 0.000000000000000000e+00
4.161000000000000000e+05 0.000000000000000000e+00
4.378000000000000000e+05 0.000000000000000000e+00
4.606000000000000000e+05 0.000000000000000000e+00
4.846000000000000000e+05 0.000000000000000000e+00
5.098000000000000000e+05 0.000000000000000000e+00
5.364000000000000000e+05 0.000000000000000000e+00
5.643000000000000000e+05 0.000000000000000000e+00
5.937000000000000000e+05 0.000000000000000000e+00
6.246000000000000000e+05 0.000000000000000000e+00
6.571000000000000000e+05 0.000000000000000000e+00
6.913000000000000000e+05 0.000000000000000000e+00
7.273000000000000000e+05 0.000000000000000000e+00
7.652000000000000000e+05 0.000000000000000000e+00
8.050000000000000000e+05 0.000000000000000000e+00
8.469000000000000000e+05 0.000000000000000000e+00
8.910000000000000000e+05 0.000000000000000000e+00
9.374000000000000000e+05 0.000000000000000000e+00
9.863000000000000000e+05 0.000000000000000000e+00
1.038000000000000000e+06 0.000000000000000000e+00
1.092000000000000000e+06 0.000000000000000000e+00
1.148000000000000000e+06 0.000000000000000000e+00
1.208000000000000000e+06 0.000000000000000000e+00
1.271000000000000000e+06 0.000000000000000000e+00
1.337000000000000000e+06 0.000000000000000000e+00
1.407000000000000000e+06 0.000000000000000000e+00
1.480000000000000000e+06 0.000000000000000000e+00
1.557000000000000000e+06 0.000000000000000000e+00
1.638000000000000000e+06 0.000000000000000000e+00
1.724000000000000000e+06 0.000000000000000000e+00
1.814000000000000000e+06 0.000000000000000000e+00
1.908000000000000000e+06 0.000000000000000000e+00
2.007000000000000000e+06 0.000000000000000000e+00
2.112000000000000000e+06 0.000000000000000000e+00
2.222000000000000000e+06 0.000000000000000000e+00
2.337000000000000000e+06 0.000000000000000000e+00
2.459000000000000000e+06 0.000000000000000000e+00
2.587000000000000000e+06 0.000000000000000000e+00
2.722000000000000000e+06 0.000000000000000000e+00
2.864000000000000000e+06 0.000000000000000000e+00
3.013000000000000000e+06 0.000000000000000000e+00
3.170000000000000000e+06 0.000000000000000000e+00
3.335000000000000000e+06 0.000000000000000000e+00
3.508000000000000000e+06 0.000000000000000000e+00
3.691000000000000000e+06 0.000000000000000000e+00
3.883000000000000000e+06 0.000000000000000000e+00
4.085000000000000000e+06 0.000000000000000000e+00
4.298000000000000000e+06 0.000000000000000000e+00
4.522000000000000000e+06 0.000000000000000000e+00
4.757000000000000000e+06 0.000000000000000000e+00
5.005000000000000000e+06 0.000000000000000000e+00
5.266000000000000000e+06 0.000000000000000000e+00
5.540000000000000000e+06 0.000000000000000000e+00
5.828000000000000000e+06 0.000000000000000000e+00
6.132000000000000000e+06 0.000000000000000000e+00
6.451000000000000000e+06 0.000000000000000000e+00
6.787000000000000000e+06 0.000000000000000000e+00
7.140000000000000000e+06 0.000000000000000000e+00
7.512000000000000000e+06 0.000000000000000000e+00
7.903000000000000000e+06 0.000000000000000000e+00
8.315000000000000000e+06 0.000000000000000000e+00
8.748000000000000000e+06 0.000000000000000000e+00
9.203000000000000000e+06 0.000000000000000000e+00
9.682000000000000000e+06 0.000000000000000000e+00
1.019000000000000000e+07 0.000000000000000000e+00
1.072000000000000000e+07 0.000000000000000000e+00
1.127000000000000000e+07 0.000000000000000000e+00
1.186000000000000000e+07 0.000000000000000000e+00
1.248000000000000000e+07 0.000000000000000000e+00
1.313000000000000000e+07 0.000000000000000000e+00
1.381000000000000000e+07 0.000000000000000000e+00
1.453000000000000000e+07 0.000000000000000000e+00
1.529000000000000000e+07 0.000000000000000000e+00
1.608000000000000000e+07 0.000000000000000000e+00
1.692000000000000000e+07 0.000000000000000000e+00
1.780000000000000000e+07 0.000000000000000000e+00
1.873000000000000000e+07 0.000000000000000000e+00
1.971000000000000000e+07 0.000000000000000000e+00
2.073000000000000000e+07 0.000000000000000000e+00
2.181000000000000000e+07 0.000000000000000000e+00
2.295000000000000000e+07 0.000000000000000000e+00
2.414000000000000000e+07 0.000000000000000000e+00
2.540000000000000000e+07 0.000000000000000000e+00
2.672000000000000000e+07 0.000000000000000000e+00
2.811000000000000000e+07 0.000000000000000000e+00
2.958000000000000000e+07 0.000000000000000000e+00
3.112000000000000000e+07 0.000000000000000000e+00
3.274000000000000000e+07 0.000000000000000000e+00
3.444000000000000000e+07 0.000000000000000000e+00
3.623000000000000000e+07 0.000000000000000000e+00
3.812000000000000000e+07 0.000000000000000000e+00
4.011000000000000000e+07 0.000000000000000000e+00
4.219000000000000000e+07 0.000000000000000000e+00
4.439000000000000000e+07 0.000000000000000000e+00
4.670000000000000000e+07 0.000000000000000000e+00
4.913000000000000000e+07 0.000000000000000000e+00
5.169000000000000000e+07 0.000000000000000000e+00
5.438000000000000000e+07 0.000000000000000000e+00
5.722000000000000000e+07 0.000000000000000000e+00
6.019000000000000000e+07 0.000000000000000000e+00
6.333000000000000000e+07 0.000000000000000000e+00
6.663000000000000000e+07 0.000000000000000000e+00
7.010000000000000000e+07 0.000000000000000000e+00
7.375000000000000000e+07 0.000000000000000000e+00
7.759000000000000000e+07 0.000000000000000000e+00
8.163000000000000000e+07 0.000000000000000000e+00
8.588000000000000000e+07 0.000000000000000000e+00
9.035000000000000000e+07 0.000000000000000000e+00
9.505000000000000000e+07 0.000000000000000000e+00
1.000000000000000000e+08 0.000000000000000000e+00
