1.603007518796992770e+01 1.022197444331992756e+03
1.703007518796992770e+01 1.159268258194587361e+03
1.803007518796992770e+01 1.302573901902149146e+03
1.903007518796992770e+01 1.451734774491546204e+03
2.003007518796992770e+01 1.602162082787556983e+03
2.103007518796992770e+01 1.750814483102517897e+03
2.203007518796992770e+01 1.894963932854773020e+03
2.303007518796992770e+01 2.030337306765662333e+03
2.403007518796992770e+01 2.152473774619081723e+03
2.503007518796992770e+01 2.258884813553406275e+03
2.603007518796992770e+01 2.345041961371058278e+03
2.703007518796992770e+01 2.409591901294725176e+03
2.803007518796992770e+01 2.450155467196623704e+03
2.903007518796992770e+01 2.460169569385056093e+03
3.003007518796992770e+01 2.456320667649671122e+03
3.103007518796992770e+01 2.427119648328968651e+03
3.203007518796992770e+01 2.377121771392281516e+03
3.303007518796992770e+01 2.304721574304105616e+03
3.403007518796992770e+01 2.219563118680327079e+03
3.503007518796992770e+01 2.118797791149610475e+03
3.603007518796992770e+01 2.010075263427640493e+03
3.703007518796992770e+01 1.894544122186475533e+03
3.803007518796992770e+01 1.775823321493818639e+03
3.903007518796992770e+01 1.656438582868015374e+03
4.003007518796992770e+01 1.538605367390563515e+03
4.103007518796992770e+01 1.423871537596580993e+03
4.203007518796992770e+01 1.314295286413108897e+03
4.303007518796992770e+01 1.209749381442506547e+03
4.403007518796992770e+01 1.111633384138027850e+03
4.503007518796992770e+01 1.019837394126966956e+03
4.603007518796992770e+01 9.346674505616118722e+02
4.703007518796992770e+01 8.560604061281654822e+02
4.803007518796992770e+01 7.838251673142136724e+02
4.903007518796992770e+01 7.177961769081666716e+02
5.003007518796992770e+01 6.574770682740853545e+02
5.103007518796992770e+01 6.025866031739369646e+02
5.203007518796992770e+01 5.525732281392295135e+02
5.303007518796992770e+01 5.070095856820997824e+02
5.403007518796992770e+01 4.655302236649163774e+02
5.503007518796992770e+01 4.276838527867205926e+02
5.603007518796992770e+01 3.930427061840041461e+02
5.703007518796992770e+01 3.613003093331375339e+02
5.803007518796992770e+01 3.321133400287797599e+02
5.903007518796992770e+01 3.052321829822280392e+02
6.003007518796992770e+01 2.803927519254038998e+02
6.103007518796992770e+01 2.574440516146823370e+02
6.203007518796992770e+01 2.361535569041667770e+02
6.303007518796992770e+01 2.163496866740229336e+02
6.403007518796992770e+01 1.979756905052409479e+02
6.503007518796992770e+01 1.808287075719417203e+02
6.603007518796992770e+01 1.649092505886831077e+02
6.703007518796992770e+01 1.500813681992138982e+02
6.803007518796992770e+01 1.363198712465742517e+02
6.903007518796992770e+01 1.235765120050724164e+02
7.003007518796992770e+01 1.117784393292601237e+02
7.103007518796992770e+01 1.009341694095389528e+02
7.203007518796992770e+01 9.096848698138423117e+01
7.303007518796992770e+01 8.180868098942684696e+01
7.403007518796992770e+01 7.344961249276023807e+01
7.503007518796992770e+01 6.583733555165859741e+01
7.603007518796992770e+01 5.891956443118343145e+01
7.703007518796992770e+01 5.266327215441060616e+01
7.803007518796992770e+01 4.699027370808407511e+01
7.903007518796992770e+01 4.192522790324898097e+01
8.003007518796992770e+01 3.735390903895730474e+01
8.103007518796992770e+01 3.324985110481095063e+01
8.203007518796992770e+01 2.958011366702504930e+01
8.303007518796992770e+01 2.630869232990271911e+01
8.403007518796992770e+01 2.338874898192716500e+01
8.503007518796992770e+01 2.079396676660265086e+01
8.603007518796992770e+01 1.848080216101901740e+01
8.703007518796992770e+01 1.642341094866731410e+01
8.803007518796992770e+01 1.459466890630178959e+01
