1.903427155601598031e+01 2.104722255326764184e+02
2.003427155601598031e+01 2.348506959172038648e+02
2.103427155601598031e+01 2.604294389906148695e+02
2.203427155601598031e+01 2.870393736211504461e+02
2.303427155601598031e+01 3.145595596198311341e+02
2.403427155601598031e+01 3.426490237973656576e+02
2.503427155601598031e+01 3.711707013793126180e+02
2.603427155601598031e+01 3.996610184346548635e+02
2.703427155601598031e+01 4.277143021956740654e+02
2.803427155601598031e+01 4.550380855760299710e+02
2.903427155601598031e+01 4.810887391149473160e+02
3.003427155601598031e+01 5.053227475116552796e+02
3.103427155601598031e+01 5.271756400761662462e+02
3.203427155601598031e+01 5.468691265065343714e+02
3.303427155601598031e+01 5.630893181567236070e+02
3.403427155601598031e+01 5.758427903172129163e+02
3.503427155601598031e+01 5.855887854481924251e+02
3.603427155601598031e+01 5.902858000503904350e+02
3.703427155601598031e+01 5.931129376946214506e+02
3.803427155601598031e+01 5.900836469940211373e+02
3.903427155601598031e+01 5.846061708271647603e+02
4.003427155601598031e+01 5.777963076697365068e+02
4.103427155601598031e+01 5.640480140697397928e+02
4.203427155601598031e+01 5.500226048426643501e+02
4.303427155601598031e+01 5.356013209876474548e+02
4.403427155601598031e+01 5.160783764820789656e+02
4.503427155601598031e+01 4.966675219139621049e+02
4.603427155601598031e+01 4.753475080149673317e+02
4.703427155601598031e+01 4.530540587263391217e+02
4.803427155601598031e+01 4.301277954013874023e+02
4.903427155601598031e+01 4.067850097372264031e+02
5.003427155601598031e+01 3.836955125569881488e+02
5.103427155601598031e+01 3.608477115242460513e+02
5.203427155601598031e+01 3.385002997982165311e+02
5.303427155601598031e+01 3.168557674763374052e+02
5.403427155601598031e+01 2.960476891892996036e+02
5.503427155601598031e+01 2.761892859017748947e+02
5.603427155601598031e+01 2.572879498059159005e+02
5.703427155601598031e+01 2.394148311850205459e+02
5.803427155601598031e+01 2.226704082506838347e+02
5.903427155601598031e+01 2.068795135983521618e+02
6.003427155601598031e+01 1.922819140391439703e+02
6.103427155601598031e+01 1.786327028696354944e+02
6.203427155601598031e+01 1.660114419522873561e+02
6.303427155601598031e+01 1.544201012376948086e+02
6.403427155601598031e+01 1.436012001751965101e+02
6.503427155601598031e+01 1.336631091243171170e+02
6.603427155601598031e+01 1.245285983646377161e+02
6.703427155601598031e+01 1.160320727539045151e+02
6.803427155601598031e+01 1.082107015860231485e+02
6.903427155601598031e+01 1.010014210147720632e+02
7.003427155601598031e+01 9.425092648080327251e+01
7.103427155601598031e+01 8.801636597811715035e+01
7.203427155601598031e+01 8.225285224897770320e+01
7.303427155601598031e+01 7.678169380672025568e+01
7.403427155601598031e+01 7.170753706482690859e+01
7.503427155601598031e+01 6.701037409217791208e+01
7.603427155601598031e+01 6.248531159423426118e+01
7.703427155601598031e+01 5.827063900732314750e+01
7.803427155601598031e+01 5.437231107226584470e+01
7.903427155601598031e+01 5.057367573400491523e+01
8.003427155601598031e+01 4.702300618608692417e+01
8.103427155601598031e+01 4.374909621564497542e+01
8.203427155601598031e+01 4.054995754424696486e+01
8.303427155601598031e+01 3.755527022760261957e+01
8.403427155601598031e+01 3.480702904448456536e+01
8.503427155601598031e+01 3.214948475105967418e+01
8.603427155601598031e+01 2.966782306420945048e+01
