1.603007518796992770e+01 1.096294241335078141e+03
1.703007518796992770e+01 1.247473567850565587e+03
1.803007518796992770e+01 1.409841082332995484e+03
1.903007518796992770e+01 1.583029623260055814e+03
2.003007518796992770e+01 1.766368632322182975e+03
2.103007518796992770e+01 1.958808018429831236e+03
2.203007518796992770e+01 2.159347316805989976e+03
2.303007518796992770e+01 2.366375536516188731e+03
2.403007518796992770e+01 2.577865049538629592e+03
2.503007518796992770e+01 2.792124822713321919e+03
2.603007518796992770e+01 3.006106583277610753e+03
2.703007518796992770e+01 3.217468041915794856e+03
2.803007518796992770e+01 3.422654736893460267e+03
2.903007518796992770e+01 3.613760248121565382e+03
3.003007518796992770e+01 3.799284046715310524e+03
3.103007518796992770e+01 3.966222684043923891e+03
3.203007518796992770e+01 4.114549515707462888e+03
3.303007518796992770e+01 4.236743676085241532e+03
3.403007518796992770e+01 4.337385898827210440e+03
3.503007518796992770e+01 4.407565708359544260e+03
3.603007518796992770e+01 4.452244628621755510e+03
3.703007518796992770e+01 4.467903759894088580e+03
3.803007518796992770e+01 4.455925205287228891e+03
3.903007518796992770e+01 4.417378042576485313e+03
4.003007518796992770e+01 4.353696251559847951e+03
4.103007518796992770e+01 4.266384844101621638e+03
4.203007518796992770e+01 4.160353808538666271e+03
4.303007518796992770e+01 4.034298360120152211e+03
4.403007518796992770e+01 3.894823166339668205e+03
4.503007518796992770e+01 3.742118677342339197e+03
4.603007518796992770e+01 3.579826935649638926e+03
4.703007518796992770e+01 3.410793984920157072e+03
4.803007518796992770e+01 3.237550396901474414e+03
4.903007518796992770e+01 3.062635358561310113e+03
5.003007518796992770e+01 2.887968161188526210e+03
5.103007518796992770e+01 2.716050041786736529e+03
5.203007518796992770e+01 2.547897746455848846e+03
5.303007518796992770e+01 2.385050242788609921e+03
5.403007518796992770e+01 2.228348091762839431e+03
5.503007518796992770e+01 2.078898176699895885e+03
5.603007518796992770e+01 1.936642381258775913e+03
5.703007518796992770e+01 1.802263657818331694e+03
5.803007518796992770e+01 1.675923051818649355e+03
5.903007518796992770e+01 1.557687038940840921e+03
6.003007518796992770e+01 1.447483064779043616e+03
6.103007518796992770e+01 1.345199519134396041e+03
6.203007518796992770e+01 1.250289743963046476e+03
6.303007518796992770e+01 1.162469144171949438e+03
6.403007518796992770e+01 1.081428902341733647e+03
6.503007518796992770e+01 1.006544319754226080e+03
6.603007518796992770e+01 9.374771031373430787e+02
6.703007518796992770e+01 8.737237335394620459e+02
6.803007518796992770e+01 8.148079858750735411e+02
6.903007518796992770e+01 7.603184376295200764e+02
7.003007518796992770e+01 7.098037857408268110e+02
7.103007518796992770e+01 6.629165347903040129e+02
7.203007518796992770e+01 6.192843833552498154e+02
7.303007518796992770e+01 5.784961587264195941e+02
7.403007518796992770e+01 5.403367415897492947e+02
7.503007518796992770e+01 5.045608488741144129e+02
7.603007518796992770e+01 4.709275944768671138e+02
7.703007518796992770e+01 4.392928761769309745e+02
7.803007518796992770e+01 4.093072285697871848e+02
7.903007518796992770e+01 3.812844493966588857e+02
8.003007518796992770e+01 3.546818882873067764e+02
8.103007518796992770e+01 3.295220971611162213e+02
8.203007518796992770e+01 3.057461900348757808e+02
8.303007518796992770e+01 2.833230645282000637e+02
8.403007518796992770e+01 2.621825288972080443e+02
8.503007518796992770e+01 2.422806644398640969e+02
8.603007518796992770e+01 2.235158855277030625e+02
8.703007518796992770e+01 2.059215926484036459e+02
8.803007518796992770e+01 1.894138078975379642e+02
