9.999999999999999547e-07 4.650666658708555624e+06
1.052000000000000050e-06 4.650992262218819000e+06
1.106999999999999947e-06 4.747433819230935536e+06
1.163999999999999994e-06 4.752554271874575876e+06
1.224999999999999918e-06 4.844670849254891276e+06
1.289000000000000068e-06 4.827582725216502324e+06
1.356000000000000019e-06 4.911799909167925827e+06
1.427000000000000059e-06 4.881633664246979170e+06
1.500999999999999901e-06 4.983315638454034925e+06
1.579000000000000044e-06 4.916998776379480958e+06
1.661000000000000064e-06 4.999262652948287316e+06
1.748000000000000035e-06 4.932579730682747439e+06
1.839000000000000096e-06 4.972552168243827298e+06
1.935000000000000108e-06 4.936047737942021340e+06
2.034999999999999998e-06 4.927146406552679837e+06
2.140999999999999915e-06 4.885620783721957356e+06
2.252999999999999859e-06 4.849766628028575331e+06
2.370000000000000179e-06 4.798501533113591373e+06
2.493000000000000102e-06 4.749767874846553430e+06
2.623000000000000128e-06 4.669457480530751869e+06
2.759999999999999833e-06 4.608430291373822838e+06
2.904000000000000063e-06 4.507332247764083557e+06
3.054999999999999973e-06 4.415800649210159667e+06
3.214000000000000060e-06 4.305194243326713331e+06
3.380999999999999901e-06 4.186607107528767083e+06
3.556999999999999995e-06 4.084609408180644736e+06
3.741999999999999917e-06 3.937734235024071764e+06
3.936999999999999745e-06 3.825394601832555607e+06
4.142000000000000323e-06 3.660650547473978251e+06
4.357999999999999610e-06 3.553027095210028347e+06
4.585000000000000147e-06 3.372968494659877382e+06
4.823999999999999892e-06 3.262099730941370130e+06
5.074999999999999691e-06 3.072758293787263334e+06
5.339000000000000043e-06 2.968162311209045351e+06
5.616999999999999753e-06 2.784720471187430434e+06
5.908999999999999668e-06 2.670856305378240533e+06
6.216999999999999938e-06 2.512943050411397591e+06
6.540999999999999716e-06 2.384715242031701840e+06
6.880999999999999848e-06 2.247127772098595276e+06
7.240000000000000138e-06 2.117773830278441310e+06
7.617000000000000086e-06 2.000366529082620982e+06
8.012999999999999344e-06 1.880516767821802758e+06
8.430000000000000603e-06 1.780587801796888700e+06
8.868999999999999280e-06 1.674505427229176275e+06
9.330999999999999261e-06 1.586798647640438285e+06
9.816999999999999351e-06 1.494698214390624315e+06
1.032999999999999935e-05 1.423569594861533958e+06
1.086999999999999926e-05 1.345535624967497541e+06
1.143000000000000068e-05 1.285640659457851201e+06
1.203000000000000002e-05 1.226021254282018170e+06
1.264999999999999916e-05 1.176179269770906307e+06
1.330999999999999962e-05 1.131302335667284671e+06
1.400999999999999969e-05 1.091509005374023225e+06
1.472999999999999958e-05 1.062878459434227087e+06
1.550000000000000068e-05 1.028818723948727595e+06
1.631000000000000139e-05 1.013108147076108726e+06
1.715999999999999833e-05 9.872410599637278356e+05
1.805000000000000167e-05 9.776903097717233468e+05
1.898999999999999945e-05 9.621193751885062084e+05
1.997999999999999844e-05 9.579360668672956526e+05
2.101999999999999865e-05 9.503722839048099704e+05
2.212000000000000167e-05 9.496664325487127062e+05
2.326999999999999913e-05 9.466853285151969176e+05
2.447999999999999940e-05 9.501852800449095666e+05
2.574999999999999910e-05 9.515158394982336322e+05
2.708999999999999982e-05 9.569011853700024076e+05
2.850000000000000157e-05 9.615350370614926796e+05
2.998999999999999916e-05 9.672385461500806268e+05
3.155000000000000117e-05 9.764681149332514033e+05
3.318999999999999902e-05 9.815063013682061573e+05
3.491999999999999770e-05 9.928265778620855417e+05
3.673999999999999722e-05 9.984382941204451490e+05
3.864999999999999756e-05 1.010998305500611430e+06
4.066000000000000034e-05 1.016922892858195817e+06
4.278000000000000037e-05 1.028244051440188079e+06
4.500999999999999766e-05 1.035233720029639429e+06
4.734999999999999897e-05 1.045075310327023850e+06
4.982000000000000073e-05 1.050726006275214721e+06
5.241000000000000134e-05 1.060736421114709228e+06
5.513999999999999723e-05 1.065921265058904421e+06
5.801000000000000194e-05 1.074199743783407612e+06
6.102999999999999674e-05 1.078491278991133906e+06
6.420999999999999679e-05 1.084097546583467163e+06
6.755999999999999690e-05 1.087667192942671711e+06
7.106999999999999548e-05 1.090922965333499247e+06
7.477000000000000410e-05 1.093115097319158260e+06
7.867000000000000403e-05 1.095506625193248969e+06
8.276000000000000045e-05 1.094916711334788706e+06
8.707000000000000492e-05 1.096617349576882087e+06
9.160999999999999872e-05 1.093993973889084999e+06
9.637999999999999541e-05 1.093885645481979242e+06
1.013999999999999982e-04 1.089096261153399013e+06
1.067000000000000050e-04 1.086670541940224357e+06
1.122000000000000032e-04 1.081313273614035919e+06
1.180999999999999975e-04 1.074987203809557483e+06
1.242000000000000103e-04 1.069372093894432765e+06
1.307000000000000056e-04 1.061401412536116783e+06
1.375000000000000083e-04 1.053228977631621994e+06
1.446999999999999936e-04 1.043412005518127349e+06
1.522000000000000132e-04 1.032872540605992312e+06
1.600999999999999884e-04 1.021693448652079562e+06
1.684000000000000004e-04 1.009978336937997490e+06
1.771999999999999975e-04 9.961191429984776769e+05
1.864000000000000043e-04 9.837779514931363519e+05
1.960999999999999961e-04 9.679463975100303069e+05
2.064000000000000025e-04 9.539499894839362241e+05
2.170999999999999916e-04 9.361758935738748405e+05
2.283999999999999952e-04 9.212334946011445718e+05
2.403000000000000134e-04 9.027224329002103768e+05
2.528000000000000191e-04 8.857555050673903897e+05
2.660000000000000146e-04 8.669276427429487230e+05
2.798000000000000248e-04 8.480961533427452669e+05
2.944000000000000002e-04 8.288771143056958681e+05
3.096999999999999927e-04 8.091000915478916140e+05
3.259000000000000070e-04 7.893133544225266669e+05
3.427999999999999841e-04 7.681226580298660556e+05
3.606999999999999855e-04 7.477470400645500049e+05
3.795000000000000088e-04 7.258523185313490685e+05
3.991999999999999997e-04 7.058374670583328698e+05
4.200000000000000174e-04 6.826555940735265613e+05
4.419000000000000076e-04 6.628371984899474774e+05
4.649000000000000246e-04 6.397178589820320485e+05
4.891000000000000165e-04 6.194042027751558926e+05
5.144999999999999834e-04 5.964535332915437175e+05
5.412999999999999843e-04 5.759271003925069235e+05
5.695000000000000192e-04 5.537219066801652079e+05
5.992000000000000364e-04 5.331558420555717312e+05
6.304000000000000358e-04 5.118440111978030764e+05
6.631999999999999658e-04 4.913117541651196661e+05
6.976999999999999912e-04 4.707802639802532503e+05
7.341000000000000086e-04 4.506441068454408087e+05
7.722999999999999613e-04 4.310583651452577906e+05
8.124999999999999627e-04 4.114235410314866458e+05
8.547999999999999609e-04 3.926734025209173560e+05
8.993000000000000126e-04 3.738420537833800772e+05
9.460999999999999575e-04 3.561225676797151100e+05
9.954000000000000174e-04 3.385065490751505131e+05
1.046999999999999971e-03 3.214802262088318239e+05
1.101999999999999898e-03 3.051303281466312474e+05
1.159000000000000091e-03 2.891555206888406537e+05
1.219000000000000031e-03 2.740079247301106807e+05
1.283000000000000069e-03 2.591336007696731831e+05
1.350000000000000071e-03 2.451399316148612997e+05
1.420000000000000038e-03 2.314529409557850449e+05
1.494000000000000102e-03 2.187235144702119869e+05
1.572000000000000047e-03 2.064838796045961790e+05
1.654000000000000088e-03 1.947318687499891385e+05
1.740000000000000010e-03 1.838826777783885773e+05
1.830000000000000029e-03 1.733368876914030407e+05
1.925999999999999978e-03 1.636096826385105960e+05
2.026000000000000023e-03 1.541228076909451920e+05
2.131000000000000082e-03 1.456487233572418045e+05
2.242000000000000069e-03 1.371862718141087680e+05
2.358999999999999986e-03 1.299294470114531578e+05
2.481999999999999831e-03 1.225705704790120362e+05
2.611000000000000040e-03 1.164064312253199896e+05
2.746999999999999876e-03 1.101719424930683745e+05
2.890000000000000208e-03 1.049080623501666123e+05
3.040999999999999866e-03 9.961987456286989618e+04
3.199000000000000021e-03 9.519886667444408522e+04
3.366000000000000068e-03 9.085925857569907384e+04
3.540999999999999877e-03 8.719221575445018243e+04
3.725000000000000012e-03 8.389156904713202675e+04
3.918999999999999741e-03 8.100590535337866459e+04
4.122999999999999929e-03 7.864333505586913088e+04
4.337999999999999842e-03 7.651749439712436288e+04
4.564000000000000348e-03 7.478941952599142678e+04
4.800999999999999712e-03 7.325148157286597416e+04
5.050999999999999934e-03 7.194903022336558206e+04
5.314000000000000147e-03 7.079069366864488984e+04
5.590999999999999616e-03 6.984263581249737763e+04
5.882000000000000076e-03 6.906162527512488305e+04
6.187999999999999924e-03 6.850290736083079537e+04
6.511000000000000294e-03 6.812639307427591120e+04
6.850000000000000186e-03 6.801350400321508641e+04
7.205999999999999732e-03 6.801553533267823514e+04
7.582000000000000198e-03 6.829368440337812353e+04
7.976000000000000451e-03 6.862530972228494647e+04
8.392000000000000154e-03 6.917453509544051485e+04
8.829000000000000042e-03 6.979536590658279601e+04
9.287999999999999381e-03 7.051449761041907186e+04
9.771999999999999437e-03 7.133973821294611844e+04
1.027999999999999921e-02 7.217247005220368737e+04
1.081999999999999976e-02 7.318485673470885376e+04
1.137999999999999949e-02 7.413636330332778743e+04
1.196999999999999974e-02 7.525410118818521732e+04
1.260000000000000009e-02 7.638408391592775297e+04
1.324999999999999963e-02 7.752493125802488066e+04
1.393999999999999927e-02 7.880196525197134179e+04
1.467000000000000075e-02 8.000263494861112849e+04
1.542999999999999927e-02 8.138208486875231029e+04
1.623000000000000137e-02 8.265084448794608761e+04
1.708000000000000143e-02 8.409801561900414526e+04
1.796999999999999986e-02 8.549143665010749828e+04
1.890000000000000013e-02 8.697123741975563462e+04
1.989000000000000143e-02 8.846955454571676091e+04
2.092000000000000109e-02 9.000819441269684467e+04
2.200999999999999832e-02 9.156926602508136421e+04
2.316000000000000003e-02 9.312629617807983595e+04
2.436999999999999930e-02 9.471434754778386559e+04
2.563000000000000000e-02 9.609086776163781178e+04
2.697000000000000092e-02 9.752214596060148324e+04
2.836999999999999938e-02 9.838894907386606792e+04
2.985000000000000153e-02 9.919605098904616898e+04
3.139999999999999736e-02 9.896673440436890814e+04
3.303999999999999992e-02 9.831530001417142921e+04
3.475999999999999923e-02 9.616246846834276221e+04
3.656999999999999834e-02 9.283988201543109608e+04
3.846999999999999725e-02 8.807824867550487397e+04
4.048000000000000209e-02 8.133627630728004442e+04
4.259000000000000286e-02 7.382467400407751848e+04
4.479999999999999954e-02 6.457161214410557295e+04
4.714000000000000135e-02 5.518363321149955300e+04
4.959000000000000213e-02 4.577248748319398874e+04
5.217000000000000109e-02 3.634417617959121708e+04
5.489000000000000129e-02 2.895364042665607849e+04
5.775000000000000272e-02 2.147290561682397674e+04
6.074999999999999845e-02 1.660257028847846959e+04
6.392000000000000459e-02 1.189792506502880860e+04
6.723999999999999422e-02 8.929976513100469674e+03
7.074999999999999345e-02 6.409991680510995138e+03
7.442999999999999616e-02 4.729881498728041151e+03
7.829999999999999460e-02 3.498654757983294530e+03
8.237999999999999490e-02 2.529845185694768134e+03
8.666999999999999704e-02 1.814788517562349170e+03
9.117999999999999716e-02 1.216822998477027340e+03
9.593000000000000138e-02 8.134633368749927058e+02
1.009000000000000036e-01 4.679943390859862120e+02
1.062000000000000027e-01 3.006546878635189728e+02
1.116999999999999937e-01 1.477987099814303349e+02
1.174999999999999933e-01 9.812185549959016839e+01
1.236000000000000015e-01 4.762395790053486877e+01
1.300999999999999934e-01 3.085644275193537212e+01
1.368999999999999939e-01 1.430381023343882241e+01
1.439999999999999891e-01 8.180935181534502831e+00
1.514999999999999958e-01 3.539965186212743919e+00
1.593999999999999861e-01 1.646308734954961661e+00
1.676999999999999880e-01 7.581555631131127182e-01
1.764000000000000012e-01 3.042094618943818052e-01
1.855999999999999872e-01 1.397909630732640240e-01
1.952000000000000124e-01 4.162334093775008070e-02
2.053999999999999992e-01 1.996635829526943740e-02
2.160999999999999865e-01 4.632794897654081250e-03
2.273999999999999910e-01 2.279755639818609615e-03
2.391999999999999960e-01 3.608445612960663510e-04
2.516999999999999793e-01 1.866825762227254854e-04
2.647999999999999798e-01 2.331600390742747712e-05
2.785000000000000253e-01 1.255662795880103500e-05
2.929999999999999827e-01 1.502591787069377697e-06
3.083000000000000185e-01 4.997324940133820449e-07
3.244000000000000217e-01 9.927660570725879233e-08
3.412000000000000033e-01 1.583191936431782376e-08
3.589999999999999858e-01 4.147176939691265755e-09
3.776999999999999802e-01 2.572689324187500630e-10
3.973999999999999755e-01 8.367747196401206315e-11
4.181000000000000272e-01 3.562138301607124925e-12
4.398000000000000242e-01 1.343058937277863965e-12
4.627000000000000002e-01 1.918766863809749301e-14
4.868000000000000105e-01 8.130587702184165601e-15
5.121999999999999886e-01 8.715437719300460674e-17
5.387999999999999456e-01 4.046995688260765404e-17
5.668999999999999595e-01 1.617670014906407270e-19
5.964000000000000412e-01 8.079929434946991719e-20
6.274999999999999467e-01 1.629833735846850153e-22
6.601000000000000201e-01 8.675598905550552315e-23
6.945000000000000062e-01 8.328456453860537723e-24
7.307000000000000162e-01 4.433570156897870686e-26
7.687000000000000499e-01 8.600102766518856957e-27
8.087999999999999634e-01 7.811457061917286815e-30
8.508999999999999897e-01 2.124097353750222064e-30
8.951999999999999957e-01 6.399420773206280193e-34
9.417999999999999705e-01 2.157929988418492048e-34
9.908000000000000140e-01 1.621722675965371882e-38
1.042000000000000037e+00 6.430679623999590995e-39
1.096999999999999975e+00 1.108779397485578404e-43
1.153999999999999915e+00 4.850524258421483601e-44
1.213999999999999968e+00 1.984867247348840005e-49
1.276999999999999913e+00 9.512491124570028538e-50
1.344000000000000083e+00 8.045741582678352761e-56
1.413999999999999924e+00 4.114741173553944876e-56
1.487000000000000099e+00 9.134198136970272491e-58
1.564999999999999947e+00 3.130068920861772580e-63
1.645999999999999908e+00 4.240717661834976102e-64
1.731999999999999984e+00 3.144432561314776652e-71
1.822000000000000064e+00 7.069965563422389642e-72
1.917000000000000037e+00 5.082441033180434829e-80
2.016999999999999904e+00 1.506083172761322506e-80
2.121999999999999886e+00 5.942368666163836368e-90
2.232000000000000206e+00 2.145559896130083894e-90
2.347999999999999865e+00 5.579556867325560399e-101
2.470000000000000195e+00 2.307689582529003885e-101
2.599000000000000199e+00 2.970791741202210512e-113
2.733999999999999986e+00 1.358951572563274411e-113
2.876999999999999780e+00 6.924384500052186244e-127
3.027000000000000135e+00 3.415091279181924196e-127
3.184000000000000163e+00 3.305718339957392287e-142
3.350000000000000089e+00 1.744174652387454177e-142
3.524000000000000021e+00 1.210946332553896865e-143
3.708000000000000185e+00 1.850770816599484914e-159
3.900999999999999801e+00 3.177774056391127913e-160
4.104000000000000092e+00 2.151903991060306687e-178
4.317999999999999616e+00 5.481576366284584597e-179
4.543000000000000149e+00 1.861492322995851500e-199
4.778999999999999915e+00 6.053032075099019564e-200
5.027999999999999581e+00 5.604724417809405399e-223
5.290000000000000036e+00 2.137950061312941271e-223
5.565000000000000391e+00 3.047085930912074107e-249
5.855000000000000426e+00 1.311768458556680483e-249
6.160000000000000142e+00 1.810936012887079452e-278
6.480999999999999872e+00 8.549702532679301171e-279
6.817999999999999616e+00 5.720878803704389582e-311
7.173000000000000043e+00 2.908623115311118755e-311
7.546999999999999709e+00 0.000000000000000000e+00
7.940000000000000391e+00 0.000000000000000000e+00
8.352999999999999758e+00 0.000000000000000000e+00
8.788000000000000256e+00 0.000000000000000000e+00
9.246000000000000441e+00 0.000000000000000000e+00
9.727000000000000313e+00 0.000000000000000000e+00
1.023000000000000043e+01 0.000000000000000000e+00
1.076999999999999957e+01 0.000000000000000000e+00
1.133000000000000007e+01 0.000000000000000000e+00
1.191999999999999993e+01 0.000000000000000000e+00
1.253999999999999915e+01 0.000000000000000000e+00
1.318999999999999950e+01 0.000000000000000000e+00
1.388000000000000078e+01 0.000000000000000000e+00
1.459999999999999964e+01 0.000000000000000000e+00
1.535999999999999943e+01 0.000000000000000000e+00
1.616000000000000014e+01 0.000000000000000000e+00
1.700000000000000000e+01 0.000000000000000000e+00
1.789000000000000057e+01 0.000000000000000000e+00
1.882000000000000028e+01 0.000000000000000000e+00
1.980000000000000071e+01 0.000000000000000000e+00
2.082999999999999829e+01 0.000000000000000000e+00
2.191000000000000014e+01 0.000000000000000000e+00
2.305000000000000071e+01 0.000000000000000000e+00
2.425000000000000000e+01 0.000000000000000000e+00
2.551999999999999957e+01 0.000000000000000000e+00
2.683999999999999986e+01 0.000000000000000000e+00
2.823999999999999844e+01 0.000000000000000000e+00
2.971000000000000085e+01 0.000000000000000000e+00
3.126000000000000156e+01 0.000000000000000000e+00
3.289000000000000057e+01 0.000000000000000000e+00
3.460000000000000142e+01 0.000000000000000000e+00
3.639999999999999858e+01 0.000000000000000000e+00
3.829999999999999716e+01 0.000000000000000000e+00
4.028999999999999915e+01 0.000000000000000000e+00
4.239000000000000057e+01 0.000000000000000000e+00
4.460000000000000142e+01 0.000000000000000000e+00
4.692000000000000171e+01 0.000000000000000000e+00
4.935999999999999943e+01 0.000000000000000000e+00
5.192999999999999972e+01 0.000000000000000000e+00
5.464000000000000057e+01 0.000000000000000000e+00
5.747999999999999687e+01 0.000000000000000000e+00
6.046999999999999886e+01 0.000000000000000000e+00
6.361999999999999744e+01 0.000000000000000000e+00
6.693000000000000682e+01 0.000000000000000000e+00
7.042000000000000171e+01 0.000000000000000000e+00
7.409000000000000341e+01 0.000000000000000000e+00
7.793999999999999773e+01 0.000000000000000000e+00
8.200000000000000000e+01 0.000000000000000000e+00
8.626999999999999602e+01 0.000000000000000000e+00
9.076000000000000512e+01 0.000000000000000000e+00
9.548999999999999488e+01 0.000000000000000000e+00
1.005000000000000000e+02 0.000000000000000000e+00
1.057000000000000028e+02 0.000000000000000000e+00
1.112000000000000028e+02 0.000000000000000000e+00
1.170000000000000000e+02 0.000000000000000000e+00
1.230999999999999943e+02 0.000000000000000000e+00
1.295000000000000000e+02 0.000000000000000000e+00
1.361999999999999886e+02 0.000000000000000000e+00
1.433000000000000114e+02 0.000000000000000000e+00
1.508000000000000114e+02 0.000000000000000000e+00
1.585999999999999943e+02 0.000000000000000000e+00
1.669000000000000057e+02 0.000000000000000000e+00
1.755999999999999943e+02 0.000000000000000000e+00
1.846999999999999886e+02 0.000000000000000000e+00
1.943000000000000114e+02 0.000000000000000000e+00
2.045000000000000000e+02 0.000000000000000000e+00
2.150999999999999943e+02 0.000000000000000000e+00
2.263000000000000114e+02 0.000000000000000000e+00
2.380999999999999943e+02 0.000000000000000000e+00
2.505000000000000000e+02 0.000000000000000000e+00
2.635000000000000000e+02 0.000000000000000000e+00
2.773000000000000114e+02 0.000000000000000000e+00
2.916999999999999886e+02 0.000000000000000000e+00
3.068999999999999773e+02 0.000000000000000000e+00
3.228999999999999773e+02 0.000000000000000000e+00
3.396999999999999886e+02 0.000000000000000000e+00
3.573999999999999773e+02 0.000000000000000000e+00
3.760000000000000000e+02 0.000000000000000000e+00
3.955000000000000000e+02 0.000000000000000000e+00
4.161000000000000227e+02 0.000000000000000000e+00
4.378000000000000114e+02 0.000000000000000000e+00
4.606000000000000227e+02 0.000000000000000000e+00
4.846000000000000227e+02 0.000000000000000000e+00
5.098000000000000114e+02 0.000000000000000000e+00
5.363999999999999773e+02 0.000000000000000000e+00
5.642999999999999545e+02 0.000000000000000000e+00
5.937000000000000455e+02 0.000000000000000000e+00
6.246000000000000227e+02 0.000000000000000000e+00
6.571000000000000227e+02 0.000000000000000000e+00
6.912999999999999545e+02 0.000000000000000000e+00
7.272999999999999545e+02 0.000000000000000000e+00
7.652000000000000455e+02 0.000000000000000000e+00
8.050000000000000000e+02 0.000000000000000000e+00
8.468999999999999773e+02 0.000000000000000000e+00
8.910000000000000000e+02 0.000000000000000000e+00
9.373999999999999773e+02 0.000000000000000000e+00
9.862999999999999545e+02 0.000000000000000000e+00
1.038000000000000000e+03 0.000000000000000000e+00
1.092000000000000000e+03 0.000000000000000000e+00
1.148000000000000000e+03 0.000000000000000000e+00
1.208000000000000000e+03 0.000000000000000000e+00
1.271000000000000000e+03 0.000000000000000000e+00
1.337000000000000000e+03 0.000000000000000000e+00
1.407000000000000000e+03 0.000000000000000000e+00
1.480000000000000000e+03 0.000000000000000000e+00
1.557000000000000000e+03 0.000000000000000000e+00
1.638000000000000000e+03 0.000000000000000000e+00
1.724000000000000000e+03 0.000000000000000000e+00
1.814000000000000000e+03 0.000000000000000000e+00
1.908000000000000000e+03 0.000000000000000000e+00
2.007000000000000000e+03 0.000000000000000000e+00
2.112000000000000000e+03 0.000000000000000000e+00
2.222000000000000000e+03 0.000000000000000000e+00
2.337000000000000000e+03 0.000000000000000000e+00
2.459000000000000000e+03 0.000000000000000000e+00
2.587000000000000000e+03 0.000000000000000000e+00
2.722000000000000000e+03 0.000000000000000000e+00
2.864000000000000000e+03 0.000000000000000000e+00
3.013000000000000000e+03 0.000000000000000000e+00
3.170000000000000000e+03 0.000000000000000000e+00
3.335000000000000000e+03 0.000000000000000000e+00
3.508000000000000000e+03 0.000000000000000000e+00
3.691000000000000000e+03 0.000000000000000000e+00
3.883000000000000000e+03 0.000000000000000000e+00
4.085000000000000000e+03 0.000000000000000000e+00
4.298000000000000000e+03 0.000000000000000000e+00
4.522000000000000000e+03 0.000000000000000000e+00
4.757000000000000000e+03 0.000000000000000000e+00
5.005000000000000000e+03 0.000000000000000000e+00
5.266000000000000000e+03 0.000000000000000000e+00
5.540000000000000000e+03 0.000000000000000000e+00
5.828000000000000000e+03 0.000000000000000000e+00
6.132000000000000000e+03 0.000000000000000000e+00
6.451000000000000000e+03 0.000000000000000000e+00
6.787000000000000000e+03 0.000000000000000000e+00
7.140000000000000000e+03 0.000000000000000000e+00
7.512000000000000000e+03 0.000000000000000000e+00
7.903000000000000000e+03 0.000000000000000000e+00
8.315000000000000000e+03 0.000000000000000000e+00
8.748000000000000000e+03 0.000000000000000000e+00
9.203000000000000000e+03 0.000000000000000000e+00
9.682000000000000000e+03 0.000000000000000000e+00
1.019000000000000000e+04 0.000000000000000000e+00
1.072000000000000000e+04 0.000000000000000000e+00
1.127000000000000000e+04 0.000000000000000000e+00
1.186000000000000000e+04 0.000000000000000000e+00
1.248000000000000000e+04 0.000000000000000000e+00
1.313000000000000000e+04 0.000000000000000000e+00
1.381000000000000000e+04 0.000000000000000000e+00
1.453000000000000000e+04 0.000000000000000000e+00
1.529000000000000000e+04 0.000000000000000000e+00
1.608000000000000000e+04 0.000000000000000000e+00
1.692000000000000000e+04 0.000000000000000000e+00
1.780000000000000000e+04 0.000000000000000000e+00
1.873000000000000000e+04 0.000000000000000000e+00
1.971000000000000000e+04 0.000000000000000000e+00
2.073000000000000000e+04 0.000000000000000000e+00
2.181000000000000000e+04 0.000000000000000000e+00
2.295000000000000000e+04 0.000000000000000000e+00
2.414000000000000000e+04 0.000000000000000000e+00
2.540000000000000000e+04 0.000000000000000000e+00
2.672000000000000000e+04 0.000000000000000000e+00
2.811000000000000000e+04 0.000000000000000000e+00
2.958000000000000000e+04 0.000000000000000000e+00
3.112000000000000000e+04 0.000000000000000000e+00
3.274000000000000000e+04 0.000000000000000000e+00
3.444000000000000000e+04 0.000000000000000000e+00
3.623000000000000000e+04 0.000000000000000000e+00
3.812000000000000000e+04 0.000000000000000000e+00
4.011000000000000000e+04 0.000000000000000000e+00
4.219000000000000000e+04 0.000000000000000000e+00
4.439000000000000000e+04 0.000000000000000000e+00
4.670000000000000000e+04 0.000000000000000000e+00
4.913000000000000000e+04 0.000000000000000000e+00
5.169000000000000000e+04 0.000000000000000000e+00
5.438000000000000000e+04 0.000000000000000000e+00
5.722000000000000000e+04 0.000000000000000000e+00
6.019000000000000000e+04 0.000000000000000000e+00
6.333000000000000000e+04 0.000000000000000000e+00
6.663000000000000000e+04 0.000000000000000000e+00
7.010000000000000000e+04 0.000000000000000000e+00
7.375000000000000000e+04 0.000000000000000000e+00
7.759000000000000000e+04 0.000000000000000000e+00
8.163000000000000000e+04 0.000000000000000000e+00
8.588000000000000000e+04 0.000000000000000000e+00
9.035000000000000000e+04 0.000000000000000000e+00
9.505000000000000000e+04 0.000000000000000000e+00
1.000000000000000000e+05 0.000000000000000000e+00
