4.999999999999999237e-03 1.131779815279151514e+19
9.999999999999998473e-03 4.956553078687059968e+18
1.499999999999999771e-02 2.601401905689996800e+18
1.999999999999999695e-02 1.481920552825603584e+18
2.499999999999999445e-02 8.819312738120588800e+17
2.999999999999999195e-02 5.375481829211671680e+17
3.499999999999999639e-02 3.314116030451084160e+17
3.999999999999999389e-02 2.047872665124408000e+17
4.499999999999999140e-02 1.258244014644492000e+17
4.999999999999998890e-02 7.627416137712243200e+16
5.499999999999998640e-02 4.521765117695695200e+16
5.999999999999999084e-02 2.591954819368473200e+16
6.499999999999998834e-02 1.414132730932330600e+16
6.999999999999999278e-02 7.151931740337943000e+15
7.499999999999999722e-02 3.203070839044611000e+15
7.999999999999998779e-02 1.147833558314546500e+15
8.499999999999999223e-02 2.418800632267185312e+14
8.999999999999999667e-02 1.701176439991948047e+13
