1.473707518796992133e+01 2.320864997219806413e+20
1.573707518796992133e+01 2.270550529684370555e+20
1.673707518796992133e+01 2.211121504761199657e+20
1.773707518796992133e+01 2.150142674722415903e+20
1.873707518796992133e+01 2.084784603608561746e+20
1.973707518796992133e+01 2.018037858055692616e+20
2.073707518796992133e+01 1.951265498950217892e+20
2.173707518796992133e+01 1.884854726133004698e+20
2.273707518796992133e+01 1.819312982645964145e+20
2.373707518796992133e+01 1.755396095301421302e+20
2.473707518796992133e+01 1.693253696664724111e+20
2.573707518796992133e+01 1.633176766021109023e+20
2.673707518796992133e+01 1.575173324336173220e+20
2.773707518796992133e+01 1.518761687442469683e+20
2.873707518796992133e+01 1.465150507935945196e+20
2.973707518796992133e+01 1.413375216404589117e+20
3.073707518796992133e+01 1.363515504549020959e+20
3.173707518796992133e+01 1.315220262131049923e+20
3.273707518796992133e+01 1.268900973754871808e+20
3.373707518796992133e+01 1.224124991276466012e+20
3.473707518796992133e+01 1.181184324822273884e+20
3.573707518796992133e+01 1.139995332471525212e+20
3.673707518796992133e+01 1.100618017478534595e+20
3.773707518796992133e+01 1.063074162699747164e+20
3.873707518796992133e+01 1.027297968691156419e+20
3.973707518796992133e+01 9.932100147978213786e+19
4.073707518796992133e+01 9.607343903880187085e+19
4.173707518796992133e+01 9.296710484568293376e+19
4.273707518796992133e+01 8.999550751985605018e+19
4.373707518796992133e+01 8.714465841615278899e+19
4.473707518796992133e+01 8.440448580085345485e+19
4.573707518796992133e+01 8.176874469126180045e+19
4.673707518796992133e+01 7.923326430425183027e+19
4.773707518796992133e+01 7.678901398922770842e+19
4.873707518796992133e+01 7.443438580697132237e+19
4.973707518796992133e+01 7.216471912082268160e+19
5.073707518796992133e+01 6.997766477486990950e+19
5.173707518796992133e+01 6.786915336272830464e+19
5.273707518796992133e+01 6.583660502431445811e+19
5.373707518796992133e+01 6.387760328840342733e+19
5.473707518796992133e+01 6.198806166723520102e+19
5.573707518796992133e+01 6.016982971192677990e+19
5.673707518796992133e+01 5.841800767344557261e+19
5.773707518796992133e+01 5.673141125076935475e+19
5.873707518796992133e+01 5.511000354571380326e+19
5.973707518796992133e+01 5.355263522417745920e+19
6.073707518796992133e+01 5.205569016444808397e+19
6.173707518796992133e+01 5.061632237637268275e+19
6.273707518796992133e+01 4.923337924683970970e+19
6.373707518796992133e+01 4.790314231450865664e+19
6.473707518796992133e+01 4.662467259684888576e+19
6.573707518796992133e+01 4.539512661153842790e+19
6.673707518796992133e+01 4.421147248598401024e+19
6.773707518796992133e+01 4.307154083912857190e+19
6.873707518796992133e+01 4.197227809627224474e+19
6.973707518796992133e+01 4.091255758342466765e+19
7.073707518796992133e+01 3.988931619946426368e+19
7.173707518796992133e+01 3.890063076444747366e+19
7.273707518796992133e+01 3.794535234986440294e+19
7.373707518796992133e+01 3.702165379689758720e+19
7.473707518796992133e+01 3.612741233972228506e+19
7.573707518796992133e+01 3.526174720088717312e+19
7.673707518796992133e+01 3.442227063987329434e+19
7.773707518796992133e+01 3.361022740484553523e+19
7.873707518796992133e+01 3.282137712580381082e+19
7.973707518796992133e+01 3.205645706867717325e+19
8.073707518796992133e+01 3.131452874812880486e+19
8.173707518796992133e+01 3.059365633415886029e+19
8.273707518796992133e+01 2.989400483843947315e+19
8.373707518796992133e+01 2.921555997263809741e+19
8.473707518796992133e+01 2.855605637590879846e+19
8.573707518796992133e+01 2.791548801197125222e+19
8.673707518796992133e+01 2.729348355395280486e+19
