1.221799999999999287e+01 8.593434163794972672e+18
1.321799999999999287e+01 8.514655524397870080e+18
1.421799999999999287e+01 8.389443553727601664e+18
1.521799999999999287e+01 8.223377162111640576e+18
1.621799999999999287e+01 8.029680295015537664e+18
1.721799999999999287e+01 7.812083141054439424e+18
1.821799999999999287e+01 7.584160460776650752e+18
1.921799999999999287e+01 7.347598654866754560e+18
2.021799999999999287e+01 7.105182160401213440e+18
2.121799999999999287e+01 6.858181871664278528e+18
2.221799999999999287e+01 6.630328542811310080e+18
2.321799999999999287e+01 6.400729994885676032e+18
2.421799999999999287e+01 6.170132600843515904e+18
2.521799999999999287e+01 5.956509880295574528e+18
2.621799999999999287e+01 5.745957429577647104e+18
2.721799999999999287e+01 5.538557426280003584e+18
2.821799999999999287e+01 5.345607702702526464e+18
2.921799999999999287e+01 5.156475885216401408e+18
3.021799999999999287e+01 4.971118493947338752e+18
3.121799999999999287e+01 4.798050341611568128e+18
3.221799999999998931e+01 4.626886819304342528e+18
3.321799999999998931e+01 4.457811099078401024e+18
3.421799999999998931e+01 4.299590991258234880e+18
3.521799999999998931e+01 4.151245933339237376e+18
3.621799999999998931e+01 4.011908160337785344e+18
3.721799999999998931e+01 3.875893552138956800e+18
3.821799999999998931e+01 3.743113370608741888e+18
3.921799999999998931e+01 3.618097622121625600e+18
4.021799999999998931e+01 3.500213424440287232e+18
4.121799999999998931e+01 3.385798398258297344e+18
4.221799999999998931e+01 3.274700163917455360e+18
4.321799999999998931e+01 3.169694145871368192e+18
4.421799999999998931e+01 3.070318066549159424e+18
4.521799999999998931e+01 2.976154030771466240e+18
4.621799999999998931e+01 2.883177709514633728e+18
4.721799999999998931e+01 2.791442161408490496e+18
4.821799999999998931e+01 2.704438845550915072e+18
4.921799999999998931e+01 2.621833840495293952e+18
5.021799999999998931e+01 2.543322875954632704e+18
5.121799999999998931e+01 2.468628180013954560e+18
5.221799999999998931e+01 2.394574056824755200e+18
5.321799999999998931e+01 2.321228027279059968e+18
5.421799999999998931e+01 2.251420304668811008e+18
5.521799999999998931e+01 2.184920105357590016e+18
5.621799999999998931e+01 2.121515480464467712e+18
5.721799999999998931e+01 2.061011480687774208e+18
5.821799999999998931e+01 2.003228527996011264e+18
5.921799999999998931e+01 1.946682496688132096e+18
6.021799999999998931e+01 1.891346298027527936e+18
6.121799999999998931e+01 1.838449053056647936e+18
6.221799999999998931e+01 1.787846306152657408e+18
6.321799999999998931e+01 1.739404278276216320e+18
6.421799999999998931e+01 1.692998925951566592e+18
6.521799999999998931e+01 1.648515096172044544e+18
6.621799999999998931e+01 1.605223574765376256e+18
6.721799999999998931e+01 1.563079709778031360e+18
6.821799999999998931e+01 1.522636091306090496e+18
6.921799999999998931e+01 1.483800852127399680e+18
7.021799999999998931e+01 1.446488310868643328e+18
7.121799999999998931e+01 1.410618475474972928e+18
7.221799999999998931e+01 1.376116592782011904e+18
7.321799999999998931e+01 1.342912739345391616e+18
7.421799999999998931e+01 1.310240661705708032e+18
7.521799999999998931e+01 1.278095983596065792e+18
7.621799999999998931e+01 1.247146347207886848e+18
7.721799999999998931e+01 1.217332601557002752e+18
7.821799999999998931e+01 1.188599233786440192e+18
7.921799999999998931e+01 1.160894102801163008e+18
8.021799999999998931e+01 1.134168195446798208e+18
8.121799999999998931e+01 1.108375403073113088e+18
8.221799999999998931e+01 1.083472316553299712e+18
8.321799999999998931e+01 1.058838836330338560e+18
8.421799999999998931e+01 1.034480058419825664e+18
8.521799999999998931e+01 1.010957749270416384e+18
8.621799999999998931e+01 9.882339215708835840e+17
8.721799999999998931e+01 9.662727243088235520e+17
8.821799999999998931e+01 9.450403000279467520e+17
8.921799999999998931e+01 9.245046530999299840e+17
9.021799999999998931e+01 9.046355280494648320e+17
9.121799999999998931e+01 8.854042970645067520e+17
9.221799999999998931e+01 8.667838559072723200e+17
9.321799999999998931e+01 8.486611179233529600e+17
9.421799999999998931e+01 8.310177756398138880e+17
9.521799999999998931e+01 8.139208074891751680e+17
9.621799999999998931e+01 7.973478468707676160e+17
9.721799999999998931e+01 7.812776612176944640e+17
9.821799999999998931e+01 7.656900836475736320e+17
9.921799999999998931e+01 7.505659493737111040e+17
1.002179999999999893e+02 7.358870365014060800e+17
1.012179999999999893e+02 7.216360108670274560e+17
1.022179999999999893e+02 7.077963746073039360e+17
1.032179999999999893e+02 6.943524181732067840e+17
