1.000000000000000021e-03 7.640551581306136717e+22
1.051999999999999984e-03 7.434741153381804619e+22
1.106999999999999911e-03 7.233940691814189105e+22
1.163999999999999887e-03 7.029016010192421126e+22
1.224999999999999960e-03 6.825567604454258115e+22
1.288999999999999998e-03 6.614842950860454599e+22
1.356000000000000000e-03 6.422046881604758929e+22
1.427000000000000100e-03 6.222135026882862226e+22
1.500999999999999947e-03 6.035781395977971800e+22
1.579000000000000108e-03 5.849934430114358808e+22
1.661000000000000150e-03 5.665714255105264661e+22
1.747999999999999988e-03 5.487551983078566632e+22
1.839000000000000140e-03 5.313121298584545788e+22
1.935000000000000088e-03 5.144448888870456315e+22
2.034999999999999917e-03 4.991389348378384636e+22
2.141000000000000108e-03 4.840985983764807864e+22
2.252999999999999794e-03 4.692282156388260721e+22
2.370000000000000145e-03 4.556053972180426293e+22
2.492999999999999990e-03 4.423800364447063396e+22
2.623000000000000331e-03 4.301257026072779266e+22
2.759999999999999867e-03 4.183887802989977954e+22
2.903999999999999897e-03 4.068824929191713571e+22
3.054999999999999990e-03 3.967630518401205325e+22
3.213999999999999843e-03 3.865930046876805182e+22
3.380999999999999891e-03 3.779933433651382138e+22
3.556999999999999832e-03 3.694164255978225349e+22
3.742000000000000100e-03 3.616123664216792184e+22
3.936999999999999528e-03 3.543604368323478605e+22
4.142000000000000716e-03 3.476595864624548964e+22
4.357999999999999895e-03 3.413758287253540648e+22
4.585000000000000533e-03 3.357458129397342221e+22
4.824000000000000163e-03 3.307273840823872625e+22
5.074999999999999650e-03 3.259058767067651821e+22
5.338999999999999996e-03 3.218084020182352239e+22
5.616999999999999597e-03 3.177915525783683387e+22
5.908999999999999322e-03 3.144530495629677088e+22
6.217000000000000304e-03 3.111023810916432164e+22
6.540999999999999939e-03 3.084815253603046811e+22
6.880999999999999964e-03 3.057757461526173712e+22
7.239999999999999908e-03 3.034605507022384687e+22
7.617000000000000506e-03 3.013917330833119432e+22
8.012999999999999290e-03 2.996065359810696262e+22
8.429999999999999993e-03 2.979860787568300576e+22
8.868999999999998413e-03 2.964804671009230055e+22
9.330999999999999017e-03 2.951748961741143907e+22
9.816999999999999338e-03 2.938099047799526628e+22
1.032999999999999891e-02 2.926527428606317036e+22
1.086999999999999945e-02 2.914166167495221078e+22
1.143000000000000092e-02 2.904663636205149513e+22
1.203000000000000076e-02 2.893170523591192399e+22
1.264999999999999979e-02 2.882636202257137690e+22
1.330999999999999892e-02 2.871111876454668409e+22
1.400999999999999988e-02 2.859892261921647021e+22
1.473000000000000004e-02 2.848854127334747904e+22
1.549999999999999989e-02 2.836952317939223311e+22
1.631000000000000158e-02 2.824483769853301437e+22
1.715999999999999817e-02 2.810918164152604584e+22
1.805000000000000007e-02 2.796945377814703925e+22
1.898999999999999994e-02 2.781406881392614389e+22
1.997999999999999776e-02 2.766089102315038861e+22
2.101999999999999702e-02 2.748996455271324084e+22
2.212000000000000077e-02 2.731352490999824358e+22
2.326999999999999902e-02 2.712474957159093974e+22
2.447999999999999829e-02 2.692093145445415518e+22
2.574999999999999858e-02 2.670476727828894188e+22
2.708999999999999950e-02 2.647268797219753846e+22
2.850000000000000103e-02 2.622907391580927794e+22
2.998999999999999930e-02 2.597222994648434003e+22
3.155000000000000165e-02 2.570168890589074948e+22
3.318999999999999728e-02 2.542458370109253406e+22
3.491999999999999965e-02 2.512425883883483116e+22
3.673999999999999488e-02 2.481811884154474306e+22
3.864999999999999686e-02 2.449234608768524327e+22
4.066000000000000170e-02 2.415706356274406464e+22
4.277999999999999858e-02 2.380938567761276384e+22
4.500999999999999446e-02 2.344866555647503840e+22
4.734999999999999626e-02 2.307708411709000935e+22
4.982000000000000317e-02 2.269369401335152116e+22
5.240999999999999825e-02 2.230182753790089337e+22
5.513999999999999457e-02 2.189896897527255191e+22
5.800999999999999907e-02 2.148654635925733638e+22
6.102999999999999398e-02 2.106713122895348892e+22
6.421000000000000318e-02 2.063357833408656546e+22
6.755999999999999506e-02 2.019206905725518977e+22
7.106999999999999429e-02 1.974988795770138368e+22
7.477000000000000313e-02 1.930377823811547431e+22
7.867000000000000381e-02 1.884658740319676793e+22
8.276000000000000023e-02 1.839073760117062317e+22
8.707000000000000850e-02 1.792180290701186459e+22
9.160999999999999699e-02 1.745281836595167625e+22
9.637999999999999345e-02 1.698657480630344876e+22
1.014000000000000040e-01 1.651405227708065094e+22
1.067000000000000032e-01 1.604123074796143929e+22
1.122000000000000081e-01 1.557207483029137654e+22
1.180999999999999966e-01 1.509934439483015011e+22
1.242000000000000048e-01 1.462993135217755030e+22
1.307000000000000106e-01 1.416598951127441788e+22
1.375000000000000111e-01 1.369670495646583987e+22
1.446999999999999953e-01 1.323891631217430653e+22
1.522000000000000020e-01 1.277996388022036411e+22
1.600999999999999923e-01 1.233033030727544655e+22
1.683999999999999941e-01 1.188717630223240764e+22
1.771999999999999964e-01 1.144479118738551367e+22
1.864000000000000101e-01 1.101376791227019139e+22
1.960999999999999965e-01 1.058442070049815108e+22
2.064000000000000001e-01 1.016072341436902461e+22
2.170999999999999874e-01 9.748355808119106830e+21
2.283999999999999919e-01 9.347178926078175478e+21
2.403000000000000136e-01 8.947271388347458650e+21
2.528000000000000247e-01 8.565255859309030408e+21
2.660000000000000142e-01 8.182911268394271506e+21
2.798000000000000487e-01 7.818856623585731019e+21
2.943999999999999950e-01 7.456476747991877681e+21
3.096999999999999753e-01 7.111393002944958824e+21
3.259000000000000230e-01 6.771519371696968565e+21
3.427999999999999936e-01 6.445684629235389432e+21
3.606999999999999651e-01 6.124848082165215265e+21
3.795000000000000040e-01 5.817099545787212235e+21
3.991999999999999993e-01 5.521084461982762926e+21
4.200000000000000400e-01 5.233050703742994743e+21
4.419000000000000150e-01 4.957449447113033253e+21
4.649000000000000354e-01 4.689738288251563147e+21
4.891000000000000347e-01 4.434533584998586384e+21
5.144999999999999574e-01 4.187259046593950122e+21
5.413000000000000034e-01 3.953619641652410319e+21
5.695000000000000062e-01 3.725922422749817471e+21
5.992000000000000659e-01 3.510074430499079586e+21
6.304000000000000714e-01 3.304572920598032810e+21
6.632000000000000117e-01 3.107154452181237105e+21
6.976999999999999869e-01 2.920526233155178332e+21
7.340999999999999748e-01 2.740961904014208270e+21
7.722999999999999865e-01 2.571848620590198948e+21
8.125000000000000000e-01 2.410260531694647378e+21
8.548000000000000043e-01 2.257611923590674383e+21
8.992999999999999883e-01 2.113289189608121696e+21
9.460999999999999410e-01 1.976218377917281075e+21
9.954000000000000625e-01 1.846622936349758718e+21
1.046999999999999931e+00 1.725439021514303472e+21
1.101999999999999869e+00 1.609099610269063315e+21
1.159000000000000030e+00 1.501444932494657323e+21
1.219000000000000083e+00 1.400606703605848474e+21
1.283000000000000140e+00 1.303699673209710838e+21
1.350000000000000089e+00 1.213944503632831709e+21
1.419999999999999929e+00 1.129931589666509816e+21
1.493999999999999995e+00 1.051479144233374319e+21
1.572000000000000064e+00 9.777037820777455944e+20
1.654000000000000137e+00 9.091724730549968568e+20
1.739999999999999991e+00 8.449542421687820616e+20
1.830000000000000071e+00 7.855580948791175414e+20
1.925999999999999934e+00 7.294965078905880576e+20
2.025999999999999801e+00 6.779479935694897152e+20
2.131000000000000227e+00 6.301287845525003960e+20
2.241999999999999993e+00 5.852336538898728223e+20
2.358999999999999986e+00 5.437290204267449549e+20
2.481999999999999762e+00 5.053463273152727613e+20
2.611000000000000210e+00 4.698712125386816225e+20
2.746999999999999886e+00 4.366828664848741171e+20
2.890000000000000124e+00 4.061405514997474918e+20
3.040999999999999925e+00 3.775043983172122051e+20
3.198999999999999844e+00 3.513140151719689585e+20
3.366000000000000103e+00 3.267553933905818419e+20
3.540999999999999925e+00 3.042524905509793300e+20
3.725000000000000089e+00 2.832894610404842209e+20
3.918999999999999595e+00 2.638464803220971192e+20
4.123000000000000220e+00 2.458748124531979387e+20
4.338000000000000078e+00 2.290625582015697388e+20
4.564000000000000057e+00 2.134086472631908434e+20
4.801000000000000156e+00 1.988602075933661921e+20
5.051000000000000156e+00 1.852759452277409055e+20
5.314000000000000057e+00 1.724523299189856666e+20
5.590999999999999304e+00 1.604835921000582021e+20
5.881999999999999673e+00 1.493126122127901655e+20
6.187999999999999723e+00 1.387924362554538394e+20
6.511000000000000121e+00 1.288446742688083804e+20
6.850000000000000533e+00 1.195246556229099684e+20
7.205999999999999517e+00 1.106953033100590940e+20
7.581999999999999851e+00 1.023770462456038851e+20
7.976000000000000867e+00 9.452767535231361024e+19
8.391999999999999460e+00 8.709768643585522074e+19
8.829000000000000625e+00 8.007479062014877696e+19
9.288000000000000256e+00 7.345876900918121267e+19
9.772000000000000242e+00 6.722277829568439091e+19
1.027999999999999936e+01 6.138511639960453939e+19
1.082000000000000028e+01 5.581464237280284672e+19
1.137999999999999901e+01 5.071869935420669952e+19
1.196999999999999886e+01 4.588512767876447437e+19
1.259999999999999964e+01 4.137502156380645786e+19
1.325000000000000000e+01 3.725117584984711987e+19
1.393999999999999950e+01 3.334990011190491955e+19
1.466999999999999993e+01 2.982542594114798387e+19
1.542999999999999972e+01 2.652791397500377907e+19
1.623000000000000043e+01 2.358238454650192282e+19
1.708000000000000185e+01 2.085232987816666726e+19
1.796999999999999886e+01 1.838311562568563302e+19
1.889999999999999858e+01 1.622076980420524442e+19
1.989000000000000057e+01 1.420390253207623270e+19
2.092000000000000171e+01 1.246526844292253696e+19
2.200999999999999801e+01 1.089387179282593792e+19
2.316000000000000014e+01 9.478979542740736000e+18
2.437000000000000099e+01 8.271319258349972480e+18
2.562999999999999901e+01 7.167777037803260928e+18
2.697000000000000242e+01 6.229077389144805376e+18
2.837000000000000099e+01 5.383397657558463488e+18
2.985000000000000142e+01 4.641787183436125184e+18
3.139999999999999858e+01 4.018511387655013888e+18
3.303999999999999915e+01 3.436797163969691648e+18
3.475999999999999801e+01 2.978596291429286912e+18
3.657000000000000028e+01 2.540737608944098304e+18
3.846999999999999886e+01 2.192782630409724160e+18
4.048000000000000398e+01 1.868206466360018688e+18
4.259000000000000341e+01 1.603461603680653824e+18
4.479999999999999716e+01 1.368228370847666432e+18
4.714000000000000057e+01 1.167567367337996800e+18
4.959000000000000341e+01 9.958031062219367680e+17
5.217000000000000171e+01 8.465803011515365120e+17
5.489000000000000057e+01 7.225375210188121600e+17
5.775000000000000000e+01 6.115678940109634560e+17
6.075000000000000000e+01 5.217879841898289280e+17
6.392000000000000171e+01 4.400773181359360640e+17
6.723999999999999488e+01 3.756028852050268800e+17
7.075000000000000000e+01 3.162653155029412480e+17
7.442999999999999261e+01 2.696961255777834240e+17
7.829999999999999716e+01 2.276645567241636800e+17
8.237999999999999545e+01 1.939808128562329600e+17
8.667000000000000171e+01 1.643554806532177280e+17
9.117999999999999261e+01 1.397003524585258880e+17
9.593000000000000682e+01 1.185647840434818880e+17
1.009000000000000057e+02 1.007706376728250560e+17
1.062000000000000028e+02 8.551671029559025600e+16
1.116999999999999886e+02 7.259778087597321600e+16
1.175000000000000000e+02 6.173318437943261600e+16
1.236000000000000085e+02 5.229843375872209600e+16
1.300999999999999943e+02 4.434631714404009600e+16
1.369000000000000057e+02 3.743319854309191200e+16
1.440000000000000000e+02 3.175404323421753600e+16
1.515000000000000000e+02 2.670437569829177200e+16
1.593999999999999773e+02 2.254328468492644000e+16
1.676999999999999886e+02 1.884298289474478000e+16
1.764000000000000057e+02 1.581878020334663800e+16
1.855999999999999943e+02 1.315434754981738200e+16
1.952000000000000171e+02 1.092651515641496400e+16
2.054000000000000057e+02 8.987566453524734000e+15
2.160999999999999943e+02 7.337716429723294000e+15
2.273999999999999773e+02 5.927670097391576000e+15
2.391999999999999886e+02 4.736216051235327000e+15
2.516999999999999886e+02 3.738354160307546000e+15
2.647999999999999545e+02 2.900928361392866500e+15
2.785000000000000000e+02 2.232622909652635000e+15
2.930000000000000000e+02 1.676080633067951500e+15
3.083000000000000114e+02 1.250570411225397250e+15
3.244000000000000341e+02 9.081803577752966250e+14
3.411999999999999886e+02 6.618055020853441250e+14
3.590000000000000000e+02 4.686015936244566250e+14
3.776999999999999886e+02 3.337622979311873125e+14
3.973999999999999773e+02 2.334087706656825000e+14
4.181000000000000227e+02 1.636256140047994375e+14
4.398000000000000114e+02 1.145052994956256406e+14
4.626999999999999886e+02 7.818889164215990625e+13
4.868000000000000114e+02 5.255228816164815625e+13
5.122000000000000455e+02 3.393853139467118359e+13
5.387999999999999545e+02 2.143164949282731250e+13
5.668999999999999773e+02 1.275813446863331055e+13
5.964000000000000909e+02 7.545602617626722656e+12
6.275000000000000000e+02 4.244649783288068359e+12
6.601000000000000227e+02 2.385862154512894043e+12
6.945000000000000000e+02 1.302016103329162354e+12
7.307000000000000455e+02 6.963107586908405762e+11
7.687000000000000455e+02 3.604687644247592163e+11
8.087999999999999545e+02 1.764496482852477722e+11
8.508999999999999773e+02 8.238091678639274597e+10
8.952000000000000455e+02 3.460741319322270966e+10
9.417999999999999545e+02 1.651504661104251099e+10
9.908000000000000682e+02 6.653335872045545578e+09
1.042000000000000000e+03 3.005458112138451576e+09
1.097000000000000000e+03 1.071556002183491707e+09
1.154000000000000000e+03 4.188889205516077876e+08
1.214000000000000000e+03 1.448193638373626769e+08
1.277000000000000000e+03 4.785253217865101993e+07
1.344000000000000000e+03 1.537700559066120349e+07
1.414000000000000000e+03 4.001868033691786230e+06
1.487000000000000000e+03 1.286477049186272547e+06
1.565000000000000000e+03 2.644948043939840281e+05
1.646000000000000000e+03 8.130596444368913944e+04
1.732000000000000000e+03 1.117541924343023857e+04
1.822000000000000000e+03 3.449125893239174729e+03
1.917000000000000000e+03 3.712750337424732265e+02
2.017000000000000000e+03 1.125098065096581763e+02
2.122000000000000000e+03 7.155786024966950265e+00
2.232000000000000000e+03 2.574186961871618884e+00
2.348000000000000000e+03 3.298158334775166400e-01
2.470000000000000000e+03 3.980820280966080454e-02
2.599000000000000000e+03 6.739070783612279882e-03
2.734000000000000000e+03 3.257504733726693268e-04
2.877000000000000000e+03 6.690644219033405819e-05
3.027000000000000000e+03 1.479686936445293730e-06
3.184000000000000000e+03 3.452831325009187791e-07
3.350000000000000000e+03 3.830069337152155441e-09
3.524000000000000000e+03 9.606489006646903361e-10
3.708000000000000000e+03 5.030079595857927092e-12
3.901000000000000000e+03 1.349625288277859445e-12
4.104000000000000000e+03 2.801958152003022969e-15
4.318000000000000000e+03 7.799360321764355187e-16
4.543000000000000000e+03 7.464856501148117425e-19
4.779000000000000000e+03 2.311997002912498464e-19
5.028000000000000000e+03 9.011048662231411153e-21
5.290000000000000000e+03 2.974920176516714897e-23
5.565000000000000000e+03 3.626821411577795107e-24
5.855000000000000000e+03 1.062966505435649495e-27
6.160000000000000000e+03 1.862307086765906412e-28
6.481000000000000000e+03 1.167395219124890460e-32
6.818000000000000000e+03 2.467367243341563550e-33
7.173000000000000000e+03 3.529056965455376459e-38
7.547000000000000000e+03 8.277888751075061765e-39
7.940000000000000000e+03 2.428751603644702653e-44
8.353000000000000000e+03 6.221544419407302611e-45
8.788000000000000000e+03 3.405949655809598877e-51
9.246000000000000000e+03 9.220419841329566598e-52
9.727000000000000000e+03 7.865918125947000169e-59
1.023000000000000000e+04 2.272043845323893148e-59
1.077000000000000000e+04 1.842334478287176500e-67
1.133000000000000000e+04 6.084072989320926778e-68
1.192000000000000000e+04 4.585118225912872919e-69
1.254000000000000000e+04 2.327988307877500924e-77
1.319000000000000000e+04 3.404513661287947518e-78
1.388000000000000000e+04 5.941386627715971636e-88
1.460000000000000000e+04 1.133977129354824585e-88
1.536000000000000000e+04 8.893649657203940004e-100
1.616000000000000000e+04 1.961502769844418709e-100
1.700000000000000000e+04 5.496708152784529399e-113
1.789000000000000000e+04 1.324559894855424017e-113
1.882000000000000000e+04 9.627790589123483943e-128
1.980000000000000000e+04 2.537298700056998160e-128
2.083000000000000000e+04 3.607080152280070737e-144
2.191000000000000000e+04 9.885224472935030109e-145
2.305000000000000000e+04 1.820917476110397036e-162
2.425000000000000000e+04 5.342012300178806718e-163
2.552000000000000000e+04 6.765946692642791070e-165
2.684000000000000000e+04 3.030989722010320797e-183
2.824000000000000000e+04 3.198028121742273563e-184
2.971000000000000000e+04 6.201594402605909441e-206
3.126000000000000000e+04 1.018632004292700396e-206
3.289000000000000000e+04 3.148382983865555967e-231
3.460000000000000000e+04 6.427758423238086500e-232
3.640000000000000000e+04 2.019224588622138732e-259
3.830000000000000000e+04 4.612662644574322713e-260
4.029000000000000000e+04 6.804363205732350495e-291
4.239000000000000000e+04 1.712580652893970890e-291
4.460000000000000000e+04 0.000000000000000000e+00
4.692000000000000000e+04 0.000000000000000000e+00
4.936000000000000000e+04 0.000000000000000000e+00
5.193000000000000000e+04 0.000000000000000000e+00
5.464000000000000000e+04 0.000000000000000000e+00
5.748000000000000000e+04 0.000000000000000000e+00
6.047000000000000000e+04 0.000000000000000000e+00
6.362000000000000000e+04 0.000000000000000000e+00
6.693000000000000000e+04 0.000000000000000000e+00
7.042000000000000000e+04 0.000000000000000000e+00
7.409000000000000000e+04 0.000000000000000000e+00
7.794000000000000000e+04 0.000000000000000000e+00
8.200000000000000000e+04 0.000000000000000000e+00
8.627000000000000000e+04 0.000000000000000000e+00
9.076000000000000000e+04 0.000000000000000000e+00
9.549000000000000000e+04 0.000000000000000000e+00
1.005000000000000000e+05 0.000000000000000000e+00
1.057000000000000000e+05 0.000000000000000000e+00
1.112000000000000000e+05 0.000000000000000000e+00
1.170000000000000000e+05 0.000000000000000000e+00
1.231000000000000000e+05 0.000000000000000000e+00
1.295000000000000000e+05 0.000000000000000000e+00
1.362000000000000000e+05 0.000000000000000000e+00
1.433000000000000000e+05 0.000000000000000000e+00
1.508000000000000000e+05 0.000000000000000000e+00
1.586000000000000000e+05 0.000000000000000000e+00
1.669000000000000000e+05 0.000000000000000000e+00
1.756000000000000000e+05 0.000000000000000000e+00
1.847000000000000000e+05 0.000000000000000000e+00
1.943000000000000000e+05 0.000000000000000000e+00
2.045000000000000000e+05 0.000000000000000000e+00
2.151000000000000000e+05 0.000000000000000000e+00
2.263000000000000000e+05 0.000000000000000000e+00
2.381000000000000000e+05 0.000000000000000000e+00
2.505000000000000000e+05 0.000000000000000000e+00
2.635000000000000000e+05 0.000000000000000000e+00
2.773000000000000000e+05 0.000000000000000000e+00
2.917000000000000000e+05 0.000000000000000000e+00
3.069000000000000000e+05 0.000000000000000000e+00
3.229000000000000000e+05 0.000000000000000000e+00
3.397000000000000000e+05 0.000000000000000000e+00
3.574000000000000000e+05 0.000000000000000000e+00
3.760000000000000000e+05 0.000000000000000000e+00
3.955000000000000000e+05 0.000000000000000000e+00
4.161000000000000000e+05 0.000000000000000000e+00
4.378000000000000000e+05 0.000000000000000000e+00
4.606000000000000000e+05 0.000000000000000000e+00
4.846000000000000000e+05 0.000000000000000000e+00
5.098000000000000000e+05 0.000000000000000000e+00
5.364000000000000000e+05 0.000000000000000000e+00
5.643000000000000000e+05 0.000000000000000000e+00
5.937000000000000000e+05 0.000000000000000000e+00
6.246000000000000000e+05 0.000000000000000000e+00
6.571000000000000000e+05 0.000000000000000000e+00
6.913000000000000000e+05 0.000000000000000000e+00
7.273000000000000000e+05 0.000000000000000000e+00
7.652000000000000000e+05 0.000000000000000000e+00
8.050000000000000000e+05 0.000000000000000000e+00
8.469000000000000000e+05 0.000000000000000000e+00
8.910000000000000000e+05 0.000000000000000000e+00
9.374000000000000000e+05 0.000000000000000000e+00
9.863000000000000000e+05 0.000000000000000000e+00
1.038000000000000000e+06 0.000000000000000000e+00
1.092000000000000000e+06 0.000000000000000000e+00
1.148000000000000000e+06 0.000000000000000000e+00
1.208000000000000000e+06 0.000000000000000000e+00
1.271000000000000000e+06 0.000000000000000000e+00
1.337000000000000000e+06 0.000000000000000000e+00
1.407000000000000000e+06 0.000000000000000000e+00
1.480000000000000000e+06 0.000000000000000000e+00
1.557000000000000000e+06 0.000000000000000000e+00
1.638000000000000000e+06 0.000000000000000000e+00
1.724000000000000000e+06 0.000000000000000000e+00
1.814000000000000000e+06 0.000000000000000000e+00
1.908000000000000000e+06 0.000000000000000000e+00
2.007000000000000000e+06 0.000000000000000000e+00
2.112000000000000000e+06 0.000000000000000000e+00
2.222000000000000000e+06 0.000000000000000000e+00
2.337000000000000000e+06 0.000000000000000000e+00
2.459000000000000000e+06 0.000000000000000000e+00
2.587000000000000000e+06 0.000000000000000000e+00
2.722000000000000000e+06 0.000000000000000000e+00
2.864000000000000000e+06 0.000000000000000000e+00
3.013000000000000000e+06 0.000000000000000000e+00
3.170000000000000000e+06 0.000000000000000000e+00
3.335000000000000000e+06 0.000000000000000000e+00
3.508000000000000000e+06 0.000000000000000000e+00
3.691000000000000000e+06 0.000000000000000000e+00
3.883000000000000000e+06 0.000000000000000000e+00
4.085000000000000000e+06 0.000000000000000000e+00
4.298000000000000000e+06 0.000000000000000000e+00
4.522000000000000000e+06 0.000000000000000000e+00
4.757000000000000000e+06 0.000000000000000000e+00
5.005000000000000000e+06 0.000000000000000000e+00
5.266000000000000000e+06 0.000000000000000000e+00
5.540000000000000000e+06 0.000000000000000000e+00
5.828000000000000000e+06 0.000000000000000000e+00
6.132000000000000000e+06 0.000000000000000000e+00
6.451000000000000000e+06 0.000000000000000000e+00
6.787000000000000000e+06 0.000000000000000000e+00
7.140000000000000000e+06 0.000000000000000000e+00
7.512000000000000000e+06 0.000000000000000000e+00
7.903000000000000000e+06 0.000000000000000000e+00
8.315000000000000000e+06 0.000000000000000000e+00
8.748000000000000000e+06 0.000000000000000000e+00
9.203000000000000000e+06 0.000000000000000000e+00
9.682000000000000000e+06 0.000000000000000000e+00
1.019000000000000000e+07 0.000000000000000000e+00
1.072000000000000000e+07 0.000000000000000000e+00
1.127000000000000000e+07 0.000000000000000000e+00
1.186000000000000000e+07 0.000000000000000000e+00
1.248000000000000000e+07 0.000000000000000000e+00
1.313000000000000000e+07 0.000000000000000000e+00
1.381000000000000000e+07 0.000000000000000000e+00
1.453000000000000000e+07 0.000000000000000000e+00
1.529000000000000000e+07 0.000000000000000000e+00
1.608000000000000000e+07 0.000000000000000000e+00
1.692000000000000000e+07 0.000000000000000000e+00
1.780000000000000000e+07 0.000000000000000000e+00
1.873000000000000000e+07 0.000000000000000000e+00
1.971000000000000000e+07 0.000000000000000000e+00
2.073000000000000000e+07 0.000000000000000000e+00
2.181000000000000000e+07 0.000000000000000000e+00
2.295000000000000000e+07 0.000000000000000000e+00
2.414000000000000000e+07 0.000000000000000000e+00
2.540000000000000000e+07 0.000000000000000000e+00
2.672000000000000000e+07 0.000000000000000000e+00
2.811000000000000000e+07 0.000000000000000000e+00
2.958000000000000000e+07 0.000000000000000000e+00
3.112000000000000000e+07 0.000000000000000000e+00
3.274000000000000000e+07 0.000000000000000000e+00
3.444000000000000000e+07 0.000000000000000000e+00
3.623000000000000000e+07 0.000000000000000000e+00
3.812000000000000000e+07 0.000000000000000000e+00
4.011000000000000000e+07 0.000000000000000000e+00
4.219000000000000000e+07 0.000000000000000000e+00
4.439000000000000000e+07 0.000000000000000000e+00
4.670000000000000000e+07 0.000000000000000000e+00
4.913000000000000000e+07 0.000000000000000000e+00
5.169000000000000000e+07 0.000000000000000000e+00
5.438000000000000000e+07 0.000000000000000000e+00
5.722000000000000000e+07 0.000000000000000000e+00
6.019000000000000000e+07 0.000000000000000000e+00
6.333000000000000000e+07 0.000000000000000000e+00
6.663000000000000000e+07 0.000000000000000000e+00
7.010000000000000000e+07 0.000000000000000000e+00
7.375000000000000000e+07 0.000000000000000000e+00
7.759000000000000000e+07 0.000000000000000000e+00
8.163000000000000000e+07 0.000000000000000000e+00
8.588000000000000000e+07 0.000000000000000000e+00
9.035000000000000000e+07 0.000000000000000000e+00
9.505000000000000000e+07 0.000000000000000000e+00
1.000000000000000000e+08 0.000000000000000000e+00
