1.221799999999999287e+01 1.933955005667764250e+15
1.321799999999999287e+01 1.717523772365755500e+15
1.421799999999999287e+01 1.515530184345976500e+15
1.521799999999999287e+01 1.328135652586448750e+15
1.621799999999999287e+01 1.154852428351715500e+15
1.721799999999999287e+01 9.958910129885221250e+14
1.821799999999999287e+01 8.535119658141707500e+14
1.921799999999999287e+01 7.265346758720683750e+14
2.021799999999999287e+01 6.141904658974795000e+14
2.121799999999999287e+01 5.152985614426324375e+14
2.221799999999999287e+01 4.357658810406271250e+14
2.321799999999999287e+01 3.662768370007889375e+14
2.421799999999999287e+01 3.058045442088102500e+14
2.521799999999999287e+01 2.571527865593413125e+14
2.621799999999999287e+01 2.156005877381562812e+14
2.721799999999999287e+01 1.801202122226063125e+14
2.821799999999999287e+01 1.514419944219296562e+14
2.921799999999999287e+01 1.269549973387658125e+14
3.021799999999999287e+01 1.060571787536163125e+14
3.121799999999999287e+01 8.911188841470184375e+13
3.221799999999998931e+01 7.424031829129373438e+13
3.321799999999998931e+01 6.128816006020547656e+13
3.421799999999998931e+01 5.088029261367639062e+13
3.521799999999998931e+01 4.246393948743646094e+13
3.621799999999998931e+01 3.561734490241978125e+13
3.721799999999998931e+01 2.953401313174021484e+13
3.821799999999998931e+01 2.419300562978448828e+13
3.921799999999998931e+01 1.991904550220011719e+13
4.021799999999998931e+01 1.647966656238445508e+13
4.121799999999998931e+01 1.352105525897469531e+13
4.221799999999998931e+01 1.099402067907633398e+13
4.321799999999998931e+01 8.982218452562720703e+12
4.421799999999998931e+01 7.372206938521283203e+12
4.521799999999998931e+01 6.077294273826067383e+12
4.621799999999998931e+01 4.972677805340418945e+12
4.721799999999998931e+01 4.036042246288109375e+12
4.821799999999998931e+01 3.290049128182791504e+12
4.921799999999998931e+01 2.693108290254081055e+12
5.021799999999998931e+01 2.213288573591473633e+12
5.121799999999998931e+01 1.825943424713778076e+12
5.221799999999998931e+01 1.492126052198176025e+12
5.321799999999998931e+01 1.206919928262315430e+12
5.421799999999998931e+01 9.800582553289399414e+11
5.521799999999998931e+01 7.988479994540396729e+11
5.621799999999998931e+01 6.535169791136691895e+11
5.721799999999998931e+01 5.365062201880969849e+11
5.821799999999998931e+01 4.419420875472006836e+11
5.921799999999998931e+01 3.597275630242963867e+11
6.021799999999998931e+01 2.890886047455980225e+11
6.121799999999998931e+01 2.331525553581049500e+11
6.221799999999998931e+01 1.886910922831344604e+11
6.321799999999998931e+01 1.532205670468433533e+11
6.421799999999998931e+01 1.248222022367020874e+11
6.521799999999998931e+01 1.020075866930384674e+11
6.621799999999998931e+01 8.247218611826501465e+10
6.721799999999998931e+01 6.591095393316036987e+10
6.821799999999998931e+01 5.284885795107724762e+10
6.921799999999998931e+01 4.251089411735142517e+10
7.021799999999998931e+01 3.430140946817249298e+10
7.121799999999998931e+01 2.776086049596289062e+10
7.221799999999998931e+01 2.253340513952578735e+10
7.321799999999998931e+01 1.834251449496277237e+10
7.421799999999998931e+01 1.477386200643799019e+10
7.521799999999998931e+01 1.176441189913975143e+10
7.621799999999998931e+01 9.396043693215103149e+09
7.721799999999998931e+01 7.526356635160774231e+09
7.821799999999998931e+01 6.045846953269863129e+09
7.921799999999998931e+01 4.870022320647604942e+09
8.021799999999998931e+01 3.933473460078787327e+09
8.121799999999998931e+01 3.185400897020997047e+09
8.221799999999998931e+01 2.586227698857860088e+09
8.321799999999998931e+01 2.074779581933306694e+09
8.421799999999998931e+01 1.643142128975265265e+09
8.521799999999998931e+01 1.304870966126513958e+09
8.621799999999998931e+01 1.039014645666174769e+09
8.721799999999998931e+01 8.294892792137445211e+08
8.821799999999998931e+01 6.639098961185001135e+08
8.921799999999998931e+01 5.327112649514422417e+08
9.021799999999998931e+01 4.284843236437854767e+08
9.121799999999998931e+01 3.454737465721597075e+08
9.221799999999998931e+01 2.791963339856813550e+08
9.321799999999998931e+01 2.232607577938975692e+08
9.421799999999998931e+01 1.765019995882481635e+08
9.521799999999998931e+01 1.398811608774498105e+08
9.621799999999998931e+01 1.111268191879018247e+08
9.721799999999998931e+01 8.849260524325275421e+07
9.821799999999998931e+01 7.063217257453940809e+07
9.921799999999998931e+01 5.650479637413170934e+07
1.002179999999999893e+02 4.530389234134858847e+07
1.012179999999999893e+02 3.640273754116798937e+07
1.022179999999999893e+02 2.931313932160649076e+07
1.032179999999999893e+02 2.365387807328884304e+07
