1.774127155601597394e+01 3.424033266866219000e+15
1.874127155601597394e+01 2.924542561523145500e+15
1.974127155601597394e+01 2.481039272341401000e+15
2.074127155601597394e+01 2.094977101408805750e+15
2.174127155601597394e+01 1.765575152052312000e+15
2.274127155601597394e+01 1.482728786236860250e+15
2.374127155601597394e+01 1.243744896961982250e+15
2.474127155601597394e+01 1.042197286464844375e+15
2.574127155601597394e+01 8.727873354559980000e+14
2.674127155601597394e+01 7.313053822949821250e+14
2.774127155601597394e+01 6.128874374966038750e+14
2.874127155601597394e+01 5.136526380582689375e+14
2.974127155601597394e+01 4.303678326928987500e+14
3.074127155601597394e+01 3.608016323234761875e+14
3.174127155601597394e+01 3.019132449891953125e+14
3.274127155601597394e+01 2.522377716986118125e+14
3.374127155601597394e+01 2.105652007800214688e+14
3.474127155601597394e+01 1.748748870527469375e+14
3.574127155601597394e+01 1.454225110722146875e+14
3.674127155601597394e+01 1.200865778371397344e+14
3.774127155601597394e+01 9.910560367048640625e+13
3.874127155601597394e+01 8.196115351988800000e+13
3.974127155601597394e+01 6.711250581707978906e+13
4.074127155601597394e+01 5.511089138477694531e+13
4.174127155601597394e+01 4.538366103803742188e+13
4.274127155601597394e+01 3.712000359864712500e+13
4.374127155601597394e+01 3.043639856416042578e+13
4.474127155601597394e+01 2.492239636043535547e+13
4.574127155601597394e+01 2.039936733351231250e+13
4.674127155601597394e+01 1.669436905030381250e+13
4.774127155601597394e+01 1.365923200673133594e+13
4.874127155601597394e+01 1.118127437088601367e+13
4.974127155601597394e+01 9.152904580026179688e+12
5.074127155601597394e+01 7.491356954135632812e+12
5.174127155601597394e+01 6.132192014029149414e+12
5.274127155601597394e+01 5.017131809939410156e+12
5.374127155601597394e+01 4.103786524274933105e+12
5.474127155601597394e+01 3.354147670995232422e+12
5.574127155601597394e+01 2.738090465521066406e+12
5.674127155601597394e+01 2.234333343186787598e+12
5.774127155601597394e+01 1.818209396269967041e+12
5.874127155601597394e+01 1.480835489529192383e+12
5.974127155601597394e+01 1.202042375590812012e+12
6.074127155601597394e+01 9.756206441831013184e+11
6.174127155601597394e+01 7.931622277911041260e+11
6.274127155601597394e+01 6.409287558148999023e+11
6.374127155601597394e+01 5.189236585062047119e+11
6.474127155601597394e+01 4.209282349857591553e+11
6.574127155601597394e+01 3.395251983254964600e+11
6.674127155601597394e+01 2.743256157407335815e+11
6.774127155601597394e+01 2.221042000886477966e+11
6.874127155601597394e+01 1.789192127628359985e+11
6.974127155601597394e+01 1.443374643034511414e+11
7.074127155601597394e+01 1.166965248904949188e+11
7.174127155601597394e+01 9.391938162842863464e+10
7.274127155601597394e+01 7.567629248764007568e+10
7.374127155601597394e+01 6.111602349136975098e+10
7.474127155601597394e+01 4.914276781254188538e+10
7.574127155601597394e+01 3.954834691709344482e+10
7.674127155601597394e+01 3.190192097349550247e+10
7.774127155601597394e+01 2.563136658321266556e+10
7.874127155601597394e+01 2.060471855641922760e+10
7.974127155601597394e+01 1.660299054772372818e+10
8.074127155601597394e+01 1.332263597731774902e+10
8.174127155601597394e+01 1.069112260574995232e+10
8.274127155601597394e+01 8.600257804125547409e+09
8.374127155601597394e+01 6.897358276706128120e+09
8.474127155601597394e+01 5.532210430978363991e+09
