4.999999999999999237e-03 2.307200603978163750e+14
9.999999999999998473e-03 3.018255567743223438e+13
1.499999999999999771e-02 6.044297767546858398e+12
1.999999999999999695e-02 1.454575812914612793e+12
2.499999999999999445e-02 3.944978024540267334e+11
2.999999999999999195e-02 1.180388094401951447e+11
3.499999999999999639e-02 3.777526789056518555e+10
3.999999999999999389e-02 1.265678258836570168e+10
4.499999999999999140e-02 4.326141764191616058e+09
4.999999999999998890e-02 1.493993963737519026e+09
5.499999999999998640e-02 5.134806236139145494e+08
5.999999999999999084e-02 1.745207225889367461e+08
6.499999999999998834e-02 5.758781395665724576e+07
6.999999999999999278e-02 1.781437237159709632e+07
7.499999999999999722e-02 4.973884862952609546e+06
7.999999999999998779e-02 1.146792614286554744e+06
8.499999999999999223e-02 1.585652787700269837e+05
8.999999999999999667e-02 6.726793486178263265e+03
