9.999999999999999547e-07 5.574898759131270986e+27
1.052000000000000050e-06 5.405033184104589110e+27
1.106999999999999947e-06 5.233425503348047156e+27
1.163999999999999994e-06 5.062651592632892784e+27
1.224999999999999918e-06 4.889101442418579234e+27
1.289000000000000068e-06 4.716667624271407277e+27
1.356000000000000019e-06 4.546435980085584082e+27
1.427000000000000059e-06 4.375672965080500019e+27
1.500999999999999901e-06 4.207896388972255880e+27
1.579000000000000044e-06 4.041606945563925683e+27
1.661000000000000064e-06 3.877148249565259023e+27
1.748000000000000035e-06 3.712969150032984961e+27
1.839000000000000096e-06 3.552720797395326742e+27
1.935000000000000108e-06 3.395123587977220230e+27
2.034999999999999998e-06 3.242038635448011577e+27
2.140999999999999915e-06 3.091116087080797175e+27
2.252999999999999859e-06 2.943217207943552724e+27
2.370000000000000179e-06 2.799469221304452864e+27
2.493000000000000102e-06 2.659824170679171764e+27
2.623000000000000128e-06 2.523633253256682357e+27
2.759999999999999833e-06 2.391312710557497113e+27
2.904000000000000063e-06 2.263165163733181539e+27
3.054999999999999973e-06 2.139496045717471521e+27
3.214000000000000060e-06 2.020125850998283810e+27
3.380999999999999901e-06 1.905626329186256138e+27
3.556999999999999995e-06 1.795480206161377512e+27
3.741999999999999917e-06 1.689616746974902117e+27
3.936999999999999745e-06 1.587802323012008674e+27
4.142000000000000323e-06 1.490697642974436854e+27
4.357999999999999610e-06 1.397801095495629020e+27
4.585000000000000147e-06 1.309104472241699940e+27
4.823999999999999892e-06 1.224909435921681948e+27
5.074999999999999691e-06 1.144813260703907200e+27
5.339000000000000043e-06 1.068670283394565579e+27
5.616999999999999753e-06 9.966337701473003043e+26
5.908999999999999668e-06 9.286122949181947297e+26
6.216999999999999938e-06 8.641784563109463279e+26
6.540999999999999716e-06 8.032747344599437088e+26
6.880999999999999848e-06 7.461373174218839105e+26
7.240000000000000138e-06 6.920971517383478610e+26
7.617000000000000086e-06 6.413594352682000198e+26
8.012999999999999344e-06 5.939693213299582232e+26
8.430000000000000603e-06 5.493812234595957685e+26
8.868999999999999280e-06 5.074752917456611212e+26
9.330999999999999261e-06 4.683727769683263991e+26
9.816999999999999351e-06 4.318811571649159429e+26
1.032999999999999935e-05 3.977312631803439315e+26
1.086999999999999926e-05 3.657933992203921620e+26
1.143000000000000068e-05 3.365765154354109255e+26
1.203000000000000002e-05 3.089100749922880035e+26
1.264999999999999916e-05 2.836862467174032377e+26
1.330999999999999962e-05 2.599418903074843316e+26
1.400999999999999969e-05 2.377859060206242435e+26
1.472999999999999958e-05 2.177573669710599359e+26
1.550000000000000068e-05 1.989249426103866818e+26
1.631000000000000139e-05 1.814799005950125076e+26
1.715999999999999833e-05 1.654929882359580358e+26
1.805000000000000167e-05 1.508146799803769350e+26
1.898999999999999945e-05 1.372321583502386992e+26
1.997999999999999844e-05 1.247548905595592673e+26
2.101999999999999865e-05 1.132897497468046995e+26
2.212000000000000167e-05 1.026875358117904741e+26
2.326999999999999913e-05 9.301818849889905430e+25
2.447999999999999940e-05 8.419635793326632991e+25
2.574999999999999910e-05 7.612933557369868020e+25
2.708999999999999982e-05 6.874749845055558559e+25
2.850000000000000157e-05 6.203032662384841393e+25
2.998999999999999916e-05 5.586682239434979172e+25
3.155000000000000117e-05 5.028521236431459261e+25
3.318999999999999902e-05 4.521209605197800159e+25
3.491999999999999770e-05 4.057885982270959062e+25
3.673999999999999722e-05 3.637644487617654128e+25
3.864999999999999756e-05 3.259182971997275460e+25
4.066000000000000034e-05 2.917664066029535382e+25
4.278000000000000037e-05 2.608188482542184384e+25
4.500999999999999766e-05 2.328916267578883869e+25
4.734999999999999897e-05 2.077495809569838219e+25
4.982000000000000073e-05 1.850232776886413876e+25
5.241000000000000134e-05 1.646722421824269158e+25
5.513999999999999723e-05 1.464186619920115018e+25
5.801000000000000194e-05 1.300547554345687450e+25
6.102999999999999674e-05 1.154291339119685378e+25
6.420999999999999679e-05 1.023002169000558279e+25
6.755999999999999690e-05 9.052405365442727884e+24
7.106999999999999548e-05 8.011239502169461215e+24
7.477000000000000410e-05 7.087462117124005561e+24
7.867000000000000403e-05 6.261982478099899809e+24
8.276000000000000045e-05 5.534802555294889630e+24
8.707000000000000492e-05 4.887510062000217942e+24
9.160999999999999872e-05 4.310069830195130778e+24
9.637999999999999541e-05 3.806721363964170684e+24
1.013999999999999982e-04 3.360302070720845396e+24
1.067000000000000050e-04 2.963972954134958320e+24
1.122000000000000032e-04 2.620800329960661088e+24
1.180999999999999975e-04 2.315158749473552200e+24
1.242000000000000103e-04 2.050254877557492149e+24
1.307000000000000056e-04 1.814637872484151904e+24
1.375000000000000083e-04 1.608251458271078888e+24
1.446999999999999936e-04 1.428341047908051429e+24
1.522000000000000132e-04 1.272534004103936184e+24
1.600999999999999884e-04 1.134214152313431610e+24
1.684000000000000004e-04 1.015656600670449800e+24
1.771999999999999975e-04 9.099898137361713893e+23
1.864000000000000043e-04 8.173677979147602043e+23
1.960999999999999961e-04 7.357226733153824811e+23
2.064000000000000025e-04 6.637372239578119295e+23
2.170999999999999916e-04 6.020000340899270419e+23
2.283999999999999952e-04 5.466778832545536960e+23
2.403000000000000134e-04 4.972137626763923596e+23
2.528000000000000191e-04 4.538467734137080780e+23
2.660000000000000146e-04 4.148483598991272381e+23
2.798000000000000248e-04 3.801856091514122776e+23
2.944000000000000002e-04 3.488634666941951456e+23
3.096999999999999927e-04 3.204566207918948148e+23
3.259000000000000070e-04 2.942260459559912200e+23
3.427999999999999841e-04 2.706518091492248582e+23
3.606999999999999855e-04 2.489190887438707998e+23
3.795000000000000088e-04 2.287946290248944965e+23
3.991999999999999997e-04 2.101779174711817960e+23
4.200000000000000174e-04 1.928803523649670826e+23
4.419000000000000076e-04 1.767042867578653209e+23
4.649000000000000246e-04 1.617863672470084979e+23
4.891000000000000165e-04 1.476014220637446320e+23
5.144999999999999834e-04 1.343271749783282128e+23
5.412999999999999843e-04 1.219140867160404163e+23
5.695000000000000192e-04 1.102793649020936913e+23
5.992000000000000364e-04 9.947808265349101519e+22
6.304000000000000358e-04 8.932368867075505416e+22
6.631999999999999658e-04 7.983285902514016433e+22
6.976999999999999912e-04 7.120737733166723865e+22
7.341000000000000086e-04 6.295538580062806947e+22
7.722999999999999613e-04 5.564656509993448007e+22
8.124999999999999627e-04 4.866725257352622742e+22
8.547999999999999609e-04 4.256753926458166791e+22
8.993000000000000126e-04 3.706127580377740267e+22
9.460999999999999575e-04 3.220285077351062884e+22
9.954000000000000174e-04 2.802751095336642753e+22
1.046999999999999971e-03 2.433933708288742497e+22
1.101999999999999898e-03 2.115288036884686150e+22
1.159000000000000091e-03 1.839709537637956898e+22
1.219000000000000031e-03 1.593014684896435215e+22
1.283000000000000069e-03 1.384657795601746467e+22
1.350000000000000071e-03 1.192306919534868247e+22
1.420000000000000038e-03 1.037441258151474522e+22
1.494000000000000102e-03 8.904177522775454384e+21
1.572000000000000047e-03 7.723920947195701887e+21
1.654000000000000088e-03 6.619394408163805495e+21
1.740000000000000010e-03 5.718839009062117442e+21
1.830000000000000029e-03 4.908259163033848250e+21
1.925999999999999978e-03 4.212067350202515194e+21
2.026000000000000023e-03 3.610450708538330186e+21
2.131000000000000082e-03 3.091531714808342118e+21
2.242000000000000069e-03 2.648793528080125133e+21
2.358999999999999986e-03 2.260986879188446740e+21
2.481999999999999831e-03 1.933830525091148202e+21
2.611000000000000040e-03 1.648232332622715159e+21
2.746999999999999876e-03 1.407605712606297063e+21
2.890000000000000208e-03 1.200754085306667893e+21
3.040999999999999866e-03 1.023220744969200599e+21
3.199000000000000021e-03 8.740727773677488701e+20
3.366000000000000068e-03 7.431651570703792865e+20
3.540999999999999877e-03 6.348891183685705400e+20
3.725000000000000012e-03 5.388783699436499763e+20
3.918999999999999741e-03 4.621482450409943204e+20
4.122999999999999929e-03 3.921833684155050885e+20
4.337999999999999842e-03 3.356623202732506481e+20
4.564000000000000348e-03 2.850032556560400712e+20
4.800999999999999712e-03 2.435659479080090010e+20
5.050999999999999934e-03 2.071858549284966564e+20
5.314000000000000147e-03 1.767121837211404206e+20
5.590999999999999616e-03 1.504121319920145859e+20
5.882000000000000076e-03 1.280321498449197957e+20
6.187999999999999924e-03 1.091231757838461010e+20
6.511000000000000294e-03 9.258889823344132096e+19
6.850000000000000186e-03 7.908850677371284685e+19
7.205999999999999732e-03 6.707382895297381990e+19
7.582000000000000198e-03 5.732998971225319834e+19
7.976000000000000451e-03 4.848871006626021376e+19
8.392000000000000154e-03 4.148751706845066854e+19
8.829000000000000042e-03 3.504954809757388390e+19
9.287999999999999381e-03 2.999620972477186867e+19
9.771999999999999437e-03 2.534326221977278464e+19
1.027999999999999921e-02 2.161594812504582963e+19
1.081999999999999976e-02 1.820767271391434138e+19
1.137999999999999949e-02 1.543582087457385677e+19
1.196999999999999974e-02 1.300196304844374221e+19
1.260000000000000009e-02 1.090702781184547635e+19
1.324999999999999963e-02 9.144717146592259072e+18
1.393999999999999927e-02 7.593572524272054272e+18
1.467000000000000075e-02 6.283409900781829120e+18
1.542999999999999927e-02 5.138842989624230912e+18
1.623000000000000137e-02 4.198189593591397376e+18
1.708000000000000143e-02 3.345227480692798464e+18
1.796999999999999986e-02 2.679454458251983872e+18
1.890000000000000013e-02 2.077453024869480704e+18
1.989000000000000143e-02 1.632009751267524096e+18
2.092000000000000109e-02 1.228951278259476992e+18
2.200999999999999832e-02 9.417751887605025280e+17
2.316000000000000003e-02 6.896299436502368000e+17
2.436999999999999930e-02 5.117600091459850880e+17
2.563000000000000000e-02 3.685258221210896640e+17
2.697000000000000092e-02 2.653495752159878080e+17
2.836999999999999938e-02 1.882880409004602240e+17
2.985000000000000153e-02 1.315676007505481440e+17
3.139999999999999736e-02 9.261959542843201600e+16
3.303999999999999992e-02 6.272395867208236000e+16
3.475999999999999923e-02 4.336530302625801600e+16
3.656999999999999834e-02 2.796335275320614400e+16
3.846999999999999725e-02 1.869492383928286400e+16
4.048000000000000209e-02 1.109628897502563000e+16
4.259000000000000286e-02 7.089559512294258000e+15
4.479999999999999954e-02 3.802858131554442000e+15
4.714000000000000135e-02 2.398688846334973000e+15
4.959000000000000213e-02 1.256210281758239250e+15
5.217000000000000109e-02 7.387614775959688750e+14
5.489000000000000129e-02 3.857506035684876875e+14
5.775000000000000272e-02 2.072240239204034062e+14
6.074999999999999845e-02 1.038449807159923906e+14
6.392000000000000459e-02 4.849812105059222656e+13
6.723999999999999422e-02 2.372524877334784375e+13
7.074999999999999345e-02 9.467221146241958984e+12
7.442999999999999616e-02 4.577529478178423828e+12
7.829999999999999460e-02 1.549491614933983643e+12
8.237999999999999490e-02 7.505395019610982666e+11
8.666999999999999704e-02 2.108330172760610657e+11
9.117999999999999716e-02 1.002825241495737457e+11
9.593000000000000138e-02 2.100482580704698181e+10
1.009000000000000036e-01 1.046110102940674210e+10
1.062000000000000027e-01 2.286333534309172630e+09
1.116999999999999937e-01 9.089936678747982979e+08
1.174999999999999933e-01 2.257615385367627740e+08
1.236000000000000015e-01 5.495372257316245139e+07
1.300999999999999934e-01 1.553435616236464120e+07
1.368999999999999939e-01 2.421844336449389812e+06
1.439999999999999891e-01 7.687446018456770107e+05
1.514999999999999958e-01 7.382335929034517903e+04
1.593999999999999861e-01 2.561805942160724226e+04
1.676999999999999880e-01 1.487141974314045683e+03
1.764000000000000012e-01 5.549236233085244976e+02
1.855999999999999872e-01 1.946739441504431056e+01
1.952000000000000124e-01 7.813574911569405756e+00
2.053999999999999992e-01 1.313227903080253778e-01
2.160999999999999865e-01 5.506924623693357917e-02
2.273999999999999910e-01 6.231719994734538160e-04
2.391999999999999960e-01 2.872160869061851792e-04
2.516999999999999793e-01 3.110310507171177858e-05
2.647999999999999798e-01 5.876789351501973978e-07
2.785000000000000253e-01 1.145729754820973698e-07
2.929999999999999827e-01 8.180174799146666802e-10
3.083000000000000185e-01 2.080216031732915957e-10
3.244000000000000217e-01 4.435399756294539338e-13
3.412000000000000033e-01 1.354574955250854462e-13
3.589999999999999858e-01 1.055505056889586896e-16
3.776999999999999802e-01 3.610490219629893218e-17
3.973999999999999755e-01 1.081629952983034849e-20
4.181000000000000272e-01 4.052573900122437927e-21
4.398000000000000242e-01 3.185446517349904521e-25
4.627000000000000002e-01 1.282611638836413980e-25
4.868000000000000105e-01 2.784371442769950521e-30
5.121999999999999886e-01 1.202044161474912581e-30
5.387999999999999456e-01 4.550643935395454807e-32
5.668999999999999595e-01 3.189036420481377525e-36
5.964000000000000412e-01 4.561937106943315559e-37
6.274999999999999467e-01 1.942557468423852843e-42
6.601000000000000201e-01 4.188475944983038724e-43
6.945000000000000062e-01 2.375472290553135610e-49
7.307000000000000162e-01 6.493152333730847646e-50
7.687000000000000499e-01 4.155951541478011843e-57
8.087999999999999634e-01 1.321548666355743639e-57
8.508999999999999897e-01 8.427035318844036429e-66
8.951999999999999957e-01 3.001352385233973227e-66
9.417999999999999705e-01 1.980521437011120385e-75
9.908000000000000140e-01 7.605719521339003658e-76
1.042000000000000037e+00 3.714705568545433160e-86
1.096999999999999975e+00 1.508454938522359152e-86
1.153999999999999915e+00 3.684061805019292683e-98
1.213999999999999968e+00 1.655510914208362350e-98
1.276999999999999913e+00 1.349004934341535770e-99
1.344000000000000083e+00 6.796508370664296631e-112
1.413999999999999924e+00 1.162674079498913041e-112
1.487000000000000099e+00 1.043405403129982968e-126
1.564999999999999947e+00 2.476621286826005007e-127
1.645999999999999908e+00 -1.144111983480686598e-127
1.731999999999999984e+00 -4.988347307510025829e-127
1.822000000000000064e+00 -9.011384274517468236e-127
1.917000000000000037e+00 -1.325792329524754474e-126
2.016999999999999904e+00 -1.772796436970024303e-126
2.121999999999999886e+00 -2.242150749787559756e-126
2.232000000000000206e+00 -2.733855267977359521e-126
2.347999999999999865e+00 -3.252380032613870293e-126
2.470000000000000195e+00 -3.797725043697103224e-126
2.599000000000000199e+00 -4.374360342301504355e-126
2.733999999999999986e+00 -4.977815887352618461e-126
2.876999999999999780e+00 -5.617031760999353366e-126
3.027000000000000135e+00 -6.287537922167263686e-126
3.184000000000000163e+00 -6.989334370856338270e-126
3.350000000000000089e+00 -7.731361189215486909e-126
3.524000000000000021e+00 -8.509148336170258970e-126
3.708000000000000185e+00 -9.331635893869555719e-126
3.900999999999999801e+00 -1.019435382123892915e-125
4.104000000000000092e+00 -1.110177215935283513e-125
4.317999999999999616e+00 -1.205836094928570988e-125
4.543000000000000149e+00 -1.306412019103757962e-125
4.778999999999999915e+00 -1.411904988460841419e-125
5.027999999999999581e+00 -1.523209011214713584e-125
5.290000000000000036e+00 -1.640324087365374719e-125
5.565000000000000391e+00 -1.763250216912824561e-125
5.855000000000000426e+00 -1.892881408071952976e-125
6.160000000000000142e+00 -2.029217660842759962e-125
6.480999999999999872e+00 -2.172705979332692946e-125
6.817999999999999616e+00 -2.323346363541749039e-125
7.173000000000000043e+00 -2.482032821684820468e-125
7.546999999999999709e+00 -2.649212357869351771e-125
7.940000000000000391e+00 -2.824884972095342949e-125
8.352999999999999758e+00 -3.009497668470239588e-125
8.788000000000000256e+00 -3.203944455208933391e-125
9.246000000000000441e+00 -3.408672336418867321e-125
9.727000000000000313e+00 -3.623681312100043477e-125
1.023000000000000043e+01 -3.848524378145014171e-125
1.076999999999999957e+01 -4.089906596165460601e-125
1.133000000000000007e+01 -4.340228896334811968e-125
1.191999999999999993e+01 -4.603961319727523103e-125
1.253999999999999915e+01 -4.881103866343588757e-125
1.318999999999999950e+01 -5.171656536183015228e-125
1.388000000000000078e+01 -5.480089370320253674e-125
1.459999999999999964e+01 -5.801932327680848214e-125
1.535999999999999943e+01 -6.141655449339254728e-125
1.616000000000000014e+01 -6.499258735295471116e-125
1.700000000000000000e+01 -6.874742185549497379e-125
1.789000000000000057e+01 -7.272575841175790447e-125
1.882000000000000028e+01 -7.688289661099892340e-125
1.980000000000000071e+01 -8.126353686396256838e-125
2.082999999999999829e+01 -8.586767917064884992e-125
2.191000000000000014e+01 -9.069532353105777851e-125
2.305000000000000071e+01 -9.579117035593389196e-125
2.425000000000000000e+01 -1.011552196452771693e-124
2.551999999999999957e+01 -1.068321718098320958e-124
2.683999999999999986e+01 -1.127326260281096379e-124
2.823999999999999844e+01 -1.189906835323434404e-124
2.971000000000000085e+01 -1.255616439117889551e-124
3.126000000000000156e+01 -1.324902075771906463e-124
3.289000000000000057e+01 -1.397763745285485560e-124
3.460000000000000142e+01 -1.474201447658627052e-124
3.639999999999999858e+01 -1.554662186998775372e-124
3.829999999999999716e+01 -1.639592967413377053e-124
4.028999999999999915e+01 -1.728546784794986192e-124
4.239000000000000057e+01 -1.822417647358493335e-124
4.460000000000000142e+01 -1.921205555103898272e-124
4.692000000000000171e+01 -2.024910508031200794e-124
4.935999999999999943e+01 -2.133979510247847013e-124
5.192999999999999972e+01 -2.248859565861281572e-124
5.464000000000000057e+01 -2.369997678978949955e-124
5.747999999999999687e+01 -2.496946845493406679e-124
6.046999999999999886e+01 -2.630601073619542709e-124
6.361999999999999744e+01 -2.771407367464803109e-124
6.693000000000000682e+01 -2.919365727029188298e-124
7.042000000000000171e+01 -3.075370160527587983e-124
7.409000000000000341e+01 -3.239420667960002585e-124
7.793999999999999773e+01 -3.411517249326431263e-124
8.200000000000000000e+01 -3.593000916949211725e-124
8.626999999999999602e+01 -3.783871670828342713e-124
9.076000000000000512e+01 -3.984576515071270550e-124
9.548999999999999488e+01 -4.196009457892883261e-124
1.005000000000000000e+02 -4.419958515722963619e-124
1.057000000000000028e+02 -4.652400651594503957e-124
1.112000000000000028e+02 -4.898252910689402908e-124
1.170000000000000000e+02 -5.157515293007659632e-124
1.230999999999999943e+02 -5.430187798549275809e-124
1.295000000000000000e+02 -5.716270427314248920e-124
1.361999999999999886e+02 -6.015763179302579804e-124
1.433000000000000114e+02 -6.333136095588721612e-124
1.508000000000000114e+02 -6.668389176172677704e-124
1.585999999999999943e+02 -7.017052379979986531e-124
1.669000000000000057e+02 -7.388065789159562793e-124
1.755999999999999943e+02 -7.776959362636947459e-124
1.846999999999999886e+02 -8.183733100412143889e-124
1.943000000000000114e+02 -8.612857043559604395e-124
2.045000000000000000e+02 -9.068801233153780448e-124
2.150999999999999943e+02 -9.542625587045770784e-124
2.263000000000000114e+02 -1.004327018738447331e-123
2.380999999999999943e+02 -1.057073503416989138e-123
2.505000000000000000e+02 -1.112502012740202836e-123
2.635000000000000000e+02 -1.170612546708088088e-123
2.773000000000000114e+02 -1.232299113535535357e-123
2.916999999999999886e+02 -1.296667705007654685e-123
3.068999999999999773e+02 -1.364612329339335694e-123
3.228999999999999773e+02 -1.436132986530579055e-123
3.396999999999999886e+02 -1.511229676581384434e-123
3.573999999999999773e+02 -1.590349403599197649e-123
3.760000000000000000e+02 -1.673492167584018195e-123
3.955000000000000000e+02 -1.760657968535845906e-123
4.161000000000000227e+02 -1.852740814669571746e-123
4.378000000000000114e+02 -1.949740705985195381e-123
4.606000000000000227e+02 -2.051657642482717482e-123
4.846000000000000227e+02 -2.158938628269582693e-123
5.098000000000000114e+02 -2.271583663345791349e-123
5.363999999999999773e+02 -2.390486755926232736e-123
5.642999999999999545e+02 -2.515200901903463892e-123
5.937000000000000455e+02 -2.646620109492373766e-123
6.246000000000000227e+02 -2.784744378692962023e-123
6.571000000000000227e+02 -2.930020713612675322e-123
6.912999999999999545e+02 -3.082896118358957970e-123
7.272999999999999545e+02 -3.243817597039255282e-123
7.652000000000000455e+02 -3.413232153761012237e-123
8.050000000000000000e+02 -3.591139788524230179e-123
8.468999999999999773e+02 -3.778434509543799066e-123
8.910000000000000000e+02 -3.975563320927164213e-123
9.373999999999999773e+02 -4.182973226781770265e-123
9.862999999999999545e+02 -4.401558235322506506e-123
1.038000000000000000e+03 -4.632659358871712914e-123
1.092000000000000000e+03 -4.874041576892159553e-123
1.148000000000000000e+03 -5.124363877061510479e-123
1.208000000000000000e+03 -5.392566341528673337e-123
1.271000000000000000e+03 -5.674178929219193633e-123
1.337000000000000000e+03 -5.969201640133073382e-123
1.407000000000000000e+03 -6.282104515344761703e-123
1.480000000000000000e+03 -6.608417513779810822e-123
1.557000000000000000e+03 -6.952610676512669856e-123
1.638000000000000000e+03 -7.314684003543338808e-123
1.724000000000000000e+03 -7.699107535946272171e-123
1.814000000000000000e+03 -8.101411232647015450e-123
1.908000000000000000e+03 -8.521595093645568647e-123
2.007000000000000000e+03 -8.964129160016387598e-123
2.112000000000000000e+03 -9.433483472833922767e-123
2.222000000000000000e+03 -9.925187991023721005e-123
2.337000000000000000e+03 -1.043924271458578231e-122
2.459000000000000000e+03 -1.098458772566901298e-122
2.587000000000000000e+03 -1.155675298319895719e-122
2.722000000000000000e+03 -1.216020852825008017e-122
2.864000000000000000e+03 -1.279495436082236312e-122
3.013000000000000000e+03 -1.346099048091581409e-122
3.170000000000000000e+03 -1.416278692960488758e-122
3.335000000000000000e+03 -1.490034370688958897e-122
3.508000000000000000e+03 -1.567366081276991019e-122
3.691000000000000000e+03 -1.649167832939474948e-122
3.883000000000000000e+03 -1.734992621568967385e-122
4.085000000000000000e+03 -1.825287451272912167e-122
4.298000000000000000e+03 -1.920499326158754475e-122
4.522000000000000000e+03 -2.020628246226495651e-122
4.757000000000000000e+03 -2.125674211476134353e-122
5.005000000000000000e+03 -2.236531230122561480e-122
5.266000000000000000e+03 -2.353199302165777031e-122
5.540000000000000000e+03 -2.475678427605781544e-122
5.828000000000000000e+03 -2.604415610550019393e-122
6.132000000000000000e+03 -2.740304859213382284e-122
6.451000000000000000e+03 -2.882899169488423155e-122
6.787000000000000000e+03 -3.033092549590033442e-122
7.140000000000000000e+03 -3.190884999518214220e-122
7.512000000000000000e+03 -3.357170527487856388e-122
7.903000000000000000e+03 -3.531949133498956721e-122
8.315000000000000000e+03 -3.716114825766407731e-122
8.748000000000000000e+03 -3.909667604290211567e-122
9.203000000000000000e+03 -4.113054473177808841e-122
9.682000000000000000e+03 -4.327169440644094216e-122
1.019000000000000000e+04 -4.554247527226292250e-122
1.072000000000000000e+04 -4.791159704172284798e-122
1.127000000000000000e+04 -5.037011963267185261e-122
1.186000000000000000e+04 -5.300744386659894027e-122
1.248000000000000000e+04 -5.577886933275961978e-122
1.313000000000000000e+04 -5.868439603115389113e-122
1.381000000000000000e+04 -6.172402396178173283e-122
1.453000000000000000e+04 -6.494245353538770056e-122
1.529000000000000000e+04 -6.833968475197175134e-122
1.608000000000000000e+04 -7.187101720078939396e-122
1.692000000000000000e+04 -7.562585170332967532e-122
1.780000000000000000e+04 -7.955948784884803972e-122
1.873000000000000000e+04 -8.371662604808908585e-122
1.971000000000000000e+04 -8.809726630105272773e-122
2.073000000000000000e+04 -9.265670819699449565e-122
2.181000000000000000e+04 -9.748435255740343650e-122
2.295000000000000000e+04 -1.025801993822795180e-121
2.414000000000000000e+04 -1.078995482608782276e-121
2.540000000000000000e+04 -1.135318000146886550e-121
2.672000000000000000e+04 -1.194322542329662016e-121
2.811000000000000000e+04 -1.256456113264554661e-121
2.958000000000000000e+04 -1.322165717059009611e-121
3.112000000000000000e+04 -1.391004349605581311e-121
3.274000000000000000e+04 -1.463419015011715531e-121
3.444000000000000000e+04 -1.539409713277411412e-121
3.623000000000000000e+04 -1.619423448510114726e-121
3.812000000000000000e+04 -1.703907224817271030e-121
4.011000000000000000e+04 -1.792861042198880323e-121
4.219000000000000000e+04 -1.885837896547496620e-121
4.439000000000000000e+04 -1.984178800185456374e-121
4.670000000000000000e+04 -2.087436749005313816e-121
4.913000000000000000e+04 -2.196058747114514932e-121
5.169000000000000000e+04 -2.310491798620503558e-121
5.438000000000000000e+04 -2.430735903523282275e-121
5.722000000000000000e+04 -2.557685070037739186e-121
6.019000000000000000e+04 -2.690445289948984898e-121
6.333000000000000000e+04 -2.830804579686799919e-121
6.663000000000000000e+04 -2.978315935143738262e-121
7.010000000000000000e+04 -3.133426360427247203e-121
7.375000000000000000e+04 -3.296582859644772299e-121
7.759000000000000000e+04 -3.468232436903756529e-121
8.163000000000000000e+04 -3.648822096311645018e-121
8.588000000000000000e+04 -3.838798841975885903e-121
9.035000000000000000e+04 -4.038609678003920442e-121
9.505000000000000000e+04 -4.248701608503198061e-121
1.000000000000000000e+05 -4.469968641688606865e-121
