1.000000000000000021e-03 5.574898759131271296e+24
1.051999999999999984e-03 5.405033184104589522e+24
1.106999999999999911e-03 5.233425503348047311e+24
1.163999999999999887e-03 5.062651592632892320e+24
1.224999999999999960e-03 4.889101442418579346e+24
1.288999999999999998e-03 4.716667624271407290e+24
1.356000000000000000e-03 4.546435980085584000e+24
1.427000000000000100e-03 4.375672965080499916e+24
1.500999999999999947e-03 4.207896388972256004e+24
1.579000000000000108e-03 4.041606945563925799e+24
1.661000000000000150e-03 3.877148249565259169e+24
1.747999999999999988e-03 3.712969150032984983e+24
1.839000000000000140e-03 3.552720797395326721e+24
1.935000000000000088e-03 3.395123587977220419e+24
2.034999999999999917e-03 3.242038635448011671e+24
2.141000000000000108e-03 3.091116087080796947e+24
2.252999999999999794e-03 2.943217207943552479e+24
2.370000000000000145e-03 2.799469221304453036e+24
2.492999999999999990e-03 2.659824170679171541e+24
2.623000000000000331e-03 2.523633253256682524e+24
2.759999999999999867e-03 2.391312710557497077e+24
2.903999999999999897e-03 2.263165163733181415e+24
3.054999999999999990e-03 2.139496045717471409e+24
3.213999999999999843e-03 2.020125850998283855e+24
3.380999999999999891e-03 1.905626329186256185e+24
3.556999999999999832e-03 1.795480206161377506e+24
3.742000000000000100e-03 1.689616746974901998e+24
3.936999999999999528e-03 1.587802323012008601e+24
4.142000000000000716e-03 1.490697642974436940e+24
4.357999999999999895e-03 1.397801095495628947e+24
4.585000000000000533e-03 1.309104472241699977e+24
4.824000000000000163e-03 1.224909435921681856e+24
5.074999999999999650e-03 1.144813260703907204e+24
5.338999999999999996e-03 1.068670283394565582e+24
5.616999999999999597e-03 9.966337701473003021e+23
5.908999999999999322e-03 9.286122949181947007e+23
6.217000000000000304e-03 8.641784563109463526e+23
6.540999999999999939e-03 8.032747344599437185e+23
6.880999999999999964e-03 7.461373174218839577e+23
7.239999999999999908e-03 6.920971517383478534e+23
7.617000000000000506e-03 6.413594352682000187e+23
8.012999999999999290e-03 5.939693213299581942e+23
8.429999999999999993e-03 5.493812234595957620e+23
8.868999999999998413e-03 5.074752917456610992e+23
9.330999999999999017e-03 4.683727769683264232e+23
9.816999999999999338e-03 4.318811571649159354e+23
1.032999999999999891e-02 3.977312631803439219e+23
1.086999999999999945e-02 3.657933992203921486e+23
1.143000000000000092e-02 3.365765154354109276e+23
1.203000000000000076e-02 3.089100749922879815e+23
1.264999999999999979e-02 2.836862467174032254e+23
1.330999999999999892e-02 2.599418903074843163e+23
1.400999999999999988e-02 2.377859060206242271e+23
1.473000000000000004e-02 2.177573669710599249e+23
1.549999999999999989e-02 1.989249426103866743e+23
1.631000000000000158e-02 1.814799005950125036e+23
1.715999999999999817e-02 1.654929882359580307e+23
1.805000000000000007e-02 1.508146799803769322e+23
1.898999999999999994e-02 1.372321583502386990e+23
1.997999999999999776e-02 1.247548905595592591e+23
2.101999999999999702e-02 1.132897497468046976e+23
2.212000000000000077e-02 1.026875358117904777e+23
2.326999999999999902e-02 9.301818849889905698e+22
2.447999999999999829e-02 8.419635793326633071e+22
2.574999999999999858e-02 7.612933557369868544e+22
2.708999999999999950e-02 6.874749845055558438e+22
2.850000000000000103e-02 6.203032662384841641e+22
2.998999999999999930e-02 5.586682239434979541e+22
3.155000000000000165e-02 5.028521236431459530e+22
3.318999999999999728e-02 4.521209605197799830e+22
3.491999999999999965e-02 4.057885982270958653e+22
3.673999999999999488e-02 3.637644487617654292e+22
3.864999999999999686e-02 3.259182971997275554e+22
4.066000000000000170e-02 2.917664066029535573e+22
4.277999999999999858e-02 2.608188482542184589e+22
4.500999999999999446e-02 2.328916267578883781e+22
4.734999999999999626e-02 2.077495809569838229e+22
4.982000000000000317e-02 1.850232776886413846e+22
5.240999999999999825e-02 1.646722421824269215e+22
5.513999999999999457e-02 1.464186619920114935e+22
5.800999999999999907e-02 1.300547554345687502e+22
6.102999999999999398e-02 1.154291339119685324e+22
6.421000000000000318e-02 1.023002169000558225e+22
6.755999999999999506e-02 9.052405365442727641e+21
7.106999999999999429e-02 8.011239502169460703e+21
7.477000000000000313e-02 7.087462117124005167e+21
7.867000000000000381e-02 6.261982478099899482e+21
8.276000000000000023e-02 5.534802555294890066e+21
8.707000000000000850e-02 4.887510062000217522e+21
9.160999999999999699e-02 4.310069830195130925e+21
9.637999999999999345e-02 3.806721363964170600e+21
1.014000000000000040e-01 3.360302070720845316e+21
1.067000000000000032e-01 2.963972954134958572e+21
1.122000000000000081e-01 2.620800329960661189e+21
1.180999999999999966e-01 2.315158749473552204e+21
1.242000000000000048e-01 2.050254877557492023e+21
1.307000000000000106e-01 1.814637872484151984e+21
1.375000000000000111e-01 1.608251458271078777e+21
1.446999999999999953e-01 1.428341047908051452e+21
1.522000000000000020e-01 1.272534004103936213e+21
1.600999999999999923e-01 1.134214152313431654e+21
1.683999999999999941e-01 1.015656600670449828e+21
1.771999999999999964e-01 9.099898137361713725e+20
1.864000000000000101e-01 8.173677979147602493e+20
1.960999999999999965e-01 7.357226733153824276e+20
2.064000000000000001e-01 6.637372239578119537e+20
2.170999999999999874e-01 6.020000340899270492e+20
2.283999999999999919e-01 5.466778832545537065e+20
2.403000000000000136e-01 4.972137626763923292e+20
2.528000000000000247e-01 4.538467734137081037e+20
2.660000000000000142e-01 4.148483598991272182e+20
2.798000000000000487e-01 3.801856091514123059e+20
2.943999999999999950e-01 3.488634666941951508e+20
3.096999999999999753e-01 3.204566207918948352e+20
3.259000000000000230e-01 2.942260459559912079e+20
3.427999999999999936e-01 2.706518091492248453e+20
3.606999999999999651e-01 2.489190887438707917e+20
3.795000000000000040e-01 2.287946290248944845e+20
3.991999999999999993e-01 2.101779174711817994e+20
4.200000000000000400e-01 1.928803523649670676e+20
4.419000000000000150e-01 1.767042867578653245e+20
4.649000000000000354e-01 1.617863672470084977e+20
4.891000000000000347e-01 1.476014220637446472e+20
5.144999999999999574e-01 1.343271749783282156e+20
5.413000000000000034e-01 1.219140867160404132e+20
5.695000000000000062e-01 1.102793649020936847e+20
5.992000000000000659e-01 9.947808265349101978e+19
6.304000000000000714e-01 8.932368867075506176e+19
6.632000000000000117e-01 7.983285902514017075e+19
6.976999999999999869e-01 7.120737733166723891e+19
7.340999999999999748e-01 6.295538580062806835e+19
7.722999999999999865e-01 5.564656509993448243e+19
8.125000000000000000e-01 4.866725257352622899e+19
8.548000000000000043e-01 4.256753926458166477e+19
8.992999999999999883e-01 3.706127580377740083e+19
9.460999999999999410e-01 3.220285077351062733e+19
9.954000000000000625e-01 2.802751095336642560e+19
1.046999999999999931e+00 2.433933708288742605e+19
1.101999999999999869e+00 2.115288036884686029e+19
1.159000000000000030e+00 1.839709537637956813e+19
1.219000000000000083e+00 1.593014684896435200e+19
1.283000000000000140e+00 1.384657795601746534e+19
1.350000000000000089e+00 1.192306919534868275e+19
1.419999999999999929e+00 1.037441258151474586e+19
1.493999999999999995e+00 8.904177522775454720e+18
1.572000000000000064e+00 7.723920947195702272e+18
1.654000000000000137e+00 6.619394408163805184e+18
1.739999999999999991e+00 5.718839009062117376e+18
1.830000000000000071e+00 4.908259163033847808e+18
1.925999999999999934e+00 4.212067350202514944e+18
2.025999999999999801e+00 3.610450708538330112e+18
2.131000000000000227e+00 3.091531714808342016e+18
2.241999999999999993e+00 2.648793528080124928e+18
2.358999999999999986e+00 2.260986879188446720e+18
2.481999999999999762e+00 1.933830525091148288e+18
2.611000000000000210e+00 1.648232332622715136e+18
2.746999999999999886e+00 1.407605712606297088e+18
2.890000000000000124e+00 1.200754085306667776e+18
3.040999999999999925e+00 1.023220744969200640e+18
3.198999999999999844e+00 8.740727773677488640e+17
3.366000000000000103e+00 7.431651570703792640e+17
3.540999999999999925e+00 6.348891183685704960e+17
3.725000000000000089e+00 5.388783699436499840e+17
3.918999999999999595e+00 4.621482450409943040e+17
4.123000000000000220e+00 3.921833684155050880e+17
4.338000000000000078e+00 3.356623202732506240e+17
4.564000000000000057e+00 2.850032556560400640e+17
4.801000000000000156e+00 2.435659479080089920e+17
5.051000000000000156e+00 2.071858549284966720e+17
5.314000000000000057e+00 1.767121837211404160e+17
5.590999999999999304e+00 1.504121319920145920e+17
5.881999999999999673e+00 1.280321498449197920e+17
6.187999999999999723e+00 1.091231757838460960e+17
6.511000000000000121e+00 9.258889823344132800e+16
6.850000000000000533e+00 7.908850677371284800e+16
7.205999999999999517e+00 6.707382895297381600e+16
7.581999999999999851e+00 5.732998971225320000e+16
7.976000000000000867e+00 4.848871006626021600e+16
8.391999999999999460e+00 4.148751706845067200e+16
8.829000000000000625e+00 3.504954809757388400e+16
9.288000000000000256e+00 2.999620972477186800e+16
9.772000000000000242e+00 2.534326221977278400e+16
1.027999999999999936e+01 2.161594812504582800e+16
1.082000000000000028e+01 1.820767271391434000e+16
1.137999999999999901e+01 1.543582087457385600e+16
1.196999999999999886e+01 1.300196304844374200e+16
1.259999999999999964e+01 1.090702781184547600e+16
1.325000000000000000e+01 9.144717146592260000e+15
1.393999999999999950e+01 7.593572524272054000e+15
1.466999999999999993e+01 6.283409900781829000e+15
1.542999999999999972e+01 5.138842989624231000e+15
1.623000000000000043e+01 4.198189593591397500e+15
1.708000000000000185e+01 3.345227480692798500e+15
1.796999999999999886e+01 2.679454458251984000e+15
1.889999999999999858e+01 2.077453024869480750e+15
1.989000000000000057e+01 1.632009751267524000e+15
2.092000000000000171e+01 1.228951278259477000e+15
2.200999999999999801e+01 9.417751887605025000e+14
2.316000000000000014e+01 6.896299436502367500e+14
2.437000000000000099e+01 5.117600091459850625e+14
2.562999999999999901e+01 3.685258221210896875e+14
2.697000000000000242e+01 2.653495752159878125e+14
2.837000000000000099e+01 1.882880409004602188e+14
2.985000000000000142e+01 1.315676007505481406e+14
3.139999999999999858e+01 9.261959542843201562e+13
3.303999999999999915e+01 6.272395867208235938e+13
3.475999999999999801e+01 4.336530302625801562e+13
3.657000000000000028e+01 2.796335275320614453e+13
3.846999999999999886e+01 1.869492383928286328e+13
4.048000000000000398e+01 1.109628897502563086e+13
4.259000000000000341e+01 7.089559512294257812e+12
4.479999999999999716e+01 3.802858131554441895e+12
4.714000000000000057e+01 2.398688846334973145e+12
4.959000000000000341e+01 1.256210281758239258e+12
5.217000000000000171e+01 7.387614775959688721e+11
5.489000000000000057e+01 3.857506035684876709e+11
5.775000000000000000e+01 2.072240239204034119e+11
6.075000000000000000e+01 1.038449807159923859e+11
6.392000000000000171e+01 4.849812105059222412e+10
6.723999999999999488e+01 2.372524877334784317e+10
7.075000000000000000e+01 9.467221146241958618e+09
7.442999999999999261e+01 4.577529478178423882e+09
7.829999999999999716e+01 1.549491614933983564e+09
8.237999999999999545e+01 7.505395019610983133e+08
8.667000000000000171e+01 2.108330172760610580e+08
9.117999999999999261e+01 1.002825241495737433e+08
9.593000000000000682e+01 2.100482580704698339e+07
1.009000000000000057e+02 1.046110102940674126e+07
1.062000000000000028e+02 2.286333534309172537e+06
1.116999999999999886e+02 9.089936678747982951e+05
1.175000000000000000e+02 2.257615385367627605e+05
1.236000000000000085e+02 5.495372257316244941e+04
1.300999999999999943e+02 1.553435616236464193e+04
1.369000000000000057e+02 2.421844336449389630e+03
1.440000000000000000e+02 7.687446018456770389e+02
1.515000000000000000e+02 7.382335929034518074e+01
1.593999999999999773e+02 2.561805942160724214e+01
1.676999999999999886e+02 1.487141974314045711e+00
1.764000000000000057e+02 5.549236233085245162e-01
1.855999999999999943e+02 1.946739441504431040e-02
1.952000000000000171e+02 7.813574911569405243e-03
2.054000000000000057e+02 1.313227903080253897e-04
2.160999999999999943e+02 5.506924623693357766e-05
2.273999999999999773e+02 6.231719994734538168e-07
2.391999999999999886e+02 2.872160869061851656e-07
2.516999999999999886e+02 3.110310507171177572e-08
2.647999999999999545e+02 5.876789351501973804e-10
2.785000000000000000e+02 1.145729754820973690e-10
2.930000000000000000e+02 8.180174799146666882e-13
3.083000000000000114e+02 2.080216031732915884e-13
3.244000000000000341e+02 4.435399756294539180e-16
3.411999999999999886e+02 1.354574955250854351e-16
3.590000000000000000e+02 1.055505056889586836e-19
3.776999999999999886e+02 3.610490219629893454e-20
3.973999999999999773e+02 1.081629952983034898e-23
4.181000000000000227e+02 4.052573900122437786e-24
4.398000000000000114e+02 3.185446517349904585e-28
4.626999999999999886e+02 1.282611638836414079e-28
4.868000000000000114e+02 2.784371442769950428e-33
5.122000000000000455e+02 1.202044161474912586e-33
5.387999999999999545e+02 4.550643935395454794e-35
5.668999999999999773e+02 3.189036420481377645e-39
5.964000000000000909e+02 4.561937106943315794e-40
6.275000000000000000e+02 1.942557468423852940e-45
6.601000000000000227e+02 4.188475944983038475e-46
6.945000000000000000e+02 2.375472290553135438e-52
7.307000000000000455e+02 6.493152333730848024e-53
7.687000000000000455e+02 4.155951541478011817e-60
8.087999999999999545e+02 1.321548666355743685e-60
8.508999999999999773e+02 8.427035318844036520e-69
8.952000000000000455e+02 3.001352385233973013e-69
9.417999999999999545e+02 1.980521437011120458e-78
9.908000000000000682e+02 7.605719521339003956e-79
1.042000000000000000e+03 3.714705568545433389e-89
1.097000000000000000e+03 1.508454938522359186e-89
1.154000000000000000e+03 3.684061805019292683e-101
1.214000000000000000e+03 1.655510914208362480e-101
1.277000000000000000e+03 1.349004934341535818e-102
1.344000000000000000e+03 6.796508370664296407e-115
1.414000000000000000e+03 1.162674079498913059e-115
1.487000000000000000e+03 1.043405403129983034e-129
1.565000000000000000e+03 2.476621286826005145e-130
1.646000000000000000e+03 -1.144111983480686690e-130
1.732000000000000000e+03 -4.988347307510025432e-130
1.822000000000000000e+03 -9.011384274517467967e-130
1.917000000000000000e+03 -1.325792329524754460e-129
2.017000000000000000e+03 -1.772796436970024411e-129
2.122000000000000000e+03 -2.242150749787559854e-129
2.232000000000000000e+03 -2.733855267977359667e-129
2.348000000000000000e+03 -3.252380032613870575e-129
2.470000000000000000e+03 -3.797725043697103147e-129
2.599000000000000000e+03 -4.374360342301504109e-129
2.734000000000000000e+03 -4.977815887352618727e-129
2.877000000000000000e+03 -5.617031760999353263e-129
3.027000000000000000e+03 -6.287537922167263235e-129
3.184000000000000000e+03 -6.989334370856338393e-129
3.350000000000000000e+03 -7.731361189215486919e-129
3.524000000000000000e+03 -8.509148336170259206e-129
3.708000000000000000e+03 -9.331635893869555750e-129
3.901000000000000000e+03 -1.019435382123892951e-128
4.104000000000000000e+03 -1.110177215935283521e-128
4.318000000000000000e+03 -1.205836094928571093e-128
4.543000000000000000e+03 -1.306412019103757973e-128
4.779000000000000000e+03 -1.411904988460841470e-128
5.028000000000000000e+03 -1.523209011214713557e-128
5.290000000000000000e+03 -1.640324087365374745e-128
5.565000000000000000e+03 -1.763250216912824522e-128
5.855000000000000000e+03 -1.892881408071953066e-128
6.160000000000000000e+03 -2.029217660842759864e-128
6.481000000000000000e+03 -2.172705979332692952e-128
6.818000000000000000e+03 -2.323346363541748998e-128
7.173000000000000000e+03 -2.482032821684820230e-128
7.547000000000000000e+03 -2.649212357869351866e-128
7.940000000000000000e+03 -2.824884972095342879e-128
8.353000000000000000e+03 -3.009497668470239769e-128
8.788000000000000000e+03 -3.203944455208933481e-128
9.246000000000000000e+03 -3.408672336418867440e-128
9.727000000000000000e+03 -3.623681312100043694e-128
1.023000000000000000e+04 -3.848524378145014208e-128
1.077000000000000000e+04 -4.089906596165460568e-128
1.133000000000000000e+04 -4.340228896334811779e-128
1.192000000000000000e+04 -4.603961319727523086e-128
1.254000000000000000e+04 -4.881103866343588339e-128
1.319000000000000000e+04 -5.171656536183015737e-128
1.388000000000000000e+04 -5.480089370320253863e-128
1.460000000000000000e+04 -5.801932327680847984e-128
1.536000000000000000e+04 -6.141655449339254883e-128
1.616000000000000000e+04 -6.499258735295471485e-128
1.700000000000000000e+04 -6.874742185549497789e-128
1.789000000000000000e+04 -7.272575841175790578e-128
1.882000000000000000e+04 -7.688289661099892044e-128
1.980000000000000000e+04 -8.126353686396256920e-128
2.083000000000000000e+04 -8.586767917064885205e-128
2.191000000000000000e+04 -9.069532353105777925e-128
2.305000000000000000e+04 -9.579117035593388786e-128
2.425000000000000000e+04 -1.011552196452771676e-127
2.552000000000000000e+04 -1.068321718098320941e-127
2.684000000000000000e+04 -1.127326260281096342e-127
2.824000000000000000e+04 -1.189906835323434504e-127
2.971000000000000000e+04 -1.255616439117889543e-127
3.126000000000000000e+04 -1.324902075771906522e-127
3.289000000000000000e+04 -1.397763745285485647e-127
3.460000000000000000e+04 -1.474201447658627123e-127
3.640000000000000000e+04 -1.554662186998775397e-127
3.830000000000000000e+04 -1.639592967413376968e-127
4.029000000000000000e+04 -1.728546784794986157e-127
4.239000000000000000e+04 -1.822417647358493297e-127
4.460000000000000000e+04 -1.921205555103898387e-127
4.692000000000000000e+04 -2.024910508031200607e-127
4.936000000000000000e+04 -2.133979510247846865e-127
5.193000000000000000e+04 -2.248859565861281405e-127
5.464000000000000000e+04 -2.369997678978950110e-127
5.748000000000000000e+04 -2.496946845493406685e-127
6.047000000000000000e+04 -2.630601073619542899e-127
6.362000000000000000e+04 -2.771407367464802994e-127
6.693000000000000000e+04 -2.919365727029188200e-127
7.042000000000000000e+04 -3.075370160527587823e-127
7.409000000000000000e+04 -3.239420667960002683e-127
7.794000000000000000e+04 -3.411517249326431141e-127
8.200000000000000000e+04 -3.593000916949211666e-127
8.627000000000000000e+04 -3.783871670828343028e-127
9.076000000000000000e+04 -3.984576515071270700e-127
9.549000000000000000e+04 -4.196009457892883169e-127
1.005000000000000000e+05 -4.419958515722963967e-127
1.057000000000000000e+05 -4.652400651594504246e-127
1.112000000000000000e+05 -4.898252910689402980e-127
1.170000000000000000e+05 -5.157515293007659350e-127
1.231000000000000000e+05 -5.430187798549275816e-127
1.295000000000000000e+05 -5.716270427314249097e-127
1.362000000000000000e+05 -6.015763179302580014e-127
1.433000000000000000e+05 -6.333136095588721658e-127
1.508000000000000000e+05 -6.668389176172677311e-127
1.586000000000000000e+05 -7.017052379979986499e-127
1.669000000000000000e+05 -7.388065789159563606e-127
1.756000000000000000e+05 -7.776959362636947341e-127
1.847000000000000000e+05 -8.183733100412143443e-127
1.943000000000000000e+05 -8.612857043559604185e-127
2.045000000000000000e+05 -9.068801233153780199e-127
2.151000000000000000e+05 -9.542625587045770220e-127
2.263000000000000000e+05 -1.004327018738447387e-126
2.381000000000000000e+05 -1.057073503416989116e-126
2.505000000000000000e+05 -1.112502012740202863e-126
2.635000000000000000e+05 -1.170612546708088138e-126
2.773000000000000000e+05 -1.232299113535535394e-126
2.917000000000000000e+05 -1.296667705007654669e-126
3.069000000000000000e+05 -1.364612329339335762e-126
3.229000000000000000e+05 -1.436132986530579000e-126
3.397000000000000000e+05 -1.511229676581384384e-126
3.574000000000000000e+05 -1.590349403599197633e-126
3.760000000000000000e+05 -1.673492167584018090e-126
3.955000000000000000e+05 -1.760657968535845756e-126
4.161000000000000000e+05 -1.852740814669571741e-126
4.378000000000000000e+05 -1.949740705985195389e-126
4.606000000000000000e+05 -2.051657642482717356e-126
4.846000000000000000e+05 -2.158938628269582706e-126
5.098000000000000000e+05 -2.271583663345791438e-126
5.364000000000000000e+05 -2.390486755926232694e-126
5.643000000000000000e+05 -2.515200901903464036e-126
5.937000000000000000e+05 -2.646620109492373622e-126
6.246000000000000000e+05 -2.784744378692962107e-126
6.571000000000000000e+05 -2.930020713612675212e-126
6.913000000000000000e+05 -3.082896118358957671e-126
7.273000000000000000e+05 -3.243817597039255203e-126
7.652000000000000000e+05 -3.413232153761012216e-126
8.050000000000000000e+05 -3.591139788524230021e-126
8.469000000000000000e+05 -3.778434509543798746e-126
8.910000000000000000e+05 -3.975563320927164108e-126
9.374000000000000000e+05 -4.182973226781770516e-126
9.863000000000000000e+05 -4.401558235322506784e-126
1.038000000000000000e+06 -4.632659358871712693e-126
1.092000000000000000e+06 -4.874041576892159648e-126
1.148000000000000000e+06 -5.124363877061510490e-126
1.208000000000000000e+06 -5.392566341528673043e-126
1.271000000000000000e+06 -5.674178929219193397e-126
1.337000000000000000e+06 -5.969201640133073518e-126
1.407000000000000000e+06 -6.282104515344762071e-126
1.480000000000000000e+06 -6.608417513779810391e-126
1.557000000000000000e+06 -6.952610676512670423e-126
1.638000000000000000e+06 -7.314684003543338231e-126
1.724000000000000000e+06 -7.699107535946272318e-126
1.814000000000000000e+06 -8.101411232647015492e-126
1.908000000000000000e+06 -8.521595093645569067e-126
2.007000000000000000e+06 -8.964129160016387608e-126
2.112000000000000000e+06 -9.433483472833923061e-126
2.222000000000000000e+06 -9.925187991023720858e-126
2.337000000000000000e+06 -1.043924271458578231e-125
2.459000000000000000e+06 -1.098458772566901262e-125
2.587000000000000000e+06 -1.155675298319895721e-125
2.722000000000000000e+06 -1.216020852825008116e-125
2.864000000000000000e+06 -1.279495436082236215e-125
3.013000000000000000e+06 -1.346099048091581331e-125
3.170000000000000000e+06 -1.416278692960488790e-125
3.335000000000000000e+06 -1.490034370688958853e-125
3.508000000000000000e+06 -1.567366081276990996e-125
3.691000000000000000e+06 -1.649167832939474820e-125
3.883000000000000000e+06 -1.734992621568967362e-125
4.085000000000000000e+06 -1.825287451272912110e-125
4.298000000000000000e+06 -1.920499326158754391e-125
4.522000000000000000e+06 -2.020628246226495777e-125
4.757000000000000000e+06 -2.125674211476134433e-125
5.005000000000000000e+06 -2.236531230122561534e-125
5.266000000000000000e+06 -2.353199302165777081e-125
5.540000000000000000e+06 -2.475678427605781598e-125
5.828000000000000000e+06 -2.604415610550019624e-125
6.132000000000000000e+06 -2.740304859213382335e-125
6.451000000000000000e+06 -2.882899169488423092e-125
6.787000000000000000e+06 -3.033092549590033597e-125
7.140000000000000000e+06 -3.190884999518214375e-125
7.512000000000000000e+06 -3.357170527487856602e-125
7.903000000000000000e+06 -3.531949133498956603e-125
8.315000000000000000e+06 -3.716114825766407655e-125
8.748000000000000000e+06 -3.909667604290211332e-125
9.203000000000000000e+06 -4.113054473177809022e-125
9.682000000000000000e+06 -4.327169440644094002e-125
1.019000000000000000e+07 -4.554247527226292112e-125
1.072000000000000000e+07 -4.791159704172285285e-125
1.127000000000000000e+07 -5.037011963267185496e-125
1.186000000000000000e+07 -5.300744386659894531e-125
1.248000000000000000e+07 -5.577886933275961760e-125
1.313000000000000000e+07 -5.868439603115389281e-125
1.381000000000000000e+07 -6.172402396178172896e-125
1.453000000000000000e+07 -6.494245353538769535e-125
1.529000000000000000e+07 -6.833968475197174999e-125
1.608000000000000000e+07 -7.187101720078939707e-125
1.692000000000000000e+07 -7.562585170332967019e-125
1.780000000000000000e+07 -7.955948784884804207e-125
1.873000000000000000e+07 -8.371662604808908199e-125
1.971000000000000000e+07 -8.809726630105272697e-125
2.073000000000000000e+07 -9.265670819699449170e-125
2.181000000000000000e+07 -9.748435255740343079e-125
2.295000000000000000e+07 -1.025801993822795232e-124
2.414000000000000000e+07 -1.078995482608782313e-124
2.540000000000000000e+07 -1.135318000146886515e-124
2.672000000000000000e+07 -1.194322542329661935e-124
2.811000000000000000e+07 -1.256456113264554688e-124
2.958000000000000000e+07 -1.322165717059009625e-124
3.112000000000000000e+07 -1.391004349605581264e-124
3.274000000000000000e+07 -1.463419015011715508e-124
3.444000000000000000e+07 -1.539409713277411516e-124
3.623000000000000000e+07 -1.619423448510114773e-124
3.812000000000000000e+07 -1.703907224817270971e-124
4.011000000000000000e+07 -1.792861042198880320e-124
4.219000000000000000e+07 -1.885837896547496707e-124
4.439000000000000000e+07 -1.984178800185456371e-124
4.670000000000000000e+07 -2.087436749005313830e-124
4.913000000000000000e+07 -2.196058747114514985e-124
5.169000000000000000e+07 -2.310491798620503642e-124
5.438000000000000000e+07 -2.430735903523282318e-124
5.722000000000000000e+07 -2.557685070037739042e-124
6.019000000000000000e+07 -2.690445289948984945e-124
6.333000000000000000e+07 -2.830804579686799862e-124
6.663000000000000000e+07 -2.978315935143738309e-124
7.010000000000000000e+07 -3.133426360427247028e-124
7.375000000000000000e+07 -3.296582859644772343e-124
7.759000000000000000e+07 -3.468232436903756378e-124
8.163000000000000000e+07 -3.648822096311645034e-124
8.588000000000000000e+07 -3.838798841975885896e-124
9.035000000000000000e+07 -4.038609678003920247e-124
9.505000000000000000e+07 -4.248701608503198189e-124
1.000000000000000000e+08 -4.469968641688606489e-124
