1.903427155601598031e+01 nan
2.003427155601598031e+01 nan
2.103427155601598031e+01 nan
2.203427155601598031e+01 nan
2.303427155601598031e+01 nan
2.403427155601598031e+01 nan
2.503427155601598031e+01 nan
2.603427155601598031e+01 nan
2.703427155601598031e+01 nan
2.803427155601598031e+01 nan
2.903427155601598031e+01 nan
3.003427155601598031e+01 nan
3.103427155601598031e+01 nan
3.203427155601598031e+01 nan
3.303427155601598031e+01 nan
3.403427155601598031e+01 nan
3.503427155601598031e+01 nan
3.603427155601598031e+01 nan
3.703427155601598031e+01 nan
3.803427155601598031e+01 nan
3.903427155601598031e+01 nan
4.003427155601598031e+01 nan
4.103427155601598031e+01 nan
4.203427155601598031e+01 nan
4.303427155601598031e+01 nan
4.403427155601598031e+01 nan
4.503427155601598031e+01 nan
4.603427155601598031e+01 nan
4.703427155601598031e+01 nan
4.803427155601598031e+01 nan
4.903427155601598031e+01 nan
5.003427155601598031e+01 nan
5.103427155601598031e+01 nan
5.203427155601598031e+01 nan
5.303427155601598031e+01 nan
5.403427155601598031e+01 nan
5.503427155601598031e+01 nan
5.603427155601598031e+01 nan
5.703427155601598031e+01 nan
5.803427155601598031e+01 nan
5.903427155601598031e+01 nan
6.003427155601598031e+01 nan
6.103427155601598031e+01 nan
6.203427155601598031e+01 nan
6.303427155601598031e+01 nan
6.403427155601598031e+01 nan
6.503427155601598031e+01 nan
6.603427155601598031e+01 nan
6.703427155601598031e+01 nan
6.803427155601598031e+01 nan
6.903427155601598031e+01 nan
7.003427155601598031e+01 nan
7.103427155601598031e+01 nan
7.203427155601598031e+01 nan
7.303427155601598031e+01 nan
7.403427155601598031e+01 nan
7.503427155601598031e+01 nan
7.603427155601598031e+01 nan
7.703427155601598031e+01 nan
7.803427155601598031e+01 nan
7.903427155601598031e+01 nan
8.003427155601598031e+01 nan
8.103427155601598031e+01 nan
8.203427155601598031e+01 nan
8.303427155601598031e+01 nan
8.403427155601598031e+01 nan
8.503427155601598031e+01 nan
8.603427155601598031e+01 nan
