9.999999999999999547e-07 7.228661659674994941e+27
1.052000000000000050e-06 6.646324310181087314e+27
1.106999999999999947e-06 6.103661860423354345e+27
1.163999999999999994e-06 5.609467754137167835e+27
1.224999999999999918e-06 5.142959236604545736e+27
1.289000000000000068e-06 4.714085619615359484e+27
1.356000000000000019e-06 4.320088826513543212e+27
1.427000000000000059e-06 3.953637373288456940e+27
1.500999999999999901e-06 3.618043463859665237e+27
1.579000000000000044e-06 3.308671328831611301e+27
1.661000000000000064e-06 3.023573521875102322e+27
1.748000000000000035e-06 2.759380747442253873e+27
1.839000000000000096e-06 2.518032757790221999e+27
1.935000000000000108e-06 2.295485144615536591e+27
2.034999999999999998e-06 2.093468185824488189e+27
2.140999999999999915e-06 1.906541723368781689e+27
2.252999999999999859e-06 1.734229304018429570e+27
2.370000000000000179e-06 1.577296028426478276e+27
2.493000000000000102e-06 1.433768574034325003e+27
2.623000000000000128e-06 1.301826571833798108e+27
2.759999999999999833e-06 1.181106061227846173e+27
2.904000000000000063e-06 1.071056552285713121e+27
3.054999999999999973e-06 9.709363464815669449e+26
3.214000000000000060e-06 8.795303799845881490e+26
3.380999999999999901e-06 7.961629908324297014e+26
3.556999999999999995e-06 7.203653782949984527e+26
3.741999999999999917e-06 6.512944807344862745e+26
3.936999999999999745e-06 5.883425747613787888e+26
4.142000000000000323e-06 5.311310795867036372e+26
4.357999999999999610e-06 4.790197200556263954e+26
4.585000000000000147e-06 4.319222256920245956e+26
4.823999999999999892e-06 3.891557971215619902e+26
5.074999999999999691e-06 3.504998908915431652e+26
5.339000000000000043e-06 3.155712984842091948e+26
5.616999999999999753e-06 2.838220193070227168e+26
5.908999999999999668e-06 2.551138882528810804e+26
6.216999999999999938e-06 2.291935051312628461e+26
6.540999999999999716e-06 2.058332120286104868e+26
6.880999999999999848e-06 1.848054100016240695e+26
7.240000000000000138e-06 1.656953649178747027e+26
7.617000000000000086e-06 1.485466507591072048e+26
8.012999999999999344e-06 1.332176278272791057e+26
8.430000000000000603e-06 1.193555351847693197e+26
8.868999999999999280e-06 1.068603053671119389e+26
9.330999999999999261e-06 9.565232955467272738e+25
9.816999999999999351e-06 8.563019932835703822e+25
1.032999999999999935e-05 7.659684247242062995e+25
1.086999999999999926e-05 6.849278593865980723e+25
1.143000000000000068e-05 6.130017163687705626e+25
1.203000000000000002e-05 5.476602423322984191e+25
1.264999999999999916e-05 4.902833179471587373e+25
1.330999999999999962e-05 4.380536124679518536e+25
1.400999999999999969e-05 3.912845608712833791e+25
1.472999999999999958e-05 3.504983828632693441e+25
1.550000000000000068e-05 3.131604417517390877e+25
1.631000000000000139e-05 2.798246350644969860e+25
1.715999999999999833e-05 2.503734028818691446e+25
1.805000000000000167e-05 2.242698791073919225e+25
1.898999999999999945e-05 2.007770646999626471e+25
1.997999999999999844e-05 1.798465296392509057e+25
2.101999999999999865e-05 1.612373745091094292e+25
2.212000000000000167e-05 1.444468131107229984e+25
2.326999999999999913e-05 1.294861846763338685e+25
2.447999999999999940e-05 1.163473579723639780e+25
2.574999999999999910e-05 1.046230515153179564e+25
2.708999999999999982e-05 9.403610089000282324e+24
2.850000000000000157e-05 8.463914566941645319e+24
2.998999999999999916e-05 7.624308004034659238e+24
3.155000000000000117e-05 6.875846639794497364e+24
3.318999999999999902e-05 6.207198722570443723e+24
3.491999999999999770e-05 5.611598079356037325e+24
3.673999999999999722e-05 5.076438516030196813e+24
3.864999999999999756e-05 4.593647615749967405e+24
4.066000000000000034e-05 4.160930216495420036e+24
4.278000000000000037e-05 3.773859352481584590e+24
4.500999999999999766e-05 3.426194979007899684e+24
4.734999999999999897e-05 3.112602167909748570e+24
4.982000000000000073e-05 2.826663868246443491e+24
5.241000000000000134e-05 2.566139287857491469e+24
5.513999999999999723e-05 2.332292938324019734e+24
5.801000000000000194e-05 2.119893930561278149e+24
6.102999999999999674e-05 1.925521141819489609e+24
6.420999999999999679e-05 1.747751925431938461e+24
6.755999999999999690e-05 1.584586454214983499e+24
7.106999999999999548e-05 1.435454576073267766e+24
7.477000000000000410e-05 1.298851755258043815e+24
7.867000000000000403e-05 1.174109845072861662e+24
8.276000000000000045e-05 1.059114382536952204e+24
8.707000000000000492e-05 9.530980579161574925e+23
9.160999999999999872e-05 8.561295197359931319e+23
9.637999999999999541e-05 7.680236707950525111e+23
1.013999999999999982e-04 6.882142731718826572e+23
1.067000000000000050e-04 6.142393999438869189e+23
1.122000000000000032e-04 5.478146483531254617e+23
1.180999999999999975e-04 4.872064886760108196e+23
1.242000000000000103e-04 4.322660061007750229e+23
1.307000000000000056e-04 3.831686180384685760e+23
1.375000000000000083e-04 3.385478149596116398e+23
1.446999999999999936e-04 2.980732208655745176e+23
1.522000000000000132e-04 2.627232592949826153e+23
1.600999999999999884e-04 2.304883821702317573e+23
1.684000000000000004e-04 2.023701247510367563e+23
1.771999999999999975e-04 1.768311981629651330e+23
1.864000000000000043e-04 1.544487168459841638e+23
1.960999999999999961e-04 1.350993324753614862e+23
2.064000000000000025e-04 1.168641352349237442e+23
2.170999999999999916e-04 1.024509110230964230e+23
2.283999999999999952e-04 8.847747996105066100e+22
2.403000000000000134e-04 7.720560568937930660e+22
2.528000000000000191e-04 6.673547080961937428e+22
2.660000000000000146e-04 5.787798209181020009e+22
2.798000000000000248e-04 5.001333848796227541e+22
2.944000000000000002e-04 4.319691351063909945e+22
3.096999999999999927e-04 3.734792684453637810e+22
3.259000000000000070e-04 3.214670828691861275e+22
3.427999999999999841e-04 2.774104743170661994e+22
3.606999999999999855e-04 2.383493561463612427e+22
3.795000000000000088e-04 2.053475998910415634e+22
3.991999999999999997e-04 1.764120351256797302e+22
4.200000000000000174e-04 1.515402024548098376e+22
4.419000000000000076e-04 1.300921113468328529e+22
4.649000000000000246e-04 1.113752822226323977e+22
4.891000000000000165e-04 9.591950954206609801e+21
5.144999999999999834e-04 8.194562800072959984e+21
5.412999999999999843e-04 7.066613330234077872e+21
5.695000000000000192e-04 6.038595429464616731e+21
5.992000000000000364e-04 5.196982768112242786e+21
6.304000000000000358e-04 4.436060536805302206e+21
6.631999999999999658e-04 3.814237054373217174e+21
6.976999999999999912e-04 3.256671320912705356e+21
7.341000000000000086e-04 2.792940960933916180e+21
7.722999999999999613e-04 2.388838104543653790e+21
8.124999999999999627e-04 2.040443093498758693e+21
8.547999999999999609e-04 1.748468966661486281e+21
8.993000000000000126e-04 1.490444903814995640e+21
9.460999999999999575e-04 1.280288194279236960e+21
9.954000000000000174e-04 1.086289851483819475e+21
1.046999999999999971e-03 9.352677086472507228e+20
1.101999999999999898e-03 7.901519160866340864e+20
1.159000000000000091e-03 6.823842180717532938e+20
1.219000000000000031e-03 5.776332625395791954e+20
1.283000000000000069e-03 4.974241376271020851e+20
1.350000000000000071e-03 4.217250172466595103e+20
1.420000000000000038e-03 3.612570939165590159e+20
1.494000000000000102e-03 3.060878105827291300e+20
1.572000000000000047e-03 2.614789375867452785e+20
1.654000000000000088e-03 2.219399436115934904e+20
1.740000000000000010e-03 1.879525028342332457e+20
1.830000000000000029e-03 1.593818804253761864e+20
1.925999999999999978e-03 1.341238247121053123e+20
2.026000000000000023e-03 1.133360460187940127e+20
2.131000000000000082e-03 9.442302849810494259e+19
2.242000000000000069e-03 7.951295849096250982e+19
2.358999999999999986e-03 6.543719799974209946e+19
2.481999999999999831e-03 5.430057321551627059e+19
2.611000000000000040e-03 4.382717440608071680e+19
2.746999999999999876e-03 3.612784850260527104e+19
2.890000000000000208e-03 2.865654055760778445e+19
3.040999999999999866e-03 2.291291541976264294e+19
3.199000000000000021e-03 1.769487387514390118e+19
3.366000000000000068e-03 1.377608151011759309e+19
3.540999999999999877e-03 1.037750979752530330e+19
3.725000000000000012e-03 7.805489413172912128e+18
3.918999999999999741e-03 5.748544843175932928e+18
4.122999999999999929e-03 4.171382332902398464e+18
4.337999999999999842e-03 3.023073119526978560e+18
4.564000000000000348e-03 2.114281356207479552e+18
4.800999999999999712e-03 1.530767993160299008e+18
5.050999999999999934e-03 1.032445142309086208e+18
5.314000000000000147e-03 7.424667061673999360e+17
5.590999999999999616e-03 4.837655079181678720e+17
5.882000000000000076e-03 3.421958087114554880e+17
6.187999999999999924e-03 2.121947552063184640e+17
6.511000000000000294e-03 1.439699398466166240e+17
6.850000000000000186e-03 8.387645676598611200e+16
7.205999999999999732e-03 5.277041967714166400e+16
7.582000000000000198e-03 2.952172469232422400e+16
7.976000000000000451e-03 1.699036983109289200e+16
8.392000000000000154e-03 9.430363189425862000e+15
8.829000000000000042e-03 4.983955383861080000e+15
9.287999999999999381e-03 2.789450825844060500e+15
9.771999999999999437e-03 1.342364101107434000e+15
1.027999999999999921e-02 7.146774172867658750e+14
1.081999999999999976e-02 2.758462323254943125e+14
1.137999999999999949e-02 1.482291848561493750e+14
1.196999999999999974e-02 5.067311594558354688e+13
1.260000000000000009e-02 2.659381494494892188e+13
1.324999999999999963e-02 7.512072233627760742e+12
1.393999999999999927e-02 4.070715838787536621e+12
1.467000000000000075e-02 8.676218976532114258e+11
1.542999999999999927e-02 4.844971221085595703e+11
1.623000000000000137e-02 8.120788469313491821e+10
1.708000000000000143e-02 4.463733241970709229e+10
1.796999999999999986e-02 9.825240861881145477e+09
1.890000000000000013e-02 3.162087150969492435e+09
1.989000000000000143e-02 8.494685453041907549e+08
2.092000000000000109e-02 1.505206691888806820e+08
2.200999999999999832e-02 4.948293926075720787e+07
2.316000000000000003e-02 5.561679898731587455e+06
2.436999999999999930e-02 2.061532032409626525e+06
2.563000000000000000e-02 1.248173644972379698e+05
2.697000000000000092e-02 5.202034250651737966e+04
2.836999999999999938e-02 1.847104704931878814e+03
2.985000000000000153e-02 8.461048987110002599e+02
3.139999999999999736e-02 1.694002280543682559e+01
3.303999999999999992e-02 8.364337201502525687e+00
3.475999999999999923e-02 8.162164645636883764e-02
3.656999999999999834e-02 4.305327304743986061e-02
3.846999999999999725e-02 2.567135214862368252e-03
4.048000000000000209e-02 1.402982047416768095e-04
4.259000000000000286e-02 2.246832894746654126e-05
4.479999999999999954e-02 2.160174816810789360e-07
4.714000000000000135e-02 5.296637535558471221e-08
4.959000000000000213e-02 1.443929055276433602e-10
5.217000000000000109e-02 4.586305186767790912e-11
5.489000000000000129e-02 5.596456168821052235e-14
5.775000000000000272e-02 2.099278897414185607e-14
6.074999999999999845e-02 6.955826806586356324e-18
6.392000000000000459e-02 2.953945935052775848e-18
6.723999999999999422e-02 3.114172808392158173e-22
7.074999999999999345e-02 1.455325161340750646e-22
7.442999999999999616e-02 5.014094630293203772e-27
7.829999999999999460e-02 2.537068718620980166e-27
8.237999999999999490e-02 2.218371717592301489e-32
8.666999999999999704e-02 1.193055928424565228e-32
9.117999999999999716e-02 1.151598423764348285e-33
9.593000000000000138e-02 1.274564692848384168e-38
1.009000000000000036e-01 2.534343763434319667e-39
1.062000000000000027e-01 2.616142769160028962e-45
1.116999999999999937e-01 7.232768859154300538e-46
1.174999999999999933e-01 9.657528643465570616e-53
1.236000000000000015e-01 3.325111364058921931e-53
1.300999999999999934e-01 5.711119969068560611e-61
1.368999999999999939e-01 2.240249915590451548e-61
1.439999999999999891e-01 2.854689196973319983e-70
1.514999999999999958e-01 1.260488383969198772e-70
1.593999999999999861e-01 1.466784319187099716e-80
1.676999999999999880e-01 7.066224753905418897e-81
1.764000000000000012e-01 4.953726751849580915e-92
1.855999999999999872e-01 2.562083345666429809e-92
1.952000000000000124e-01 6.645544356226025183e-94
2.053999999999999992e-01 4.072635160204615574e-105
2.160999999999999865e-01 5.540354860855490792e-106
2.273999999999999910e-01 2.618308926640162116e-119
2.391999999999999960e-01 5.942594046312717857e-120
2.516999999999999793e-01 3.030483795766596267e-135
2.647999999999999798e-01 9.060784185417898988e-136
2.785000000000000253e-01 6.000518199917580887e-153
2.929999999999999827e-01 2.180754872089485778e-153
3.083000000000000185e-01 1.262892307679675845e-172
3.244000000000000217e-01 5.207212237391349003e-173
3.412000000000000033e-01 1.133411936086549814e-194
3.589999999999999858e-01 5.192264873106525371e-195
3.776999999999999802e-01 3.700736031711878368e-219
3.973999999999999755e-01 1.835204221644171032e-219
4.181000000000000272e-01 1.627770398759331908e-246
4.398000000000000242e-01 8.647527333087580626e-247
4.627000000000000002e-01 5.954054257981184261e-248
4.868000000000000105e-01 3.233557623251286722e-277
5.121999999999999886e-01 5.536828971067229610e-278
5.387999999999999456e-01 0.000000000000000000e+00
5.668999999999999595e-01 0.000000000000000000e+00
5.964000000000000412e-01 0.000000000000000000e+00
6.274999999999999467e-01 0.000000000000000000e+00
6.601000000000000201e-01 0.000000000000000000e+00
6.945000000000000062e-01 0.000000000000000000e+00
7.307000000000000162e-01 0.000000000000000000e+00
7.687000000000000499e-01 0.000000000000000000e+00
8.087999999999999634e-01 0.000000000000000000e+00
8.508999999999999897e-01 0.000000000000000000e+00
8.951999999999999957e-01 0.000000000000000000e+00
9.417999999999999705e-01 0.000000000000000000e+00
9.908000000000000140e-01 0.000000000000000000e+00
1.042000000000000037e+00 0.000000000000000000e+00
1.096999999999999975e+00 0.000000000000000000e+00
1.153999999999999915e+00 0.000000000000000000e+00
1.213999999999999968e+00 0.000000000000000000e+00
1.276999999999999913e+00 0.000000000000000000e+00
1.344000000000000083e+00 0.000000000000000000e+00
1.413999999999999924e+00 0.000000000000000000e+00
1.487000000000000099e+00 0.000000000000000000e+00
1.564999999999999947e+00 0.000000000000000000e+00
1.645999999999999908e+00 0.000000000000000000e+00
1.731999999999999984e+00 0.000000000000000000e+00
1.822000000000000064e+00 0.000000000000000000e+00
1.917000000000000037e+00 0.000000000000000000e+00
2.016999999999999904e+00 0.000000000000000000e+00
2.121999999999999886e+00 0.000000000000000000e+00
2.232000000000000206e+00 0.000000000000000000e+00
2.347999999999999865e+00 0.000000000000000000e+00
2.470000000000000195e+00 0.000000000000000000e+00
2.599000000000000199e+00 0.000000000000000000e+00
2.733999999999999986e+00 0.000000000000000000e+00
2.876999999999999780e+00 0.000000000000000000e+00
3.027000000000000135e+00 0.000000000000000000e+00
3.184000000000000163e+00 0.000000000000000000e+00
3.350000000000000089e+00 0.000000000000000000e+00
3.524000000000000021e+00 0.000000000000000000e+00
3.708000000000000185e+00 0.000000000000000000e+00
3.900999999999999801e+00 0.000000000000000000e+00
4.104000000000000092e+00 0.000000000000000000e+00
4.317999999999999616e+00 0.000000000000000000e+00
4.543000000000000149e+00 0.000000000000000000e+00
4.778999999999999915e+00 0.000000000000000000e+00
5.027999999999999581e+00 0.000000000000000000e+00
5.290000000000000036e+00 0.000000000000000000e+00
5.565000000000000391e+00 0.000000000000000000e+00
5.855000000000000426e+00 0.000000000000000000e+00
6.160000000000000142e+00 0.000000000000000000e+00
6.480999999999999872e+00 0.000000000000000000e+00
6.817999999999999616e+00 0.000000000000000000e+00
7.173000000000000043e+00 0.000000000000000000e+00
7.546999999999999709e+00 0.000000000000000000e+00
7.940000000000000391e+00 0.000000000000000000e+00
8.352999999999999758e+00 0.000000000000000000e+00
8.788000000000000256e+00 0.000000000000000000e+00
9.246000000000000441e+00 0.000000000000000000e+00
9.727000000000000313e+00 0.000000000000000000e+00
1.023000000000000043e+01 0.000000000000000000e+00
1.076999999999999957e+01 0.000000000000000000e+00
1.133000000000000007e+01 0.000000000000000000e+00
1.191999999999999993e+01 0.000000000000000000e+00
1.253999999999999915e+01 0.000000000000000000e+00
1.318999999999999950e+01 0.000000000000000000e+00
1.388000000000000078e+01 0.000000000000000000e+00
1.459999999999999964e+01 0.000000000000000000e+00
1.535999999999999943e+01 0.000000000000000000e+00
1.616000000000000014e+01 0.000000000000000000e+00
1.700000000000000000e+01 0.000000000000000000e+00
1.789000000000000057e+01 0.000000000000000000e+00
1.882000000000000028e+01 0.000000000000000000e+00
1.980000000000000071e+01 0.000000000000000000e+00
2.082999999999999829e+01 0.000000000000000000e+00
2.191000000000000014e+01 0.000000000000000000e+00
2.305000000000000071e+01 0.000000000000000000e+00
2.425000000000000000e+01 0.000000000000000000e+00
2.551999999999999957e+01 0.000000000000000000e+00
2.683999999999999986e+01 0.000000000000000000e+00
2.823999999999999844e+01 0.000000000000000000e+00
2.971000000000000085e+01 0.000000000000000000e+00
3.126000000000000156e+01 0.000000000000000000e+00
3.289000000000000057e+01 0.000000000000000000e+00
3.460000000000000142e+01 0.000000000000000000e+00
3.639999999999999858e+01 0.000000000000000000e+00
3.829999999999999716e+01 0.000000000000000000e+00
4.028999999999999915e+01 0.000000000000000000e+00
4.239000000000000057e+01 0.000000000000000000e+00
4.460000000000000142e+01 0.000000000000000000e+00
4.692000000000000171e+01 0.000000000000000000e+00
4.935999999999999943e+01 0.000000000000000000e+00
5.192999999999999972e+01 0.000000000000000000e+00
5.464000000000000057e+01 0.000000000000000000e+00
5.747999999999999687e+01 0.000000000000000000e+00
6.046999999999999886e+01 0.000000000000000000e+00
6.361999999999999744e+01 0.000000000000000000e+00
6.693000000000000682e+01 0.000000000000000000e+00
7.042000000000000171e+01 0.000000000000000000e+00
7.409000000000000341e+01 0.000000000000000000e+00
7.793999999999999773e+01 0.000000000000000000e+00
8.200000000000000000e+01 0.000000000000000000e+00
8.626999999999999602e+01 0.000000000000000000e+00
9.076000000000000512e+01 0.000000000000000000e+00
9.548999999999999488e+01 0.000000000000000000e+00
1.005000000000000000e+02 0.000000000000000000e+00
1.057000000000000028e+02 0.000000000000000000e+00
1.112000000000000028e+02 0.000000000000000000e+00
1.170000000000000000e+02 0.000000000000000000e+00
1.230999999999999943e+02 0.000000000000000000e+00
1.295000000000000000e+02 0.000000000000000000e+00
1.361999999999999886e+02 0.000000000000000000e+00
1.433000000000000114e+02 0.000000000000000000e+00
1.508000000000000114e+02 0.000000000000000000e+00
1.585999999999999943e+02 0.000000000000000000e+00
1.669000000000000057e+02 0.000000000000000000e+00
1.755999999999999943e+02 0.000000000000000000e+00
1.846999999999999886e+02 0.000000000000000000e+00
1.943000000000000114e+02 0.000000000000000000e+00
2.045000000000000000e+02 0.000000000000000000e+00
2.150999999999999943e+02 0.000000000000000000e+00
2.263000000000000114e+02 0.000000000000000000e+00
2.380999999999999943e+02 0.000000000000000000e+00
2.505000000000000000e+02 0.000000000000000000e+00
2.635000000000000000e+02 0.000000000000000000e+00
2.773000000000000114e+02 0.000000000000000000e+00
2.916999999999999886e+02 0.000000000000000000e+00
3.068999999999999773e+02 0.000000000000000000e+00
3.228999999999999773e+02 0.000000000000000000e+00
3.396999999999999886e+02 0.000000000000000000e+00
3.573999999999999773e+02 0.000000000000000000e+00
3.760000000000000000e+02 0.000000000000000000e+00
3.955000000000000000e+02 0.000000000000000000e+00
4.161000000000000227e+02 0.000000000000000000e+00
4.378000000000000114e+02 0.000000000000000000e+00
4.606000000000000227e+02 0.000000000000000000e+00
4.846000000000000227e+02 0.000000000000000000e+00
5.098000000000000114e+02 0.000000000000000000e+00
5.363999999999999773e+02 0.000000000000000000e+00
5.642999999999999545e+02 0.000000000000000000e+00
5.937000000000000455e+02 0.000000000000000000e+00
6.246000000000000227e+02 0.000000000000000000e+00
6.571000000000000227e+02 0.000000000000000000e+00
6.912999999999999545e+02 0.000000000000000000e+00
7.272999999999999545e+02 0.000000000000000000e+00
7.652000000000000455e+02 0.000000000000000000e+00
8.050000000000000000e+02 0.000000000000000000e+00
8.468999999999999773e+02 0.000000000000000000e+00
8.910000000000000000e+02 0.000000000000000000e+00
9.373999999999999773e+02 0.000000000000000000e+00
9.862999999999999545e+02 0.000000000000000000e+00
1.038000000000000000e+03 0.000000000000000000e+00
1.092000000000000000e+03 0.000000000000000000e+00
1.148000000000000000e+03 0.000000000000000000e+00
1.208000000000000000e+03 0.000000000000000000e+00
1.271000000000000000e+03 0.000000000000000000e+00
1.337000000000000000e+03 0.000000000000000000e+00
1.407000000000000000e+03 0.000000000000000000e+00
1.480000000000000000e+03 0.000000000000000000e+00
1.557000000000000000e+03 0.000000000000000000e+00
1.638000000000000000e+03 0.000000000000000000e+00
1.724000000000000000e+03 0.000000000000000000e+00
1.814000000000000000e+03 0.000000000000000000e+00
1.908000000000000000e+03 0.000000000000000000e+00
2.007000000000000000e+03 0.000000000000000000e+00
2.112000000000000000e+03 0.000000000000000000e+00
2.222000000000000000e+03 0.000000000000000000e+00
2.337000000000000000e+03 0.000000000000000000e+00
2.459000000000000000e+03 0.000000000000000000e+00
2.587000000000000000e+03 0.000000000000000000e+00
2.722000000000000000e+03 0.000000000000000000e+00
2.864000000000000000e+03 0.000000000000000000e+00
3.013000000000000000e+03 0.000000000000000000e+00
3.170000000000000000e+03 0.000000000000000000e+00
3.335000000000000000e+03 0.000000000000000000e+00
3.508000000000000000e+03 0.000000000000000000e+00
3.691000000000000000e+03 0.000000000000000000e+00
3.883000000000000000e+03 0.000000000000000000e+00
4.085000000000000000e+03 0.000000000000000000e+00
4.298000000000000000e+03 0.000000000000000000e+00
4.522000000000000000e+03 0.000000000000000000e+00
4.757000000000000000e+03 0.000000000000000000e+00
5.005000000000000000e+03 0.000000000000000000e+00
5.266000000000000000e+03 0.000000000000000000e+00
5.540000000000000000e+03 0.000000000000000000e+00
5.828000000000000000e+03 0.000000000000000000e+00
6.132000000000000000e+03 0.000000000000000000e+00
6.451000000000000000e+03 0.000000000000000000e+00
6.787000000000000000e+03 0.000000000000000000e+00
7.140000000000000000e+03 0.000000000000000000e+00
7.512000000000000000e+03 0.000000000000000000e+00
7.903000000000000000e+03 0.000000000000000000e+00
8.315000000000000000e+03 0.000000000000000000e+00
8.748000000000000000e+03 0.000000000000000000e+00
9.203000000000000000e+03 0.000000000000000000e+00
9.682000000000000000e+03 0.000000000000000000e+00
1.019000000000000000e+04 0.000000000000000000e+00
1.072000000000000000e+04 0.000000000000000000e+00
1.127000000000000000e+04 0.000000000000000000e+00
1.186000000000000000e+04 0.000000000000000000e+00
1.248000000000000000e+04 0.000000000000000000e+00
1.313000000000000000e+04 0.000000000000000000e+00
1.381000000000000000e+04 0.000000000000000000e+00
1.453000000000000000e+04 0.000000000000000000e+00
1.529000000000000000e+04 0.000000000000000000e+00
1.608000000000000000e+04 0.000000000000000000e+00
1.692000000000000000e+04 0.000000000000000000e+00
1.780000000000000000e+04 0.000000000000000000e+00
1.873000000000000000e+04 0.000000000000000000e+00
1.971000000000000000e+04 0.000000000000000000e+00
2.073000000000000000e+04 0.000000000000000000e+00
2.181000000000000000e+04 0.000000000000000000e+00
2.295000000000000000e+04 0.000000000000000000e+00
2.414000000000000000e+04 0.000000000000000000e+00
2.540000000000000000e+04 0.000000000000000000e+00
2.672000000000000000e+04 0.000000000000000000e+00
2.811000000000000000e+04 0.000000000000000000e+00
2.958000000000000000e+04 0.000000000000000000e+00
3.112000000000000000e+04 0.000000000000000000e+00
3.274000000000000000e+04 0.000000000000000000e+00
3.444000000000000000e+04 0.000000000000000000e+00
3.623000000000000000e+04 0.000000000000000000e+00
3.812000000000000000e+04 0.000000000000000000e+00
4.011000000000000000e+04 0.000000000000000000e+00
4.219000000000000000e+04 0.000000000000000000e+00
4.439000000000000000e+04 0.000000000000000000e+00
4.670000000000000000e+04 0.000000000000000000e+00
4.913000000000000000e+04 0.000000000000000000e+00
5.169000000000000000e+04 0.000000000000000000e+00
5.438000000000000000e+04 0.000000000000000000e+00
5.722000000000000000e+04 0.000000000000000000e+00
6.019000000000000000e+04 0.000000000000000000e+00
6.333000000000000000e+04 0.000000000000000000e+00
6.663000000000000000e+04 0.000000000000000000e+00
7.010000000000000000e+04 0.000000000000000000e+00
7.375000000000000000e+04 0.000000000000000000e+00
7.759000000000000000e+04 0.000000000000000000e+00
8.163000000000000000e+04 0.000000000000000000e+00
8.588000000000000000e+04 0.000000000000000000e+00
9.035000000000000000e+04 0.000000000000000000e+00
9.505000000000000000e+04 0.000000000000000000e+00
1.000000000000000000e+05 0.000000000000000000e+00
