1.221799999999999287e+01 4.760174853527656325e+01
1.421799999999999287e+01 6.476199031321527855e+01
1.621799999999999287e+01 8.497052695130501831e+01
1.821799999999999287e+01 1.088886141267438177e+02
2.021799999999999287e+01 1.362761621869661326e+02
2.221799999999999287e+01 1.672868706226263384e+02
2.421799999999999287e+01 2.013031179373192003e+02
2.621799999999999287e+01 2.383640288598016355e+02
2.821799999999999287e+01 2.783210905924153167e+02
3.021799999999999287e+01 3.205612147537003693e+02
3.221799999999998931e+01 3.633690902835554652e+02
3.421799999999998931e+01 4.063363577452174127e+02
3.621799999999998931e+01 4.501378772643782895e+02
3.821799999999998931e+01 4.869669068095177522e+02
4.021799999999998931e+01 5.211639980362167535e+02
4.221799999999998931e+01 5.434725333062363006e+02
4.421799999999998931e+01 5.635855353354708086e+02
4.621799999999998931e+01 5.681577898502205244e+02
4.821799999999998931e+01 5.577348587515144800e+02
5.021799999999998931e+01 5.479072849895569561e+02
5.221799999999998931e+01 5.232852637168110732e+02
5.421799999999998931e+01 4.863177545820946079e+02
5.621799999999998931e+01 4.531423785677178557e+02
5.821799999999998931e+01 4.208752044757346766e+02
6.021799999999998931e+01 3.786166351104241699e+02
6.221799999999998931e+01 3.397639196071406786e+02
6.421799999999998931e+01 3.059289523979131786e+02
6.621799999999998931e+01 2.723768219201084548e+02
6.821799999999998931e+01 2.397416282210201928e+02
7.021799999999998931e+01 2.117857974679074573e+02
7.221799999999998931e+01 1.877338849427226535e+02
7.421799999999998931e+01 1.656978029240558499e+02
7.621799999999998931e+01 1.455864412293929604e+02
7.821799999999998931e+01 1.283403183964408072e+02
8.021799999999998931e+01 1.134936368048340256e+02
8.221799999999998931e+01 1.006260095813655084e+02
8.421799999999998931e+01 8.925677014943478582e+01
8.621799999999998931e+01 7.935970902980146491e+01
8.821799999999998931e+01 7.074843432768365403e+01
9.021799999999998931e+01 6.323246100233214406e+01
9.221799999999998931e+01 5.646831435850585024e+01
9.421799999999998931e+01 4.953750229263480520e+01
9.621799999999998931e+01 4.342404694303398571e+01
9.821799999999998931e+01 3.816734908148286110e+01
1.002179999999999893e+02 3.363354553855017315e+01
1.022179999999999893e+02 2.971176399717309735e+01
