1.473707518796992133e+01 1.033097232964864133e+03
1.573707518796992133e+01 1.183574113538484198e+03
1.673707518796992133e+01 1.346824288335043548e+03
1.773707518796992133e+01 1.522392166366644688e+03
1.873707518796992133e+01 1.710931181166794204e+03
1.973707518796992133e+01 1.912055533123392479e+03
2.073707518796992133e+01 2.125501894757666378e+03
2.173707518796992133e+01 2.350944377288221858e+03
2.273707518796992133e+01 2.587970688777400028e+03
2.373707518796992133e+01 2.836305361785772675e+03
2.473707518796992133e+01 3.095489971428942681e+03
2.573707518796992133e+01 3.365157075620281830e+03
2.673707518796992133e+01 3.644604088114651859e+03
2.773707518796992133e+01 3.931793404950733930e+03
2.873707518796992133e+01 4.228374021974718744e+03
2.973707518796992133e+01 4.530328205036940744e+03
3.073707518796992133e+01 4.836949308299414042e+03
3.173707518796992133e+01 5.144392491119137048e+03
3.273707518796992133e+01 5.452409748245632727e+03
3.373707518796992133e+01 5.755289851268239545e+03
3.473707518796992133e+01 6.052671656150952003e+03
3.573707518796992133e+01 6.339672613093178370e+03
3.673707518796992133e+01 6.613637464721068682e+03
3.773707518796992133e+01 6.871322821792130526e+03
3.873707518796992133e+01 7.109520292818472626e+03
3.973707518796992133e+01 7.324572633482509445e+03
4.073707518796992133e+01 7.516118776750881807e+03
4.173707518796992133e+01 7.677136013892123628e+03
4.273707518796992133e+01 7.810126609813049981e+03
4.373707518796992133e+01 7.909434004637461840e+03
4.473707518796992133e+01 7.974888781030915197e+03
4.573707518796992133e+01 8.005782852483169336e+03
4.673707518796992133e+01 8.001802866226879814e+03
4.773707518796992133e+01 7.963889467767289716e+03
4.873707518796992133e+01 7.892718216190221028e+03
4.973707518796992133e+01 7.791484535709656484e+03
5.073707518796992133e+01 7.661186975572520168e+03
5.173707518796992133e+01 7.504953992477683641e+03
5.273707518796992133e+01 7.324839933218092483e+03
5.373707518796992133e+01 7.125290428682326819e+03
5.473707518796992133e+01 6.906801579791381300e+03
5.573707518796992133e+01 6.674089872438038583e+03
5.673707518796992133e+01 6.430022532863587912e+03
5.773707518796992133e+01 6.177226296106362497e+03
5.873707518796992133e+01 5.918668952853905466e+03
5.973707518796992133e+01 5.658824709736704790e+03
6.073707518796992133e+01 5.398032153322854356e+03
6.173707518796992133e+01 5.138493520646115940e+03
6.273707518796992133e+01 4.883090900628133568e+03
6.373707518796992133e+01 4.631581381791044805e+03
6.473707518796992133e+01 4.387054678185614648e+03
6.573707518796992133e+01 4.149388277593270686e+03
6.673707518796992133e+01 3.920135221578165783e+03
6.773707518796992133e+01 3.699820396756634182e+03
6.873707518796992133e+01 3.488409596628658619e+03
6.973707518796992133e+01 3.287199090819395224e+03
7.073707518796992133e+01 3.095728659366478496e+03
7.173707518796992133e+01 2.913742334660577853e+03
7.273707518796992133e+01 2.741622589680244346e+03
7.373707518796992133e+01 2.579206339069862224e+03
7.473707518796992133e+01 2.426048548965909049e+03
7.573707518796992133e+01 2.282094151914734994e+03
7.673707518796992133e+01 2.146601814516012837e+03
7.773707518796992133e+01 2.019926841792015921e+03
7.873707518796992133e+01 1.900837418498448187e+03
7.973707518796992133e+01 1.789376911670048685e+03
8.073707518796992133e+01 1.685039237750767370e+03
8.173707518796992133e+01 1.587181277449018125e+03
8.273707518796992133e+01 1.495595431989961980e+03
8.373707518796992133e+01 1.409935187975419240e+03
8.473707518796992133e+01 1.329517893294090300e+03
8.573707518796992133e+01 1.254002236386354070e+03
8.673707518796992133e+01 1.183079648426253243e+03
