1.900000000000000000e+01 6.609229448812936880e+02
2.300000000000000000e+01 1.106141459606084481e+03
2.700000000000000000e+01 1.666417423791808687e+03
3.100000000000000000e+01 2.297302923295912478e+03
3.500000000000000000e+01 2.939104040849589637e+03
3.900000000000000000e+01 3.527767939851965821e+03
4.300000000000000000e+01 3.980971481147144004e+03
4.700000000000000000e+01 4.269732679389178884e+03
5.100000000000000000e+01 4.401210259337422031e+03
5.500000000000000000e+01 4.335614984190064206e+03
5.900000000000000000e+01 4.183520264910803235e+03
6.300000000000000000e+01 3.904403010874458232e+03
6.700000000000000000e+01 3.573507827471242763e+03
7.100000000000000000e+01 3.214660142219758200e+03
7.500000000000000000e+01 2.853373451625297093e+03
7.900000000000000000e+01 2.498848218636047932e+03
8.300000000000000000e+01 2.183278556555799241e+03
8.700000000000000000e+01 1.877618276988155230e+03
9.100000000000000000e+01 1.622504556598974887e+03
9.500000000000000000e+01 1.384835739817519425e+03
9.900000000000000000e+01 1.180256863685499638e+03
