1.221799999999999287e+01 2.525646404696606240e+01
1.321799999999999287e+01 2.962179910258693738e+01
1.421799999999999287e+01 3.438282424317792163e+01
1.521799999999999287e+01 3.955072712555927694e+01
1.621799999999999287e+01 4.515706511030174397e+01
1.721799999999999287e+01 5.121890884666113664e+01
1.821799999999999287e+01 5.772951528039379809e+01
1.921799999999999287e+01 6.470121942187483910e+01
2.021799999999999287e+01 7.210642040924368246e+01
2.121799999999999287e+01 7.994909196553372510e+01
2.221799999999999287e+01 8.823382432771863648e+01
2.321799999999999287e+01 9.690787146692785825e+01
2.421799999999999287e+01 1.059642120969392778e+02
2.521799999999999287e+01 1.154571544871346589e+02
2.621799999999999287e+01 1.252665931666315799e+02
2.721799999999999287e+01 1.353751345710555825e+02
2.821799999999999287e+01 1.458976051812408627e+02
2.921799999999999287e+01 1.565603847686848553e+02
3.021799999999999287e+01 1.673264837451974643e+02
3.121799999999999287e+01 1.784523592551853426e+02
3.221799999999998931e+01 1.891573620684316666e+02
3.321799999999998931e+01 1.993541464470441724e+02
3.421799999999998931e+01 2.097784623312229257e+02
3.521799999999998931e+01 2.204286134393265399e+02
3.621799999999998931e+01 2.313029637992830772e+02
3.721799999999998931e+01 2.408256877902027497e+02
3.821799999999998931e+01 2.488845518312650711e+02
3.921799999999998931e+01 2.569972869158711433e+02
4.021799999999998931e+01 2.651628829475295106e+02
4.121799999999998931e+01 2.710626261474307626e+02
4.221799999999998931e+01 2.746363135410525729e+02
4.321799999999998931e+01 2.781727883206178831e+02
4.421799999999998931e+01 2.816732762998009321e+02
4.521799999999998931e+01 2.851389365216115834e+02
4.621799999999998931e+01 2.852473781537792661e+02
4.721799999999998931e+01 2.820901921433551820e+02
4.821799999999998931e+01 2.790323627761414969e+02
4.921799999999998931e+01 2.760688179934982145e+02
5.021799999999998931e+01 2.731948400404072572e+02
5.121799999999998931e+01 2.704060343115765477e+02
5.221799999999998931e+01 2.642782493166891982e+02
5.321799999999998931e+01 2.550945063489632787e+02
5.421799999999998931e+01 2.463906141275475363e+02
5.521799999999998931e+01 2.381334021849135070e+02
5.621799999999998931e+01 2.302925332368544389e+02
5.721799999999998931e+01 2.228402166370558177e+02
5.821799999999998931e+01 2.157509551665445144e+02
5.921799999999998931e+01 2.067497677611109452e+02
6.021799999999998931e+01 1.961098306107764699e+02
6.121799999999998931e+01 1.861781046689269488e+02
6.221799999999998931e+01 1.768970927926662284e+02
6.321799999999998931e+01 1.682147807303080640e+02
6.421799999999998931e+01 1.600840389322440274e+02
6.521799999999998931e+01 1.524620975986157418e+02
6.621799999999998931e+01 1.442446255332272074e+02
6.721799999999998931e+01 1.355675148753475412e+02
6.821799999999998931e+01 1.275283340625784803e+02
6.921799999999998931e+01 1.200718981952065860e+02
7.021799999999998931e+01 1.131484930589757454e+02
7.121799999999998931e+01 1.067132656030121325e+02
7.221799999999998931e+01 1.007256896127123866e+02
7.321799999999998931e+01 9.514909642626406594e+01
7.421799999999998931e+01 8.959764723059386426e+01
7.521799999999998931e+01 8.410135116486181062e+01
7.621799999999998931e+01 7.900783020031313697e+01
7.721799999999998931e+01 7.428288168407155467e+01
7.821799999999998931e+01 6.989559545979292920e+01
7.921799999999998931e+01 6.581800047589258895e+01
8.021799999999998931e+01 6.202475314063935485e+01
8.121799999999998931e+01 5.849286205244109738e+01
8.221799999999998931e+01 5.520144448011249239e+01
8.321799999999998931e+01 5.202193361013495121e+01
8.421799999999998931e+01 4.895534260922433845e+01
8.521799999999998931e+01 4.610238391839720151e+01
8.621799999999998931e+01 4.344593730551495980e+01
8.721799999999998931e+01 4.097042985142660143e+01
8.821799999999998931e+01 3.866168060984021082e+01
8.921799999999998931e+01 3.650676238396900430e+01
9.021799999999998931e+01 3.449387856982623646e+01
9.121799999999998931e+01 3.261225328082065289e+01
9.221799999999998931e+01 3.085203319645509268e+01
9.321799999999998931e+01 2.907627394145331579e+01
9.421799999999998931e+01 2.729789727878533157e+01
9.521799999999998931e+01 2.564528571072988328e+01
9.621799999999998931e+01 2.410836767044385809e+01
9.721799999999998931e+01 2.267797056164650371e+01
9.821799999999998931e+01 2.134573243269151277e+01
9.921799999999998931e+01 2.010402310768282064e+01
1.002179999999999893e+02 1.894587368030285646e+01
1.012179999999999893e+02 1.786491341193227456e+01
1.022179999999999893e+02 1.685531319354266344e+01
1.032179999999999893e+02 1.591173483326734583e+01
