1.774127155601597394e+01 9.704559904466294995e+01
1.874127155601597394e+01 1.090644028075404037e+02
1.974127155601597394e+01 1.218891452086479603e+02
2.074127155601597394e+01 1.354955687237233235e+02
2.174127155601597394e+01 1.498674653541098962e+02
2.274127155601597394e+01 1.649778189807869353e+02
2.374127155601597394e+01 1.808127007299358127e+02
2.474127155601597394e+01 1.973388762754164532e+02
2.574127155601597394e+01 2.145234083352140715e+02
2.674127155601597394e+01 2.323367692790764636e+02
2.774127155601597394e+01 2.507123901540030602e+02
2.874127155601597394e+01 2.695625338276703360e+02
2.974127155601597394e+01 2.887640911221508873e+02
3.074127155601597394e+01 3.082980399488508283e+02
3.174127155601597394e+01 3.278842083870509896e+02
3.274127155601597394e+01 3.473765511994894268e+02
3.374127155601597394e+01 3.667776457392810698e+02
3.474127155601597394e+01 3.853927343476367469e+02
3.574127155601597394e+01 4.039099595994835568e+02
3.674127155601597394e+01 4.208536038417694272e+02
3.774127155601597394e+01 4.371591981119811408e+02
3.874127155601597394e+01 4.529718901843207846e+02
3.974127155601597394e+01 4.656159534243815301e+02
4.074127155601597394e+01 4.778484583191818729e+02
4.174127155601597394e+01 4.894276565112737671e+02
4.274127155601597394e+01 4.972111516188028872e+02
4.374127155601597394e+01 5.042310903781628895e+02
4.474127155601597394e+01 5.086089672515512916e+02
4.574127155601597394e+01 5.107680584418226317e+02
4.674127155601597394e+01 5.106601993513616549e+02
4.774127155601597394e+01 5.081593948369444433e+02
4.874127155601597394e+01 5.037912370971033624e+02
4.974127155601597394e+01 4.973402228837393295e+02
5.074127155601597394e+01 4.890272135871921364e+02
5.174127155601597394e+01 4.790279146991010180e+02
5.274127155601597394e+01 4.675363730245777560e+02
5.374127155601597394e+01 4.547605064341851744e+02
5.474127155601597394e+01 4.408010971163542422e+02
5.574127155601597394e+01 4.258668868794467244e+02
5.674127155601597394e+01 4.103716793417353301e+02
5.774127155601597394e+01 3.938877787943180238e+02
5.874127155601597394e+01 3.776618290840464169e+02
5.974127155601597394e+01 3.607286577911298195e+02
6.074127155601597394e+01 3.440422084153286733e+02
6.174127155601597394e+01 3.280328539690255525e+02
6.274127155601597394e+01 3.113110618395018605e+02
6.374127155601597394e+01 2.954569948705222941e+02
6.474127155601597394e+01 2.804104111130977230e+02
6.574127155601597394e+01 2.650600356573889940e+02
6.674127155601597394e+01 2.505605675199311406e+02
6.774127155601597394e+01 2.369192095189414147e+02
6.874127155601597394e+01 2.233233071985931417e+02
6.974127155601597394e+01 2.105238773000888273e+02
7.074127155601597394e+01 1.985526917400325715e+02
7.174127155601597394e+01 1.868428056803809341e+02
7.274127155601597394e+01 1.758469899108589800e+02
7.374127155601597394e+01 1.655992866779214410e+02
7.474127155601597394e+01 1.557250801890179446e+02
7.574127155601597394e+01 1.464703165563522873e+02
7.674127155601597394e+01 1.378603749459047094e+02
7.774127155601597394e+01 1.296676524098894845e+02
7.874127155601597394e+01 1.220007528339415046e+02
7.974127155601597394e+01 1.148679308037220466e+02
8.074127155601597394e+01 1.081194410310123857e+02
8.174127155601597394e+01 1.018040185777835660e+02
8.274127155601597394e+01 9.592446441891554798e+01
8.374127155601597394e+01 9.038847147692159467e+01
8.474127155601597394e+01 8.520778921442170883e+01
