1.900000000000000000e+01 7.910547598869666786e+01
2.000000000000000000e+01 9.316787844300191068e+01
2.100000000000000000e+01 1.086941782433739689e+02
2.200000000000000000e+01 1.257229917150540359e+02
2.300000000000000000e+01 1.445027141480823900e+02
2.400000000000000000e+01 1.653606224718262183e+02
2.500000000000000000e+01 1.884626621061144931e+02
2.600000000000000000e+01 2.137149423077298138e+02
2.700000000000000000e+01 2.411868467785224084e+02
2.800000000000000000e+01 2.709766241409748204e+02
2.900000000000000000e+01 3.032259771108380164e+02
3.000000000000000000e+01 3.375218165432983142e+02
3.100000000000000000e+01 3.738480820756875573e+02
3.200000000000000000e+01 4.127636476644185564e+02
3.300000000000000000e+01 4.531341171503512442e+02
3.400000000000000000e+01 4.947996873916161462e+02
3.500000000000000000e+01 5.389403698647741976e+02
3.600000000000000000e+01 5.856272536076678534e+02
3.700000000000000000e+01 6.349314096700502432e+02
3.800000000000000000e+01 6.845279159070882997e+02
3.900000000000000000e+01 7.340921700216715635e+02
4.000000000000000000e+01 7.858706912870796941e+02
4.100000000000000000e+01 8.399040625811428527e+02
4.200000000000000000e+01 8.899803861482711227e+02
4.300000000000000000e+01 9.353774569579313720e+02
4.400000000000000000e+01 9.819792534669870747e+02
4.500000000000000000e+01 1.029789596208634748e+03
4.600000000000000000e+01 1.078812232504746589e+03
4.700000000000000000e+01 1.117182268691838999e+03
4.800000000000000000e+01 1.144144067385480867e+03
4.900000000000000000e+01 1.171186393922920388e+03
5.000000000000000000e+01 1.198307854446167312e+03
5.100000000000000000e+01 1.225507106396477411e+03
5.200000000000000000e+01 1.252782855664989029e+03
5.300000000000000000e+01 1.267142610371790852e+03
5.400000000000000000e+01 1.268519849074769809e+03
5.500000000000000000e+01 1.269873500679763538e+03
5.600000000000000000e+01 1.271204383439677031e+03
5.700000000000000000e+01 1.272513273352730494e+03
5.800000000000000000e+01 1.273800907036046510e+03
5.900000000000000000e+01 1.275067984358375270e+03
6.000000000000000000e+01 1.264143073658304729e+03
6.100000000000000000e+01 1.241564253308498792e+03
6.200000000000000000e+01 1.219743268795762333e+03
6.300000000000000000e+01 1.198643157889313215e+03
6.400000000000000000e+01 1.178229305904849070e+03
6.500000000000000000e+01 1.158469263062085247e+03
6.600000000000000000e+01 1.139332578583624581e+03
6.700000000000000000e+01 1.111583711586311438e+03
6.800000000000000000e+01 1.075961886267309410e+03
6.900000000000000000e+01 1.041973408030971086e+03
7.000000000000000000e+01 1.009521467704013503e+03
7.100000000000000000e+01 9.785162569820286080e+02
7.200000000000000000e+01 9.488743733209541915e+02
7.300000000000000000e+01 9.205182827630869724e+02
7.400000000000000000e+01 8.933758343614133537e+02
7.500000000000000000e+01 8.625724309825102409e+02
7.600000000000000000e+01 8.285637320320065555e+02
7.700000000000000000e+01 7.963118462612158055e+02
7.800000000000000000e+01 7.657050744923889170e+02
7.900000000000000000e+01 7.366401181050583773e+02
8.000000000000000000e+01 7.090213519853834896e+02
8.100000000000000000e+01 6.827601684456493558e+02
8.200000000000000000e+01 6.577743844197179897e+02
8.300000000000000000e+01 6.339877051555433809e+02
8.400000000000000000e+01 6.094795064431739320e+02
8.500000000000000000e+01 5.844004519940029923e+02
8.600000000000000000e+01 5.606272437616617026e+02
8.700000000000000000e+01 5.380779480625469660e+02
8.800000000000000000e+01 5.166766271372979418e+02
8.900000000000000000e+01 4.963528391718158446e+02
9.000000000000000000e+01 4.770411850013581443e+02
9.100000000000000000e+01 4.586808966828992880e+02
9.200000000000000000e+01 4.412154636635635825e+02
9.300000000000000000e+01 4.245922927493305679e+02
9.400000000000000000e+01 4.076637027491528329e+02
9.500000000000000000e+01 3.905145939035174933e+02
9.600000000000000000e+01 3.742544203169251773e+02
9.700000000000000000e+01 3.588285952107743242e+02
9.800000000000000000e+01 3.441863958162418839e+02
9.900000000000000000e+01 3.302806543298473798e+02
1.000000000000000000e+02 3.170674763719554221e+02
1.010000000000000000e+02 3.045059842575618632e+02
1.020000000000000000e+02 2.925580826752620851e+02
1.030000000000000000e+02 2.811882446239021647e+02
1.040000000000000000e+02 2.703633156811167737e+02
