1.000000000000000021e-03 1.801253599493093361e+03
1.051999999999999984e-03 1.881208891729804918e+03
1.106999999999999911e-03 2.025041010058205075e+03
1.163999999999999887e-03 2.089850064047028354e+03
1.224999999999999960e-03 2.257628961525178056e+03
1.288999999999999998e-03 2.286164503226817487e+03
1.356000000000000000e-03 2.487946445299467086e+03
1.427000000000000100e-03 2.508158811045727361e+03
1.500999999999999947e-03 2.703296621322242117e+03
1.579000000000000108e-03 2.741962980118517862e+03
1.661000000000000150e-03 2.938411065006120225e+03
1.747999999999999988e-03 2.960336493215313567e+03
1.839000000000000140e-03 3.144425227692190674e+03
1.935000000000000088e-03 3.163111543666567286e+03
2.034999999999999917e-03 3.371591857483037529e+03
2.141000000000000108e-03 3.361068195410051885e+03
2.252999999999999794e-03 3.538625174037389570e+03
2.370000000000000145e-03 3.538222993245001817e+03
2.492999999999999990e-03 3.671120013213448146e+03
2.623000000000000331e-03 3.703035347303795334e+03
2.759999999999999867e-03 3.784357861898646661e+03
2.903999999999999897e-03 3.798135323291192435e+03
3.054999999999999990e-03 3.858144154900809099e+03
3.213999999999999843e-03 3.855351843857805761e+03
3.380999999999999891e-03 3.893438817325976288e+03
3.556999999999999832e-03 3.859269680113276536e+03
3.742000000000000100e-03 3.869141925417918628e+03
3.936999999999999528e-03 3.813322959159902439e+03
4.142000000000000716e-03 3.773630634553728214e+03
4.357999999999999895e-03 3.708088271926538710e+03
4.585000000000000533e-03 3.622583386287293706e+03
4.824000000000000163e-03 3.567550378513349187e+03
5.074999999999999650e-03 3.436020667421501003e+03
5.338999999999999996e-03 3.366559529245276281e+03
5.616999999999999597e-03 3.201814371257748007e+03
5.908999999999999322e-03 3.135159576559908146e+03
6.217000000000000304e-03 2.946518486052989829e+03
6.540999999999999939e-03 2.863804233692528669e+03
6.880999999999999964e-03 2.664729043970805833e+03
7.239999999999999908e-03 2.576570118361848472e+03
7.617000000000000506e-03 2.382217880769725525e+03
8.012999999999999290e-03 2.275734675468550449e+03
8.429999999999999993e-03 2.107161689536316771e+03
8.868999999999998413e-03 1.976903738368855329e+03
9.330999999999999017e-03 1.832342118481936268e+03
9.816999999999999338e-03 1.694476444329550532e+03
1.032999999999999891e-02 1.568222514129409547e+03
1.086999999999999945e-02 1.438366024657907019e+03
1.143000000000000092e-02 1.330899078188396061e+03
1.203000000000000076e-02 1.215124628957596315e+03
1.264999999999999979e-02 1.118251127263727767e+03
1.330999999999999892e-02 1.016361606723254113e+03
1.400999999999999988e-02 9.360693508660813222e+02
1.473000000000000004e-02 8.489498836550206988e+02
1.549999999999999989e-02 7.795029714600907482e+02
1.631000000000000158e-02 7.121219595672945388e+02
1.715999999999999817e-02 6.526271473070037246e+02
1.805000000000000007e-02 6.023474755233847873e+02
1.898999999999999994e-02 5.533021729659897119e+02
1.997999999999999776e-02 5.210563189590073989e+02
2.101999999999999702e-02 4.778407650196755299e+02
2.212000000000000077e-02 4.608156011175380513e+02
2.326999999999999902e-02 4.270572174513712298e+02
2.447999999999999829e-02 4.169573497150148569e+02
2.574999999999999858e-02 3.954701687720315704e+02
2.708999999999999950e-02 3.902843775365232091e+02
2.850000000000000103e-02 3.783908575268942514e+02
2.998999999999999930e-02 3.772622149402340028e+02
3.155000000000000165e-02 3.718211463482286945e+02
3.318999999999999728e-02 3.753845255158061036e+02
3.491999999999999965e-02 3.762274368101028585e+02
3.673999999999999488e-02 3.819078443524509794e+02
3.864999999999999686e-02 3.887891447276820145e+02
4.066000000000000170e-02 3.942971369835808559e+02
4.277999999999999858e-02 4.077186420378217804e+02
4.500999999999999446e-02 4.138787967259685274e+02
4.734999999999999626e-02 4.301993196983157191e+02
4.982000000000000317e-02 4.386367027444524638e+02
5.240999999999999825e-02 4.571636047105603211e+02
5.513999999999999457e-02 4.673423601882169578e+02
5.800999999999999907e-02 4.846260216046892424e+02
6.102999999999999398e-02 4.977735063898668386e+02
6.421000000000000318e-02 5.139855091603830033e+02
6.755999999999999506e-02 5.261628389835126427e+02
7.106999999999999429e-02 5.443470533550895425e+02
7.477000000000000313e-02 5.568686009025977910e+02
7.867000000000000381e-02 5.736653368207971653e+02
8.276000000000000023e-02 5.862143251217963780e+02
8.707000000000000850e-02 6.010388096826136461e+02
9.160999999999999699e-02 6.135622381820319333e+02
9.637999999999999345e-02 6.269682404539565823e+02
1.014000000000000040e-01 6.385486901194509528e+02
1.067000000000000032e-01 6.519348114542514168e+02
1.122000000000000081e-01 6.611490714355271621e+02
1.180999999999999966e-01 6.742987203604400293e+02
1.242000000000000048e-01 6.817699494686169146e+02
1.307000000000000106e-01 6.939010731560334762e+02
1.375000000000000111e-01 6.994763993443169738e+02
1.446999999999999953e-01 7.093623988125968935e+02
1.522000000000000020e-01 7.149468536724009482e+02
1.600999999999999923e-01 7.206020950765190491e+02
1.683999999999999941e-01 7.264293204648813571e+02
1.771999999999999964e-01 7.304768816138400780e+02
1.864000000000000101e-01 7.342232053903312590e+02
1.960999999999999965e-01 7.358998365052922281e+02
2.064000000000000001e-01 7.370640878392306377e+02
2.170999999999999874e-01 7.373218740967981830e+02
2.283999999999999919e-01 7.374207948544939200e+02
2.403000000000000136e-01 7.342340541124007132e+02
2.528000000000000247e-01 7.339724812431677492e+02
2.660000000000000142e-01 7.284940257499383733e+02
2.798000000000000487e-01 7.263032221717975290e+02
2.943999999999999950e-01 7.183395522755994307e+02
3.096999999999999753e-01 7.145746424683460418e+02
3.259000000000000230e-01 7.058392217367993453e+02
3.427999999999999936e-01 6.994675891651011170e+02
3.606999999999999651e-01 6.902121354431444615e+02
3.795000000000000040e-01 6.809826852856463120e+02
3.991999999999999993e-01 6.710302660414606635e+02
4.200000000000000400e-01 6.599489326869787647e+02
4.419000000000000150e-01 6.491863954385568150e+02
4.649000000000000354e-01 6.356305539939920664e+02
4.891000000000000347e-01 6.239906680891538144e+02
5.144999999999999574e-01 6.086797758928062194e+02
5.413000000000000034e-01 5.968517533316277195e+02
5.695000000000000062e-01 5.795419447521999246e+02
5.992000000000000659e-01 5.670731338100869152e+02
6.304000000000000714e-01 5.494506886221143986e+02
6.632000000000000117e-01 5.355156382042473524e+02
6.976999999999999869e-01 5.175351055345089435e+02
7.340999999999999748e-01 5.025994249746380547e+02
7.722999999999999865e-01 4.850522132577016237e+02
8.125000000000000000e-01 4.689806448957343719e+02
8.548000000000000043e-01 4.519427047238582986e+02
8.992999999999999883e-01 4.351252471296032809e+02
9.460999999999999410e-01 4.181690589575358672e+02
9.954000000000000625e-01 4.011191831589511025e+02
1.046999999999999931e+00 3.845314873288319291e+02
1.101999999999999869e+00 3.675013576550745711e+02
1.159000000000000030e+00 3.510943873392334353e+02
1.219000000000000083e+00 3.343908259795133517e+02
1.283000000000000140e+00 3.184288932315499210e+02
1.350000000000000089e+00 3.024893573556135493e+02
1.419999999999999929e+00 2.866369532997086367e+02
1.493999999999999995e+00 2.716125114981015827e+02
1.572000000000000064e+00 2.564548985997460022e+02
1.654000000000000137e+00 2.421807887084868867e+02
1.739999999999999991e+00 2.278715654729678306e+02
1.830000000000000071e+00 2.145053713820501571e+02
1.925999999999999934e+00 2.010368838691811959e+02
2.025999999999999801e+00 1.884784421155484608e+02
2.131000000000000227e+00 1.762905464979351677e+02
2.241999999999999993e+00 1.642766587437693317e+02
2.358999999999999986e+00 1.533160185646217712e+02
2.481999999999999762e+00 1.422507370241054332e+02
2.611000000000000210e+00 1.323106641493297957e+02
2.746999999999999886e+00 1.221920542665915406e+02
2.890000000000000124e+00 1.133551913046199928e+02
3.040999999999999925e+00 1.041529380625280936e+02
3.198999999999999844e+00 9.634999585883394957e+01
3.366000000000000103e+00 8.815694486667011631e+01
3.540999999999999925e+00 8.126062692839167312e+01
3.725000000000000089e+00 7.414419884337262090e+01
3.918999999999999595e+00 6.810357450697932791e+01
4.123000000000000220e+00 6.199739198540168417e+01
4.338000000000000078e+00 5.682246467682232804e+01
4.564000000000000057e+00 5.165112784030066706e+01
4.801000000000000156e+00 4.722430827954982391e+01
5.051000000000000156e+00 4.298279113093913395e+01
5.314000000000000057e+00 3.922088927262968383e+01
5.590999999999999304e+00 3.580782142320394001e+01
5.881999999999999673e+00 3.273450211481224414e+01
6.187999999999999723e+00 3.000020980374037194e+01
6.511000000000000121e+00 2.760211097878089248e+01
6.850000000000000533e+00 2.552592857521473491e+01
7.205999999999999517e+00 2.366875301888169858e+01
7.581999999999999851e+00 2.219686288896330595e+01
7.976000000000000867e+00 2.087039709362318973e+01
8.391999999999999460e+00 1.991978778157589858e+01
8.829000000000000625e+00 1.911756709043366342e+01
9.288000000000000256e+00 1.862976910470533198e+01
9.772000000000000242e+00 1.830384002218138306e+01
1.027999999999999936e+01 1.824804278358785226e+01
1.082000000000000028e+01 1.837195889575903252e+01
1.137999999999999901e+01 1.872172146386500557e+01
1.196999999999999886e+01 1.925768438178518238e+01
1.259999999999999964e+01 2.002818317250257962e+01
1.325000000000000000e+01 2.094936550799550901e+01
1.393999999999999950e+01 2.210201048495829923e+01
1.466999999999999993e+01 2.345419511579537541e+01
1.542999999999999972e+01 2.498993684694630701e+01
1.623000000000000043e+01 2.674986272325285697e+01
1.708000000000000185e+01 2.870445790238512984e+01
1.796999999999999886e+01 3.089386188426219704e+01
1.889999999999999858e+01 3.325007617712508790e+01
1.989000000000000057e+01 3.589145393108779558e+01
2.092000000000000171e+01 3.870926359178832143e+01
2.200999999999999801e+01 4.179415762169541892e+01
2.316000000000000014e+01 4.512648073379268254e+01
2.437000000000000099e+01 4.870306288506772319e+01
2.562999999999999901e+01 5.249441697474003377e+01
2.697000000000000242e+01 5.655584995629616429e+01
2.837000000000000099e+01 6.081345564475459753e+01
2.985000000000000142e+01 6.530789858965877670e+01
3.139999999999999858e+01 6.983763287150264887e+01
3.303999999999999915e+01 7.464215861798116691e+01
3.475999999999999801e+01 7.896534630762435825e+01
3.657000000000000028e+01 8.351660516886013852e+01
3.846999999999999886e+01 8.687944968717219751e+01
4.048000000000000398e+01 9.020686867724781166e+01
4.259000000000000341e+01 9.138605081776125871e+01
4.479999999999999716e+01 9.175917936144779219e+01
4.714000000000000057e+01 8.965081566804225588e+01
4.959000000000000341e+01 8.573876602307447570e+01
5.217000000000000171e+01 7.990625225171503132e+01
5.489000000000000057e+01 7.175771333985858291e+01
5.775000000000000000e+01 6.292872971498143642e+01
6.075000000000000000e+01 5.314489357618578680e+01
6.392000000000000171e+01 4.328786411059631689e+01
6.723999999999999488e+01 3.484486654063773869e+01
7.075000000000000000e+01 2.619101426333975269e+01
7.442999999999999261e+01 2.049056268348167720e+01
7.829999999999999716e+01 1.449587499569950388e+01
8.237999999999999545e+01 1.117367168436940794e+01
8.667000000000000171e+01 7.866837281970255447e+00
9.117999999999999261e+01 5.969941389119379771e+00
9.593000000000000682e+01 4.346733450295768186e+00
1.009000000000000057e+02 3.233343203269494648e+00
1.062000000000000028e+02 2.332762632177292517e+00
1.116999999999999886e+02 1.633911499722012328e+00
1.175000000000000000e+02 1.094131854211297439e+00
1.236000000000000085e+02 6.672773652417581802e-01
1.300999999999999943e+02 4.204862577850294048e-01
1.369000000000000057e+02 2.173989915128008155e-01
1.440000000000000000e+02 1.407137242176189351e-01
1.515000000000000000e+02 6.914225038962511227e-02
1.593999999999999773e+02 4.491545773865068814e-02
1.676999999999999886e+02 2.002052622608715624e-02
1.764000000000000057e+02 1.268729584373130999e-02
1.855999999999999943e+02 4.932571490297059207e-03
1.952000000000000171e+02 2.733814746434693344e-03
2.054000000000000057e+02 1.108368762317123038e-03
2.160999999999999943e+02 5.015968277323180034e-04
2.273999999999999773e+02 2.133135124558752560e-04
2.391999999999999886e+02 7.813910561855053180e-05
2.516999999999999886e+02 3.364513605181999097e-05
2.647999999999999545e+02 8.590042965719451811e-06
2.785000000000000000e+02 3.992794411450471889e-06
2.930000000000000000e+02 7.954606296830694536e-07
3.083000000000000114e+02 3.839788700533749391e-07
3.244000000000000341e+02 5.128276469376587006e-08
3.411999999999999886e+02 2.613167689015199120e-08
3.590000000000000000e+02 2.277923388840091294e-09
3.776999999999999886e+02 1.216956665188515946e-09
3.973999999999999773e+02 9.926282356278430714e-11
4.181000000000000227e+02 4.144895810058037629e-11
4.398000000000000114e+02 6.937530174514423095e-12
4.626999999999999886e+02 8.498884353163774111e-13
4.868000000000000114e+02 2.083221016885932602e-13
5.122000000000000455e+02 1.224916579405421985e-14
5.387999999999999545e+02 3.790444702794963434e-15
5.668999999999999773e+02 8.041616868142195024e-17
5.964000000000000909e+02 2.957219204722966451e-17
6.275000000000000000e+02 4.174777434186704235e-19
6.601000000000000227e+02 1.741854915557096575e-19
6.945000000000000000e+02 8.065443531592159515e-22
7.307000000000000455e+02 3.706166727374175683e-22
7.687000000000000455e+02 1.089949933160058486e-24
8.087999999999999545e+02 5.415729829909069633e-25
8.508999999999999773e+02 5.710358712025081070e-28
8.952000000000000455e+02 3.030606114507383928e-28
9.417999999999999545e+02 2.117309659148504635e-29
9.908000000000000682e+02 7.559500453582038677e-32
1.042000000000000000e+03 1.364801898254070494e-32
1.097000000000000000e+03 7.954350730308540492e-36
1.154000000000000000e+03 2.035449736206550129e-36
1.214000000000000000e+03 2.399120897230377385e-40
1.277000000000000000e+03 7.856213185801759558e-41
1.344000000000000000e+03 2.176522456435047753e-45
1.414000000000000000e+03 8.290263435233895918e-46
1.487000000000000000e+03 5.509542402502492149e-51
1.565000000000000000e+03 2.361827843959270943e-51
1.646000000000000000e+03 3.240151003709664162e-57
1.732000000000000000e+03 1.530646878064498092e-57
1.822000000000000000e+03 3.890941322890850049e-64
1.917000000000000000e+03 1.982311558561953107e-64
2.017000000000000000e+03 6.962595352648666369e-72
2.122000000000000000e+03 3.769350635235713097e-72
2.232000000000000000e+03 4.240359735563831764e-73
2.348000000000000000e+03 8.003714387010569437e-81
2.470000000000000000e+03 1.684694514033075035e-81
2.599000000000000000e+03 2.060514914340794090e-90
2.734000000000000000e+03 5.919942919153846171e-91
2.877000000000000000e+03 4.107936959162053457e-101
3.027000000000000000e+03 1.428601131665099100e-101
3.184000000000000000e+03 4.473121860355555937e-113
3.350000000000000000e+03 1.801441233145248613e-113
3.524000000000000000e+03 1.855776641651316847e-126
3.708000000000000000e+03 8.316862012501056581e-127
3.901000000000000000e+03 2.784141692335606589e-141
4.104000000000000000e+03 1.360921218909991947e-141
4.318000000000000000e+03 6.901259387331928084e-158
4.543000000000000000e+03 3.605473517645864454e-158
4.779000000000000000e+03 1.485745806018526955e-159
5.028000000000000000e+03 1.391345430424153425e-176
5.290000000000000000e+03 2.088293029402509824e-177
5.565000000000000000e+03 3.711966121530726397e-197
5.855000000000000000e+03 8.858387813980182609e-198
6.160000000000000000e+03 4.751630392612681810e-220
6.481000000000000000e+03 1.472713879285044478e-220
6.818000000000000000e+03 1.210777853041384336e-245
7.173000000000000000e+03 4.487492562485856195e-246
7.547000000000000000e+03 4.327370306875332850e-274
7.940000000000000000e+03 1.820514359283165014e-274
8.353000000000000000e+03 8.088916333703756745e-306
8.788000000000000000e+03 3.756080835046996260e-306
9.246000000000000000e+03 0.000000000000000000e+00
9.727000000000000000e+03 0.000000000000000000e+00
1.023000000000000000e+04 0.000000000000000000e+00
1.077000000000000000e+04 0.000000000000000000e+00
1.133000000000000000e+04 0.000000000000000000e+00
1.192000000000000000e+04 0.000000000000000000e+00
1.254000000000000000e+04 0.000000000000000000e+00
1.319000000000000000e+04 0.000000000000000000e+00
1.388000000000000000e+04 0.000000000000000000e+00
1.460000000000000000e+04 0.000000000000000000e+00
1.536000000000000000e+04 0.000000000000000000e+00
1.616000000000000000e+04 0.000000000000000000e+00
1.700000000000000000e+04 0.000000000000000000e+00
1.789000000000000000e+04 0.000000000000000000e+00
1.882000000000000000e+04 0.000000000000000000e+00
1.980000000000000000e+04 0.000000000000000000e+00
2.083000000000000000e+04 0.000000000000000000e+00
2.191000000000000000e+04 0.000000000000000000e+00
2.305000000000000000e+04 0.000000000000000000e+00
2.425000000000000000e+04 0.000000000000000000e+00
2.552000000000000000e+04 0.000000000000000000e+00
2.684000000000000000e+04 0.000000000000000000e+00
2.824000000000000000e+04 0.000000000000000000e+00
2.971000000000000000e+04 0.000000000000000000e+00
3.126000000000000000e+04 0.000000000000000000e+00
3.289000000000000000e+04 0.000000000000000000e+00
3.460000000000000000e+04 0.000000000000000000e+00
3.640000000000000000e+04 0.000000000000000000e+00
3.830000000000000000e+04 0.000000000000000000e+00
4.029000000000000000e+04 0.000000000000000000e+00
4.239000000000000000e+04 0.000000000000000000e+00
4.460000000000000000e+04 0.000000000000000000e+00
4.692000000000000000e+04 0.000000000000000000e+00
4.936000000000000000e+04 0.000000000000000000e+00
5.193000000000000000e+04 0.000000000000000000e+00
5.464000000000000000e+04 0.000000000000000000e+00
5.748000000000000000e+04 0.000000000000000000e+00
6.047000000000000000e+04 0.000000000000000000e+00
6.362000000000000000e+04 0.000000000000000000e+00
6.693000000000000000e+04 0.000000000000000000e+00
7.042000000000000000e+04 0.000000000000000000e+00
7.409000000000000000e+04 0.000000000000000000e+00
7.794000000000000000e+04 0.000000000000000000e+00
8.200000000000000000e+04 0.000000000000000000e+00
8.627000000000000000e+04 0.000000000000000000e+00
9.076000000000000000e+04 0.000000000000000000e+00
9.549000000000000000e+04 0.000000000000000000e+00
1.005000000000000000e+05 0.000000000000000000e+00
1.057000000000000000e+05 0.000000000000000000e+00
1.112000000000000000e+05 0.000000000000000000e+00
1.170000000000000000e+05 0.000000000000000000e+00
1.231000000000000000e+05 0.000000000000000000e+00
1.295000000000000000e+05 0.000000000000000000e+00
1.362000000000000000e+05 0.000000000000000000e+00
1.433000000000000000e+05 0.000000000000000000e+00
1.508000000000000000e+05 0.000000000000000000e+00
1.586000000000000000e+05 0.000000000000000000e+00
1.669000000000000000e+05 0.000000000000000000e+00
1.756000000000000000e+05 0.000000000000000000e+00
1.847000000000000000e+05 0.000000000000000000e+00
1.943000000000000000e+05 0.000000000000000000e+00
2.045000000000000000e+05 0.000000000000000000e+00
2.151000000000000000e+05 0.000000000000000000e+00
2.263000000000000000e+05 0.000000000000000000e+00
2.381000000000000000e+05 0.000000000000000000e+00
2.505000000000000000e+05 0.000000000000000000e+00
2.635000000000000000e+05 0.000000000000000000e+00
2.773000000000000000e+05 0.000000000000000000e+00
2.917000000000000000e+05 0.000000000000000000e+00
3.069000000000000000e+05 0.000000000000000000e+00
3.229000000000000000e+05 0.000000000000000000e+00
3.397000000000000000e+05 0.000000000000000000e+00
3.574000000000000000e+05 0.000000000000000000e+00
3.760000000000000000e+05 0.000000000000000000e+00
3.955000000000000000e+05 0.000000000000000000e+00
4.161000000000000000e+05 0.000000000000000000e+00
4.378000000000000000e+05 0.000000000000000000e+00
4.606000000000000000e+05 0.000000000000000000e+00
4.846000000000000000e+05 0.000000000000000000e+00
5.098000000000000000e+05 0.000000000000000000e+00
5.364000000000000000e+05 0.000000000000000000e+00
5.643000000000000000e+05 0.000000000000000000e+00
5.937000000000000000e+05 0.000000000000000000e+00
6.246000000000000000e+05 0.000000000000000000e+00
6.571000000000000000e+05 0.000000000000000000e+00
6.913000000000000000e+05 0.000000000000000000e+00
7.273000000000000000e+05 0.000000000000000000e+00
7.652000000000000000e+05 0.000000000000000000e+00
8.050000000000000000e+05 0.000000000000000000e+00
8.469000000000000000e+05 0.000000000000000000e+00
8.910000000000000000e+05 0.000000000000000000e+00
9.374000000000000000e+05 0.000000000000000000e+00
9.863000000000000000e+05 0.000000000000000000e+00
1.038000000000000000e+06 0.000000000000000000e+00
1.092000000000000000e+06 0.000000000000000000e+00
1.148000000000000000e+06 0.000000000000000000e+00
1.208000000000000000e+06 0.000000000000000000e+00
1.271000000000000000e+06 0.000000000000000000e+00
1.337000000000000000e+06 0.000000000000000000e+00
1.407000000000000000e+06 0.000000000000000000e+00
1.480000000000000000e+06 0.000000000000000000e+00
1.557000000000000000e+06 0.000000000000000000e+00
1.638000000000000000e+06 0.000000000000000000e+00
1.724000000000000000e+06 0.000000000000000000e+00
1.814000000000000000e+06 0.000000000000000000e+00
1.908000000000000000e+06 0.000000000000000000e+00
2.007000000000000000e+06 0.000000000000000000e+00
2.112000000000000000e+06 0.000000000000000000e+00
2.222000000000000000e+06 0.000000000000000000e+00
2.337000000000000000e+06 0.000000000000000000e+00
2.459000000000000000e+06 0.000000000000000000e+00
2.587000000000000000e+06 0.000000000000000000e+00
2.722000000000000000e+06 0.000000000000000000e+00
2.864000000000000000e+06 0.000000000000000000e+00
3.013000000000000000e+06 0.000000000000000000e+00
3.170000000000000000e+06 0.000000000000000000e+00
3.335000000000000000e+06 0.000000000000000000e+00
3.508000000000000000e+06 0.000000000000000000e+00
3.691000000000000000e+06 0.000000000000000000e+00
3.883000000000000000e+06 0.000000000000000000e+00
4.085000000000000000e+06 0.000000000000000000e+00
4.298000000000000000e+06 0.000000000000000000e+00
4.522000000000000000e+06 0.000000000000000000e+00
4.757000000000000000e+06 0.000000000000000000e+00
5.005000000000000000e+06 0.000000000000000000e+00
5.266000000000000000e+06 0.000000000000000000e+00
5.540000000000000000e+06 0.000000000000000000e+00
5.828000000000000000e+06 0.000000000000000000e+00
6.132000000000000000e+06 0.000000000000000000e+00
6.451000000000000000e+06 0.000000000000000000e+00
6.787000000000000000e+06 0.000000000000000000e+00
7.140000000000000000e+06 0.000000000000000000e+00
7.512000000000000000e+06 0.000000000000000000e+00
7.903000000000000000e+06 0.000000000000000000e+00
8.315000000000000000e+06 0.000000000000000000e+00
8.748000000000000000e+06 0.000000000000000000e+00
9.203000000000000000e+06 0.000000000000000000e+00
9.682000000000000000e+06 0.000000000000000000e+00
1.019000000000000000e+07 0.000000000000000000e+00
1.072000000000000000e+07 0.000000000000000000e+00
1.127000000000000000e+07 0.000000000000000000e+00
1.186000000000000000e+07 0.000000000000000000e+00
1.248000000000000000e+07 0.000000000000000000e+00
1.313000000000000000e+07 0.000000000000000000e+00
1.381000000000000000e+07 0.000000000000000000e+00
1.453000000000000000e+07 0.000000000000000000e+00
1.529000000000000000e+07 0.000000000000000000e+00
1.608000000000000000e+07 0.000000000000000000e+00
1.692000000000000000e+07 0.000000000000000000e+00
1.780000000000000000e+07 0.000000000000000000e+00
1.873000000000000000e+07 0.000000000000000000e+00
1.971000000000000000e+07 0.000000000000000000e+00
2.073000000000000000e+07 0.000000000000000000e+00
2.181000000000000000e+07 0.000000000000000000e+00
2.295000000000000000e+07 0.000000000000000000e+00
2.414000000000000000e+07 0.000000000000000000e+00
2.540000000000000000e+07 0.000000000000000000e+00
2.672000000000000000e+07 0.000000000000000000e+00
2.811000000000000000e+07 0.000000000000000000e+00
2.958000000000000000e+07 0.000000000000000000e+00
3.112000000000000000e+07 0.000000000000000000e+00
3.274000000000000000e+07 0.000000000000000000e+00
3.444000000000000000e+07 0.000000000000000000e+00
3.623000000000000000e+07 0.000000000000000000e+00
3.812000000000000000e+07 0.000000000000000000e+00
4.011000000000000000e+07 0.000000000000000000e+00
4.219000000000000000e+07 0.000000000000000000e+00
4.439000000000000000e+07 0.000000000000000000e+00
4.670000000000000000e+07 0.000000000000000000e+00
4.913000000000000000e+07 0.000000000000000000e+00
5.169000000000000000e+07 0.000000000000000000e+00
5.438000000000000000e+07 0.000000000000000000e+00
5.722000000000000000e+07 0.000000000000000000e+00
6.019000000000000000e+07 0.000000000000000000e+00
6.333000000000000000e+07 0.000000000000000000e+00
6.663000000000000000e+07 0.000000000000000000e+00
7.010000000000000000e+07 0.000000000000000000e+00
7.375000000000000000e+07 0.000000000000000000e+00
7.759000000000000000e+07 0.000000000000000000e+00
8.163000000000000000e+07 0.000000000000000000e+00
8.588000000000000000e+07 0.000000000000000000e+00
9.035000000000000000e+07 0.000000000000000000e+00
9.505000000000000000e+07 0.000000000000000000e+00
1.000000000000000000e+08 0.000000000000000000e+00
