1.000000000000000021e-03 5.558094597175344234e+02
1.051999999999999984e-03 6.068067986239044558e+02
1.106999999999999911e-03 6.177799322636388979e+02
1.163999999999999887e-03 6.732344972565402941e+02
1.224999999999999960e-03 6.854309115628842619e+02
1.288999999999999998e-03 7.369524103380166480e+02
1.356000000000000000e-03 7.579988641883230684e+02
1.427000000000000100e-03 8.104335940805674454e+02
1.500999999999999947e-03 8.253972357298154066e+02
1.579000000000000108e-03 8.790484283678637212e+02
1.661000000000000150e-03 8.914288277218425947e+02
1.747999999999999988e-03 9.626760162327166199e+02
1.839000000000000140e-03 9.557677023742422762e+02
1.935000000000000088e-03 1.026635540209773353e+03
2.034999999999999917e-03 1.020748379908943321e+03
2.141000000000000108e-03 1.075025008024410454e+03
2.252999999999999794e-03 1.091687632541427320e+03
2.370000000000000145e-03 1.121904524885357887e+03
2.492999999999999990e-03 1.143758224159581459e+03
2.623000000000000331e-03 1.159987777436628676e+03
2.759999999999999867e-03 1.182092780646589972e+03
2.903999999999999897e-03 1.196116295537131236e+03
3.054999999999999990e-03 1.202693638321850585e+03
3.213999999999999843e-03 1.216539904226616272e+03
3.380999999999999891e-03 1.212714019955023105e+03
3.556999999999999832e-03 1.213510970367178288e+03
3.742000000000000100e-03 1.202412466061072109e+03
3.936999999999999528e-03 1.190429409127510326e+03
4.142000000000000716e-03 1.184968109487885613e+03
4.357999999999999895e-03 1.157309440031034455e+03
4.585000000000000533e-03 1.143541147675690127e+03
4.824000000000000163e-03 1.104910336981415639e+03
5.074999999999999650e-03 1.091544044007197272e+03
5.338999999999999996e-03 1.041584945828474247e+03
5.616999999999999597e-03 1.024325590660173475e+03
5.908999999999999322e-03 9.631369502736972663e+02
6.217000000000000304e-03 9.471292243737785839e+02
6.540999999999999939e-03 8.850263106171174741e+02
6.880999999999999964e-03 8.596867415771283731e+02
7.239999999999999908e-03 8.073101452275604970e+02
7.617000000000000506e-03 7.683191071057286763e+02
8.012999999999999290e-03 7.223228730912760511e+02
8.429999999999999993e-03 6.782136303978813885e+02
8.868999999999998413e-03 6.382952025855062175e+02
9.330999999999999017e-03 5.945835451794007440e+02
9.816999999999999338e-03 5.607973223018108229e+02
1.032999999999999891e-02 5.197790796020465223e+02
1.086999999999999945e-02 4.883050020136304283e+02
1.143000000000000092e-02 4.519792946239464868e+02
1.203000000000000076e-02 4.258999202670510158e+02
1.264999999999999979e-02 3.940968004373390841e+02
1.330999999999999892e-02 3.719691214582938983e+02
1.400999999999999988e-02 3.476741972489114687e+02
1.473000000000000004e-02 3.289875182824949889e+02
1.549999999999999989e-02 3.109304339147075211e+02
1.631000000000000158e-02 2.961525846502667036e+02
1.715999999999999817e-02 2.867908865413132844e+02
1.805000000000000007e-02 2.722792243209029834e+02
1.898999999999999994e-02 2.697576051957320828e+02
1.997999999999999776e-02 2.616022906646628599e+02
2.101999999999999702e-02 2.601341002599245940e+02
2.212000000000000077e-02 2.585106013081506262e+02
2.326999999999999902e-02 2.597385518221188931e+02
2.447999999999999829e-02 2.639783218278642494e+02
2.574999999999999858e-02 2.670420944413083930e+02
2.708999999999999950e-02 2.753667731700502941e+02
2.850000000000000103e-02 2.805534781613403084e+02
2.998999999999999930e-02 2.915682132835175935e+02
3.155000000000000165e-02 3.005986181062842206e+02
3.318999999999999728e-02 3.112936012155403205e+02
3.491999999999999965e-02 3.236356242577421085e+02
3.673999999999999488e-02 3.379166203539810454e+02
3.864999999999999686e-02 3.503171006803584646e+02
4.066000000000000170e-02 3.661844516944761381e+02
4.277999999999999858e-02 3.795979042511885950e+02
4.500999999999999446e-02 3.980386977064319467e+02
4.734999999999999626e-02 4.134753590614736822e+02
4.982000000000000317e-02 4.310249933157932674e+02
5.240999999999999825e-02 4.480690709518702874e+02
5.513999999999999457e-02 4.649802601264643158e+02
5.800999999999999907e-02 4.824295342140504772e+02
6.102999999999999398e-02 5.004069805584913411e+02
6.421000000000000318e-02 5.175789213473610744e+02
6.755999999999999506e-02 5.371023217462793582e+02
7.106999999999999429e-02 5.526188296966930693e+02
7.477000000000000313e-02 5.733261721078032451e+02
7.867000000000000381e-02 5.870028951140910749e+02
8.276000000000000023e-02 6.063275690592894307e+02
8.707000000000000850e-02 6.203192518644096936e+02
9.160999999999999699e-02 6.402628488901749506e+02
9.637999999999999345e-02 6.511233784897627856e+02
1.014000000000000040e-01 6.712230122916478194e+02
1.067000000000000032e-01 6.825704171858219524e+02
1.122000000000000081e-01 7.005468570648304194e+02
1.180999999999999966e-01 7.095654550961371569e+02
1.242000000000000048e-01 7.260832269605219835e+02
1.307000000000000106e-01 7.356856473908562748e+02
1.375000000000000111e-01 7.461701297013787553e+02
1.446999999999999953e-01 7.576416121893958007e+02
1.522000000000000020e-01 7.664062184573783725e+02
1.600999999999999923e-01 7.756529190812775596e+02
1.683999999999999941e-01 7.824552821627871708e+02
1.771999999999999964e-01 7.889395429507397921e+02
1.864000000000000101e-01 7.939148542904365513e+02
1.960999999999999965e-01 7.987729678834673450e+02
2.064000000000000001e-01 8.005781455705333656e+02
2.170999999999999874e-01 8.054243296123787559e+02
2.283999999999999919e-01 8.032114331628630453e+02
2.403000000000000136e-01 8.063170364742875336e+02
2.528000000000000247e-01 8.022172946055393368e+02
2.660000000000000142e-01 8.036964085662864363e+02
2.798000000000000487e-01 7.976368353349489553e+02
2.943999999999999950e-01 7.947081965552528118e+02
3.096999999999999753e-01 7.888918746218024580e+02
3.259000000000000230e-01 7.824767728074964452e+02
3.427999999999999936e-01 7.758186902084771646e+02
3.606999999999999651e-01 7.672346281503786258e+02
3.795000000000000040e-01 7.587458260181463174e+02
3.991999999999999993e-01 7.480530678768965345e+02
4.200000000000000400e-01 7.375719338908459122e+02
4.419000000000000150e-01 7.246366294954788145e+02
4.649000000000000354e-01 7.137381586734197754e+02
4.891000000000000347e-01 6.979418131225302204e+02
5.144999999999999574e-01 6.866247192791882981e+02
5.413000000000000034e-01 6.690201246752765201e+02
5.695000000000000062e-01 6.559554196201409013e+02
5.992000000000000659e-01 6.376696691904509180e+02
6.304000000000000714e-01 6.229444773575924046e+02
6.632000000000000117e-01 6.045039773266320253e+02
6.976999999999999869e-01 5.880517177348914402e+02
7.340999999999999748e-01 5.696103824015056034e+02
7.722999999999999865e-01 5.519914348908183683e+02
8.125000000000000000e-01 5.334962703656319718e+02
8.548000000000000043e-01 5.146391061865077745e+02
8.992999999999999883e-01 4.967721580867288367e+02
9.460999999999999410e-01 4.770656481403215139e+02
9.954000000000000625e-01 4.593822181690684374e+02
1.046999999999999931e+00 4.394909492804209208e+02
1.101999999999999869e+00 4.216789757098665063e+02
1.159000000000000030e+00 4.028158066081724655e+02
1.219000000000000083e+00 3.844717273541691043e+02
1.283000000000000140e+00 3.664364162439883330e+02
1.350000000000000089e+00 3.481103783965000957e+02
1.419999999999999929e+00 3.309993891263780483e+02
1.493999999999999995e+00 3.132036676865475329e+02
1.572000000000000064e+00 2.969270843508161306e+02
1.654000000000000137e+00 2.797735926089312102e+02
1.739999999999999991e+00 2.642120495290861868e+02
1.830000000000000071e+00 2.484667111677607352e+02
1.925999999999999934e+00 2.332773574154581127e+02
2.025999999999999801e+00 2.186789262581664559e+02
2.131000000000000227e+00 2.044664631790008400e+02
2.241999999999999993e+00 1.912624610556267726e+02
2.358999999999999986e+00 1.777561232000660993e+02
2.481999999999999762e+00 1.658086226499023041e+02
2.611000000000000210e+00 1.534005510413388720e+02
2.746999999999999886e+00 1.426113748059808586e+02
2.890000000000000124e+00 1.314431436725838580e+02
3.040999999999999925e+00 1.216336127604740796e+02
3.198999999999999844e+00 1.117991490455600427e+02
3.366000000000000103e+00 1.030480708651176514e+02
3.540999999999999925e+00 9.432432465256798082e+01
3.725000000000000089e+00 8.672782479628604335e+01
3.918999999999999595e+00 7.917670951934256607e+01
4.123000000000000220e+00 7.238866140636851298e+01
4.338000000000000078e+00 6.603191586890207532e+01
4.564000000000000057e+00 6.013669642312677865e+01
4.801000000000000156e+00 5.485745348171191438e+01
5.051000000000000156e+00 4.983963674898413387e+01
5.314000000000000057e+00 4.544656965384245950e+01
5.590999999999999304e+00 4.134960720809550594e+01
5.881999999999999673e+00 3.771916701351650403e+01
6.187999999999999723e+00 3.437325965979102449e+01
6.511000000000000121e+00 3.150193440531726807e+01
6.850000000000000533e+00 2.891067315189311770e+01
7.205999999999999517e+00 2.668949349255820636e+01
7.581999999999999851e+00 2.477681032898356150e+01
7.976000000000000867e+00 2.313821199816193541e+01
8.391999999999999460e+00 2.181111759360040381e+01
8.829000000000000625e+00 2.073656154791933659e+01
9.288000000000000256e+00 1.994404317424614703e+01
9.772000000000000242e+00 1.937570367976094587e+01
1.027999999999999936e+01 1.907940763329861156e+01
1.082000000000000028e+01 1.900905325124146827e+01
1.137999999999999901e+01 1.913958642884016825e+01
1.196999999999999886e+01 1.949944572084515215e+01
1.259999999999999964e+01 2.007907170032016353e+01
1.325000000000000000e+01 2.086179949917220000e+01
1.393999999999999950e+01 2.186467260914982802e+01
1.466999999999999993e+01 2.306133230994786487e+01
1.542999999999999972e+01 2.447729047357194077e+01
1.623000000000000043e+01 2.606430908237856059e+01
1.708000000000000185e+01 2.791814854989272021e+01
1.796999999999999886e+01 2.994934612202774815e+01
1.889999999999999858e+01 3.218713027840395569e+01
1.989000000000000057e+01 3.468210493049380716e+01
2.092000000000000171e+01 3.736225991266472590e+01
2.200999999999999801e+01 4.030791476428407094e+01
2.316000000000000014e+01 4.347924273651591420e+01
2.437000000000000099e+01 4.691742144370646628e+01
2.562999999999999901e+01 5.053029741430863453e+01
2.697000000000000242e+01 5.443506900625901324e+01
2.837000000000000099e+01 5.853663787493305648e+01
2.985000000000000142e+01 6.279296902309210537e+01
3.139999999999999858e+01 6.725876163645047257e+01
3.303999999999999915e+01 7.162169642492040111e+01
3.475999999999999801e+01 7.612677619889073810e+01
3.657000000000000028e+01 8.004056511798282258e+01
3.846999999999999886e+01 8.378991807004105397e+01
4.048000000000000398e+01 8.640605707647461031e+01
4.259000000000000341e+01 8.810528873218572699e+01
4.479999999999999716e+01 8.823506370934292420e+01
4.714000000000000057e+01 8.619103519290482041e+01
4.959000000000000341e+01 8.284917141764509552e+01
5.217000000000000171e+01 7.655103816131357064e+01
5.489000000000000057e+01 6.955296774533283610e+01
5.775000000000000000e+01 6.047240011693352812e+01
6.075000000000000000e+01 5.099855770924951059e+01
6.392000000000000171e+01 4.211753634868482266e+01
6.723999999999999488e+01 3.281659751041445361e+01
7.075000000000000000e+01 2.602421109708192404e+01
7.442999999999999261e+01 1.920077312657846136e+01
7.829999999999999716e+01 1.461992111923703774e+01
8.237999999999999545e+01 1.053264576060246860e+01
8.667000000000000171e+01 7.778483075754172305e+00
9.117999999999999261e+01 5.731722807487866334e+00
9.593000000000000682e+01 4.185942808794363756e+00
1.009000000000000057e+02 3.144269021686322052e+00
1.062000000000000028e+02 2.229944997806127205e+00
1.116999999999999886e+02 1.593527506377971026e+00
1.175000000000000000e+02 1.014120919513251895e+00
1.236000000000000085e+02 6.813260319061205106e-01
1.300999999999999943e+02 3.579387438988170800e-01
1.369000000000000057e+02 2.375096451729863944e-01
1.440000000000000000e+02 1.117683464783700287e-01
1.515000000000000000e+02 7.613013060217263539e-02
1.593999999999999773e+02 3.884643590573995386e-02
1.676999999999999886e+02 2.347501582779020629e-02
1.764000000000000057e+02 1.106171153859958692e-02
1.855999999999999943e+02 5.553858915629926105e-03
1.952000000000000171e+02 2.619572994607581324e-03
2.054000000000000057e+02 1.072227006288966993e-03
2.160999999999999943e+02 5.257048580848863424e-04
2.273999999999999773e+02 1.824118150743172834e-04
2.391999999999999886e+02 9.004986868260764915e-05
2.516999999999999886e+02 2.257369978766929466e-05
2.647999999999999545e+02 1.155307701881892229e-05
2.785000000000000000e+02 2.247705154891754115e-06
2.930000000000000000e+02 1.194680892193925342e-06
3.083000000000000114e+02 1.652403070765042983e-07
3.244000000000000341e+02 9.065150869722472692e-08
3.411999999999999886e+02 1.281953684380266896e-08
3.590000000000000000e+02 4.843287228640839681e-09
3.776999999999999886e+02 1.034832173271147545e-09
3.973999999999999773e+02 1.957977027575045949e-10
4.181000000000000227e+02 5.318603645092944465e-11
4.398000000000000114e+02 4.736993079563570536e-12
4.626999999999999886e+02 1.572608696113426216e-12
4.868000000000000114e+02 7.442708752970471702e-14
5.122000000000000455e+02 2.848683195270794286e-14
5.387999999999999545e+02 7.424343696252672252e-16
5.668999999999999773e+02 3.182469519633006040e-16
5.964000000000000909e+02 3.686080606373294971e-18
6.275000000000000000e+02 1.731682996865965611e-18
6.601000000000000227e+02 1.247870613907541985e-20
6.945000000000000000e+02 6.316255562446637119e-21
7.307000000000000455e+02 1.857898787797875912e-23
7.687000000000000455e+02 1.000721586463166445e-23
8.087999999999999545e+02 9.617502173931112039e-25
8.508999999999999773e+02 6.992963455655815604e-27
8.952000000000000455e+02 1.363148699072301994e-27
9.417999999999999545e+02 2.853903334976367747e-30
9.908000000000000682e+02 7.851127944282666179e-31
1.042000000000000000e+03 3.655402828828220233e-34
1.097000000000000000e+03 1.224463204850953360e-34
1.154000000000000000e+03 1.690678421207688208e-38
1.214000000000000000e+03 6.679811813970347590e-39
1.277000000000000000e+03 2.835027612417806680e-43
1.344000000000000000e+03 1.243594260329895867e-43
1.414000000000000000e+03 1.288077037770256915e-48
1.487000000000000000e+03 6.253311269185224072e-49
1.565000000000000000e+03 1.349328568337291325e-54
1.646000000000000000e+03 7.011782437565405235e-55
1.732000000000000000e+03 1.301772339077525507e-56
1.822000000000000000e+03 1.508518241742744015e-61
1.917000000000000000e+03 2.019210561474942228e-62
2.017000000000000000e+03 5.701773247611873543e-69
2.122000000000000000e+03 1.278924771090810260e-69
2.232000000000000000e+03 3.577252041641871984e-77
2.348000000000000000e+03 1.081306547490482835e-77
2.470000000000000000e+03 1.865590928443734450e-86
2.599000000000000000e+03 6.755976678442618217e-87
2.734000000000000000e+03 1.024940386800077860e-96
2.877000000000000000e+03 4.230790836520151001e-97
3.027000000000000000e+03 3.638096930891263049e-108
3.184000000000000000e+03 1.673128538480144266e-108
3.350000000000000000e+03 5.715277522067596880e-121
3.524000000000000000e+03 2.846962062251927633e-121
3.708000000000000000e+03 3.648707432249330854e-135
3.901000000000000000e+03 1.935442450040205661e-135
4.104000000000000000e+03 1.333876198266805503e-136
4.318000000000000000e+03 2.446656783742961495e-151
4.543000000000000000e+03 4.197540816221603653e-152
4.779000000000000000e+03 5.241171572793595112e-169
5.028000000000000000e+03 1.344613420407582313e-169
5.290000000000000000e+03 1.189599858766588782e-188
5.565000000000000000e+03 3.880871254299769672e-189
5.855000000000000000e+03 1.173158310048996355e-210
6.160000000000000000e+03 4.490265824276565498e-211
6.481000000000000000e+03 4.180688843476435417e-235
6.818000000000000000e+03 1.806699808874002721e-235
7.173000000000000000e+03 2.183890838346077097e-262
7.547000000000000000e+03 1.032976754049710026e-262
7.940000000000000000e+03 8.472910889285372414e-293
8.353000000000000000e+03 4.322956564002986166e-293
8.788000000000000000e+03 0.000000000000000000e+00
9.246000000000000000e+03 0.000000000000000000e+00
9.727000000000000000e+03 0.000000000000000000e+00
1.023000000000000000e+04 0.000000000000000000e+00
1.077000000000000000e+04 0.000000000000000000e+00
1.133000000000000000e+04 0.000000000000000000e+00
1.192000000000000000e+04 0.000000000000000000e+00
1.254000000000000000e+04 0.000000000000000000e+00
1.319000000000000000e+04 0.000000000000000000e+00
1.388000000000000000e+04 0.000000000000000000e+00
1.460000000000000000e+04 0.000000000000000000e+00
1.536000000000000000e+04 0.000000000000000000e+00
1.616000000000000000e+04 0.000000000000000000e+00
1.700000000000000000e+04 0.000000000000000000e+00
1.789000000000000000e+04 0.000000000000000000e+00
1.882000000000000000e+04 0.000000000000000000e+00
1.980000000000000000e+04 0.000000000000000000e+00
2.083000000000000000e+04 0.000000000000000000e+00
2.191000000000000000e+04 0.000000000000000000e+00
2.305000000000000000e+04 0.000000000000000000e+00
2.425000000000000000e+04 0.000000000000000000e+00
2.552000000000000000e+04 0.000000000000000000e+00
2.684000000000000000e+04 0.000000000000000000e+00
2.824000000000000000e+04 0.000000000000000000e+00
2.971000000000000000e+04 0.000000000000000000e+00
3.126000000000000000e+04 0.000000000000000000e+00
3.289000000000000000e+04 0.000000000000000000e+00
3.460000000000000000e+04 0.000000000000000000e+00
3.640000000000000000e+04 0.000000000000000000e+00
3.830000000000000000e+04 0.000000000000000000e+00
4.029000000000000000e+04 0.000000000000000000e+00
4.239000000000000000e+04 0.000000000000000000e+00
4.460000000000000000e+04 0.000000000000000000e+00
4.692000000000000000e+04 0.000000000000000000e+00
4.936000000000000000e+04 0.000000000000000000e+00
5.193000000000000000e+04 0.000000000000000000e+00
5.464000000000000000e+04 0.000000000000000000e+00
5.748000000000000000e+04 0.000000000000000000e+00
6.047000000000000000e+04 0.000000000000000000e+00
6.362000000000000000e+04 0.000000000000000000e+00
6.693000000000000000e+04 0.000000000000000000e+00
7.042000000000000000e+04 0.000000000000000000e+00
7.409000000000000000e+04 0.000000000000000000e+00
7.794000000000000000e+04 0.000000000000000000e+00
8.200000000000000000e+04 0.000000000000000000e+00
8.627000000000000000e+04 0.000000000000000000e+00
9.076000000000000000e+04 0.000000000000000000e+00
9.549000000000000000e+04 0.000000000000000000e+00
1.005000000000000000e+05 0.000000000000000000e+00
1.057000000000000000e+05 0.000000000000000000e+00
1.112000000000000000e+05 0.000000000000000000e+00
1.170000000000000000e+05 0.000000000000000000e+00
1.231000000000000000e+05 0.000000000000000000e+00
1.295000000000000000e+05 0.000000000000000000e+00
1.362000000000000000e+05 0.000000000000000000e+00
1.433000000000000000e+05 0.000000000000000000e+00
1.508000000000000000e+05 0.000000000000000000e+00
1.586000000000000000e+05 0.000000000000000000e+00
1.669000000000000000e+05 0.000000000000000000e+00
1.756000000000000000e+05 0.000000000000000000e+00
1.847000000000000000e+05 0.000000000000000000e+00
1.943000000000000000e+05 0.000000000000000000e+00
2.045000000000000000e+05 0.000000000000000000e+00
2.151000000000000000e+05 0.000000000000000000e+00
2.263000000000000000e+05 0.000000000000000000e+00
2.381000000000000000e+05 0.000000000000000000e+00
2.505000000000000000e+05 0.000000000000000000e+00
2.635000000000000000e+05 0.000000000000000000e+00
2.773000000000000000e+05 0.000000000000000000e+00
2.917000000000000000e+05 0.000000000000000000e+00
3.069000000000000000e+05 0.000000000000000000e+00
3.229000000000000000e+05 0.000000000000000000e+00
3.397000000000000000e+05 0.000000000000000000e+00
3.574000000000000000e+05 0.000000000000000000e+00
3.760000000000000000e+05 0.000000000000000000e+00
3.955000000000000000e+05 0.000000000000000000e+00
4.161000000000000000e+05 0.000000000000000000e+00
4.378000000000000000e+05 0.000000000000000000e+00
4.606000000000000000e+05 0.000000000000000000e+00
4.846000000000000000e+05 0.000000000000000000e+00
5.098000000000000000e+05 0.000000000000000000e+00
5.364000000000000000e+05 0.000000000000000000e+00
5.643000000000000000e+05 0.000000000000000000e+00
5.937000000000000000e+05 0.000000000000000000e+00
6.246000000000000000e+05 0.000000000000000000e+00
6.571000000000000000e+05 0.000000000000000000e+00
6.913000000000000000e+05 0.000000000000000000e+00
7.273000000000000000e+05 0.000000000000000000e+00
7.652000000000000000e+05 0.000000000000000000e+00
8.050000000000000000e+05 0.000000000000000000e+00
8.469000000000000000e+05 0.000000000000000000e+00
8.910000000000000000e+05 0.000000000000000000e+00
9.374000000000000000e+05 0.000000000000000000e+00
9.863000000000000000e+05 0.000000000000000000e+00
1.038000000000000000e+06 0.000000000000000000e+00
1.092000000000000000e+06 0.000000000000000000e+00
1.148000000000000000e+06 0.000000000000000000e+00
1.208000000000000000e+06 0.000000000000000000e+00
1.271000000000000000e+06 0.000000000000000000e+00
1.337000000000000000e+06 0.000000000000000000e+00
1.407000000000000000e+06 0.000000000000000000e+00
1.480000000000000000e+06 0.000000000000000000e+00
1.557000000000000000e+06 0.000000000000000000e+00
1.638000000000000000e+06 0.000000000000000000e+00
1.724000000000000000e+06 0.000000000000000000e+00
1.814000000000000000e+06 0.000000000000000000e+00
1.908000000000000000e+06 0.000000000000000000e+00
2.007000000000000000e+06 0.000000000000000000e+00
2.112000000000000000e+06 0.000000000000000000e+00
2.222000000000000000e+06 0.000000000000000000e+00
2.337000000000000000e+06 0.000000000000000000e+00
2.459000000000000000e+06 0.000000000000000000e+00
2.587000000000000000e+06 0.000000000000000000e+00
2.722000000000000000e+06 0.000000000000000000e+00
2.864000000000000000e+06 0.000000000000000000e+00
3.013000000000000000e+06 0.000000000000000000e+00
3.170000000000000000e+06 0.000000000000000000e+00
3.335000000000000000e+06 0.000000000000000000e+00
3.508000000000000000e+06 0.000000000000000000e+00
3.691000000000000000e+06 0.000000000000000000e+00
3.883000000000000000e+06 0.000000000000000000e+00
4.085000000000000000e+06 0.000000000000000000e+00
4.298000000000000000e+06 0.000000000000000000e+00
4.522000000000000000e+06 0.000000000000000000e+00
4.757000000000000000e+06 0.000000000000000000e+00
5.005000000000000000e+06 0.000000000000000000e+00
5.266000000000000000e+06 0.000000000000000000e+00
5.540000000000000000e+06 0.000000000000000000e+00
5.828000000000000000e+06 0.000000000000000000e+00
6.132000000000000000e+06 0.000000000000000000e+00
6.451000000000000000e+06 0.000000000000000000e+00
6.787000000000000000e+06 0.000000000000000000e+00
7.140000000000000000e+06 0.000000000000000000e+00
7.512000000000000000e+06 0.000000000000000000e+00
7.903000000000000000e+06 0.000000000000000000e+00
8.315000000000000000e+06 0.000000000000000000e+00
8.748000000000000000e+06 0.000000000000000000e+00
9.203000000000000000e+06 0.000000000000000000e+00
9.682000000000000000e+06 0.000000000000000000e+00
1.019000000000000000e+07 0.000000000000000000e+00
1.072000000000000000e+07 0.000000000000000000e+00
1.127000000000000000e+07 0.000000000000000000e+00
1.186000000000000000e+07 0.000000000000000000e+00
1.248000000000000000e+07 0.000000000000000000e+00
1.313000000000000000e+07 0.000000000000000000e+00
1.381000000000000000e+07 0.000000000000000000e+00
1.453000000000000000e+07 0.000000000000000000e+00
1.529000000000000000e+07 0.000000000000000000e+00
1.608000000000000000e+07 0.000000000000000000e+00
1.692000000000000000e+07 0.000000000000000000e+00
1.780000000000000000e+07 0.000000000000000000e+00
1.873000000000000000e+07 0.000000000000000000e+00
1.971000000000000000e+07 0.000000000000000000e+00
2.073000000000000000e+07 0.000000000000000000e+00
2.181000000000000000e+07 0.000000000000000000e+00
2.295000000000000000e+07 0.000000000000000000e+00
2.414000000000000000e+07 0.000000000000000000e+00
2.540000000000000000e+07 0.000000000000000000e+00
2.672000000000000000e+07 0.000000000000000000e+00
2.811000000000000000e+07 0.000000000000000000e+00
2.958000000000000000e+07 0.000000000000000000e+00
3.112000000000000000e+07 0.000000000000000000e+00
3.274000000000000000e+07 0.000000000000000000e+00
3.444000000000000000e+07 0.000000000000000000e+00
3.623000000000000000e+07 0.000000000000000000e+00
3.812000000000000000e+07 0.000000000000000000e+00
4.011000000000000000e+07 0.000000000000000000e+00
4.219000000000000000e+07 0.000000000000000000e+00
4.439000000000000000e+07 0.000000000000000000e+00
4.670000000000000000e+07 0.000000000000000000e+00
4.913000000000000000e+07 0.000000000000000000e+00
5.169000000000000000e+07 0.000000000000000000e+00
5.438000000000000000e+07 0.000000000000000000e+00
5.722000000000000000e+07 0.000000000000000000e+00
6.019000000000000000e+07 0.000000000000000000e+00
6.333000000000000000e+07 0.000000000000000000e+00
6.663000000000000000e+07 0.000000000000000000e+00
7.010000000000000000e+07 0.000000000000000000e+00
7.375000000000000000e+07 0.000000000000000000e+00
7.759000000000000000e+07 0.000000000000000000e+00
8.163000000000000000e+07 0.000000000000000000e+00
8.588000000000000000e+07 0.000000000000000000e+00
9.035000000000000000e+07 0.000000000000000000e+00
9.505000000000000000e+07 0.000000000000000000e+00
1.000000000000000000e+08 0.000000000000000000e+00
