1.000000000000000021e-03 6.431013345021680834e+03
1.051999999999999984e-03 6.510837062906674873e+03
1.106999999999999911e-03 6.642257983596997292e+03
1.163999999999999887e-03 6.695403798249471947e+03
1.224999999999999960e-03 6.840141114211287459e+03
1.288999999999999998e-03 6.844277565762224185e+03
1.356000000000000000e-03 7.013885230587069600e+03
1.427000000000000100e-03 6.996345865352448527e+03
1.500999999999999947e-03 7.149517243699650862e+03
1.579000000000000108e-03 7.137191326955829936e+03
1.661000000000000150e-03 7.280878888792227372e+03
1.747999999999999988e-03 7.238985175437974249e+03
1.839000000000000140e-03 7.359262158595715846e+03
1.935000000000000088e-03 7.303515140946114116e+03
2.034999999999999917e-03 7.436358523340484680e+03
2.141000000000000108e-03 7.341571368643020833e+03
2.252999999999999794e-03 7.432402234494449658e+03
2.370000000000000145e-03 7.339238817341629328e+03
2.492999999999999990e-03 7.376737866189450870e+03
2.623000000000000331e-03 7.308089334607713681e+03
2.759999999999999867e-03 7.285240139168645328e+03
2.903999999999999897e-03 7.192615321584527919e+03
3.054999999999999990e-03 7.143281309962785599e+03
3.213999999999999843e-03 7.030120495555625894e+03
3.380999999999999891e-03 6.955213655588468100e+03
3.556999999999999832e-03 6.808610183463126305e+03
3.742000000000000100e-03 6.704050610896272701e+03
3.936999999999999528e-03 6.535697896291518191e+03
4.142000000000000716e-03 6.383194611243240615e+03
4.357999999999999895e-03 6.207014078860362133e+03
4.585000000000000533e-03 6.012721973011141927e+03
4.824000000000000163e-03 5.850890405715671477e+03
5.074999999999999650e-03 5.616204534130026332e+03
5.338999999999999996e-03 5.446589708953308218e+03
5.616999999999999597e-03 5.186105764402055684e+03
5.908999999999999322e-03 5.026796108156166156e+03
6.217000000000000304e-03 4.751022264911049206e+03
6.540999999999999939e-03 4.584350888058135752e+03
6.880999999999999964e-03 4.307965077487298913e+03
7.239999999999999908e-03 4.145752541593476963e+03
7.617000000000000506e-03 3.883904289519587564e+03
8.012999999999999290e-03 3.713963423502181740e+03
8.429999999999999993e-03 3.487974428121630808e+03
8.868999999999998413e-03 3.304497146026200426e+03
9.330999999999999017e-03 3.112021479976537648e+03
9.816999999999999338e-03 2.931193350647261468e+03
1.032999999999999891e-02 2.766293920092540247e+03
1.086999999999999945e-02 2.602475373002880588e+03
1.143000000000000092e-02 2.465343864601172299e+03
1.203000000000000076e-02 2.323631539201861415e+03
1.264999999999999979e-02 2.204648783610292412e+03
1.330999999999999892e-02 2.084307125080524202e+03
1.400999999999999988e-02 1.988086031592268000e+03
1.473000000000000004e-02 1.888628599008682158e+03
1.549999999999999989e-02 1.808904788798600066e+03
1.631000000000000158e-02 1.734136402116364252e+03
1.715999999999999817e-02 1.669036328142541606e+03
1.805000000000000007e-02 1.615186318906059569e+03
1.898999999999999994e-02 1.564244151016987871e+03
1.997999999999999776e-02 1.531383296632235670e+03
2.101999999999999702e-02 1.489032032018436212e+03
2.212000000000000077e-02 1.473420901849631491e+03
2.326999999999999902e-02 1.442370266777277948e+03
2.447999999999999829e-02 1.435137388663933507e+03
2.574999999999999858e-02 1.417528012073138143e+03
2.708999999999999950e-02 1.416285739041374882e+03
2.850000000000000103e-02 1.408532479134165442e+03
2.998999999999999930e-02 1.411813999259979937e+03
3.155000000000000165e-02 1.410584174424438743e+03
3.318999999999999728e-02 1.418473390855289381e+03
3.491999999999999965e-02 1.423064576259788737e+03
3.673999999999999488e-02 1.432607150505139543e+03
3.864999999999999686e-02 1.442443567147628983e+03
4.066000000000000170e-02 1.451142208574021652e+03
4.277999999999999858e-02 1.466593281461779952e+03
4.500999999999999446e-02 1.474760077486359478e+03
4.734999999999999626e-02 1.492004303329215645e+03
4.982000000000000317e-02 1.501176451170621476e+03
5.240999999999999825e-02 1.519340343613799178e+03
5.513999999999999457e-02 1.528767367485637351e+03
5.800999999999999907e-02 1.544341383492746900e+03
6.102999999999999398e-02 1.555109796455662035e+03
6.421000000000000318e-02 1.568261887483928604e+03
6.755999999999999506e-02 1.576432371120301013e+03
7.106999999999999429e-02 1.590012050198861289e+03
7.477000000000000313e-02 1.596874950176653329e+03
7.867000000000000381e-02 1.607447706926219553e+03
8.276000000000000023e-02 1.612687100780809487e+03
8.707000000000000850e-02 1.619696466100816451e+03
9.160999999999999699e-02 1.623250141420836599e+03
9.637999999999999345e-02 1.627222417461280202e+03
1.014000000000000040e-01 1.628382218187169201e+03
1.067000000000000032e-01 1.630668013203849114e+03
1.122000000000000081e-01 1.628143783189855185e+03
1.180999999999999966e-01 1.628669579581193830e+03
1.242000000000000048e-01 1.623111045772698617e+03
1.307000000000000106e-01 1.621308088817520456e+03
1.375000000000000111e-01 1.612590824030699196e+03
1.446999999999999953e-01 1.607277315839757875e+03
1.522000000000000020e-01 1.597522367436916284e+03
1.600999999999999923e-01 1.587094712928305853e+03
1.683999999999999941e-01 1.576505656779006131e+03
1.771999999999999964e-01 1.563380912453097380e+03
1.864000000000000101e-01 1.549744499232631370e+03
1.960999999999999965e-01 1.533470352906502740e+03
2.064000000000000001e-01 1.516212493666934279e+03
2.170999999999999874e-01 1.497870335821199433e+03
2.283999999999999919e-01 1.478955693110588982e+03
2.403000000000000136e-01 1.456521813458494762e+03
2.528000000000000247e-01 1.436735370019104039e+03
2.660000000000000142e-01 1.411551547856756542e+03
2.798000000000000487e-01 1.389618446197124513e+03
2.943999999999999950e-01 1.361823035462253756e+03
3.096999999999999753e-01 1.338243280917475658e+03
3.259000000000000230e-01 1.309654910052756804e+03
3.427999999999999936e-01 1.283616294464614157e+03
3.606999999999999651e-01 1.254671559509463350e+03
3.795000000000000040e-01 1.225933259860912131e+03
3.991999999999999993e-01 1.196673795462609178e+03
4.200000000000000400e-01 1.166402327003465189e+03
4.419000000000000150e-01 1.136608119039793110e+03
4.649000000000000354e-01 1.104291327302894842e+03
4.891000000000000347e-01 1.074086187010462709e+03
5.144999999999999574e-01 1.040543149886701940e+03
5.413000000000000034e-01 1.010596612186327320e+03
5.695000000000000062e-01 9.755427895942825671e+02
5.992000000000000659e-01 9.455417435503586603e+02
6.304000000000000714e-01 9.108653911341293679e+02
6.632000000000000117e-01 8.802553318518812375e+02
6.976999999999999869e-01 8.461230891127139557e+02
7.340999999999999748e-01 8.155052229026273380e+02
7.722999999999999865e-01 7.828522337923279792e+02
8.125000000000000000e-01 7.522805026476862622e+02
8.548000000000000043e-01 7.212189287185890407e+02
8.992999999999999883e-01 6.910437390720902613e+02
9.460999999999999410e-01 6.611858192749654108e+02
9.954000000000000625e-01 6.318777736960190623e+02
1.046999999999999931e+00 6.035013505958479527e+02
1.101999999999999869e+00 5.751569352409746898e+02
1.159000000000000030e+00 5.479901669876287542e+02
1.219000000000000083e+00 5.210601800350930262e+02
1.283000000000000140e+00 4.950935353165388051e+02
1.350000000000000089e+00 4.696137231768767037e+02
1.419999999999999929e+00 4.447094000616950780e+02
1.493999999999999995e+00 4.209469877703087377e+02
1.572000000000000064e+00 3.975553523069384028e+02
1.654000000000000137e+00 3.754760857704945920e+02
1.739999999999999991e+00 3.539676639923762878e+02
1.830000000000000071e+00 3.339802906940335561e+02
1.925999999999999934e+00 3.143588655723930287e+02
2.025999999999999801e+00 2.963054534370241981e+02
2.131000000000000227e+00 2.790749123195138850e+02
2.241999999999999993e+00 2.625907094379489308e+02
2.358999999999999986e+00 2.475040978351804597e+02
2.481999999999999762e+00 2.328670553848672853e+02
2.611000000000000210e+00 2.196441417022762153e+02
2.746999999999999886e+00 2.066848390056675271e+02
2.890000000000000124e+00 1.952526404798411193e+02
3.040999999999999925e+00 1.837480151792468064e+02
3.198999999999999844e+00 1.738350568724161462e+02
3.366000000000000103e+00 1.636325042582122933e+02
3.540999999999999925e+00 1.549044457544607667e+02
3.725000000000000089e+00 1.459856788935034047e+02
3.918999999999999595e+00 1.383358417564458591e+02
4.123000000000000220e+00 1.307492550659837889e+02
4.338000000000000078e+00 1.242943662802902907e+02
4.564000000000000057e+00 1.181478745017769256e+02
4.801000000000000156e+00 1.129246262460352170e+02
5.051000000000000156e+00 1.082321089235251037e+02
5.314000000000000057e+00 1.041377344884068918e+02
5.590999999999999304e+00 1.006580535790171780e+02
5.881999999999999673e+00 9.760550207366112829e+01
6.187999999999999723e+00 9.498761023341459975e+01
6.511000000000000121e+00 9.280262649983791334e+01
6.850000000000000533e+00 9.090846960795185794e+01
7.205999999999999517e+00 8.933199145660380225e+01
7.581999999999999851e+00 8.810990495523083155e+01
7.976000000000000867e+00 8.706878647639516089e+01
8.391999999999999460e+00 8.643163658885035261e+01
8.829000000000000625e+00 8.591276259739102272e+01
9.288000000000000256e+00 8.576604029116306549e+01
9.772000000000000242e+00 8.569372113992295681e+01
1.027999999999999936e+01 8.591394651677114780e+01
1.082000000000000028e+01 8.623011679676457675e+01
1.137999999999999901e+01 8.671661337303979167e+01
1.196999999999999886e+01 8.734782446996406691e+01
1.259999999999999964e+01 8.809187538884445701e+01
1.325000000000000000e+01 8.894586124601173083e+01
1.393999999999999950e+01 8.989537888769329754e+01
1.466999999999999993e+01 9.096521458235619662e+01
1.542999999999999972e+01 9.209554443069772844e+01
1.623000000000000043e+01 9.331385938112029521e+01
1.708000000000000185e+01 9.462108876130422175e+01
1.796999999999999886e+01 9.597427954514991200e+01
1.889999999999999858e+01 9.741215291605965376e+01
1.989000000000000057e+01 9.890571969920847550e+01
2.092000000000000171e+01 1.004827681198786848e+02
2.200999999999999801e+01 1.021053311112807194e+02
2.316000000000000014e+01 1.038341550856683568e+02
2.437000000000000099e+01 1.056007960922203779e+02
2.562999999999999901e+01 1.074408688066395143e+02
2.697000000000000242e+01 1.093298745018365423e+02
2.837000000000000099e+01 1.112615951264211134e+02
2.985000000000000142e+01 1.132250925143701465e+02
3.139999999999999858e+01 1.150690993436489151e+02
3.303999999999999915e+01 1.169897016951578053e+02
3.475999999999999801e+01 1.182821753038443973e+02
3.657000000000000028e+01 1.196595705353474699e+02
3.846999999999999886e+01 1.197500785213315737e+02
4.048000000000000398e+01 1.197016569544997822e+02
4.259000000000000341e+01 1.174806249955661173e+02
4.479999999999999716e+01 1.144878015227733528e+02
4.714000000000000057e+01 1.090853133850914389e+02
4.959000000000000341e+01 1.020590895858054523e+02
5.217000000000000171e+01 9.333270801295975616e+01
5.489000000000000057e+01 8.257114466078148496e+01
5.775000000000000000e+01 7.145542384532286917e+01
6.075000000000000000e+01 5.973738206606067536e+01
6.392000000000000171e+01 4.829442390531424678e+01
6.723999999999999488e+01 3.858256951606261254e+01
7.075000000000000000e+01 2.894943427554560600e+01
7.442999999999999261e+01 2.249864219797569120e+01
7.829999999999999716e+01 1.595571639882461312e+01
8.237999999999999545e+01 1.222498362702759245e+01
8.667000000000000171e+01 8.619172250848858852e+00
9.117999999999999261e+01 6.502300282947207855e+00
9.593000000000000682e+01 4.716800843115446895e+00
1.009000000000000057e+02 3.484950386886248364e+00
1.062000000000000028e+02 2.496946138753145750e+00
1.116999999999999886e+02 1.737482843714433622e+00
1.175000000000000000e+02 1.156697909636070332e+00
1.236000000000000085e+02 7.042027112018534041e-01
1.300999999999999943e+02 4.412439618554124809e-01
1.369000000000000057e+02 2.290330295780650394e-01
1.440000000000000000e+02 1.470836558379084724e-01
1.515000000000000000e+02 7.259282620842476275e-02
1.593999999999999773e+02 4.669670097862614611e-02
1.676999999999999886e+02 2.091275041940833176e-02
1.764000000000000057e+02 1.311045166869930466e-02
1.855999999999999943e+02 5.125173814192759449e-03
1.952000000000000171e+02 2.821738384232300341e-03
2.054000000000000057e+02 1.145286824221201840e-03
2.160999999999999943e+02 5.168931439604615386e-04
2.273999999999999773e+02 2.191861439540621428e-04
2.391999999999999886e+02 8.034535135555232279e-05
2.516999999999999886e+02 3.439068918178385414e-05
2.647999999999999545e+02 8.826786686502234751e-06
2.785000000000000000e+02 4.068694410142490796e-06
2.930000000000000000e+02 8.168929556956319789e-07
3.083000000000000114e+02 3.901082811983584421e-07
3.244000000000000341e+02 5.259249643592219559e-08
3.411999999999999886e+02 2.648887778672164740e-08
3.590000000000000000e+02 2.339257277657659763e-09
3.776999999999999886e+02 1.233035611723320999e-09
3.973999999999999773e+02 1.014053094953772999e-10
4.181000000000000227e+02 4.203732306960062157e-11
4.398000000000000114e+02 7.032648826031274964e-12
4.626999999999999886e+02 8.644998409291595324e-13
4.868000000000000114e+02 2.107677918874787871e-13
5.122000000000000455e+02 1.244921582799858330e-14
5.387999999999999545e+02 3.828487969990126208e-15
5.668999999999999773e+02 8.204329902205377814e-17
5.964000000000000909e+02 2.988175375961608174e-17
6.275000000000000000e+02 4.249220627606862344e-19
6.601000000000000227e+02 1.757961565868653784e-19
6.945000000000000000e+02 8.223404331678801394e-22
7.307000000000000455e+02 3.740260857179354611e-22
7.687000000000000455e+02 1.110920414789381960e-24
8.087999999999999545e+02 5.463472039442218569e-25
8.508999999999999773e+02 5.825026474957823342e-28
8.952000000000000455e+02 3.061292466042555489e-28
9.417999999999999545e+02 2.135851432750020644e-29
9.908000000000000682e+02 7.647069609914275279e-32
1.042000000000000000e+03 1.376349621146629406e-32
1.097000000000000000e+03 8.054251535962622506e-36
1.154000000000000000e+03 2.051862681598228305e-36
1.214000000000000000e+03 2.431212778996535819e-40
1.277000000000000000e+03 7.918806776278968202e-41
1.344000000000000000e+03 2.205775132807292097e-45
1.414000000000000000e+03 8.352429785189726586e-46
1.487000000000000000e+03 5.582783131383966053e-51
1.565000000000000000e+03 2.378743450608015944e-51
1.646000000000000000e+03 3.282248284642719009e-57
1.732000000000000000e+03 1.541162657846997808e-57
1.822000000000000000e+03 3.939205247455391395e-64
1.917000000000000000e+03 1.995252645882583706e-64
2.017000000000000000e+03 7.041096499000735828e-72
2.122000000000000000e+03 3.795630782456215673e-72
2.232000000000000000e+03 4.265410776828867122e-73
2.348000000000000000e+03 8.064641646974174727e-81
2.470000000000000000e+03 1.694355716217215119e-81
2.599000000000000000e+03 2.075227827770570094e-90
2.734000000000000000e+03 5.950124866521450190e-91
2.877000000000000000e+03 4.136264019069413169e-101
3.027000000000000000e+03 1.435324124595157758e-101
3.184000000000000000e+03 4.501658346052927565e-113
3.350000000000000000e+03 1.809126279077364439e-113
3.524000000000000000e+03 1.866611763505658750e-126
3.708000000000000000e+03 8.348895109171398473e-127
3.901000000000000000e+03 2.799363731542543368e-141
4.104000000000000000e+03 1.365826698931531183e-141
4.318000000000000000e+03 6.935373247184989893e-158
4.543000000000000000e+03 3.617644639377710864e-158
4.779000000000000000e+03 1.490572847375501577e-159
5.028000000000000000e+03 1.395805253659508846e-176
5.290000000000000000e+03 2.094188218175657212e-177
5.565000000000000000e+03 3.721919343026953794e-197
5.855000000000000000e+03 8.878349747489772857e-198
6.160000000000000000e+03 4.762629217453192438e-220
6.481000000000000000e+03 1.475504596127393504e-220
6.818000000000000000e+03 1.213373502710592754e-245
7.173000000000000000e+03 4.495187394244742490e-246
7.547000000000000000e+03 4.334575661499561373e-274
7.940000000000000000e+03 1.822935371749139478e-274
8.353000000000000000e+03 8.101149294676477820e-306
8.788000000000000000e+03 3.760609559848025520e-306
9.246000000000000000e+03 0.000000000000000000e+00
9.727000000000000000e+03 0.000000000000000000e+00
1.023000000000000000e+04 0.000000000000000000e+00
1.077000000000000000e+04 0.000000000000000000e+00
1.133000000000000000e+04 0.000000000000000000e+00
1.192000000000000000e+04 0.000000000000000000e+00
1.254000000000000000e+04 0.000000000000000000e+00
1.319000000000000000e+04 0.000000000000000000e+00
1.388000000000000000e+04 0.000000000000000000e+00
1.460000000000000000e+04 0.000000000000000000e+00
1.536000000000000000e+04 0.000000000000000000e+00
1.616000000000000000e+04 0.000000000000000000e+00
1.700000000000000000e+04 0.000000000000000000e+00
1.789000000000000000e+04 0.000000000000000000e+00
1.882000000000000000e+04 0.000000000000000000e+00
1.980000000000000000e+04 0.000000000000000000e+00
2.083000000000000000e+04 0.000000000000000000e+00
2.191000000000000000e+04 0.000000000000000000e+00
2.305000000000000000e+04 0.000000000000000000e+00
2.425000000000000000e+04 0.000000000000000000e+00
2.552000000000000000e+04 0.000000000000000000e+00
2.684000000000000000e+04 0.000000000000000000e+00
2.824000000000000000e+04 0.000000000000000000e+00
2.971000000000000000e+04 0.000000000000000000e+00
3.126000000000000000e+04 0.000000000000000000e+00
3.289000000000000000e+04 0.000000000000000000e+00
3.460000000000000000e+04 0.000000000000000000e+00
3.640000000000000000e+04 0.000000000000000000e+00
3.830000000000000000e+04 0.000000000000000000e+00
4.029000000000000000e+04 0.000000000000000000e+00
4.239000000000000000e+04 0.000000000000000000e+00
4.460000000000000000e+04 0.000000000000000000e+00
4.692000000000000000e+04 0.000000000000000000e+00
4.936000000000000000e+04 0.000000000000000000e+00
5.193000000000000000e+04 0.000000000000000000e+00
5.464000000000000000e+04 0.000000000000000000e+00
5.748000000000000000e+04 0.000000000000000000e+00
6.047000000000000000e+04 0.000000000000000000e+00
6.362000000000000000e+04 0.000000000000000000e+00
6.693000000000000000e+04 0.000000000000000000e+00
7.042000000000000000e+04 0.000000000000000000e+00
7.409000000000000000e+04 0.000000000000000000e+00
7.794000000000000000e+04 0.000000000000000000e+00
8.200000000000000000e+04 0.000000000000000000e+00
8.627000000000000000e+04 0.000000000000000000e+00
9.076000000000000000e+04 0.000000000000000000e+00
9.549000000000000000e+04 0.000000000000000000e+00
1.005000000000000000e+05 0.000000000000000000e+00
1.057000000000000000e+05 0.000000000000000000e+00
1.112000000000000000e+05 0.000000000000000000e+00
1.170000000000000000e+05 0.000000000000000000e+00
1.231000000000000000e+05 0.000000000000000000e+00
1.295000000000000000e+05 0.000000000000000000e+00
1.362000000000000000e+05 0.000000000000000000e+00
1.433000000000000000e+05 0.000000000000000000e+00
1.508000000000000000e+05 0.000000000000000000e+00
1.586000000000000000e+05 0.000000000000000000e+00
1.669000000000000000e+05 0.000000000000000000e+00
1.756000000000000000e+05 0.000000000000000000e+00
1.847000000000000000e+05 0.000000000000000000e+00
1.943000000000000000e+05 0.000000000000000000e+00
2.045000000000000000e+05 0.000000000000000000e+00
2.151000000000000000e+05 0.000000000000000000e+00
2.263000000000000000e+05 0.000000000000000000e+00
2.381000000000000000e+05 0.000000000000000000e+00
2.505000000000000000e+05 0.000000000000000000e+00
2.635000000000000000e+05 0.000000000000000000e+00
2.773000000000000000e+05 0.000000000000000000e+00
2.917000000000000000e+05 0.000000000000000000e+00
3.069000000000000000e+05 0.000000000000000000e+00
3.229000000000000000e+05 0.000000000000000000e+00
3.397000000000000000e+05 0.000000000000000000e+00
3.574000000000000000e+05 0.000000000000000000e+00
3.760000000000000000e+05 0.000000000000000000e+00
3.955000000000000000e+05 0.000000000000000000e+00
4.161000000000000000e+05 0.000000000000000000e+00
4.378000000000000000e+05 0.000000000000000000e+00
4.606000000000000000e+05 0.000000000000000000e+00
4.846000000000000000e+05 0.000000000000000000e+00
5.098000000000000000e+05 0.000000000000000000e+00
5.364000000000000000e+05 0.000000000000000000e+00
5.643000000000000000e+05 0.000000000000000000e+00
5.937000000000000000e+05 0.000000000000000000e+00
6.246000000000000000e+05 0.000000000000000000e+00
6.571000000000000000e+05 0.000000000000000000e+00
6.913000000000000000e+05 0.000000000000000000e+00
7.273000000000000000e+05 0.000000000000000000e+00
7.652000000000000000e+05 0.000000000000000000e+00
8.050000000000000000e+05 0.000000000000000000e+00
8.469000000000000000e+05 0.000000000000000000e+00
8.910000000000000000e+05 0.000000000000000000e+00
9.374000000000000000e+05 0.000000000000000000e+00
9.863000000000000000e+05 0.000000000000000000e+00
1.038000000000000000e+06 0.000000000000000000e+00
1.092000000000000000e+06 0.000000000000000000e+00
1.148000000000000000e+06 0.000000000000000000e+00
1.208000000000000000e+06 0.000000000000000000e+00
1.271000000000000000e+06 0.000000000000000000e+00
1.337000000000000000e+06 0.000000000000000000e+00
1.407000000000000000e+06 0.000000000000000000e+00
1.480000000000000000e+06 0.000000000000000000e+00
1.557000000000000000e+06 0.000000000000000000e+00
1.638000000000000000e+06 0.000000000000000000e+00
1.724000000000000000e+06 0.000000000000000000e+00
1.814000000000000000e+06 0.000000000000000000e+00
1.908000000000000000e+06 0.000000000000000000e+00
2.007000000000000000e+06 0.000000000000000000e+00
2.112000000000000000e+06 0.000000000000000000e+00
2.222000000000000000e+06 0.000000000000000000e+00
2.337000000000000000e+06 0.000000000000000000e+00
2.459000000000000000e+06 0.000000000000000000e+00
2.587000000000000000e+06 0.000000000000000000e+00
2.722000000000000000e+06 0.000000000000000000e+00
2.864000000000000000e+06 0.000000000000000000e+00
3.013000000000000000e+06 0.000000000000000000e+00
3.170000000000000000e+06 0.000000000000000000e+00
3.335000000000000000e+06 0.000000000000000000e+00
3.508000000000000000e+06 0.000000000000000000e+00
3.691000000000000000e+06 0.000000000000000000e+00
3.883000000000000000e+06 0.000000000000000000e+00
4.085000000000000000e+06 0.000000000000000000e+00
4.298000000000000000e+06 0.000000000000000000e+00
4.522000000000000000e+06 0.000000000000000000e+00
4.757000000000000000e+06 0.000000000000000000e+00
5.005000000000000000e+06 0.000000000000000000e+00
5.266000000000000000e+06 0.000000000000000000e+00
5.540000000000000000e+06 0.000000000000000000e+00
5.828000000000000000e+06 0.000000000000000000e+00
6.132000000000000000e+06 0.000000000000000000e+00
6.451000000000000000e+06 0.000000000000000000e+00
6.787000000000000000e+06 0.000000000000000000e+00
7.140000000000000000e+06 0.000000000000000000e+00
7.512000000000000000e+06 0.000000000000000000e+00
7.903000000000000000e+06 0.000000000000000000e+00
8.315000000000000000e+06 0.000000000000000000e+00
8.748000000000000000e+06 0.000000000000000000e+00
9.203000000000000000e+06 0.000000000000000000e+00
9.682000000000000000e+06 0.000000000000000000e+00
1.019000000000000000e+07 0.000000000000000000e+00
1.072000000000000000e+07 0.000000000000000000e+00
1.127000000000000000e+07 0.000000000000000000e+00
1.186000000000000000e+07 0.000000000000000000e+00
1.248000000000000000e+07 0.000000000000000000e+00
1.313000000000000000e+07 0.000000000000000000e+00
1.381000000000000000e+07 0.000000000000000000e+00
1.453000000000000000e+07 0.000000000000000000e+00
1.529000000000000000e+07 0.000000000000000000e+00
1.608000000000000000e+07 0.000000000000000000e+00
1.692000000000000000e+07 0.000000000000000000e+00
1.780000000000000000e+07 0.000000000000000000e+00
1.873000000000000000e+07 0.000000000000000000e+00
1.971000000000000000e+07 0.000000000000000000e+00
2.073000000000000000e+07 0.000000000000000000e+00
2.181000000000000000e+07 0.000000000000000000e+00
2.295000000000000000e+07 0.000000000000000000e+00
2.414000000000000000e+07 0.000000000000000000e+00
2.540000000000000000e+07 0.000000000000000000e+00
2.672000000000000000e+07 0.000000000000000000e+00
2.811000000000000000e+07 0.000000000000000000e+00
2.958000000000000000e+07 0.000000000000000000e+00
3.112000000000000000e+07 0.000000000000000000e+00
3.274000000000000000e+07 0.000000000000000000e+00
3.444000000000000000e+07 0.000000000000000000e+00
3.623000000000000000e+07 0.000000000000000000e+00
3.812000000000000000e+07 0.000000000000000000e+00
4.011000000000000000e+07 0.000000000000000000e+00
4.219000000000000000e+07 0.000000000000000000e+00
4.439000000000000000e+07 0.000000000000000000e+00
4.670000000000000000e+07 0.000000000000000000e+00
4.913000000000000000e+07 0.000000000000000000e+00
5.169000000000000000e+07 0.000000000000000000e+00
5.438000000000000000e+07 0.000000000000000000e+00
5.722000000000000000e+07 0.000000000000000000e+00
6.019000000000000000e+07 0.000000000000000000e+00
6.333000000000000000e+07 0.000000000000000000e+00
6.663000000000000000e+07 0.000000000000000000e+00
7.010000000000000000e+07 0.000000000000000000e+00
7.375000000000000000e+07 0.000000000000000000e+00
7.759000000000000000e+07 0.000000000000000000e+00
8.163000000000000000e+07 0.000000000000000000e+00
8.588000000000000000e+07 0.000000000000000000e+00
9.035000000000000000e+07 0.000000000000000000e+00
9.505000000000000000e+07 0.000000000000000000e+00
1.000000000000000000e+08 0.000000000000000000e+00
