0.499999999999999938E+15   16.0   0.129091834630708058E+04   0.252785646242494806E+03
0.499999999999999938E+15   17.0   0.139110773686634479E+04   0.276782600403972026E+03
0.499999999999999938E+15   18.0   0.148898003221871591E+04   0.301039404586910166E+03
0.499999999999999938E+15   19.0   0.158413228893877931E+04   0.325469896033386419E+03
0.499999999999999938E+15   20.0   0.167619504088247913E+04   0.349995225974254424E+03
0.499999999999999938E+15   21.0   0.176483465389050048E+04   0.374543591366507655E+03
0.499999999999999938E+15   22.0   0.184976157974714852E+04   0.399049883218995149E+03
0.499999999999999938E+15   23.0   0.193073762106939284E+04   0.423455300306506047E+03
0.499999999999999938E+15   24.0   0.200757667766050463E+04   0.447706949161431851E+03
0.499999999999999938E+15   25.0   0.208014009137686844E+04   0.471757433661462699E+03
0.499999999999999938E+15   26.0   0.214833109954228030E+04   0.495564436509883421E+03
0.499999999999999938E+15   27.0   0.221209094977197265E+04   0.519090298988375253E+03
0.499999999999999938E+15   28.0   0.227139626710168886E+04   0.542301606200566425E+03
0.499999999999999938E+15   29.0   0.232625635681099448E+04   0.565168782430227679E+03
0.499999999999999938E+15   30.0   0.237670979355479813E+04   0.587665700877185827E+03
0.499999999999999938E+15   31.0   0.242282046366641998E+04   0.609769316449195458E+03
0.499999999999999938E+15   32.0   0.246467354001899639E+04   0.631459334225234329E+03
0.499999999999999938E+15   33.0   0.250237173075596183E+04   0.652717923653610342E+03
0.499999999999999938E+15   34.0   0.253603188223724010E+04   0.673529479944520403E+03
0.499999999999999938E+15   35.0   0.256578191196400849E+04   0.693880425183611123E+03
0.499999999999999938E+15   36.0   0.259175812720304793E+04   0.713759037675073387E+03
0.499999999999999938E+15   37.0   0.261410307514001261E+04   0.733155299907991548E+03
0.499999999999999938E+15   38.0   0.263296401807362417E+04   0.752060760443812114E+03
0.499999999999999938E+15   39.0   0.264849194455310771E+04   0.770468409033217540E+03
0.499999999999999938E+15   40.0   0.266084084960467862E+04   0.788372565391522244E+03
0.499999999999999938E+15   41.0   0.267016697355717861E+04   0.805768781116326522E+03
0.499999999999999938E+15   42.0   0.267662780983674156E+04   0.822653753418349197E+03
0.499999999999999938E+15   43.0   0.268038089877933589E+04   0.839025249871606093E+03
0.499999999999999938E+15   44.0   0.268158259050048264E+04   0.854882044816217672E+03
0.499999999999999938E+15   45.0   0.268038699610016556E+04   0.870223868916490687E+03
0.499999999999999938E+15   46.0   0.267694525401349256E+04   0.885051372599835190E+03
0.499999999999999938E+15   47.0   0.267140509474029250E+04   0.899366101581720727E+03
0.499999999999999938E+15   48.0   0.266391058328016243E+04   0.913170479134526431E+03
0.499999999999999938E+15   49.0   0.265460189970227702E+04   0.926467786478349240E+03
0.499999999999999938E+15   50.0   0.264361506906488967E+04   0.939262131085524516E+03
0.499999999999999938E+15   51.0   0.263108162476904135E+04   0.951558394071656267E+03
0.499999999999999938E+15   52.0   0.261712824186193347E+04   0.963362152522833526E+03
0.499999999999999938E+15   53.0   0.260187639251277278E+04   0.974679579694548011E+03
0.499999999999999938E+15   54.0   0.258544206210935363E+04   0.985517333157238568E+03
0.499999999999999938E+15   55.0   0.256793554021009550E+04   0.995882445492925513E+03
0.499999999999999938E+15   56.0   0.254946128311415168E+04   0.100578223204516314E+04
0.499999999999999938E+15   57.0   0.253011784174343256E+04   0.101522422535099940E+04
0.499999999999999938E+15   58.0   0.250999785506671606E+04   0.102421613799841589E+04
0.499999999999999938E+15   59.0   0.248918811313601100E+04   0.103276584767633130E+04
0.499999999999999938E+15   60.0   0.246776968518647345E+04   0.104088139296183886E+04
0.499999999999999938E+15   61.0   0.244581808807061861E+04   0.104857096734780225E+04
0.499999999999999938E+15   62.0   0.242340345123884481E+04   0.105584290188724458E+04
0.499999999999999938E+15   63.0   0.240059063176385098E+04   0.106270563171069625E+04
0.499999999999999938E+15   64.0   0.237743925331800983E+04   0.106916764606062247E+04
0.499999999999999938E+15   65.0   0.235400367862896746E+04   0.107523742307230555E+04
0.499999999999999938E+15   66.0   0.233033295673595649E+04   0.108092334791022495E+04
0.499999999999999938E+15   67.0   0.230647079489187854E+04   0.108623360570343311E+04
0.499999999999999938E+15   68.0   0.228245558035519889E+04   0.109117602925923779E+04
0.499999999999999938E+15   69.0   0.225832042433605830E+04   0.109575786650595273E+04
0.499999999999999938E+15   70.0   0.223409313423385356E+04   0.109998541433980586E+04
0.499999999999999938E+15   71.0   0.220979595937016347E+04   0.110386344440204130E+04
0.499999999999999938E+15   72.0   0.218544491228095194E+04   0.110739432261059824E+04
0.499999999999999938E+15   73.0   0.216104844591805977E+04   0.111057669924298216E+04
0.499999999999999938E+15   74.0   0.213660526294321971E+04   0.111340362287386210E+04
0.499999999999999938E+15   75.0   0.211210104127226259E+04   0.111585991487020260E+04
0.499999999999999938E+15   76.0   0.208750388011625182E+04   0.111791863984715428E+04
0.499999999999999938E+15   77.0   0.206275831248652867E+04   0.111953653275336751E+04
0.499999999999999938E+15   78.0   0.203777781281945636E+04   0.112064830826726552E+04
0.499999999999999938E+15   79.0   0.201243587589317235E+04   0.112115989565105292E+04
0.499999999999999938E+15   80.0   0.198655597594083815E+04   0.112094082103219012E+04
0.499999999999999938E+15   81.0   0.195990103937938761E+04   0.111981619971461919E+04
0.499999999999999938E+15   82.0   0.193216346500408963E+04   0.111755909086798783E+04
0.499999999999999938E+15   83.0   0.190295715760948724E+04   0.111388427589399816E+04
0.499999999999999938E+15   84.0   0.187181343185294190E+04   0.110844480131181467E+04
0.499999999999999938E+15   85.0   0.183818289682570526E+04   0.110083281215017041E+04
0.499999999999999938E+15   86.0   0.180144544261538681E+04   0.109058621898520619E+04
0.499999999999999938E+15   87.0   0.176093012204602019E+04   0.107720252163362557E+04
0.609506827102237000E+15   16.0   0.415514584044691874E+07   0.237014061536863260E+07
0.609506827102237000E+15   17.0   0.468761971113066468E+07   0.267781961057797400E+07
0.609506827102237000E+15   18.0   0.523977965194006357E+07   0.300419256724431366E+07
0.609506827102237000E+15   19.0   0.581004445157731511E+07   0.334902099003439909E+07
0.609506827102237000E+15   20.0   0.639679408120465558E+07   0.371203585649081552E+07
0.609506827102237000E+15   21.0   0.699829335003754869E+07   0.409293806333381124E+07
0.609506827102237000E+15   22.0   0.761279507273095194E+07   0.449139874488026742E+07
0.609506827102237000E+15   23.0   0.823871813855038024E+07   0.490706036073403340E+07
0.609506827102237000E+15   24.0   0.887475344405659474E+07   0.533953821752341837E+07
0.609506827102237000E+15   25.0   0.951981198868173547E+07   0.578842211445739679E+07
0.609506827102237000E+15   26.0   0.101728539212239776E+08   0.625327839337658696E+07
0.609506827102237000E+15   27.0   0.108327280237152446E+08   0.673365270351113752E+07
0.609506827102237000E+15   28.0   0.114981316057846826E+08   0.722907319760988280E+07
0.609506827102237000E+15   29.0   0.121676997841000669E+08   0.773905341866359022E+07
0.609506827102237000E+15   30.0   0.128401463853898402E+08   0.826309434407982416E+07
0.609506827102237000E+15   31.0   0.135143656845117230E+08   0.880068570368674584E+07
0.609506827102237000E+15   32.0   0.141894514288305044E+08   0.935130716633716039E+07
0.609506827102237000E+15   33.0   0.148646490619480200E+08   0.991442994981161319E+07
0.609506827102237000E+15   34.0   0.155392890825613122E+08   0.104895190008485299E+08
0.609506827102237000E+15   35.0   0.162127420077989753E+08   0.110760354988126494E+08
0.609506827102237000E+15   36.0   0.168844046861508824E+08   0.116734393080866747E+08
0.609506827102237000E+15   37.0   0.175537020226033926E+08   0.122811911233846545E+08
0.609506827102237000E+15   38.0   0.182200845182041116E+08   0.128987542445196621E+08
0.609506827102237000E+15   39.0   0.188830156498470269E+08   0.135255960291420668E+08
0.609506827102237000E+15   40.0   0.195419574189339839E+08   0.141611890677689463E+08
0.609506827102237000E+15   41.0   0.201963657155362852E+08   0.148050120679318681E+08
0.609506827102237000E+15   42.0   0.208457002066865563E+08   0.154565504054000415E+08
0.609506827102237000E+15   43.0   0.214894443951601051E+08   0.161152963324173354E+08
0.609506827102237000E+15   44.0   0.221271270047365017E+08   0.167807489041803554E+08
0.609506827102237000E+15   45.0   0.227583370144513473E+08   0.174524137485848777E+08
0.609506827102237000E+15   46.0   0.233827287107531317E+08   0.181298028289651871E+08
0.609506827102237000E+15   47.0   0.240000170501017794E+08   0.188124343302209005E+08
0.609506827102237000E+15   48.0   0.246099660960016027E+08   0.194998327488772310E+08
0.609506827102237000E+15   49.0   0.252123743510171361E+08   0.201915292060855441E+08
0.609506827102237000E+15   50.0   0.258070608260332905E+08   0.208870619444797449E+08
0.609506827102237000E+15   51.0   0.263938548930643983E+08   0.215859769273985103E+08
0.609506827102237000E+15   52.0   0.269725915100578107E+08   0.222878284389108866E+08
0.609506827102237000E+15   53.0   0.275431116200490259E+08   0.229921795902218409E+08
0.609506827102237000E+15   54.0   0.281052659327514060E+08   0.236986026661141515E+08
0.609506827102237000E+15   55.0   0.286589194168980904E+08   0.244066792857126184E+08
0.609506827102237000E+15   56.0   0.292039539465995170E+08   0.251160003908313699E+08
0.609506827102237000E+15   57.0   0.297402675605605505E+08   0.258261661027500555E+08
0.609506827102237000E+15   58.0   0.302677702650762461E+08   0.265367854999612682E+08
0.609506827102237000E+15   59.0   0.307863776361275353E+08   0.272474763657731786E+08
0.609506827102237000E+15   60.0   0.312960041613621339E+08   0.279578649407822825E+08
0.609506827102237000E+15   61.0   0.317965581393351890E+08   0.286675856922719441E+08
0.609506827102237000E+15   62.0   0.322879392182641253E+08   0.293762810808906332E+08
0.609506827102237000E+15   63.0   0.327700387166550271E+08   0.300836012564354986E+08
0.609506827102237000E+15   64.0   0.332427421078559719E+08   0.307892035394685604E+08
0.609506827102237000E+15   65.0   0.337059326425562128E+08   0.314927514258963056E+08
0.609506827102237000E+15   66.0   0.341594949566577524E+08   0.321939126669741273E+08
0.609506827102237000E+15   67.0   0.346033174525722042E+08   0.328923557019717172E+08
0.609506827102237000E+15   68.0   0.350372920366139114E+08   0.335877433175372183E+08
0.609506827102237000E+15   69.0   0.354613093523081616E+08   0.342797218464114517E+08
0.609506827102237000E+15   70.0   0.358752469939512536E+08   0.349679034568830281E+08
0.609506827102237000E+15   71.0   0.362789474216008559E+08   0.356518381068830192E+08
0.609506827102237000E+15   72.0   0.366721815232905075E+08   0.363309705532250851E+08
0.609506827102237000E+15   73.0   0.370545930428233147E+08   0.370045764911828488E+08
0.609506827102237000E+15   74.0   0.374256184577961192E+08   0.376716706172202602E+08
0.609506827102237000E+15   75.0   0.377843764557815343E+08   0.383308784447109327E+08
0.609506827102237000E+15   76.0   0.381295211558857337E+08   0.389802634861922339E+08
0.609506827102237000E+15   77.0   0.384590540711316615E+08   0.396171025050161779E+08
0.609506827102237000E+15   78.0   0.387700920672186986E+08   0.402376045788901299E+08
0.609506827102237000E+15   79.0   0.390585928484334201E+08   0.408365753310963586E+08
0.609506827102237000E+15   80.0   0.393190462660525069E+08   0.414070363143481091E+08
0.609506827102237000E+15   81.0   0.395441491227031797E+08   0.419398212208786979E+08
0.609506827102237000E+15   82.0   0.397244926966617778E+08   0.424231847559222728E+08
0.609506827102237000E+15   83.0   0.398483047549187467E+08   0.428424752398714125E+08
0.609506827102237000E+15   84.0   0.399012993918397129E+08   0.431799359787179977E+08
0.609506827102237000E+15   85.0   0.398666959642802477E+08   0.434147100396387801E+08
0.609506827102237000E+15   86.0   0.397254696753600165E+08   0.435231247194664329E+08
0.609506827102237000E+15   87.0   0.394568881379038095E+08   0.434793222983214334E+08
0.742997144568475500E+15   16.0   0.346378921278421301E+07   0.198512150608660025E+07
0.742997144568475500E+15   17.0   0.390783235061717080E+07   0.224312959586319979E+07
0.742997144568475500E+15   18.0   0.436834736974821147E+07   0.251684747175403126E+07
0.742997144568475500E+15   19.0   0.484407810945012514E+07   0.280607952208858402E+07
0.742997144568475500E+15   20.0   0.533376882701930683E+07   0.311060465582160233E+07
0.742997144568475500E+15   21.0   0.583616173597613536E+07   0.343017685669662477E+07
0.742997144568475500E+15   22.0   0.634997945308774617E+07   0.376452549383146409E+07
0.742997144568475500E+15   23.0   0.687390473112010583E+07   0.411335603332639672E+07
0.742997144568475500E+15   24.0   0.740662670198046509E+07   0.447635109812073689E+07
0.742997144568475500E+15   25.0   0.794693625412144139E+07   0.485317170877933502E+07
0.742997144568475500E+15   26.0   0.849377694198431075E+07   0.524345879371716827E+07
0.742997144568475500E+15   27.0   0.904619992841347121E+07   0.564683515008578729E+07
0.742997144568475500E+15   28.0   0.960326692415892333E+07   0.606290783192672580E+07
0.742997144568475500E+15   29.0   0.101639846366504207E+08   0.649127068939391337E+07
0.742997144568475500E+15   30.0   0.107273172432138864E+08   0.693150673506256659E+07
0.742997144568475500E+15   31.0   0.112922620834540799E+08   0.738319017551740352E+07
0.742997144568475500E+15   32.0   0.118579366367093250E+08   0.784588813578497525E+07
0.742997144568475500E+15   33.0   0.124236267539273556E+08   0.831916217743726540E+07
0.742997144568475500E+15   34.0   0.129887768176667988E+08   0.880256967510639131E+07
0.742997144568475500E+15   35.0   0.135529384195469543E+08   0.929566506158947945E+07
0.742997144568475500E+15   36.0   0.141157120100664757E+08   0.979800094431004114E+07
0.742997144568475500E+15   37.0   0.146767082784230653E+08   0.103091291315919366E+08
0.742997144568475500E+15   38.0   0.152355344066531714E+08   0.108286016410043966E+08
0.742997144568475500E+15   39.0   0.157917932431119662E+08   0.113559717556548808E+08
0.742997144568475500E+15   40.0   0.163450809792219549E+08   0.118907951447453275E+08
0.742997144568475500E+15   41.0   0.168949780982856788E+08   0.124326310010001697E+08
0.742997144568475500E+15   42.0   0.174410391904501766E+08   0.129810431062081121E+08
0.742997144568475500E+15   43.0   0.179827916028773189E+08   0.135356007338211089E+08
0.742997144568475500E+15   44.0   0.185197492357274108E+08   0.140958793299197257E+08
0.742997144568475500E+15   45.0   0.190514399076344892E+08   0.146614609617098384E+08
0.742997144568475500E+15   46.0   0.195774378859074824E+08   0.152319345678260606E+08
0.742997144568475500E+15   47.0   0.200973908372924961E+08   0.158068960734835956E+08
0.742997144568475500E+15   48.0   0.206110329784567431E+08   0.163859484379639812E+08
0.742997144568475500E+15   49.0   0.211181816186772548E+08   0.169687016816321686E+08
0.742997144568475500E+15   50.0   0.216187198422839828E+08   0.175547729030956775E+08
0.742997144568475500E+15   51.0   0.221125716682776213E+08   0.181437862617198639E+08
0.742997144568475500E+15   52.0   0.225996768582004607E+08   0.187353728835349865E+08
0.742997144568475500E+15   53.0   0.230799710508675501E+08   0.193291706610527076E+08
0.742997144568475500E+15   54.0   0.235533741785456091E+08   0.199248239534843341E+08
0.742997144568475500E+15   55.0   0.240197873312716298E+08   0.205219832386077233E+08
0.742997144568475500E+15   56.0   0.244790962117245048E+08   0.211203047997293696E+08
0.742997144568475500E+15   57.0   0.249311783966664337E+08   0.217194505368036106E+08
0.742997144568475500E+15   58.0   0.253759116760113500E+08   0.223190879666127451E+08
0.742997144568475500E+15   59.0   0.258131813909834959E+08   0.229188904301812686E+08
0.742997144568475500E+15   60.0   0.262428855161846913E+08   0.235185374709892496E+08
0.742997144568475500E+15   61.0   0.266649369458151087E+08   0.241177152965117432E+08
0.742997144568475500E+15   62.0   0.270792629753631614E+08   0.247161171961430386E+08
0.742997144568475500E+15   63.0   0.274858023675317355E+08   0.253134437568509057E+08
0.742997144568475500E+15   64.0   0.278845007108736038E+08   0.259094026836561449E+08
0.742997144568475500E+15   65.0   0.282753049890068434E+08   0.265037079736007005E+08
0.742997144568475500E+15   66.0   0.286581582633942738E+08   0.270960780826773755E+08
0.742997144568475500E+15   67.0   0.290329950151780955E+08   0.276862325339283943E+08
0.742997144568475500E+15   68.0   0.293997369515608102E+08   0.282738861018798910E+08
0.742997144568475500E+15   69.0   0.297582880490178503E+08   0.288587392435006052E+08
0.742997144568475500E+15   70.0   0.301085264493034780E+08   0.294404627935001329E+08
0.742997144568475500E+15   71.0   0.304502897382682338E+08   0.300186740920670889E+08
0.742997144568475500E+15   72.0   0.307833492540723942E+08   0.305929006815597937E+08
0.742997144568475500E+15   73.0   0.311073684424068891E+08   0.311625265653713346E+08
0.742997144568475500E+15   74.0   0.314218399013968036E+08   0.317267149130587950E+08
0.742997144568475500E+15   75.0   0.317259956595730521E+08   0.322843002668760121E+08
0.742997144568475500E+15   76.0   0.320186855328187905E+08   0.328336431178164221E+08
0.742997144568475500E+15   77.0   0.322982193901030570E+08   0.333724406441509612E+08
0.742997144568475500E+15   78.0   0.325621712501901984E+08   0.338974899826267362E+08
0.742997144568475500E+15   79.0   0.328071468223138787E+08   0.344044051536965221E+08
0.742997144568475500E+15   80.0   0.330285218024111614E+08   0.348872960566504449E+08
0.742997144568475500E+15   81.0   0.332201660771009140E+08   0.353384278224928901E+08
0.742997144568475500E+15   82.0   0.333741786346258558E+08   0.357478907676303014E+08
0.742997144568475500E+15   83.0   0.334806684734927267E+08   0.361033240403634459E+08
0.742997144568475500E+15   84.0   0.335276264918861799E+08   0.363897478403116539E+08
0.742997144568475500E+15   85.0   0.335009399977967329E+08   0.365895671851846948E+08
0.742997144568475500E+15   86.0   0.333846025497684143E+08   0.366828115904369876E+08
0.742997144568475500E+15   87.0   0.331611649085890502E+08   0.366476668483978063E+08
0.905723664263907125E+15   16.0   0.141493700843726106E+04   0.135569773243156965E+04
0.905723664263907125E+15   17.0   0.159926264134914641E+04   0.154980721340218997E+04
0.905723664263907125E+15   18.0   0.179663855705422202E+04   0.175576823691267077E+04
0.905723664263907125E+15   19.0   0.200729039587961165E+04   0.197237739509706262E+04
0.905723664263907125E+15   20.0   0.223142878325605170E+04   0.219820303635582422E+04
0.905723664263907125E+15   21.0   0.246925198463026072E+04   0.243160898553060315E+04
0.905723664263907125E+15   22.0   0.272095429944464058E+04   0.267078650546298104E+04
0.905723664263907125E+15   23.0   0.298673579378642580E+04   0.291379202473228679E+04
0.905723664263907125E+15   24.0   0.326680698242793824E+04   0.315858784023499356E+04
0.905723664263907125E+15   25.0   0.356138623033231079E+04   0.340308435548165016E+04
0.905723664263907125E+15   26.0   0.387069167721305575E+04   0.364518346848430792E+04
0.905723664263907125E+15   27.0   0.419493029038574059E+04   0.388282217629066099E+04
0.905723664263907125E+15   28.0   0.453428602832610977E+04   0.411401414888934232E+04
0.905723664263907125E+15   29.0   0.488890842962063471E+04   0.433688659564446516E+04
0.905723664263907125E+15   30.0   0.525890195305711131E+04   0.454971077896174120E+04
0.905723664263907125E+15   31.0   0.564431511557079011E+04   0.475092613840047943E+04
0.905723664263907125E+15   32.0   0.604512774617832019E+04   0.493915891992029810E+04
0.905723664263907125E+15   33.0   0.646123509194710732E+04   0.511323601636291642E+04
0.905723664263907125E+15   34.0   0.689242871868762450E+04   0.527219398162421021E+04
0.905723664263907125E+15   35.0   0.733837524829769882E+04   0.541528275542029132E+04
0.905723664263907125E+15   36.0   0.779859440777818872E+04   0.554196392827507134E+04
0.905723664263907125E+15   37.0   0.827243771715889852E+04   0.565190410341296138E+04
0.905723664263907125E+15   38.0   0.875906876109365294E+04   0.574496448396150481E+04
0.905723664263907125E+15   39.0   0.925744559167581792E+04   0.582118786078747598E+04
0.905723664263907125E+15   40.0   0.976630549123398850E+04   0.588078378636078105E+04
0.905723664263907125E+15   41.0   0.102841521828639216E+05   0.592411227742035953E+04
0.905723664263907125E+15   42.0   0.108092457043061131E+05   0.595166622861655287E+04
0.905723664263907125E+15   43.0   0.113395955324596653E+05   0.596405289167019782E+04
0.905723664263907125E+15   44.0   0.118729579975213128E+05   0.596197506974613134E+04
0.905723664263907125E+15   45.0   0.124068393378218880E+05   0.594621282508037348E+04
0.905723664263907125E+15   46.0   0.129385057618193441E+05   0.591760636859647093E+04
0.905723664263907125E+15   47.0   0.134650015754097421E+05   0.587704046254570403E+04
0.905723664263907125E+15   48.0   0.139831758989800055E+05   0.582543030758101850E+04
0.905723664263907125E+15   49.0   0.144897178996402072E+05   0.576370867327835731E+04
0.905723664263907125E+15   50.0   0.149811999378333112E+05   0.569281402520206575E+04
0.905723664263907125E+15   51.0   0.154541276331292720E+05   0.561367954654777350E+04
0.905723664263907125E+15   52.0   0.159049955655287304E+05   0.552722313395731453E+04
0.905723664263907125E+15   53.0   0.163303470840163827E+05   0.543433856448638198E+04
0.905723664263907125E+15   54.0   0.167268364567959143E+05   0.533588803789665872E+04
0.905723664263907125E+15   55.0   0.170912913970032605E+05   0.523269620957852294E+04
0.905723664263907125E+15   56.0   0.174207739036619387E+05   0.512554569359413199E+04
0.905723664263907125E+15   57.0   0.177126374176348290E+05   0.501517388789991128E+04
0.905723664263907125E+15   58.0   0.179645784767760924E+05   0.490227089347970832E+04
0.905723664263907125E+15   59.0   0.181746812700185037E+05   0.478747828014561674E+04
0.905723664263907125E+15   60.0   0.183414536565436138E+05   0.467138848672121458E+04
0.905723664263907125E+15   61.0   0.184638533427700713E+05   0.455454471036023460E+04
0.905723664263907125E+15   62.0   0.185413031073433303E+05   0.443744121321107650E+04
0.905723664263907125E+15   63.0   0.185736943649447458E+05   0.432052403163939562E+04
0.905723664263907125E+15   64.0   0.185613790081512016E+05   0.420419209985650014E+04
0.905723664263907125E+15   65.0   0.185051502565863520E+05   0.408879879300220819E+04
0.905723664263907125E+15   66.0   0.184062139545444115E+05   0.397465386103878927E+04
0.905723664263907125E+15   67.0   0.182661521751689288E+05   0.386202567748547563E+04
0.905723664263907125E+15   68.0   0.180868810143904193E+05   0.375114368043114746E+04
0.905723664263907125E+15   69.0   0.178706041639530195E+05   0.364220084890450335E+04
0.905723664263907125E+15   70.0   0.176197634287848014E+05   0.353535604046726985E+04
0.905723664263907125E+15   71.0   0.173369869967177001E+05   0.343073601456597726E+04
0.905723664263907125E+15   72.0   0.170250360787553145E+05   0.332843697413228438E+04
0.905723664263907125E+15   73.0   0.166867504883158144E+05   0.322852546772104324E+04
0.905723664263907125E+15   74.0   0.163249937056519866E+05   0.313103850105669790E+04
0.905723664263907125E+15   75.0   0.159425978704099889E+05   0.303598271079274309E+04
0.905723664263907125E+15   76.0   0.155423089363761028E+05   0.294333246256924440E+04
0.905723664263907125E+15   77.0   0.151267319946705684E+05   0.285302676455435494E+04
0.905723664263907125E+15   78.0   0.146982766948118424E+05   0.276496495585011508E+04
0.905723664263907125E+15   79.0   0.142591029484521678E+05   0.267900125539088322E+04
0.905723664263907125E+15   80.0   0.138110678094295181E+05   0.259493845535524133E+04
0.905723664263907125E+15   81.0   0.133556755927694758E+05   0.251252131565044829E+04
0.905723664263907125E+15   82.0   0.128940348002634291E+05   0.243143054722594479E+04
0.905723664263907125E+15   83.0   0.124268270165348422E+05   0.235127862388483845E+04
0.905723664263907125E+15   84.0   0.119542942950357537E+05   0.227160897389571983E+04
0.905723664263907125E+15   85.0   0.114762522901783414E+05   0.219190029361448751E+04
0.905723664263907125E+15   86.0   0.109921361401027789E+05   0.211157770671400340E+04
0.905723664263907125E+15   87.0   0.105010845623328678E+05   0.203003218336417012E+04
0.110408951367381175E+16   16.0   0.126961088518354541E+04   0.828757291636244418E+03
0.110408951367381175E+16   17.0   0.145344338748925406E+04   0.897442146748846767E+03
0.110408951367381175E+16   18.0   0.165072520544651934E+04   0.961460099206924724E+03
0.110408951367381175E+16   19.0   0.186162712534413822E+04   0.101999076337257964E+04
0.110408951367381175E+16   20.0   0.208627963608596292E+04   0.107239565907753035E+04
0.110408951367381175E+16   21.0   0.232475449183515002E+04   0.111822088696653395E+04
0.110408951367381175E+16   22.0   0.257704628712054728E+04   0.115719242512117376E+04
0.110408951367381175E+16   23.0   0.284304857958016646E+04   0.118920495820928090E+04
0.110408951367381175E+16   24.0   0.312252006007769114E+04   0.121430561591261858E+04
0.110408951367381175E+16   25.0   0.341504162730006783E+04   0.123267418283309371E+04
0.110408951367381175E+16   26.0   0.371996909694674605E+04   0.124460134600821948E+04
0.110408951367381175E+16   27.0   0.403638658219530589E+04   0.125046650652533117E+04
0.110408951367381175E+16   28.0   0.436306459439058835E+04   0.125071641721635478E+04
0.110408951367381175E+16   29.0   0.469842608420130091E+04   0.124584534882842240E+04
0.110408951367381175E+16   30.0   0.504052267753453725E+04   0.123637694085915405E+04
0.110408951367381175E+16   31.0   0.538702234263522587E+04   0.122284770840796250E+04
0.110408951367381175E+16   32.0   0.573520965022254859E+04   0.120579235128723531E+04
0.110408951367381175E+16   33.0   0.608200114398716323E+04   0.118573124068608558E+04
0.110408951367381175E+16   34.0   0.642397997637497701E+04   0.116316045642806512E+04
0.110408951367381175E+16   35.0   0.675745383692801079E+04   0.113854447148759755E+04
0.110408951367381175E+16   36.0   0.707853732083642262E+04   0.111231120702482326E+04
0.110408951367381175E+16   37.0   0.738325534923738360E+04   0.108484894037142044E+04
0.110408951367381175E+16   38.0   0.766766026496821178E+04   0.105650456101145642E+04
0.110408951367381175E+16   39.0   0.792795340644530916E+04   0.102758288450005193E+04
0.110408951367381175E+16   40.0   0.816060257219906907E+04   0.998346980122057744E+03
0.110408951367381175E+16   41.0   0.836244902311027363E+04   0.969019574790624461E+03
0.110408951367381175E+16   42.0   0.853080025608925280E+04   0.939785504535218934E+03
0.110408951367381175E+16   43.0   0.866350658742258383E+04   0.910794977183197830E+03
0.110408951367381175E+16   44.0   0.875902016005370388E+04   0.882167240779185818E+03
0.110408951367381175E+16   45.0   0.881643474684475768E+04   0.853994242042930182E+03
0.110408951367381175E+16   46.0   0.883550449542360911E+04   0.826344016912808343E+03
0.110408951367381175E+16   47.0   0.881664015042152460E+04   0.799263783890683385E+03
0.110408951367381175E+16   48.0   0.876088237164867132E+04   0.772782878815899380E+03
0.110408951367381175E+16   49.0   0.866985328298341483E+04   0.746915695194154296E+03
0.110408951367381175E+16   50.0   0.854568903357725139E+04   0.721664687454554723E+03
0.110408951367381175E+16   51.0   0.839095766720868596E+04   0.697023338859465184E+03
0.110408951367381175E+16   52.0   0.820856768985764393E+04   0.672978889287983407E+03
0.110408951367381175E+16   53.0   0.800167311024370611E+04   0.649514617426546010E+03
0.110408951367381175E+16   54.0   0.777358026800741300E+04   0.626611568807137473E+03
0.110408951367381175E+16   55.0   0.752766061742906822E+04   0.604249758749333978E+03
0.110408951367381175E+16   56.0   0.726727220502476666E+04   0.582408989658899486E+03
0.110408951367381175E+16   57.0   0.699569130526794834E+04   0.561069461965216760E+03
0.110408951367381175E+16   58.0   0.671605481074485488E+04   0.540212323736097005E+03
0.110408951367381175E+16   59.0   0.643131349816102374E+04   0.519820225092902660E+03
0.110408951367381175E+16   60.0   0.614419602404851412E+04   0.499877861769258288E+03
0.110408951367381175E+16   61.0   0.585718324935225337E+04   0.480372440676489191E+03
0.110408951367381175E+16   62.0   0.557249216961515867E+04   0.461293992127071078E+03
0.110408951367381175E+16   63.0   0.529206838620714643E+04   0.442635480999293122E+03
0.110408951367381175E+16   64.0   0.501758580716680353E+04   0.424392713315542551E+03
0.110408951367381175E+16   65.0   0.475045220223884735E+04   0.406564075071467357E+03
0.110408951367381175E+16   66.0   0.449181936268458776E+04   0.389150163205421791E+03
0.110408951367381175E+16   67.0   0.424259685791912580E+04   0.372153370814077903E+03
0.110408951367381175E+16   68.0   0.400346862337941866E+04   0.355577474752576165E+03
0.110408951367381175E+16   69.0   0.377491176057594612E+04   0.339427252307821391E+03
0.110408951367381175E+16   70.0   0.355721694507169832E+04   0.323708133125921279E+03
0.110408951367381175E+16   71.0   0.335050975717833262E+04   0.308425878437605206E+03
0.110408951367381175E+16   72.0   0.315477215624022210E+04   0.293586273410185925E+03
0.110408951367381175E+16   73.0   0.296986329876036234E+04   0.279194818766512867E+03
0.110408951367381175E+16   74.0   0.279553899969689746E+04   0.265256411791232154E+03
0.110408951367381175E+16   75.0   0.263146934207571348E+04   0.251775011714358186E+03
0.110408951367381175E+16   76.0   0.247725419185134024E+04   0.238753288531438841E+03
0.110408951367381175E+16   77.0   0.233243659737614644E+04   0.226192257219047690E+03
0.110408951367381175E+16   78.0   0.219651419513408018E+04   0.214090901817038940E+03
0.110408951367381175E+16   79.0   0.206894880057859746E+04   0.202445797236811728E+03
0.110408951367381175E+16   80.0   0.194917437478051397E+04   0.191250742153256851E+03
0.110408951367381175E+16   81.0   0.183660358323561718E+04   0.180496424523255769E+03
0.110408951367381175E+16   82.0   0.173063324993441734E+04   0.170170151805845109E+03
0.110408951367381175E+16   83.0   0.163064916780062754E+04   0.160255689392748849E+03
0.110408951367381175E+16   84.0   0.153603092231255187E+04   0.150733260680081401E+03
0.110408951367381175E+16   85.0   0.144615755170275656E+04   0.141579767481037152E+03
0.110408951367381175E+16   86.0   0.136041492826441754E+04   0.132769286796850650E+03
0.110408951367381175E+16   87.0   0.127820563898072214E+04   0.124273886463589378E+03
0.134590019263235375E+16   16.0   0.113169094454764627E+04   0.324622065837182618E+03
0.134590019263235375E+16   17.0   0.129806750751906702E+04   0.334471209555090070E+03
0.134590019263235375E+16   18.0   0.147615084816789204E+04   0.341542606287141439E+03
0.134590019263235375E+16   19.0   0.166570882856281310E+04   0.346028029215384322E+03
0.134590019263235375E+16   20.0   0.186628816143357631E+04   0.348161820432865454E+03
0.134590019263235375E+16   21.0   0.207715056838296050E+04   0.348203492267220724E+03
0.134590019263235375E+16   22.0   0.229721326176755929E+04   0.346421563785797957E+03
0.134590019263235375E+16   23.0   0.252499693570147247E+04   0.343080596832329832E+03
0.134590019263235375E+16   24.0   0.275858490223632907E+04   0.338432571125023969E+03
0.134590019263235375E+16   25.0   0.299560022595694409E+04   0.332711865894225980E+03
0.134590019263235375E+16   26.0   0.323320896881277304E+04   0.326132017899947698E+03
0.134590019263235375E+16   27.0   0.346815566816089495E+04   0.318882957791492061E+03
0.134590019263235375E+16   28.0   0.369683418475508915E+04   0.311128813243847333E+03
0.134590019263235375E+16   29.0   0.391539407193894704E+04   0.303007197121640843E+03
0.134590019263235375E+16   30.0   0.411987879346756381E+04   0.294630531652134721E+03
0.134590019263235375E+16   31.0   0.430638738265619759E+04   0.286088947809418130E+03
0.134590019263235375E+16   32.0   0.447124698178446215E+04   0.277453645261329086E+03
0.134590019263235375E+16   33.0   0.461118170815123540E+04   0.268779785881167186E+03
0.134590019263235375E+16   34.0   0.472346390761113798E+04   0.260108706677965301E+03
0.134590019263235375E+16   35.0   0.480603639653542541E+04   0.251469824813254604E+03
0.134590019263235375E+16   36.0   0.485759764612237268E+04   0.242882689322675986E+03
0.134590019263235375E+16   37.0   0.487764531905203330E+04   0.234359315680244919E+03
0.134590019263235375E+16   38.0   0.486647706748091878E+04   0.225906580927299103E+03
0.134590019263235375E+16   39.0   0.482515100313447056E+04   0.217528331034672931E+03
0.134590019263235375E+16   40.0   0.475541123743753451E+04   0.209226979824550028E+03
0.134590019263235375E+16   41.0   0.465958582906846732E+04   0.201004602399014800E+03
0.134590019263235375E+16   42.0   0.454046544505947077E+04   0.192863677497185478E+03
0.134590019263235375E+16   43.0   0.440117147430337172E+04   0.184807647038125424E+03
0.134590019263235375E+16   44.0   0.424502231768523507E+04   0.176841378351752383E+03
0.134590019263235375E+16   45.0   0.407540579479737880E+04   0.168971518509526362E+03
0.134590019263235375E+16   46.0   0.389566393973107915E+04   0.161206681378637029E+03
0.134590019263235375E+16   47.0   0.370899437918948479E+04   0.153557418863507678E+03
0.134590019263235375E+16   48.0   0.351837067805016522E+04   0.146035974198407899E+03
0.134590019263235375E+16   49.0   0.332648277786554900E+04   0.138655863561213550E+03
0.134590019263235375E+16   50.0   0.313569767723924451E+04   0.131431360088652326E+03
0.134590019263235375E+16   51.0   0.294803942455410788E+04   0.124376956223510575E+03
0.134590019263235375E+16   52.0   0.276518626487868141E+04   0.117506863304117530E+03
0.134590019263235375E+16   53.0   0.258848173639780498E+04   0.110834582832122891E+03
0.134590019263235375E+16   54.0   0.241895603065572413E+04   0.104372561378927315E+03
0.134590019263235375E+16   55.0   0.225735411972524753E+04   0.981319256826664912E+02
0.134590019263235375E+16   56.0   0.210416778109674124E+04   0.921222870741654134E+02
0.134590019263235375E+16   57.0   0.195966935298147087E+04   0.863516033071275899E+02
0.134590019263235375E+16   58.0   0.182394557575149884E+04   0.808260884326565616E+02
0.134590019263235375E+16   59.0   0.169693018758512380E+04   0.755501649183210588E+02
0.134590019263235375E+16   60.0   0.157843417243947624E+04   0.705264549088683594E+02
0.134590019263235375E+16   61.0   0.146817285046347388E+04   0.657558085285732545E+02
0.134590019263235375E+16   62.0   0.136578940279526842E+04   0.612373665980647459E+02
0.134590019263235375E+16   63.0   0.127087486381727126E+04   0.569686538422264377E+02
0.134590019263235375E+16   64.0   0.118298496677010121E+04   0.529456974995981611E+02
0.134590019263235375E+16   65.0   0.110165439531771426E+04   0.491631658125852411E+02
0.134590019263235375E+16   66.0   0.102640896101838030E+04   0.456145212645682747E+02
0.134590019263235375E+16   67.0   0.956776064112763379E+03   0.422921842753242245E+02
0.134590019263235375E+16   68.0   0.892293606775891249E+03   0.391877038039754026E+02
0.134590019263235375E+16   69.0   0.832517397228662389E+03   0.362919314891550044E+02
0.134590019263235375E+16   70.0   0.777027040159160947E+03   0.335951954646215540E+02
0.134590019263235375E+16   71.0   0.725430334487885034E+03   0.310874690986228472E+02
0.134590019263235375E+16   72.0   0.677366251177935169E+03   0.287585291287025342E+02
0.134590019263235375E+16   73.0   0.632506605748936977E+03   0.265980975386908192E+02
0.134590019263235375E+16   74.0   0.590556558479451496E+03   0.245959623726443048E+02
0.134590019263235375E+16   75.0   0.551254076425030007E+03   0.227420744820292704E+02
0.134590019263235375E+16   76.0   0.514368490310044649E+03   0.210266196129769121E+02
0.134590019263235375E+16   77.0   0.479698287052889782E+03   0.194400677115205589E+02
0.134590019263235375E+16   78.0   0.447068296713326220E+03   0.179732033131524567E+02
0.134590019263235375E+16   79.0   0.416326454182837267E+03   0.166171420095510527E+02
0.134590019263235375E+16   80.0   0.387340331797773445E+03   0.153633381584985838E+02
0.134590019263235375E+16   81.0   0.359993642565366542E+03   0.142035883996201324E+02
0.134590019263235375E+16   82.0   0.334182903396333359E+03   0.131300345253690480E+02
0.134590019263235375E+16   83.0   0.309814426327894864E+03   0.121351682359847963E+02
0.134590019263235375E+16   84.0   0.286801777573889126E+03   0.112118395826477375E+02
0.134590019263235375E+16   85.0   0.265063812537157844E+03   0.103532705750344345E+02
0.134590019263235375E+16   86.0   0.244523360493619151E+03   0.955307538357936536E+01
0.134590019263235375E+16   87.0   0.225106593949236753E+03   0.880528851449253303E+01
0.164067071201527800E+16   16.0   0.100327489189282528E+04   0.729813303693760815E+02
0.164067071201527800E+16   17.0   0.114621132163934408E+04   0.727711446223899259E+02
0.164067071201527800E+16   18.0   0.129559667462878451E+04   0.721925425958516627E+02
0.164067071201527800E+16   19.0   0.144943263328227613E+04   0.713091285329160911E+02
0.164067071201527800E+16   20.0   0.160514682463616668E+04   0.701714062393996869E+02
0.164067071201527800E+16   21.0   0.175961714586866788E+04   0.688186976309987983E+02
0.164067071201527800E+16   22.0   0.190926594295169707E+04   0.672814521090820392E+02
0.164067071201527800E+16   23.0   0.205022299736304058E+04   0.655830661924519944E+02
0.164067071201527800E+16   24.0   0.217854254763826930E+04   0.637414139664926225E+02
0.164067071201527800E+16   25.0   0.229045152369263451E+04   0.617705422565039370E+02
0.164067071201527800E+16   26.0   0.238260272975843736E+04   0.596825497360076440E+02
0.164067071201527800E+16   27.0   0.245230594464241494E+04   0.574892715734631778E+02
0.164067071201527800E+16   28.0   0.249771180731117602E+04   0.552034045057526299E+02
0.164067071201527800E+16   29.0   0.251792850561370960E+04   0.528389880356652029E+02
0.164067071201527800E+16   30.0   0.251305957116595209E+04   0.504114088563922138E+02
0.164067071201527800E+16   31.0   0.248416127893556313E+04   0.479371694779798361E+02
0.164067071201527800E+16   32.0   0.243312841099566413E+04   0.454335902611350946E+02
0.164067071201527800E+16   33.0   0.236252549127793282E+04   0.429184994634190247E+02
0.164067071201527800E+16   34.0   0.227538531276767617E+04   0.404098895078746736E+02
0.164067071201527800E+16   35.0   0.217499732756988442E+04   0.379255070781330517E+02
0.164067071201527800E+16   36.0   0.206470651356645885E+04   0.354823818520766707E+02
0.164067071201527800E+16   37.0   0.194773968938408484E+04   0.330963443188383266E+02
0.164067071201527800E+16   38.0   0.182707073796109285E+04   0.307816033921782264E+02
0.164067071201527800E+16   39.0   0.170532908770220661E+04   0.285504392414484762E+02
0.164067071201527800E+16   40.0   0.158474908503558640E+04   0.264130298843981350E+02
0.164067071201527800E+16   41.0   0.146715375850161922E+04   0.243773954300705640E+02
0.164067071201527800E+16   42.0   0.135396518258958281E+04   0.224494279223276578E+02
0.164067071201527800E+16   43.0   0.124623378784201259E+04   0.206329785165742088E+02
0.164067071201527800E+16   44.0   0.114467936980998479E+04   0.189299865962597060E+02
0.164067071201527800E+16   45.0   0.104973725862298738E+04   0.173406452832430844E+02
0.164067071201527800E+16   46.0   0.961604579395233827E+03   0.158635990600710581E+02
0.164067071201527800E+16   47.0   0.880283610104676427E+03   0.144961643382857730E+02
0.164067071201527800E+16   48.0   0.805621161821790906E+03   0.132345590382476068E+02
0.164067071201527800E+16   49.0   0.737344021084233077E+03   0.120741272844085312E+02
0.164067071201527800E+16   50.0   0.675090771493840293E+03   0.110095504056521794E+02
0.164067071201527800E+16   51.0   0.618440163946267376E+03   0.100350421470919553E+02
0.164067071201527800E+16   52.0   0.566936035633190158E+03   0.914453023252458763E+01
0.164067071201527800E+16   53.0   0.520108728732667032E+03   0.833182614016433831E+01
0.164067071201527800E+16   54.0   0.477492977202354780E+03   0.759078116424287952E+01
0.164067071201527800E+16   55.0   0.438642248900020888E+03   0.691542252497435683E+01
0.164067071201527800E+16   56.0   0.403139559528511882E+03   0.630006144513507937E+01
0.164067071201527800E+16   57.0   0.370604859743161796E+03   0.573936708061994505E+01
0.164067071201527800E+16   58.0   0.340699246201745439E+03   0.522840519872154719E+01
0.164067071201527800E+16   59.0   0.313126414268964254E+03   0.476264633799465908E+01
0.164067071201527800E+16   60.0   0.287631887895760372E+03   0.433795249161227225E+01
0.164067071201527800E+16   61.0   0.264000592389709368E+03   0.395055270120035074E+01
0.164067071201527800E+16   62.0   0.242053287019650810E+03   0.359701629533449108E+01
0.164067071201527800E+16   63.0   0.221642286123908008E+03   0.327422896272723962E+01
0.164067071201527800E+16   64.0   0.202646810271626777E+03   0.297937298989212573E+01
0.164067071201527800E+16   65.0   0.184968243981280636E+03   0.270991014972536526E+01
0.164067071201527800E+16   66.0   0.168525531959914218E+03   0.246356454937998315E+01
0.164067071201527800E+16   67.0   0.153250908459457065E+03   0.223830313510188939E+01
0.164067071201527800E+16   68.0   0.139086111915252843E+03   0.203231289577775920E+01
0.164067071201527800E+16   69.0   0.125979185844807134E+03   0.184397533810034941E+01
0.164067071201527800E+16   70.0   0.113881911714921713E+03   0.167183991328933534E+01
0.164067071201527800E+16   71.0   0.102747868416860896E+03   0.151459846879333071E+01
0.164067071201527800E+16   72.0   0.925310728241098701E+02   0.137106251224757858E+01
0.164067071201527800E+16   73.0   0.831851293365261455E+02   0.124014435923886124E+01
0.164067071201527800E+16   74.0   0.746628023210570291E+02   0.112084240816129377E+01
0.164067071201527800E+16   75.0   0.669159212073089265E+02   0.101223010596392871E+01
0.164067071201527800E+16   76.0   0.598955310387209394E+02   0.913447778503075680E+00
0.164067071201527800E+16   77.0   0.535522095652194849E+02   0.823696412290806479E+00
0.164067071201527800E+16   78.0   0.478364839767851890E+02   0.742232615149744146E+00
0.164067071201527800E+16   79.0   0.426992943698101683E+02   0.668364237390966509E+00
0.164067071201527800E+16   80.0   0.380924649685223429E+02   0.601446397147342049E+00
0.164067071201527800E+16   81.0   0.339691560095939522E+02   0.540877852969961159E+00
0.164067071201527800E+16   82.0   0.302842778668186696E+02   0.486097776670956050E+00
0.164067071201527800E+16   83.0   0.269948544665313399E+02   0.436583007285292590E+00
0.164067071201527800E+16   84.0   0.240603264425462129E+02   0.391845840389527744E+00
0.164067071201527800E+16   85.0   0.214427873410144940E+02   0.351432357035747434E+00
0.164067071201527800E+16   86.0   0.191071497186262249E+02   0.314921247808988891E+00
0.164067071201527800E+16   87.0   0.170212424565326366E+02   0.281923052388219075E+00
0.200000000000000025E+16   16.0   0.855076360779057381E+03   0.131674697015574793E+02
0.200000000000000025E+16   17.0   0.954340785940421483E+03   0.128515057808642545E+02
0.200000000000000025E+16   18.0   0.104689560196692696E+04   0.124388047009623985E+02
0.200000000000000025E+16   19.0   0.112879631288414566E+04   0.119431081861410107E+02
0.200000000000000025E+16   20.0   0.119639067991916863E+04   0.113792982396147071E+02
0.200000000000000025E+16   21.0   0.124669348020341977E+04   0.107627840435166906E+02
0.200000000000000025E+16   22.0   0.127769064859817558E+04   0.101089770837247155E+02
0.200000000000000025E+16   23.0   0.128852759972813783E+04   0.943281328153139320E+01
0.200000000000000025E+16   24.0   0.127955687647451009E+04   0.874826982419623356E+01
0.200000000000000025E+16   25.0   0.125224287515739934E+04   0.806790256148593166E+01
0.200000000000000025E+16   26.0   0.120894636144916240E+04   0.740248740447287190E+01
0.200000000000000025E+16   27.0   0.115263240786849042E+04   0.676082946564696563E+01
0.200000000000000025E+16   28.0   0.108655470260215975E+04   0.614973736802491544E+01
0.200000000000000025E+16   29.0   0.101396427409315731E+04   0.557411233945224538E+01
0.200000000000000025E+16   30.0   0.937876250632508686E+03   0.503710260746728444E+01
0.200000000000000025E+16   31.0   0.860911283676794824E+03   0.454030183203751569E+01
0.200000000000000025E+16   32.0   0.785212338904878493E+03   0.408398826838938067E+01
0.200000000000000025E+16   33.0   0.712424906236116840E+03   0.366739429978897391E+01
0.200000000000000025E+16   34.0   0.643722302690002834E+03   0.328897852758707065E+01
0.200000000000000025E+16   35.0   0.579858234272237155E+03   0.294666702977825512E+01
0.200000000000000025E+16   36.0   0.521232778862325063E+03   0.263804425428001466E+01
0.200000000000000025E+16   37.0   0.467961941024415125E+03   0.236049641572432822E+01
0.200000000000000025E+16   38.0   0.419944157326969901E+03   0.211132470391272875E+01
0.200000000000000025E+16   39.0   0.376920086432041671E+03   0.188784432141024472E+01
0.200000000000000025E+16   40.0   0.338524420063056198E+03   0.168747341945668472E+01
0.200000000000000025E+16   41.0   0.304329687282153486E+03   0.150780470153101476E+01
0.200000000000000025E+16   42.0   0.273882269645739257E+03   0.134664987596262087E+01
0.200000000000000025E+16   43.0   0.246730837799721826E+03   0.120205339066855466E+01
0.200000000000000025E+16   44.0   0.222447583142924287E+03   0.107228117767111075E+01
0.200000000000000025E+16   45.0   0.200642855836111522E+03   0.955796109644312497E+00
0.200000000000000025E+16   46.0   0.180973955872507247E+03   0.851231742633609012E+00
0.200000000000000025E+16   47.0   0.163148881851097684E+03   0.757371153505732475E+00
0.200000000000000025E+16   48.0   0.146925927283134286E+03   0.673131887900414783E+00
0.200000000000000025E+16   49.0   0.132110126650244666E+03   0.597554289162508523E+00
0.200000000000000025E+16   50.0   0.118547598960931765E+03   0.529789823929789572E+00
0.200000000000000025E+16   51.0   0.106118753268925261E+03   0.469087597177769822E+00
0.200000000000000025E+16   52.0   0.947311392388827755E+02   0.414779397641744263E+00
0.200000000000000025E+16   53.0   0.843125246846711462E+02   0.366264995147715655E+00
0.200000000000000025E+16   54.0   0.748046154342752629E+02   0.322999554780474707E+00
0.200000000000000025E+16   55.0   0.661577057511983071E+02   0.284484247887410280E+00
0.200000000000000025E+16   56.0   0.583264370922163806E+02   0.250260075313460340E+00
0.200000000000000025E+16   57.0   0.512667314671435648E+02   0.219904129089983358E+00
0.200000000000000025E+16   58.0   0.449338547033607938E+02   0.193027243439786778E+00
0.200000000000000025E+16   59.0   0.392814696751757566E+02   0.169272156453206424E+00
0.200000000000000025E+16   60.0   0.342614754797870731E+02   0.148311690706063093E+00
0.200000000000000025E+16   61.0   0.298244023427354783E+02   0.129846833083243934E+00
0.200000000000000025E+16   62.0   0.259201404825713588E+02   0.113604815781856369E+00
0.200000000000000025E+16   63.0   0.224988145378003139E+02   0.993373502879959652E-01
0.200000000000000025E+16   64.0   0.195116616399677874E+02   0.868190998903661387E-01
0.200000000000000025E+16   65.0   0.169118199107130245E+02   0.758463737945549998E-01
0.200000000000000025E+16   66.0   0.146549767473260406E+02   0.662359493917416969E-01
0.200000000000000025E+16   67.0   0.126998579198567469E+02   0.578239060015892162E-01
0.200000000000000025E+16   68.0   0.110085581867294646E+02   0.504643788746902341E-01
0.200000000000000025E+16   69.0   0.954672405284138925E+01   0.440281941769600019E-01
0.200000000000000025E+16   70.0   0.828360344027175977E+01   0.384013992693693976E-01
0.200000000000000025E+16   71.0   0.719197929128738167E+01   0.334837404360913762E-01
0.200000000000000025E+16   72.0   0.624800669603693315E+01   0.291871555772656791E-01
0.200000000000000025E+16   73.0   0.543097617437915403E+01   0.254343446171225937E-01
0.200000000000000025E+16   74.0   0.472302795919958207E+01   0.221574627828324579E-01
0.200000000000000025E+16   75.0   0.410884205771085664E+01   0.192969597431848668E-01
0.200000000000000025E+16   76.0   0.357532589202937823E+01   0.168005674011815279E-01
0.200000000000000025E+16   77.0   0.311131601477010511E+01   0.146224246104501455E-01
0.200000000000000025E+16   78.0   0.270730417159427850E+01   0.127223192950141825E-01
0.200000000000000025E+16   79.0   0.235519235733648058E+01   0.110650265515855831E-01
0.200000000000000025E+16   80.0   0.204807749668880668E+01   0.961972354961400204E-02
0.200000000000000025E+16   81.0   0.178006421022364303E+01   0.835946644904555884E-02
0.200000000000000025E+16   82.0   0.154610340780346300E+01   0.726071946724636888E-02
0.200000000000000025E+16   83.0   0.134185450667088135E+01   0.630293047645039302E-02
0.200000000000000025E+16   84.0   0.116356929600906622E+01   0.546815048191901919E-02
0.200000000000000025E+16   85.0   0.100799552574897322E+01   0.474069585020339430E-02
0.200000000000000025E+16   86.0   0.872298135987301548E+00   0.410685240622823359E-02
0.200000000000000025E+16   87.0   0.753995790679441336E+00   0.355461985850033350E-02
0.243802730840894850E+16   16.0   0.643870310719882127E+03   0.240213864195204874E+01
0.243802730840894850E+16   17.0   0.683355674978568800E+03   0.221780244441089236E+01
0.243802730840894850E+16   18.0   0.707863642919742915E+03   0.202979342756205350E+01
0.243802730840894850E+16   19.0   0.716422111693191141E+03   0.184389194364407238E+01
0.243802730840894850E+16   20.0   0.709387025142885705E+03   0.166445773735892755E+01
0.243802730840894850E+16   21.0   0.688289724056189357E+03   0.149452973774615416E+01
0.243802730840894850E+16   22.0   0.655532381722910714E+03   0.133603272216493552E+01
0.243802730840894850E+16   23.0   0.614013079318981227E+03   0.119001612544523327E+01
0.243802730840894850E+16   24.0   0.566755527642327593E+03   0.105685699330587979E+01
0.243802730840894850E+16   25.0   0.516599017824394082E+03   0.936410741743923691E+00
0.243802730840894850E+16   26.0   0.465979992371816593E+03   0.828137561771539965E+00
0.243802730840894850E+16   27.0   0.416813416716258189E+03   0.731232560013413746E+00
0.243802730840894850E+16   28.0   0.370463968707716333E+03   0.644757196260663523E+00
0.243802730840894850E+16   29.0   0.327785637010510811E+03   0.567746642973699256E+00
0.243802730840894850E+16   30.0   0.289203111179576695E+03   0.499273217771226907E+00
0.243802730840894850E+16   31.0   0.254809368027605530E+03   0.438469099059549117E+00
0.243802730840894850E+16   32.0   0.224460737733180707E+03   0.384528536185728964E+00
0.243802730840894850E+16   33.0   0.197859726853153461E+03   0.336708848791435977E+00
0.243802730840894850E+16   34.0   0.174622433302944671E+03   0.294336799030344265E+00
0.243802730840894850E+16   35.0   0.154330517797335943E+03   0.256815610393519023E+00
0.243802730840894850E+16   36.0   0.136569077408453069E+03   0.223625518499179388E+00
0.243802730840894850E+16   37.0   0.120952493704722883E+03   0.194315515656569349E+00
0.243802730840894850E+16   38.0   0.107140436358652948E+03   0.168489661290706555E+00
0.243802730840894850E+16   39.0   0.948458799209456771E+02   0.145793473385526590E+00
0.243802730840894850E+16   40.0   0.838367057690148130E+02   0.125904188067672423E+00
0.243802730840894850E+16   41.0   0.739323828349722021E+02   0.108525496362359627E+00
0.243802730840894850E+16   42.0   0.649972000236256235E+02   0.933851703431593794E-01
0.243802730840894850E+16   43.0   0.569314523411329318E+02   0.802336348908622987E-01
0.243802730840894850E+16   44.0   0.496618827644927663E+02   0.688424205563789582E-01
0.243802730840894850E+16   45.0   0.431325526037164408E+02   0.590024655143478877E-01
0.243802730840894850E+16   46.0   0.372970870018251333E+02   0.505227195575558077E-01
0.243802730840894850E+16   47.0   0.321128829739957240E+02   0.432293762196178238E-01
0.243802730840894850E+16   48.0   0.275374375678992074E+02   0.369656569763189349E-01
0.243802730840894850E+16   49.0   0.235265737824127505E+02   0.315917627795044287E-01
0.243802730840894850E+16   50.0   0.200341066244122743E+02   0.269845651198571401E-01
0.243802730840894850E+16   51.0   0.170124246564318078E+02   0.230367876706372050E-01
0.243802730840894850E+16   52.0   0.144135245713944009E+02   0.196556793571883714E-01
0.243802730840894850E+16   53.0   0.121901621507219549E+02   0.167613639414667288E-01
0.243802730840894850E+16   54.0   0.102969138542342602E+02   0.142851117232792885E-01
0.243802730840894850E+16   55.0   0.869104528735138615E+01   0.121677338853686725E-01
0.243802730840894850E+16   56.0   0.733314757756376157E+01   0.103582053770664689E-01
0.243802730840894850E+16   57.0   0.618753846803992946E+01   0.881253201047460348E-02
0.243802730840894850E+16   58.0   0.522244462477211968E+01   0.749282156678395244E-02
0.243802730840894850E+16   59.0   0.440999455864940337E+01   0.636650125594862004E-02
0.243802730840894850E+16   60.0   0.372606082890930956E+01   0.540563294983561603E-02
0.243802730840894850E+16   61.0   0.314999489398547539E+01   0.458629723003302694E-02
0.243802730840894850E+16   62.0   0.266429676216601363E+01   0.388803532350044754E-02
0.243802730840894850E+16   63.0   0.225425504179819258E+01   0.329334876311047822E-02
0.243802730840894850E+16   64.0   0.190758367047335731E+01   0.278725979374448403E-02
0.243802730840894850E+16   65.0   0.161407258416515376E+01   0.235693366294751142E-02
0.243802730840894850E+16   66.0   0.136526285543102444E+01   0.199136005320508808E-02
0.243802730840894850E+16   67.0   0.115415268849110553E+01   0.168108734719997184E-02
0.243802730840894850E+16   68.0   0.974938204932926933E+00   0.141800134032134544E-02
0.243802730840894850E+16   69.0   0.822791043363676144E+00   0.119513963667351709E-02
0.243802730840894850E+16   70.0   0.693672784124087172E+00   0.100653391388394096E-02
0.243802730840894850E+16   71.0   0.584184122362793712E+00   0.847073923261994254E-03
0.243802730840894850E+16   72.0   0.491444956945886524E+00   0.712388930633713318E-03
0.243802730840894850E+16   73.0   0.413000521040806645E+00   0.598743881608113874E-03
0.243802730840894850E+16   74.0   0.346748455447664750E+00   0.502948670740439776E-03
0.243802730840894850E+16   75.0   0.290882137251008588E+00   0.422279467209406702E-03
0.243802730840894850E+16   76.0   0.243846313710761292E+00   0.354411195101631959E-03
0.243802730840894850E+16   77.0   0.204301881301669597E+00   0.297360149184521059E-03
0.243802730840894850E+16   78.0   0.171097345973709847E+00   0.249435523701530221E-03
0.243802730840894850E+16   79.0   0.143245074292054797E+00   0.209198480844444054E-03
0.243802730840894850E+16   80.0   0.119900927976368893E+00   0.175427365793438670E-03
0.243802730840894850E+16   81.0   0.100346298363115580E+00   0.147087800092875507E-03
0.243802730840894850E+16   82.0   0.839719277408688125E-01   0.123306619723445929E-03
0.243802730840894850E+16   83.0   0.702632033560045138E-01   0.103348907667560823E-03
0.243802730840894850E+16   84.0   0.587868164098319101E-01   0.865976410544180971E-04
0.243802730840894850E+16   85.0   0.491787861888278999E-01   0.725356837694442728E-04
0.243802730840894850E+16   86.0   0.411338730219021967E-01   0.607299851808220070E-04
0.243802730840894850E+16   87.0   0.343963719362077661E-01   0.508178960421252211E-04
0.297198857827390250E+16   16.0   0.337423178697891842E+03   0.178117897101316508E+00
0.297198857827390250E+16   17.0   0.324121047613928511E+03   0.157096457028817693E+00
0.297198857827390250E+16   18.0   0.303055989118027014E+03   0.137786455419118742E+00
0.297198857827390250E+16   19.0   0.276880984316802710E+03   0.120181415907329253E+00
0.297198857827390250E+16   20.0   0.248131412662514123E+03   0.104241933178934945E+00
0.297198857827390250E+16   21.0   0.218930717840342282E+03   0.899163708105622794E-01
0.297198857827390250E+16   22.0   0.190863136960092419E+03   0.771405641460117947E-01
0.297198857827390250E+16   23.0   0.164969129669147719E+03   0.658348288872875886E-01
0.297198857827390250E+16   24.0   0.141812946970749579E+03   0.559053379934080497E-01
0.297198857827390250E+16   25.0   0.121582353747289417E+03   0.472484990774158231E-01
0.297198857827390250E+16   26.0   0.104194875755332518E+03   0.397553386505239484E-01
0.297198857827390250E+16   27.0   0.893962195023615180E+02   0.333146137278840238E-01
0.297198857827390250E+16   28.0   0.768436079108328016E+02   0.278150461988281444E-01
0.297198857827390250E+16   29.0   0.661708830591504977E+02   0.231475158880196999E-01
0.297198857827390250E+16   30.0   0.570345278499279473E+02   0.192075299389402113E-01
0.297198857827390250E+16   31.0   0.491413344878369287E+02   0.158975974333431212E-01
0.297198857827390250E+16   32.0   0.422598574927985808E+02   0.131288967265004632E-01
0.297198857827390250E+16   33.0   0.362190551136114109E+02   0.108219223732522116E-01
0.297198857827390250E+16   34.0   0.308984858083334011E+02   0.890629105579736867E-02
0.297198857827390250E+16   35.0   0.262147102322868690E+02   0.732016535645065459E-02
0.297198857827390250E+16   36.0   0.221078189637248244E+02   0.600968031998612949E-02
0.297198857827390250E+16   37.0   0.185305007240145834E+02   0.492848538393892300E-02
0.297198857827390250E+16   38.0   0.154405007262506277E+02   0.403729073768335084E-02
0.297198857827390250E+16   39.0   0.127962606527854046E+02   0.330326578740609139E-02
0.297198857827390250E+16   40.0   0.105550666996169245E+02   0.269924239098046082E-02
0.297198857827390250E+16   41.0   0.867294177304048475E+01   0.220280514625945762E-02
0.297198857827390250E+16   42.0   0.710557775220185572E+01   0.179540944609282759E-02
0.297198857827390250E+16   43.0   0.580971219919014548E+01   0.146163828939447683E-02
0.297198857827390250E+16   44.0   0.474449713902746062E+01   0.118863442770634174E-02
0.297198857827390250E+16   45.0   0.387257966006112531E+01   0.965679792456872687E-03
0.297198857827390250E+16   46.0   0.316078136845422675E+01   0.783868151721314071E-03
0.297198857827390250E+16   47.0   0.258038502262145153E+01   0.635826354429936172E-03
0.297198857827390250E+16   48.0   0.210709675816689446E+01   0.515463838634934142E-03
0.297198857827390250E+16   49.0   0.172076749758420688E+01   0.417749936674430863E-03
0.297198857827390250E+16   50.0   0.140495383349546810E+01   0.338525541757753352E-03
0.297198857827390250E+16   51.0   0.114639238359966034E+01   0.274352163963420049E-03
0.297198857827390250E+16   52.0   0.934453650017665449E+00   0.222394264015719415E-03
0.297198857827390250E+16   53.0   0.760628208476865075E+00   0.180325908435209007E-03
0.297198857827390250E+16   54.0   0.618079466405772715E+00   0.146252413400777757E-03
0.297198857827390250E+16   55.0   0.501277521107140633E+00   0.118640638807680014E-03
0.297198857827390250E+16   56.0   0.405712799520689671E+00   0.962555171734923512E-04
0.297198857827390250E+16   57.0   0.327678694207196086E+00   0.781032459703353481E-04
0.297198857827390250E+16   58.0   0.264108907586404096E+00   0.633825658233539747E-04
0.297198857827390250E+16   59.0   0.212455675721651915E+00   0.514450290262993961E-04
0.297198857827390250E+16   60.0   0.170597378829667051E+00   0.417639864003805787E-04
0.297198857827390250E+16   61.0   0.136766838007764679E+00   0.339109746878902050E-04
0.297198857827390250E+16   62.0   0.109494133466911878E+00   0.275376883722363429E-04
0.297198857827390250E+16   63.0   0.875597979068683807E-01   0.223617946183081392E-04
0.297198857827390250E+16   64.0   0.699557000167094628E-01   0.181552849573512451E-04
0.297198857827390250E+16   65.0   0.558518979140494795E-01   0.147345850261275395E-04
0.297198857827390250E+16   66.0   0.445683222693665712E-01   0.119520685542541551E-04
0.297198857827390250E+16   67.0   0.355504760653840984E-01   0.968886358603935690E-05
0.297198857827390250E+16   68.0   0.283485310564581885E-01   0.784891280817521577E-05
0.297198857827390250E+16   69.0   0.225993389917887727E-01   0.635421993727489680E-05
0.297198857827390250E+16   70.0   0.180109910554778520E-01   0.514114963166385354E-05
0.297198857827390250E+16   71.0   0.143496514450655067E-01   0.415759771518752556E-05
0.297198857827390250E+16   72.0   0.114284497368049159E-01   0.336083222566450156E-05
0.297198857827390250E+16   73.0   0.909823833982559976E-02   0.271582260496182386E-05
0.297198857827390250E+16   74.0   0.724001547211508382E-02   0.219391152193407622E-05
0.297198857827390250E+16   75.0   0.575879822317620135E-02   0.177172675496034348E-05
0.297198857827390250E+16   76.0   0.457872088660676597E-02   0.143026841903443252E-05
0.297198857827390250E+16   77.0   0.363913963303156293E-02   0.115413430310852855E-05
0.297198857827390250E+16   78.0   0.289154566536701293E-02   0.930862629374007841E-06
0.297198857827390250E+16   79.0   0.229711923878606712E-02   0.750379405508284658E-06
0.297198857827390250E+16   80.0   0.182478901806821690E-02   0.604539929143631158E-06
0.297198857827390250E+16   81.0   0.144968982376797949E-02   0.486753810503759602E-06
0.297198857827390250E+16   82.0   0.115193472279599761E-02   0.391682107478325902E-06
0.297198857827390250E+16   83.0   0.915634982212416891E-03   0.314994865763854692E-06
0.297198857827390250E+16   84.0   0.728115085581014054E-03   0.253177847789181358E-06
0.297198857827390250E+16   85.0   0.579281170046831609E-03   0.203378406940410945E-06
0.297198857827390250E+16   86.0   0.461110627039780160E-03   0.163282034970645796E-06
0.297198857827390250E+16   87.0   0.367238377064225312E-03   0.131012784624238077E-06
0.362289465705562950E+16   16.0   0.147101750228775614E+03   0.145025728250789600E-01
0.362289465705562950E+16   17.0   0.128417227750106235E+03   0.121054204283798754E-01
0.362289465705562950E+16   18.0   0.110037703978429576E+03   0.100230124145169238E-01
0.362289465705562950E+16   19.0   0.931088230162585830E+02   0.823951769358744965E-02
0.362289465705562950E+16   20.0   0.782097026257024623E+02   0.673128572991746159E-02
0.362289465705562950E+16   21.0   0.654962693443309689E+02   0.547039264078583512E-02
0.362289465705562950E+16   22.0   0.548501555286617588E+02   0.442664680060442153E-02
0.362289465705562950E+16   23.0   0.460064216898054923E+02   0.356939046448519551E-02
0.362289465705562950E+16   24.0   0.386502897545796955E+02   0.286934810426535533E-02
0.362289465705562950E+16   25.0   0.324815297036680519E+02   0.230009229675210564E-02
0.362289465705562950E+16   26.0   0.272496915408754106E+02   0.183877515977473333E-02
0.362289465705562950E+16   27.0   0.227660410713471464E+02   0.146614582146303352E-02
0.362289465705562950E+16   28.0   0.188994262268812570E+02   0.116613825907400936E-02
0.362289465705562950E+16   29.0   0.155633779965523882E+02   0.925350458852714961E-03
0.362289465705562950E+16   30.0   0.127005497504397713E+02   0.732611052673437101E-03
0.362289465705562950E+16   31.0   0.102686750837310399E+02   0.578670246591298366E-03
0.362289465705562950E+16   32.0   0.823030779952165048E+01   0.455957617189102341E-03
0.362289465705562950E+16   33.0   0.654700988490673641E+01   0.358344870988715420E-03
0.362289465705562950E+16   34.0   0.517744468401846092E+01   0.280896567052897790E-03
0.362289465705562950E+16   35.0   0.407814269535606311E+01   0.219631045243198211E-03
0.362289465705562950E+16   36.0   0.320559105761460916E+01   0.171320614807975071E-03
0.362289465705562950E+16   37.0   0.251857687495378535E+01   0.133342362901290559E-03
0.362289465705562950E+16   38.0   0.198011049830190866E+01   0.103570701230497415E-03
0.362289465705562950E+16   39.0   0.155859733420087432E+01   0.802944914282891354E-04
0.362289465705562950E+16   40.0   0.122819042228104980E+01   0.621456216840930216E-04
0.362289465705562950E+16   41.0   0.968457090136159326E+00   0.480344620526128535E-04
0.362289465705562950E+16   42.0   0.763615289793107777E+00   0.370935261845064266E-04
0.362289465705562950E+16   43.0   0.601613821403195526E+00   0.286316570832120370E-04
0.362289465705562950E+16   44.0   0.473261091875259055E+00   0.220989473790508367E-04
0.362289465705562950E+16   45.0   0.371504409359366350E+00   0.170602726434939861E-04
0.362289465705562950E+16   46.0   0.290878990740668752E+00   0.131744455997782449E-04
0.362289465705562950E+16   47.0   0.227103308653272135E+00   0.101766252753126420E-04
0.362289465705562950E+16   48.0   0.176786671540370199E+00   0.786286059114050880E-05
0.362289465705562950E+16   49.0   0.137218884775074240E+00   0.607664631124005289E-05
0.362289465705562950E+16   50.0   0.106218809561329064E+00   0.469775045373614690E-05
0.362289465705562950E+16   51.0   0.820244873720877427E-01   0.363344367520585860E-05
0.362289465705562950E+16   52.0   0.632119637008737301E-01   0.281193767788436286E-05
0.362289465705562950E+16   53.0   0.486335023382309176E-01   0.217758924887110486E-05
0.362289465705562950E+16   54.0   0.373687581800704813E-01   0.168735830762114174E-05
0.362289465705562950E+16   55.0   0.286847315717018644E-01   0.130809322664025485E-05
0.362289465705562950E+16   56.0   0.220020045071834328E-01   0.101436565056038947E-05
0.362289465705562950E+16   57.0   0.168659112513021812E-01   0.786710787819010216E-06
0.362289465705562950E+16   58.0   0.129219819883501664E-01   0.610209819733580760E-06
0.362289465705562950E+16   59.0   0.989530519348807980E-02   0.473379639926354230E-06
0.362289465705562950E+16   60.0   0.757350731189249463E-02   0.367332623153267204E-06
0.362289465705562950E+16   61.0   0.579298342590239389E-02   0.285158111135321848E-06
0.362289465705562950E+16   62.0   0.442793795715543028E-02   0.221471833694319302E-06
0.362289465705562950E+16   63.0   0.338176574984920672E-02   0.172083518953403205E-06
0.362289465705562950E+16   64.0   0.258032843169019857E-02   0.133743813503670400E-06
0.362289465705562950E+16   65.0   0.196673916781305459E-02   0.103944479405282724E-06
0.362289465705562950E+16   66.0   0.149733675170194997E-02   0.807567504686631108E-07
0.362289465705562950E+16   67.0   0.113859179581181380E-02   0.626999399348934541E-07
0.362289465705562950E+16   68.0   0.864738446626985707E-03   0.486359990540694772E-07
0.362289465705562950E+16   69.0   0.655965886591343200E-03   0.376868478576449063E-07
0.362289465705562950E+16   70.0   0.497037845997651360E-03   0.291712280919999577E-07
0.362289465705562950E+16   71.0   0.376237270978236346E-03   0.225575299901690461E-07
0.362289465705562950E+16   72.0   0.284557567210197003E-03   0.174290118193628263E-07
0.362289465705562950E+16   73.0   0.215081305252988843E-03   0.134581687198834215E-07
0.362289465705562950E+16   74.0   0.162502070789529075E-03   0.103876024585252691E-07
0.362289465705562950E+16   75.0   0.122755979203112664E-03   0.801542117074212169E-08
0.362289465705562950E+16   76.0   0.927372807943753713E-04   0.618381509200692969E-08
0.362289465705562950E+16   77.0   0.700784232390881472E-04   0.476993426788289997E-08
0.362289465705562950E+16   78.0   0.529795707256996599E-04   0.367852198013297958E-08
0.362289465705562950E+16   79.0   0.400762392860462121E-04   0.283595599790054546E-08
0.362289465705562950E+16   80.0   0.303365399779384469E-04   0.218545680831798496E-08
0.362289465705562950E+16   81.0   0.229816187011496515E-04   0.168327445211064428E-08
0.362289465705562950E+16   82.0   0.174243683850568897E-04   0.129569127764977641E-08
0.362289465705562950E+16   83.0   0.132225263588735774E-04   0.996694009999308554E-09
0.362289465705562950E+16   84.0   0.100430187657506385E-04   0.766183529867436804E-09
0.362289465705562950E+16   85.0   0.763500013200029711E-05   0.588607450112218332E-09
0.362289465705562950E+16   86.0   0.580953318027257489E-05   0.451918752894023868E-09
0.362289465705562950E+16   87.0   0.442428904713209469E-05   0.346782043135022023E-09
0.441635805469524800E+16   16.0   0.430670071111215194E+02   0.494754616317056770E-03
0.441635805469524800E+16   17.0   0.349439414909720867E+02   0.384001618473532884E-03
0.441635805469524800E+16   18.0   0.283131960489805614E+02   0.296120356633468177E-03
0.441635805469524800E+16   19.0   0.229717931273139833E+02   0.227074826483452465E-03
0.441635805469524800E+16   20.0   0.186590976660922507E+02   0.173279057727061391E-03
0.441635805469524800E+16   21.0   0.151356904234560812E+02   0.131641733235112054E-03
0.441635805469524800E+16   22.0   0.122178860862529994E+02   0.996236017307962173E-04
0.441635805469524800E+16   23.0   0.978117272292597661E+01   0.751786602686341915E-04
0.441635805469524800E+16   24.0   0.774679070574894268E+01   0.566398969457160281E-04
0.441635805469524800E+16   25.0   0.606333416038305817E+01   0.426399403312946172E-04
0.441635805469524800E+16   26.0   0.469110476661996323E+01   0.320805288397593081E-04
0.441635805469524800E+16   27.0   0.359257682847676296E+01   0.241130029426742087E-04
0.441635805469524800E+16   28.0   0.272895086088309746E+01   0.181017714069752287E-04
0.441635805469524800E+16   29.0   0.206082393991506718E+01   0.135738038931363748E-04
0.441635805469524800E+16   30.0   0.155052577336419106E+01   0.101714340537506036E-04
0.441635805469524800E+16   31.0   0.116430712929537639E+01   0.761943774860875028E-05
0.441635805469524800E+16   32.0   0.873591698946092565E+00   0.570568192928340902E-05
0.441635805469524800E+16   33.0   0.655265386525526239E+00   0.426901848658144879E-05
0.441635805469524800E+16   34.0   0.491291351384476660E+00   0.318929217259883756E-05
0.441635805469524800E+16   35.0   0.367966017949527657E+00   0.237781705595823403E-05
0.441635805469524800E+16   36.0   0.275060657899727112E+00   0.176888897509806211E-05
0.441635805469524800E+16   37.0   0.205007673248726874E+00   0.131317380639961706E-05
0.441635805469524800E+16   38.0   0.152212523707583036E+00   0.973134839983397533E-06
0.441635805469524800E+16   39.0   0.112514084808442535E+00   0.720054397638777888E-06
0.441635805469524800E+16   40.0   0.827834730896713777E-01   0.532036523362726168E-06
0.441635805469524800E+16   41.0   0.606380430948522883E-01   0.392528380337999956E-06
0.441635805469524800E+16   42.0   0.442440109507258802E-01   0.289125524633723487E-06
0.441635805469524800E+16   43.0   0.321824074652166739E-01   0.212583928250425049E-06
0.441635805469524800E+16   44.0   0.233568238764468930E-01   0.156024459724685595E-06
0.441635805469524800E+16   45.0   0.169266772842444520E-01   0.114319596855114433E-06
0.441635805469524800E+16   46.0   0.122553323970607878E-01   0.836382171816707040E-07
0.441635805469524800E+16   47.0   0.886726169028140103E-02   0.611147313436063054E-07
0.441635805469524800E+16   48.0   0.641181317035449672E-02   0.446087318598350392E-07
0.441635805469524800E+16   49.0   0.463293920697782375E-02   0.325275826893078927E-07
0.441635805469524800E+16   50.0   0.334474887244319346E-02   0.236924811019599987E-07
0.441635805469524800E+16   51.0   0.241255010961712903E-02   0.172355460261445658E-07
0.441635805469524800E+16   52.0   0.173868014065956455E-02   0.125203289400616834E-07
0.441635805469524800E+16   53.0   0.125219517030304619E-02   0.908090509075963477E-08
0.441635805469524800E+16   54.0   0.901477335990973571E-03   0.657600506993294965E-08
0.441635805469524800E+16   55.0   0.648951504873316047E-03   0.475517864013773411E-08
0.441635805469524800E+16   56.0   0.467291451525632742E-03   0.343426635688308201E-08
0.441635805469524800E+16   57.0   0.336670073481881238E-03   0.247777229356062736E-08
0.441635805469524800E+16   58.0   0.242746428385803484E-03   0.178615728238112877E-08
0.441635805469524800E+16   59.0   0.175181606870452060E-03   0.128655666334186609E-08
0.441635805469524800E+16   60.0   0.126542357636593160E-03   0.925882500686905445E-09
0.441635805469524800E+16   61.0   0.914941354027540608E-04   0.665632039687234113E-09
0.441635805469524800E+16   62.0   0.662117184885232954E-04   0.477969668036997146E-09
0.441635805469524800E+16   63.0   0.479524615093547167E-04   0.342793484803118737E-09
0.441635805469524800E+16   64.0   0.347493827377685368E-04   0.245572540869809059E-09
0.441635805469524800E+16   65.0   0.251911543111875766E-04   0.175779967400857386E-09
0.441635805469524800E+16   66.0   0.182644354561764580E-04   0.125773790007484821E-09
0.441635805469524800E+16   67.0   0.132408107292529340E-04   0.900025788626033698E-10
0.441635805469524800E+16   68.0   0.959575393561798250E-05   0.644396088542194980E-10
0.441635805469524800E+16   69.0   0.695068199833335609E-05   0.461748694412526608E-10
0.441635805469524800E+16   70.0   0.503165205980854746E-05   0.331162647659070596E-10
0.441635805469524800E+16   71.0   0.363998252314668928E-05   0.237680284465241547E-10
0.441635805469524800E+16   72.0   0.263133852990277578E-05   0.170656510486884186E-10
0.441635805469524800E+16   73.0   0.190078052749917606E-05   0.122534943642812222E-10
0.441635805469524800E+16   74.0   0.137200638650637835E-05   0.879516890942076095E-11
0.441635805469524800E+16   75.0   0.989559431143426318E-06   0.630897577812920449E-11
0.441635805469524800E+16   76.0   0.713157565139676920E-06   0.452216777198919044E-11
0.441635805469524800E+16   77.0   0.513557621674049708E-06   0.323895842621056031E-11
0.441635805469524800E+16   78.0   0.369540358811792023E-06   0.231828307333657195E-11
0.441635805469524800E+16   79.0   0.265715883604807697E-06   0.165830437663880515E-11
0.441635805469524800E+16   80.0   0.190928654923760332E-06   0.118550924368188042E-11
0.441635805469524800E+16   81.0   0.137098930145628244E-06   0.846925320806899129E-12
0.441635805469524800E+16   82.0   0.983808218747831612E-07   0.604485420743855821E-12
0.441635805469524800E+16   83.0   0.705497883400625045E-07   0.430907975089484767E-12
0.441635805469524800E+16   84.0   0.505566601097305357E-07   0.306677467576135608E-12
0.441635805469524800E+16   85.0   0.362029518241616458E-07   0.217839765893799014E-12
0.441635805469524800E+16   86.0   0.259047889103303145E-07   0.154406193123468917E-12
0.441635805469524800E+16   87.0   0.185216707411876301E-07   0.109210282141066817E-12
0.538360077052943900E+16   16.0   0.101391265586867654E+02   0.905116948478457157E-05
0.538360077052943900E+16   17.0   0.793694626315634189E+01   0.650029903752017145E-05
0.538360077052943900E+16   18.0   0.615840019492499557E+01   0.463819239311213504E-05
0.538360077052943900E+16   19.0   0.471078239078958028E+01   0.328872133748009887E-05
0.538360077052943900E+16   20.0   0.354076539536025514E+01   0.231872541656339868E-05
0.538360077052943900E+16   21.0   0.261318421578180926E+01   0.162741176129543564E-05
0.538360077052943900E+16   22.0   0.189680184082991210E+01   0.113815693508472693E-05
0.538360077052943900E+16   23.0   0.135862207181306949E+01   0.793405031260708307E-06
0.538360077052943900E+16   24.0   0.964246122969186548E+00   0.551082566388387661E-06
0.538360077052943900E+16   25.0   0.680762618848806400E+00   0.381221175310701475E-06
0.538360077052943900E+16   26.0   0.479497261734752267E+00   0.262672835880882947E-06
0.538360077052943900E+16   27.0   0.337425485453206941E+00   0.180395168679869244E-06
0.538360077052943900E+16   28.0   0.237223916091082371E+00   0.123577381585560098E-06
0.538360077052943900E+16   29.0   0.166455704651859271E+00   0.844662876621593829E-07
0.538360077052943900E+16   30.0   0.116427824590688830E+00   0.575872138230463604E-07
0.538360077052943900E+16   31.0   0.811023034007024718E-01   0.391435576743312316E-07
0.538360077052943900E+16   32.0   0.562466675828901738E-01   0.265252933398500647E-07
0.538360077052943900E+16   33.0   0.388498694707973477E-01   0.179306919753609775E-07
0.538360077052943900E+16   34.0   0.267460076691792004E-01   0.121039495535361177E-07
0.538360077052943900E+16   35.0   0.183722135133331764E-01   0.816650657047657016E-08
0.538360077052943900E+16   36.0   0.126054119799471395E-01   0.550844515412450539E-08
0.538360077052943900E+16   37.0   0.864579802843798775E-02   0.371286160962336014E-08
0.538360077052943900E+16   38.0   0.593039139452072005E-02   0.249893525031730213E-08
0.538360077052943900E+16   39.0   0.406779522567679748E-02   0.167867478278650218E-08
0.538360077052943900E+16   40.0   0.278885912728242752E-02   0.112567931602247540E-08
0.538360077052943900E+16   41.0   0.190981855706404678E-02   0.754094026648933544E-09
0.538360077052943900E+16   42.0   0.130546556524672314E-02   0.505153409496638418E-09
0.538360077052943900E+16   43.0   0.890275538901465278E-03   0.338645735431262854E-09
0.538360077052943900E+16   44.0   0.605540065250511706E-03   0.227274352354486816E-09
0.538360077052943900E+16   45.0   0.410760144644864422E-03   0.152711287192131808E-09
0.538360077052943900E+16   46.0   0.277909079411057711E-03   0.102749427002583549E-09
0.538360077052943900E+16   47.0   0.187575335953326104E-03   0.692706370321349551E-10
0.538360077052943900E+16   48.0   0.126333076097677677E-03   0.468504480709102569E-10
0.538360077052943900E+16   49.0   0.849250114486947526E-04   0.318393300178959211E-10
0.538360077052943900E+16   50.0   0.569938418549161289E-04   0.217729803649262377E-10
0.538360077052943900E+16   51.0   0.381922955244465173E-04   0.149922032407799752E-10
0.538360077052943900E+16   52.0   0.255592114893963323E-04   0.103899086981604018E-10
0.538360077052943900E+16   53.0   0.170843468819505329E-04   0.723595106774569176E-11
0.538360077052943900E+16   54.0   0.114069283739532038E-04   0.505319728631524307E-11
0.538360077052943900E+16   55.0   0.760818078377010003E-05   0.353042787201761557E-11
0.538360077052943900E+16   56.0   0.506920601806950595E-05   0.246292244094926517E-11
0.538360077052943900E+16   57.0   0.337395646640438291E-05   0.171356549393716331E-11
0.538360077052943900E+16   58.0   0.224320495168518468E-05   0.118839254328046676E-11
0.538360077052943900E+16   59.0   0.148977571227252830E-05   0.821635176266941676E-12
0.538360077052943900E+16   60.0   0.988311853501733017E-06   0.566607545854405278E-12
0.538360077052943900E+16   61.0   0.654927794872876763E-06   0.389996302978133528E-12
0.538360077052943900E+16   62.0   0.433541402158577015E-06   0.268086355964600059E-12
0.538360077052943900E+16   63.0   0.286698421455729702E-06   0.184115625092917895E-12
0.538360077052943900E+16   64.0   0.189413035467638577E-06   0.126342556927712152E-12
0.538360077052943900E+16   65.0   0.125035100696813480E-06   0.866118235647129354E-13
0.538360077052943900E+16   66.0   0.824807969404351483E-07   0.592951593574190848E-13
0.538360077052943900E+16   67.0   0.543800301504974367E-07   0.405222910770723461E-13
0.538360077052943900E+16   68.0   0.358387120465724672E-07   0.276340406426790122E-13
0.538360077052943900E+16   69.0   0.236121749898161621E-07   0.188009890080442778E-13
0.538360077052943900E+16   70.0   0.155530361535190028E-07   0.127616044482174447E-13
0.538360077052943900E+16   71.0   0.102424084299011360E-07   0.864402925033021590E-14
0.538360077052943900E+16   72.0   0.674388293538111605E-08   0.584506998846465278E-14
0.538360077052943900E+16   73.0   0.443986249017476066E-08   0.394770493865301737E-14
0.538360077052943900E+16   74.0   0.292308121211687266E-08   0.266438353214679766E-14
0.538360077052943900E+16   75.0   0.192495325646420913E-08   0.179767465171752791E-14
0.538360077052943900E+16   76.0   0.126835131835812523E-08   0.121273418935420939E-14
0.538360077052943900E+16   77.0   0.836498227092581774E-09   0.817962736678619766E-15
0.538360077052943900E+16   78.0   0.552452622886595410E-09   0.551430139350430970E-15
0.538360077052943900E+16   79.0   0.365561254119843106E-09   0.371402748587774924E-15
0.538360077052943900E+16   80.0   0.242504704779949754E-09   0.249795733753258652E-15
0.538360077052943900E+16   81.0   0.161381176633108941E-09   0.167698262577656760E-15
0.538360077052943900E+16   82.0   0.107802692750086690E-09   0.112349403047260495E-15
0.538360077052943900E+16   83.0   0.723231478098065784E-10   0.751129283251501016E-16
0.538360077052943900E+16   84.0   0.487454599754904989E-10   0.501282376721331509E-16
0.538360077052943900E+16   85.0   0.330073773294200347E-10   0.334120734790601073E-16
0.538360077052943900E+16   86.0   0.224477190000521469E-10   0.222577503102438963E-16
0.538360077052943900E+16   87.0   0.153230120032743675E-10   0.148301035786979626E-16
0.656268284806111400E+16   16.0   0.198765259452309562E+01   0.758087659940552305E-07
0.656268284806111400E+16   17.0   0.139248132440645134E+01   0.501944804261838467E-07
0.656268284806111400E+16   18.0   0.954136289592955822E+00   0.330161514121339137E-07
0.656268284806111400E+16   19.0   0.642894313277275309E+00   0.215561783052995148E-07
0.656268284806111400E+16   20.0   0.428627145641262031E+00   0.139742098525723545E-07
0.656268284806111400E+16   21.0   0.284229232564308154E+00   0.900734324482247000E-08
0.656268284806111400E+16   22.0   0.188009124688795742E+00   0.578153743258761638E-08
0.656268284806111400E+16   23.0   0.124108950851885586E+00   0.369778041856798889E-08
0.656268284806111400E+16   24.0   0.816381840806844894E-01   0.235529327656284263E-08
0.656268284806111400E+16   25.0   0.533845030192358141E-01   0.149243327106107903E-08
0.656268284806111400E+16   26.0   0.346285615722206758E-01   0.940378745469357692E-09
0.656268284806111400E+16   27.0   0.222581034452667831E-01   0.589678735965987749E-09
0.656268284806111400E+16   28.0   0.141822533056329796E-01   0.368583418244139803E-09
0.656268284806111400E+16   29.0   0.897252288473950749E-02   0.229956233729759613E-09
0.656268284806111400E+16   30.0   0.564866022089345610E-02   0.143225189437074908E-09
0.656268284806111400E+16   31.0   0.354541930920194287E-02   0.889729941621124595E-10
0.656268284806111400E+16   32.0   0.222105433184713883E-02   0.550687204004358093E-10
0.656268284806111400E+16   33.0   0.138914803758876152E-02   0.339567010614140184E-10
0.656268284806111400E+16   34.0   0.867358359258766330E-03   0.208878042325511023E-10
0.656268284806111400E+16   35.0   0.540657406585516392E-03   0.128454470322911858E-10
0.656268284806111400E+16   36.0   0.336588624177243552E-03   0.791227154115438847E-11
0.656268284806111400E+16   37.0   0.209440126887824142E-03   0.488407351154841415E-11
0.656268284806111400E+16   38.0   0.130368554288159082E-03   0.301836945496980035E-11
0.656268284806111400E+16   39.0   0.812316080143028816E-04   0.186424411236519187E-11
0.656268284806111400E+16   40.0   0.506816447494503808E-04   0.114897330718622809E-11
0.656268284806111400E+16   41.0   0.316615115678316417E-04   0.706232734888904004E-12
0.656268284806111400E+16   42.0   0.197988190745023105E-04   0.433111611582666981E-12
0.656268284806111400E+16   43.0   0.123873896664881059E-04   0.265232156317387406E-12
0.656268284806111400E+16   44.0   0.775046091390055584E-05   0.162263661094061248E-12
0.656268284806111400E+16   45.0   0.484678757290530896E-05   0.991265884415728041E-13
0.656268284806111400E+16   46.0   0.302801907615267156E-05   0.603913153351057951E-13
0.656268284806111400E+16   47.0   0.188926703028837163E-05   0.366360758089467826E-13
0.656268284806111400E+16   48.0   0.117697819457258433E-05   0.221090731226415855E-13
0.656268284806111400E+16   49.0   0.732044959789484865E-06   0.132757282658822853E-13
0.656268284806111400E+16   50.0   0.454544626655621863E-06   0.794496676217882040E-14
0.656268284806111400E+16   51.0   0.281751107758196804E-06   0.475215399002712951E-14
0.656268284806111400E+16   52.0   0.174336623407925684E-06   0.285013655540832903E-14
0.656268284806111400E+16   53.0   0.107680090577636598E-06   0.171887333770595763E-14
0.656268284806111400E+16   54.0   0.663901230366941791E-07   0.104418304854155966E-14
0.656268284806111400E+16   55.0   0.408595074426421152E-07   0.639263150725327905E-15
0.656268284806111400E+16   56.0   0.251015568724372019E-07   0.394294159667563694E-15
0.656268284806111400E+16   57.0   0.153927580456301677E-07   0.244926512527749025E-15
0.656268284806111400E+16   58.0   0.942174587496604381E-08   0.153250441028146448E-15
0.656268284806111400E+16   59.0   0.575636566199143913E-08   0.966746747815816445E-16
0.656268284806111400E+16   60.0   0.351068018721060464E-08   0.615651799221335123E-16
0.656268284806111400E+16   61.0   0.213749724507621119E-08   0.396188575156631717E-16
0.656268284806111400E+16   62.0   0.129942385058943570E-08   0.257629381693543048E-16
0.656268284806111400E+16   63.0   0.788844068780622942E-09   0.169033527745288072E-16
0.656268284806111400E+16   64.0   0.478290155551357524E-09   0.111586833295121964E-16
0.656268284806111400E+16   65.0   0.289683210175120398E-09   0.738486115294349301E-17
0.656268284806111400E+16   66.0   0.175298188712594015E-09   0.488121302677123790E-17
0.656268284806111400E+16   67.0   0.106016279015954753E-09   0.321162165856229902E-17
0.656268284806111400E+16   68.0   0.640991903666883396E-10   0.209810997055964608E-17
0.656268284806111400E+16   69.0   0.387585114937745812E-10   0.135873912026677169E-17
0.656268284806111400E+16   70.0   0.234445369463211906E-10   0.871647852523047642E-18
0.656268284806111400E+16   71.0   0.141888817014036566E-10   0.553980593753443743E-18
0.656268284806111400E+16   72.0   0.859188994348136444E-11   0.349102251615804277E-18
0.656268284806111400E+16   73.0   0.520473322022919303E-11   0.218431455240703578E-18
0.656268284806111400E+16   74.0   0.315329728803869325E-11   0.135942882158430437E-18
0.656268284806111400E+16   75.0   0.191008655872345161E-11   0.843227655342976093E-19
0.656268284806111400E+16   76.0   0.115644764315301979E-11   0.522336172102778897E-19
0.656268284806111400E+16   77.0   0.699607643135243587E-12   0.323702064405427567E-19
0.656268284806111400E+16   78.0   0.422783094376589779E-12   0.200964020165199478E-19
0.656268284806111400E+16   79.0   0.255152795365789865E-12   0.125086124633770834E-19
0.656268284806111400E+16   80.0   0.153744382263916852E-12   0.780720239721624048E-20
0.656268284806111400E+16   81.0   0.924782376824485636E-13   0.488456520954807473E-20
0.656268284806111400E+16   82.0   0.555268723170579584E-13   0.306123084206294069E-20
0.656268284806111400E+16   83.0   0.332859807556650330E-13   0.192019335006882793E-20
0.656268284806111400E+16   84.0   0.199296709879345674E-13   0.120461763053989940E-20
0.656268284806111400E+16   85.0   0.119269885125718937E-13   0.755431877481909925E-21
0.656268284806111400E+16   86.0   0.714132282305545879E-14   0.473497997074387834E-21
0.656268284806111400E+16   87.0   0.428303513511949464E-14   0.296689710540091478E-21
0.800000000000000300E+16   16.0   0.274465619159877994E+00   0.317491941666247619E-09
0.800000000000000300E+16   17.0   0.169472388801423846E+00   0.185783968312898095E-09
0.800000000000000300E+16   18.0   0.104147943781835270E+00   0.108634953754174427E-09
0.800000000000000300E+16   19.0   0.637878741330393240E-01   0.634778293317378287E-10
0.800000000000000300E+16   20.0   0.388434421722669912E-01   0.369310904477217408E-10
0.800000000000000300E+16   21.0   0.234350098087973795E-01   0.213291697641244090E-10
0.800000000000000300E+16   22.0   0.139745462337552678E-01   0.122340387211910032E-10
0.800000000000000300E+16   23.0   0.823377521447859854E-02   0.698886677888312107E-11
0.800000000000000300E+16   24.0   0.480103884431986368E-02   0.398326907519498008E-11
0.800000000000000300E+16   25.0   0.277741900681754582E-02   0.226177116785447483E-11
0.800000000000000300E+16   26.0   0.159785839008627314E-02   0.127531772328908996E-11
0.800000000000000300E+16   27.0   0.915518707505152594E-03   0.712803236263595208E-12
0.800000000000000300E+16   28.0   0.522705519932976058E-03   0.395668351038339543E-12
0.800000000000000300E+16   29.0   0.297364867948217199E-03   0.219216452706822760E-12
0.800000000000000300E+16   30.0   0.168554600053944615E-03   0.121838747565356965E-12
0.800000000000000300E+16   31.0   0.952358714182919013E-04   0.680593173364260710E-13
0.800000000000000300E+16   32.0   0.537029604996970054E-04   0.381296520320202399E-13
0.800000000000000300E+16   33.0   0.302804661386072140E-04   0.213373260388051178E-13
0.800000000000000300E+16   34.0   0.171084705100507777E-04   0.118903611917166181E-13
0.800000000000000300E+16   35.0   0.970155053961208702E-05   0.659623532619826091E-14
0.800000000000000300E+16   36.0   0.552432724718350973E-05   0.365024666619688374E-14
0.800000000000000300E+16   37.0   0.315674056610392520E-05   0.201986467031977462E-14
0.800000000000000300E+16   38.0   0.180754498225290304E-05   0.111850656970135554E-14
0.800000000000000300E+16   39.0   0.103539116669447109E-05   0.618874296467135100E-15
0.800000000000000300E+16   40.0   0.592437787002632257E-06   0.341188029414784216E-15
0.800000000000000300E+16   41.0   0.338229236497995723E-06   0.187038779313862714E-15
0.800000000000000300E+16   42.0   0.192515681621374221E-06   0.102015146195585006E-15
0.800000000000000300E+16   43.0   0.109194260486045526E-06   0.555736377882219374E-16
0.800000000000000300E+16   44.0   0.617058675387560910E-07   0.304290680166913672E-16
0.800000000000000300E+16   45.0   0.347425573014405334E-07   0.168574320039300903E-16
0.800000000000000300E+16   46.0   0.194938380404313115E-07   0.948918652926380444E-17
0.800000000000000300E+16   47.0   0.109039104176356470E-07   0.542939029116265295E-17
0.800000000000000300E+16   48.0   0.608298843249707354E-08   0.314775165779571640E-17
0.800000000000000300E+16   49.0   0.338646995025622393E-08   0.184072724855955649E-17
0.800000000000000300E+16   50.0   0.188252197769728175E-08   0.108153125922489815E-17
0.800000000000000300E+16   51.0   0.104553227145597476E-08   0.637239940557991874E-18
0.800000000000000300E+16   52.0   0.580368184948193278E-09   0.376508613394759659E-18
0.800000000000000300E+16   53.0   0.322026927456550360E-09   0.223321418748590845E-18
0.800000000000000300E+16   54.0   0.178586708872714618E-09   0.133116069096402572E-18
0.800000000000000300E+16   55.0   0.989567185883367914E-10   0.797452664796474457E-19
0.800000000000000300E+16   56.0   0.547669701144329649E-10   0.479471272469509572E-19
0.800000000000000300E+16   57.0   0.302627783752430032E-10   0.288576380724475652E-19
0.800000000000000300E+16   58.0   0.166908562424946810E-10   0.173279974735230307E-19
0.800000000000000300E+16   59.0   0.918616296793118450E-11   0.103455414756682357E-19
0.800000000000000300E+16   60.0   0.504485002718751010E-11   0.612372968531240449E-20
0.800000000000000300E+16   61.0   0.276494420140824079E-11   0.358621772723337036E-20
0.800000000000000300E+16   62.0   0.151293025481521367E-11   0.207561043641017726E-20
0.800000000000000300E+16   63.0   0.826997947641734466E-12   0.118721391547675063E-20
0.800000000000000300E+16   64.0   0.451896433497297842E-12   0.671771998882818534E-21
0.800000000000000300E+16   65.0   0.246993351023347026E-12   0.376774579474041972E-21
0.800000000000000300E+16   66.0   0.135086094609937045E-12   0.210048596305089099E-21
0.800000000000000300E+16   67.0   0.739362856642389739E-13   0.116783343299507372E-21
0.800000000000000300E+16   68.0   0.404909776333410235E-13   0.649763215394945217E-22
0.800000000000000300E+16   69.0   0.221808709637911212E-13   0.362864772895511528E-22
0.800000000000000300E+16   70.0   0.121497858222055097E-13   0.203816999813520767E-22
0.800000000000000300E+16   71.0   0.665267988334103408E-14   0.115234710781198805E-22
0.800000000000000300E+16   72.0   0.364051282650550943E-14   0.655501761550503222E-23
0.800000000000000300E+16   73.0   0.199068027619794345E-14   0.374648265437720925E-23
0.800000000000000300E+16   74.0   0.108766500069767992E-14   0.214779023790528675E-23
0.800000000000000300E+16   75.0   0.593886427782667820E-15   0.123315741285246848E-23
0.800000000000000300E+16   76.0   0.324200359948872896E-15   0.708417771774563487E-24
0.800000000000000300E+16   77.0   0.177087683058490922E-15   0.407097798801483793E-24
0.800000000000000300E+16   78.0   0.969142404625279155E-16   0.234105121728696544E-24
0.800000000000000300E+16   79.0   0.532276779012151033E-16   0.134816733954733190E-24
0.800000000000000300E+16   80.0   0.293928711263346785E-16   0.778052163304358328E-25
0.800000000000000300E+16   81.0   0.163474537947621889E-16   0.450145513015062121E-25
0.800000000000000300E+16   82.0   0.916895121661473839E-17   0.261006058342879144E-25
0.800000000000000300E+16   83.0   0.518949006059651248E-17   0.151521175957498953E-25
0.800000000000000300E+16   84.0   0.296373420423903449E-17   0.879315828981252085E-26
0.800000000000000300E+16   85.0   0.170685174383274169E-17   0.509162993300961168E-26
0.800000000000000300E+16   86.0   0.990339083858012399E-18   0.293635530000645093E-26
0.800000000000000300E+16   87.0   0.578287367695879618E-18   0.168398475424964401E-26
