1.774127155601597394e+01 1.309074498297732703e+02
1.874127155601597394e+01 1.413224380882587639e+02
1.974127155601597394e+01 1.498767993597670340e+02
2.074127155601597394e+01 1.562583366866242898e+02
2.174127155601597394e+01 1.605627904054108797e+02
2.274127155601597394e+01 1.621803887143814507e+02
2.374127155601597394e+01 1.615271486761419055e+02
2.474127155601597394e+01 1.584830653969031857e+02
2.574127155601597394e+01 1.532814020504160908e+02
2.674127155601597394e+01 1.465083015735074241e+02
2.774127155601597394e+01 1.384451335502935194e+02
2.874127155601597394e+01 1.294522400336401233e+02
2.974127155601597394e+01 1.199299718518412732e+02
3.074127155601597394e+01 1.104194062883297391e+02
3.174127155601597394e+01 1.008275027131979158e+02
3.274127155601597394e+01 9.156090667009459594e+01
3.374127155601597394e+01 8.283193173341609850e+01
3.474127155601597394e+01 7.451966555462645658e+01
3.574127155601597394e+01 6.703916142458943739e+01
3.674127155601597394e+01 6.010132580983378148e+01
3.774127155601597394e+01 5.388064406502216031e+01
3.874127155601597394e+01 4.839832764973244394e+01
3.974127155601597394e+01 4.340373905000193844e+01
4.074127155601597394e+01 3.900597086200740193e+01
4.174127155601597394e+01 3.512832971013628480e+01
4.274127155601597394e+01 3.163354630602419348e+01
4.374127155601597394e+01 2.854080979425695475e+01
4.474127155601597394e+01 2.575926788267204159e+01
4.574127155601597394e+01 2.325556667884567830e+01
4.674127155601597394e+01 2.098938100316124178e+01
4.774127155601597394e+01 1.892224902046908852e+01
4.874127155601597394e+01 1.704047971069823575e+01
4.974127155601597394e+01 1.531566402889202472e+01
5.074127155601597394e+01 1.373191068749413901e+01
5.174127155601597394e+01 1.227896251277124939e+01
5.274127155601597394e+01 1.094662342487227491e+01
5.374127155601597394e+01 9.729141387880872571e+00
5.474127155601597394e+01 8.616390381249665609e+00
5.574127155601597394e+01 7.603453199721555755e+00
5.674127155601597394e+01 6.692526225229109116e+00
5.774127155601597394e+01 5.861832895053896486e+00
5.874127155601597394e+01 5.131125310712440601e+00
5.974127155601597394e+01 4.470986896814135747e+00
6.074127155601597394e+01 3.891021767900573636e+00
6.174127155601597394e+01 3.389068814073356695e+00
6.274127155601597394e+01 2.936021709823353198e+00
6.374127155601597394e+01 2.546452826457532126e+00
6.474127155601597394e+01 2.211438488853972650e+00
6.574127155601597394e+01 1.913943605337633080e+00
6.674127155601597394e+01 1.658481355737389418e+00
6.774127155601597394e+01 1.439400484523906343e+00
6.874127155601597394e+01 1.247026941303399639e+00
6.974127155601597394e+01 1.081751833896283710e+00
7.074127155601597394e+01 9.399082980479107619e-01
7.174127155601597394e+01 8.155003809694014727e-01
7.274127155601597394e+01 7.083764383930892805e-01
7.374127155601597394e+01 6.162733551228164464e-01
7.474127155601597394e+01 5.350027723232768651e-01
7.574127155601597394e+01 4.648046408413011865e-01
7.674127155601597394e+01 4.044179716394822321e-01
7.774127155601597394e+01 3.508464566354827507e-01
7.874127155601597394e+01 3.044584415896199880e-01
7.974127155601597394e+01 2.645885130976824984e-01
8.074127155601597394e+01 2.290308811568173009e-01
8.174127155601597394e+01 1.981796460344387445e-01
8.274127155601597394e+01 1.717475988739276538e-01
8.374127155601597394e+01 1.483402064034133050e-01
8.474127155601597394e+01 1.280623561445259906e-01
