1.221799999999999287e+01 1.752565439251140589e+01
1.321799999999999287e+01 2.059097999812595248e+01
1.421799999999999287e+01 2.379622912653197275e+01
1.521799999999999287e+01 2.710894303183071230e+01
1.621799999999999287e+01 3.039690218674499889e+01
1.721799999999999287e+01 3.360847050476397868e+01
1.821799999999999287e+01 3.653760973993929895e+01
1.921799999999999287e+01 3.912234567557673870e+01
2.021799999999999287e+01 4.100929731514008836e+01
2.121799999999999287e+01 4.215539236696493219e+01
2.221799999999999287e+01 4.327976475315328742e+01
2.321799999999999287e+01 4.340598308624202417e+01
2.421799999999999287e+01 4.258193131304702206e+01
2.521799999999999287e+01 4.180530751441152404e+01
2.621799999999999287e+01 4.024417204504830181e+01
2.721799999999999287e+01 3.801331519225970368e+01
2.821799999999999287e+01 3.597881643398029894e+01
2.921799999999999287e+01 3.355020348708409017e+01
3.021799999999999287e+01 3.083014842819207502e+01
3.121799999999999287e+01 2.840751433315498531e+01
3.221799999999998931e+01 2.583608093478439116e+01
3.321799999999998931e+01 2.319229711319747622e+01
3.421799999999998931e+01 2.088488677358992618e+01
3.521799999999998931e+01 1.886312975673459746e+01
3.621799999999998931e+01 1.708508537615932710e+01
3.721799999999998931e+01 1.538262172253401872e+01
3.821799999999998931e+01 1.376545670435329249e+01
3.921799999999998931e+01 1.235326544113321212e+01
4.021799999999998931e+01 1.111584634857892162e+01
4.121799999999998931e+01 9.994512622964052184e+00
4.221799999999998931e+01 8.978007914888948449e+00
4.321799999999998931e+01 8.084940199110427272e+00
4.421799999999998931e+01 7.297990333547556219e+00
4.521799999999998931e+01 6.602582263457722256e+00
4.621799999999998931e+01 5.942157376906960664e+00
4.721799999999998931e+01 5.319007039737343234e+00
4.821799999999998931e+01 4.772163752155891281e+00
4.921799999999998931e+01 4.290993609413556342e+00
5.021799999999998931e+01 3.866517529714751600e+00
5.121799999999998931e+01 3.491127829028971785e+00
5.221799999999998931e+01 3.108742905631022513e+00
5.321799999999998931e+01 2.729271894192426107e+00
5.421799999999998931e+01 2.401884511476264361e+00
5.521799999999998931e+01 2.118668189410656044e+00
5.621799999999998931e+01 1.873024587760522497e+00
5.721799999999998931e+01 1.659433299006728202e+00
5.821799999999998931e+01 1.473261171264159231e+00
5.921799999999998931e+01 1.290386815231890472e+00
6.021799999999998931e+01 1.114541683358081903e+00
6.121799999999998931e+01 9.649671163874987689e-01
6.221799999999998931e+01 8.374040635993270643e-01
6.321799999999998931e+01 7.283365529146745843e-01
6.421799999999998931e+01 6.348531389948087744e-01
6.521799999999998931e+01 5.545357979957618033e-01
6.621799999999998931e+01 4.813622129891693691e-01
6.721799999999998931e+01 4.151184914246554003e-01
6.821799999999998931e+01 3.587691860246873254e-01
6.921799999999998931e+01 3.107233560724371180e-01
7.021799999999998931e+01 2.696635656387671998e-01
7.121799999999998931e+01 2.344959026834469995e-01
7.221799999999998931e+01 2.043096588955373161e-01
7.321799999999998931e+01 1.783447036968250632e-01
7.421799999999998931e+01 1.547399521818646206e-01
7.521799999999998931e+01 1.334103866543106809e-01
7.621799999999998931e+01 1.152450448470848099e-01
7.721799999999998931e+01 9.974207615861543919e-02
7.821799999999998931e+01 8.648424577485411269e-02
7.921799999999998931e+01 7.512384123544338377e-02
8.021799999999998931e+01 6.537041529155160346e-02
8.121799999999998931e+01 5.698080564212251037e-02
8.221799999999998931e+01 4.975098756407822509e-02
8.321799999999998931e+01 4.296699805033581815e-02
8.421799999999998931e+01 3.668812137077206298e-02
8.521799999999998931e+01 3.138494172037296914e-02
8.621799999999998931e+01 2.689700211025196006e-02
8.721799999999998931e+01 2.309165586959984612e-02
8.821799999999998931e+01 1.985900524988452528e-02
8.921799999999998931e+01 1.710780418666855290e-02
9.021799999999998931e+01 1.476213353358640443e-02
9.121799999999998931e+01 1.275869675409247762e-02
9.221799999999998931e+01 1.104461520070923117e-02
9.321799999999998931e+01 9.465962674981879058e-03
9.421799999999998931e+01 8.028637761906726872e-03
9.521799999999998931e+01 6.821349975781355011e-03
9.621799999999998931e+01 5.805432320079153413e-03
9.721799999999998931e+01 4.949022445653521868e-03
9.821799999999998931e+01 4.225812492102243301e-03
9.921799999999998931e+01 3.614038104624825269e-03
1.002179999999999893e+02 3.095659085624396199e-03
1.012179999999999893e+02 2.655693937732659955e-03
1.022179999999999893e+02 2.281678262901695731e-03
1.032179999999999893e+02 1.963223061053527736e-03
