1.900000000000000000e+01 5.159104081904821015e+01
2.000000000000000000e+01 5.743641893659709297e+01
2.100000000000000000e+01 6.255494245617482818e+01
2.200000000000000000e+01 6.677916075943676333e+01
2.300000000000000000e+01 7.108634374963308744e+01
2.400000000000000000e+01 7.417182947232949175e+01
2.500000000000000000e+01 7.596176267897311618e+01
2.600000000000000000e+01 7.772354963164042374e+01
2.700000000000000000e+01 7.833783692628362871e+01
2.800000000000000000e+01 7.783698361904816920e+01
2.900000000000000000e+01 7.735644734763594954e+01
3.000000000000000000e+01 7.606321999878940687e+01
3.100000000000000000e+01 7.402702661939096629e+01
3.200000000000000000e+01 7.210648755225076911e+01
3.300000000000000000e+01 6.957706552586958537e+01
3.400000000000000000e+01 6.652205726646442940e+01
3.500000000000000000e+01 6.368287509065895335e+01
3.600000000000000000e+01 6.103881443172197407e+01
3.700000000000000000e+01 5.857165276100923990e+01
3.800000000000000000e+01 5.584307484257846710e+01
3.900000000000000000e+01 5.290378270416849915e+01
4.000000000000000000e+01 5.018702449225911977e+01
4.100000000000000000e+01 4.767106139637989060e+01
4.200000000000000000e+01 4.509672807932569327e+01
4.300000000000000000e+01 4.248795060644849286e+01
4.400000000000000000e+01 4.008435799009391332e+01
4.500000000000000000e+01 3.786572819450922367e+01
4.600000000000000000e+01 3.581421762063217074e+01
4.700000000000000000e+01 3.373181606917896858e+01
4.800000000000000000e+01 3.163701443868873753e+01
4.900000000000000000e+01 2.971116723687982741e+01
5.000000000000000000e+01 2.793763488086968039e+01
5.100000000000000000e+01 2.630170194546053608e+01
5.200000000000000000e+01 2.479032289040001302e+01
5.300000000000000000e+01 2.326255998979146611e+01
5.400000000000000000e+01 2.173200516824429585e+01
5.500000000000000000e+01 2.032729901289980745e+01
5.600000000000000000e+01 1.903609773587135834e+01
5.700000000000000000e+01 1.784745738886332589e+01
5.800000000000000000e+01 1.675165438779783855e+01
5.900000000000000000e+01 1.574003161820469998e+01
6.000000000000000000e+01 1.473001899366750145e+01
6.100000000000000000e+01 1.372887804343275597e+01
6.200000000000000000e+01 1.281031943883114366e+01
6.300000000000000000e+01 1.196636874006020790e+01
6.400000000000000000e+01 1.118993038763650105e+01
6.500000000000000000e+01 1.047467920163852284e+01
6.600000000000000000e+01 9.814966670163068230e+00
6.700000000000000000e+01 9.166792328750368313e+00
6.800000000000000000e+01 8.533118956572645075e+00
6.900000000000000000e+01 7.951502141614741781e+00
7.000000000000000000e+01 7.417006231713925146e+00
7.100000000000000000e+01 6.925224332488474133e+00
7.200000000000000000e+01 6.472215324096671552e+00
7.300000000000000000e+01 6.054449115079394872e+00
7.400000000000000000e+01 5.668758962444108818e+00
7.500000000000000000e+01 5.293299271018229391e+00
7.600000000000000000e+01 4.929142792234408432e+00
7.700000000000000000e+01 4.594290454020667269e+00
7.800000000000000000e+01 4.286050476749572624e+00
7.900000000000000000e+01 4.002008233110920798e+00
8.000000000000000000e+01 3.739994708446517269e+00
8.100000000000000000e+01 3.498058883861410173e+00
8.200000000000000000e+01 3.274443513703536812e+00
8.300000000000000000e+01 3.067563845510800746e+00
8.400000000000000000e+01 2.867782708542844450e+00
8.500000000000000000e+01 2.675338946456590428e+00
8.600000000000000000e+01 2.497826270073147281e+00
8.700000000000000000e+01 2.333933217775860491e+00
8.800000000000000000e+01 2.182476662145614643e+00
8.900000000000000000e+01 2.042387993656342271e+00
9.000000000000000000e+01 1.912700924335079211e+00
9.100000000000000000e+01 1.792540706239311721e+00
9.200000000000000000e+01 1.681114587468522936e+00
9.300000000000000000e+01 1.577703352255738212e+00
9.400000000000000000e+01 1.478746694846557075e+00
9.500000000000000000e+01 1.384171334993763214e+00
9.600000000000000000e+01 1.296537133332789526e+00
9.700000000000000000e+01 1.215270470576015560e+00
9.800000000000000000e+01 1.139850330775885823e+00
9.900000000000000000e+01 1.069803009941172833e+00
1.000000000000000000e+02 1.004697403019735980e+00
1.010000000000000000e+02 9.441408010879601687e-01
1.020000000000000000e+02 8.877751391909491918e-01
1.030000000000000000e+02 8.352736427246129081e-01
1.040000000000000000e+02 7.863378267058855897e-01
