1.473707518796992133e+01 7.125568429008365001e+02
1.573707518796992133e+01 8.057741158677453086e+02
1.673707518796992133e+01 8.962872049075763243e+02
1.773707518796992133e+01 9.845688395112122180e+02
1.873707518796992133e+01 1.062480728334656533e+03
1.973707518796992133e+01 1.127198061772861365e+03
2.073707518796992133e+01 1.176973209160211809e+03
2.173707518796992133e+01 1.208876545289534988e+03
2.273707518796992133e+01 1.221309746610572120e+03
2.373707518796992133e+01 1.215648946110214411e+03
2.473707518796992133e+01 1.191987473510178461e+03
2.573707518796992133e+01 1.153362713097259530e+03
2.673707518796992133e+01 1.101954919484814127e+03
2.773707518796992133e+01 1.038005951902803645e+03
2.873707518796992133e+01 9.727179419229335053e+02
2.973707518796992133e+01 9.027311238329108392e+02
3.073707518796992133e+01 8.311998513987097112e+02
3.173707518796992133e+01 7.590208813506628758e+02
3.273707518796992133e+01 6.901374377171799779e+02
3.373707518796992133e+01 6.238523940809968735e+02
3.473707518796992133e+01 5.621814773909205769e+02
3.573707518796992133e+01 5.051984876817675740e+02
3.673707518796992133e+01 4.532796736048875914e+02
3.773707518796992133e+01 4.064518161451867968e+02
3.873707518796992133e+01 3.645178194915446284e+02
3.973707518796992133e+01 3.271558181359915807e+02
4.073707518796992133e+01 2.940086618218997501e+02
4.173707518796992133e+01 2.645318623858461820e+02
4.273707518796992133e+01 2.383216808611932720e+02
4.373707518796992133e+01 2.149354566036897438e+02
4.473707518796992133e+01 1.939731888979898997e+02
4.573707518796992133e+01 1.750948313601349184e+02
4.673707518796992133e+01 1.580234652427108699e+02
4.773707518796992133e+01 1.424858439661884972e+02
4.873707518796992133e+01 1.282965810341057704e+02
4.973707518796992133e+01 1.153050671117114092e+02
5.073707518796992133e+01 1.033834785241212444e+02
5.173707518796992133e+01 9.244874128313212225e+01
5.273707518796992133e+01 8.241382781597027929e+01
5.373707518796992133e+01 7.324768054425976516e+01
5.473707518796992133e+01 6.486794784425583771e+01
5.573707518796992133e+01 5.725844251797653328e+01
5.673707518796992133e+01 5.037825955774308540e+01
5.773707518796992133e+01 4.418403999812483818e+01
5.873707518796992133e+01 3.864387626230296746e+01
5.973707518796992133e+01 3.373032922226691710e+01
6.073707518796992133e+01 2.937480770532528496e+01
6.173707518796992133e+01 2.553298177652803957e+01
6.273707518796992133e+01 2.216701097908834228e+01
6.373707518796992133e+01 1.922077900790202420e+01
6.473707518796992133e+01 1.665999891501450136e+01
6.573707518796992133e+01 1.443596564342694677e+01
6.673707518796992133e+01 1.250849762334929594e+01
6.773707518796992133e+01 1.084025372232147610e+01
6.873707518796992133e+01 9.399850911260291042e+00
6.973707518796992133e+01 8.156651935008786936e+00
7.073707518796992133e+01 7.079505141387175904e+00
7.173707518796992133e+01 6.147052356954064933e+00
7.273707518796992133e+01 5.340302346232871145e+00
7.373707518796992133e+01 4.641555891572599180e+00
7.473707518796992133e+01 4.034841715731563028e+00
7.573707518796992133e+01 3.507127410761118558e+00
7.673707518796992133e+01 3.046253359716285303e+00
7.773707518796992133e+01 2.647228069121110750e+00
7.873707518796992133e+01 2.298238043813679354e+00
7.973707518796992133e+01 1.993595862269625929e+00
8.073707518796992133e+01 1.728014396606526670e+00
8.173707518796992133e+01 1.496177201098968457e+00
8.273707518796992133e+01 1.294250838323682595e+00
8.373707518796992133e+01 1.118579441913477135e+00
8.473707518796992133e+01 9.652733777979530805e-01
8.573707518796992133e+01 8.321064548567320696e-01
8.673707518796992133e+01 7.164075318775393608e-01
