1.900000000000000000e+01 5.123436011889022978e+01
2.000000000000000000e+01 5.816879682291445874e+01
2.100000000000000000e+01 6.449600421028979724e+01
2.200000000000000000e+01 6.999125354665254406e+01
2.300000000000000000e+01 7.568515068106589183e+01
2.400000000000000000e+01 8.003734776403626938e+01
2.500000000000000000e+01 8.290703958493475056e+01
2.600000000000000000e+01 8.576331290565138943e+01
2.700000000000000000e+01 8.698422808162429476e+01
2.800000000000000000e+01 8.658925338140934969e+01
2.900000000000000000e+01 8.620960618386141050e+01
3.000000000000000000e+01 8.443707942831009916e+01
3.100000000000000000e+01 8.140475947747634677e+01
3.200000000000000000e+01 7.857113115918653534e+01
3.300000000000000000e+01 7.474795601437079995e+01
3.400000000000000000e+01 7.011033425094893801e+01
3.500000000000000000e+01 6.588097108816097602e+01
3.600000000000000000e+01 6.201388908107098530e+01
3.700000000000000000e+01 5.846935974365949562e+01
3.800000000000000000e+01 5.473602857212767958e+01
3.900000000000000000e+01 5.087850666167149427e+01
4.000000000000000000e+01 4.737937281807037238e+01
4.100000000000000000e+01 4.419767092410113918e+01
4.200000000000000000e+01 4.118309562879998253e+01
4.300000000000000000e+01 3.832864133555912645e+01
4.400000000000000000e+01 3.573034137641516850e+01
4.500000000000000000e+01 3.336020155359324235e+01
4.600000000000000000e+01 3.119381123153842594e+01
4.700000000000000000e+01 2.905562067229879730e+01
4.800000000000000000e+01 2.695857133067656264e+01
4.900000000000000000e+01 2.505115731438676363e+01
5.000000000000000000e+01 2.331290195575135726e+01
5.100000000000000000e+01 2.172588535818806577e+01
5.200000000000000000e+01 2.027438359164014514e+01
5.300000000000000000e+01 1.874290107509860448e+01
5.400000000000000000e+01 1.716388462363213563e+01
5.500000000000000000e+01 1.574307456386663517e+01
5.600000000000000000e+01 1.446218353450998606e+01
5.700000000000000000e+01 1.330531013254924844e+01
5.800000000000000000e+01 1.225859329620205784e+01
5.900000000000000000e+01 1.130992156109577884e+01
6.000000000000000000e+01 1.030653481933128290e+01
6.100000000000000000e+01 9.275212751336153971e+00
6.200000000000000000e+01 8.361301548997472466e+00
6.300000000000000000e+01 7.549865717881322880e+00
6.400000000000000000e+01 6.828063270540388530e+00
6.500000000000000000e+01 6.184825940885962048e+00
6.600000000000000000e+01 5.610592152790460752e+00
6.700000000000000000e+01 5.046711680879626627e+00
6.800000000000000000e+01 4.500265680258994649e+00
6.900000000000000000e+01 4.019660477490050177e+00
7.000000000000000000e+01 3.596180829980109905e+00
7.100000000000000000e+01 3.222365870937473176e+00
7.200000000000000000e+01 2.891814451028956512e+00
7.300000000000000000e+01 2.599022821328962785e+00
7.400000000000000000e+01 2.339248938917917631e+00
7.500000000000000000e+01 2.095519264847021557e+00
7.600000000000000000e+01 1.868044508514463020e+00
7.700000000000000000e+01 1.667750531836302175e+00
7.800000000000000000e+01 1.491099524485350436e+00
7.900000000000000000e+01 1.335050988155595864e+00
8.000000000000000000e+01 1.196986774450837121e+00
8.100000000000000000e+01 1.074648166133695071e+00
8.200000000000000000e+01 9.660829501105058226e-01
8.300000000000000000e+01 8.696007994592498402e-01
8.400000000000000000e+01 7.764499938710069937e-01
8.500000000000000000e+01 6.875274792941310498e-01
8.600000000000000000e+01 6.096506322190293758e-01
8.700000000000000000e+01 5.413426741016540422e-01
8.800000000000000000e+01 4.813379668001567802e-01
8.900000000000000000e+01 4.285499083271571141e-01
9.000000000000000000e+01 3.820439953918958742e-01
9.100000000000000000e+01 3.410151762464173064e-01
9.200000000000000000e+01 3.047687735036809231e-01
9.300000000000000000e+01 2.727043836258158938e-01
9.400000000000000000e+01 2.415079878779936573e-01
9.500000000000000000e+01 2.116126651287251748e-01
9.600000000000000000e+01 1.856734397455205021e-01
9.700000000000000000e+01 1.631336465950392334e-01
9.800000000000000000e+01 1.435195235604873054e-01
9.900000000000000000e+01 1.264271967434373034e-01
1.000000000000000000e+02 1.115118117525525643e-01
1.010000000000000000e+02 9.847844054593175855e-02
1.020000000000000000e+02 8.707446009003808052e-02
1.030000000000000000e+02 7.708315335372127597e-02
1.040000000000000000e+02 6.831832731716437623e-02
