1.000000000000000021e-03 7.773225556326367496e+02
1.051999999999999984e-03 7.700869115176533342e+02
1.106999999999999911e-03 7.781906945162415923e+02
1.163999999999999887e-03 7.757108654206916754e+02
1.224999999999999960e-03 7.761065960806151907e+02
1.288999999999999998e-03 7.738821653533804010e+02
1.356000000000000000e-03 7.698262402328157350e+02
1.427000000000000100e-03 7.668868878593834779e+02
1.500999999999999947e-03 7.615338270838461767e+02
1.579000000000000108e-03 7.542026546088225132e+02
1.661000000000000150e-03 7.480434301551556473e+02
1.747999999999999988e-03 7.372806123593586562e+02
1.839000000000000140e-03 7.274902004173081878e+02
1.935000000000000088e-03 7.151009885452497201e+02
2.034999999999999917e-03 7.017837526478815562e+02
2.141000000000000108e-03 6.908104938527933427e+02
2.252999999999999794e-03 6.738489103157260161e+02
2.370000000000000145e-03 6.610474363502372626e+02
2.492999999999999990e-03 6.421987349110640935e+02
2.623000000000000331e-03 6.299298017721180258e+02
2.759999999999999867e-03 6.091000229697352779e+02
2.903999999999999897e-03 5.965742510188742926e+02
3.054999999999999990e-03 5.741857250683023040e+02
3.213999999999999843e-03 5.630025155722660202e+02
3.380999999999999891e-03 5.409772671262003314e+02
3.556999999999999832e-03 5.292449787791075551e+02
3.742000000000000100e-03 5.106948882594020915e+02
3.936999999999999528e-03 4.967816351491196087e+02
4.142000000000000716e-03 4.812871713786053078e+02
4.357999999999999895e-03 4.673856117447476208e+02
4.585000000000000533e-03 4.547138999216717821e+02
4.824000000000000163e-03 4.421649298286706653e+02
5.074999999999999650e-03 4.323620190299157002e+02
5.338999999999999996e-03 4.213890326560888866e+02
5.616999999999999597e-03 4.135039058285132114e+02
5.908999999999999322e-03 4.049326857171309939e+02
6.217000000000000304e-03 3.992172457241973689e+02
6.540999999999999939e-03 3.928584972957559671e+02
6.880999999999999964e-03 3.889883787349435806e+02
7.239999999999999908e-03 3.851574345311996694e+02
7.617000000000000506e-03 3.831348771410826544e+02
8.012999999999999290e-03 3.812994671907331963e+02
8.429999999999999993e-03 3.807439540858563873e+02
8.868999999999998413e-03 3.815157027518823156e+02
9.330999999999999017e-03 3.815346375537775430e+02
9.816999999999999338e-03 3.843969575254524216e+02
1.032999999999999891e-02 3.862245199815533852e+02
1.086999999999999945e-02 3.897698810025445937e+02
1.143000000000000092e-02 3.930476225762874378e+02
1.203000000000000076e-02 3.972966787692121784e+02
1.264999999999999979e-02 4.020582435154281029e+02
1.330999999999999892e-02 4.065942697389422733e+02
1.400999999999999988e-02 4.124131275014653966e+02
1.473000000000000004e-02 4.173347267733969375e+02
1.549999999999999989e-02 4.235493608487234951e+02
1.631000000000000158e-02 4.293438204922516661e+02
1.715999999999999817e-02 4.351353040154758105e+02
1.805000000000000007e-02 4.413356028673697438e+02
1.898999999999999994e-02 4.477292391613202085e+02
1.997999999999999776e-02 4.535200490508845519e+02
2.101999999999999702e-02 4.598823835156116502e+02
2.212000000000000077e-02 4.654386616837903148e+02
2.326999999999999902e-02 4.722608771083923784e+02
2.447999999999999829e-02 4.776270596953122549e+02
2.574999999999999858e-02 4.836310609493631887e+02
2.708999999999999950e-02 4.890983829203161122e+02
2.850000000000000103e-02 4.942068824273233076e+02
2.998999999999999930e-02 4.990687813359984375e+02
3.155000000000000165e-02 5.041301534944275886e+02
3.318999999999999728e-02 5.082549291613846663e+02
3.491999999999999965e-02 5.131269325683738316e+02
3.673999999999999488e-02 5.161284562029203471e+02
3.864999999999999686e-02 5.206993713613237560e+02
4.066000000000000170e-02 5.226680431864308503e+02
4.277999999999999858e-02 5.261515186821541192e+02
4.500999999999999446e-02 5.277857341546263115e+02
4.734999999999999626e-02 5.305885022268296325e+02
4.982000000000000317e-02 5.308823713743984172e+02
5.240999999999999825e-02 5.330323858796178911e+02
5.513999999999999457e-02 5.329135527666538792e+02
5.800999999999999907e-02 5.340276306826838209e+02
6.102999999999999398e-02 5.325611589708246356e+02
6.421000000000000318e-02 5.327726124247568578e+02
6.755999999999999506e-02 5.308952355501594411e+02
7.106999999999999429e-02 5.290190954319380126e+02
7.477000000000000313e-02 5.272032032846701668e+02
7.867000000000000381e-02 5.242547199250146832e+02
8.276000000000000023e-02 5.214041588689531181e+02
8.707000000000000850e-02 5.174821278115255154e+02
9.160999999999999699e-02 5.134200111154391379e+02
9.637999999999999345e-02 5.087388669760336484e+02
1.014000000000000040e-01 5.037915028109403579e+02
1.067000000000000032e-01 4.979760070810431216e+02
1.122000000000000081e-01 4.927386868727648448e+02
1.180999999999999966e-01 4.856050210683831665e+02
1.242000000000000048e-01 4.796099462594025908e+02
1.307000000000000106e-01 4.717265564993208500e+02
1.375000000000000111e-01 4.650771180918948176e+02
1.446999999999999953e-01 4.565212618590574039e+02
1.522000000000000020e-01 4.486414512997710062e+02
1.600999999999999923e-01 4.400990326643226922e+02
1.683999999999999941e-01 4.312215673469132753e+02
1.771999999999999964e-01 4.223609814657609149e+02
1.864000000000000101e-01 4.129502198180234700e+02
1.960999999999999965e-01 4.035745662913882370e+02
2.064000000000000001e-01 3.935861108008730298e+02
2.170999999999999874e-01 3.837860709442616098e+02
2.283999999999999919e-01 3.733933308145724368e+02
2.403000000000000136e-01 3.635601669600338255e+02
2.528000000000000247e-01 3.526501276609805586e+02
2.660000000000000142e-01 3.428236202564717132e+02
2.798000000000000487e-01 3.316760131188343621e+02
2.943999999999999950e-01 3.216847086911133147e+02
3.096999999999999753e-01 3.105526210393935571e+02
3.259000000000000230e-01 3.003892659755227896e+02
3.427999999999999936e-01 2.894857889239152087e+02
3.606999999999999651e-01 2.792217715072774809e+02
3.795000000000000040e-01 2.686095664878633897e+02
3.991999999999999993e-01 2.584707443170117926e+02
4.200000000000000400e-01 2.481855198670575930e+02
4.419000000000000150e-01 2.381193448240908879e+02
4.649000000000000354e-01 2.283782676399623597e+02
4.891000000000000347e-01 2.184532572892582323e+02
5.144999999999999574e-01 2.091487320876971125e+02
5.413000000000000034e-01 1.995624345954115597e+02
5.695000000000000062e-01 1.906303138838626410e+02
5.992000000000000659e-01 1.816711549317997196e+02
6.304000000000000714e-01 1.730836899447885457e+02
6.632000000000000117e-01 1.647586571972451281e+02
6.976999999999999869e-01 1.566223922100275843e+02
7.340999999999999748e-01 1.489238320265277196e+02
7.722999999999999865e-01 1.413203007997185523e+02
8.125000000000000000e-01 1.342090877408506060e+02
8.548000000000000043e-01 1.271181121633713360e+02
8.992999999999999883e-01 1.205877761803696444e+02
9.460999999999999410e-01 1.142282801179520675e+02
9.954000000000000625e-01 1.082260158576711717e+02
1.046999999999999931e+00 1.025419239144905816e+02
1.101999999999999869e+00 9.717443814023530990e+01
1.159000000000000030e+00 9.217965321876295093e+01
1.219000000000000083e+00 8.731289885092883196e+01
1.283000000000000140e+00 8.289872279340977457e+01
1.350000000000000089e+00 7.856316571918716818e+01
1.419999999999999929e+00 7.476957779257595860e+01
1.493999999999999995e+00 7.101531598516875476e+01
1.572000000000000064e+00 6.779961887895333916e+01
1.654000000000000137e+00 6.467561598982432258e+01
1.739999999999999991e+00 6.201618591007209602e+01
1.830000000000000071e+00 5.938677891462332070e+01
1.925999999999999934e+00 5.718878233527343724e+01
2.025999999999999801e+00 5.501748639928994322e+01
2.131000000000000227e+00 5.315211157356498717e+01
2.241999999999999993e+00 5.147584428800165313e+01
2.358999999999999986e+00 4.998318364387030499e+01
2.481999999999999762e+00 4.881081448934115485e+01
2.611000000000000210e+00 4.773035640906176269e+01
2.746999999999999886e+00 4.695604302731086221e+01
2.890000000000000124e+00 4.622742129211583517e+01
3.040999999999999925e+00 4.568869901453380322e+01
3.198999999999999844e+00 4.519382672894054309e+01
3.366000000000000103e+00 4.484752134850747751e+01
3.540999999999999925e+00 4.462793642376691849e+01
3.725000000000000089e+00 4.449375699655251992e+01
3.918999999999999595e+00 4.457824168123496378e+01
4.123000000000000220e+00 4.472182928167119087e+01
4.338000000000000078e+00 4.503832114212508486e+01
4.564000000000000057e+00 4.537754643755031481e+01
4.801000000000000156e+00 4.576045761976658355e+01
5.051000000000000156e+00 4.618800856867034099e+01
5.314000000000000057e+00 4.660642292239295870e+01
5.590999999999999304e+00 4.716842409471796316e+01
5.881999999999999673e+00 4.773076351908449055e+01
6.187999999999999723e+00 4.849075028327312253e+01
6.511000000000000121e+00 4.935795290158873883e+01
6.850000000000000533e+00 5.031016628882508712e+01
7.205999999999999517e+00 5.138850160158501978e+01
7.581999999999999851e+00 5.234072895531865299e+01
7.976000000000000867e+00 5.340129249321903160e+01
8.391999999999999460e+00 5.423710169697424277e+01
8.829000000000000625e+00 5.514263089277692131e+01
9.288000000000000256e+00 5.593882338670967158e+01
9.772000000000000242e+00 5.667959338634326372e+01
1.027999999999999936e+01 5.758566028294430339e+01
1.082000000000000028e+01 5.834765711203457528e+01
1.137999999999999901e+01 5.935038033291289850e+01
1.196999999999999886e+01 6.025444738906945474e+01
1.259999999999999964e+01 6.130768980117599654e+01
1.325000000000000000e+01 6.236427582427356242e+01
1.393999999999999950e+01 6.340258271584206540e+01
1.466999999999999993e+01 6.451789320302256669e+01
1.542999999999999972e+01 6.544785922105563714e+01
1.623000000000000043e+01 6.641572164881254992e+01
1.708000000000000185e+01 6.707961816079001949e+01
1.796999999999999886e+01 6.766577331678185203e+01
1.889999999999999858e+01 6.767744307477380517e+01
1.989000000000000057e+01 6.747550768634992835e+01
2.092000000000000171e+01 6.628675898742922357e+01
2.200999999999999801e+01 6.448939705792410848e+01
2.316000000000000014e+01 6.162451420310981121e+01
2.437000000000000099e+01 5.758508832712271897e+01
2.562999999999999901e+01 5.296521966957688932e+01
2.697000000000000242e+01 4.686188990119452313e+01
2.837000000000000099e+01 4.077376375010119602e+01
2.985000000000000142e+01 3.416295957810967110e+01
3.139999999999999858e+01 2.767410062931061177e+01
3.303999999999999915e+01 2.222609718327523254e+01
3.475999999999999801e+01 1.679222299388780471e+01
3.657000000000000028e+01 1.303192929442790593e+01
3.846999999999999886e+01 9.427483913854025843e+00
4.048000000000000398e+01 7.076024187649360364e+00
4.259000000000000341e+01 5.087370519624589527e+00
4.479999999999999716e+01 3.752334656173294647e+00
4.714000000000000057e+01 2.762489227475140918e+00
4.959000000000000341e+01 2.007630818871634748e+00
5.217000000000000171e+01 1.465202166588140731e+00
5.489000000000000057e+01 1.009461998490841061e+00
5.775000000000000000e+01 6.860756025379944889e-01
6.075000000000000000e+01 4.099362008866255236e-01
6.392000000000000171e+01 2.657081859351863029e-01
6.723999999999999488e+01 1.337921745855798761e-01
7.075000000000000000e+01 8.822009823837101417e-02
7.442999999999999261e+01 4.252544800806937197e-02
7.829999999999999716e+01 2.806109300468131312e-02
8.237999999999999545e+01 1.366715266581106959e-02
8.667000000000000171e+01 7.920191802272545309e-03
9.117999999999999261e+01 3.552106625168514366e-03
9.593000000000000682e+01 1.690695693713254247e-03
1.009000000000000057e+02 7.813915432329993690e-04
1.062000000000000028e+02 3.080641672754037982e-04
1.116999999999999886e+02 1.472234941680243005e-04
1.175000000000000000e+02 4.813003787838072474e-05
1.236000000000000085e+02 2.316614619821432314e-05
1.300999999999999943e+02 5.227305152633017332e-06
1.369000000000000057e+02 2.614334619342031492e-06
1.440000000000000000e+02 4.825675294872804744e-07
1.515000000000000000e+02 2.499753816134810216e-07
1.593999999999999773e+02 3.078115623272637818e-08
1.676999999999999886e+02 1.658395285241188711e-08
1.764000000000000057e+02 2.189556994848707414e-09
1.855999999999999943e+02 7.717295512741995031e-10
1.952000000000000171e+02 1.621328645276495807e-10
2.054000000000000057e+02 2.574599886976165553e-11
2.160999999999999943e+02 6.931184036726057290e-12
2.273999999999999773e+02 5.267104969932044007e-13
2.391999999999999886e+02 1.732924396391695205e-13
2.516999999999999886e+02 7.418878271539264725e-15
2.647999999999999545e+02 2.794830395214701142e-15
2.785000000000000000e+02 4.930054046732735959e-17
2.930000000000000000e+02 2.097826843913376619e-17
3.083000000000000114e+02 2.494108519663448883e-19
3.244000000000000341e+02 1.152515300540785110e-19
3.411999999999999886e+02 4.778505699914560201e-22
3.590000000000000000e+02 2.382604949176680695e-22
3.776999999999999886e+02 6.369762934214384542e-25
3.973999999999999773e+02 3.380107582508887756e-25
4.181000000000000227e+02 3.323716563155129444e-26
4.398000000000000114e+02 1.861975099330318034e-28
4.626999999999999886e+02 3.674590784308329242e-29
4.868000000000000114e+02 4.535562058080061445e-32
5.122000000000000455e+02 1.240146099638185240e-32
5.387999999999999545e+02 4.723386154466329184e-36
5.668999999999999773e+02 1.596771801941808624e-36
5.964000000000000909e+02 1.401177850297392887e-40
6.275000000000000000e+02 5.483290402416273261e-41
6.601000000000000227e+02 1.254081725166352480e-45
6.945000000000000000e+02 5.485731213091454422e-46
7.307000000000000455e+02 3.105135981324648625e-51
7.687000000000000455e+02 1.481191030120877267e-51
8.087999999999999545e+02 1.800223848035993322e-57
8.508999999999999773e+02 9.194505256409137169e-58
8.952000000000000455e+02 2.268296967982049494e-59
9.417999999999999545e+02 1.155657173808628465e-64
9.908000000000000682e+02 1.600708267366662037e-65
1.042000000000000000e+03 2.137054458288082088e-72
1.097000000000000000e+03 4.737021600428496165e-73
1.154000000000000000e+03 4.390139531709546281e-81
1.214000000000000000e+03 1.312466507303229657e-81
1.277000000000000000e+03 1.095227024765617931e-90
1.344000000000000000e+03 3.890955435468338890e-91
1.414000000000000000e+03 2.127028429290447721e-101
1.487000000000000000e+03 8.774767791794304186e-102
1.565000000000000000e+03 2.248151513979003188e-113
1.646000000000000000e+03 1.021410407872819071e-113
1.732000000000000000e+03 9.043113276263230124e-127
1.822000000000000000e+03 4.431331664513846799e-127
1.917000000000000000e+03 1.335047493714194604e-141
2.017000000000000000e+03 6.966481755956206844e-142
2.122000000000000000e+03 4.704899332134859229e-143
2.232000000000000000e+03 1.779441065517204308e-158
2.348000000000000000e+03 3.128398359135566505e-159
2.470000000000000000e+03 6.580155307956697254e-177
2.599000000000000000e+03 1.687629925743011973e-177
2.734000000000000000e+03 1.635388621245253810e-197
2.877000000000000000e+03 5.269692006673662100e-198
3.027000000000000000e+03 1.986959561161215956e-220
3.184000000000000000e+03 7.571354805630329012e-221
3.350000000000000000e+03 4.874875766570605005e-246
3.524000000000000000e+03 2.088228466159544673e-246
3.708000000000000000e+03 1.621513208559022666e-274
3.901000000000000000e+03 7.582142955574742361e-275
4.104000000000000000e+03 2.949823871498474170e-306
4.318000000000000000e+03 1.480926771144815934e-306
4.543000000000000000e+03 0.000000000000000000e+00
4.779000000000000000e+03 0.000000000000000000e+00
5.028000000000000000e+03 0.000000000000000000e+00
5.290000000000000000e+03 0.000000000000000000e+00
5.565000000000000000e+03 0.000000000000000000e+00
5.855000000000000000e+03 0.000000000000000000e+00
6.160000000000000000e+03 0.000000000000000000e+00
6.481000000000000000e+03 0.000000000000000000e+00
6.818000000000000000e+03 0.000000000000000000e+00
7.173000000000000000e+03 0.000000000000000000e+00
7.547000000000000000e+03 0.000000000000000000e+00
7.940000000000000000e+03 0.000000000000000000e+00
8.353000000000000000e+03 0.000000000000000000e+00
8.788000000000000000e+03 0.000000000000000000e+00
9.246000000000000000e+03 0.000000000000000000e+00
9.727000000000000000e+03 0.000000000000000000e+00
1.023000000000000000e+04 0.000000000000000000e+00
1.077000000000000000e+04 0.000000000000000000e+00
1.133000000000000000e+04 0.000000000000000000e+00
1.192000000000000000e+04 0.000000000000000000e+00
1.254000000000000000e+04 0.000000000000000000e+00
1.319000000000000000e+04 0.000000000000000000e+00
1.388000000000000000e+04 0.000000000000000000e+00
1.460000000000000000e+04 0.000000000000000000e+00
1.536000000000000000e+04 0.000000000000000000e+00
1.616000000000000000e+04 0.000000000000000000e+00
1.700000000000000000e+04 0.000000000000000000e+00
1.789000000000000000e+04 0.000000000000000000e+00
1.882000000000000000e+04 0.000000000000000000e+00
1.980000000000000000e+04 0.000000000000000000e+00
2.083000000000000000e+04 0.000000000000000000e+00
2.191000000000000000e+04 0.000000000000000000e+00
2.305000000000000000e+04 0.000000000000000000e+00
2.425000000000000000e+04 0.000000000000000000e+00
2.552000000000000000e+04 0.000000000000000000e+00
2.684000000000000000e+04 0.000000000000000000e+00
2.824000000000000000e+04 0.000000000000000000e+00
2.971000000000000000e+04 0.000000000000000000e+00
3.126000000000000000e+04 0.000000000000000000e+00
3.289000000000000000e+04 0.000000000000000000e+00
3.460000000000000000e+04 0.000000000000000000e+00
3.640000000000000000e+04 0.000000000000000000e+00
3.830000000000000000e+04 0.000000000000000000e+00
4.029000000000000000e+04 0.000000000000000000e+00
4.239000000000000000e+04 0.000000000000000000e+00
4.460000000000000000e+04 0.000000000000000000e+00
4.692000000000000000e+04 0.000000000000000000e+00
4.936000000000000000e+04 0.000000000000000000e+00
5.193000000000000000e+04 0.000000000000000000e+00
5.464000000000000000e+04 0.000000000000000000e+00
5.748000000000000000e+04 0.000000000000000000e+00
6.047000000000000000e+04 0.000000000000000000e+00
6.362000000000000000e+04 0.000000000000000000e+00
6.693000000000000000e+04 0.000000000000000000e+00
7.042000000000000000e+04 0.000000000000000000e+00
7.409000000000000000e+04 0.000000000000000000e+00
7.794000000000000000e+04 0.000000000000000000e+00
8.200000000000000000e+04 0.000000000000000000e+00
8.627000000000000000e+04 0.000000000000000000e+00
9.076000000000000000e+04 0.000000000000000000e+00
9.549000000000000000e+04 0.000000000000000000e+00
1.005000000000000000e+05 0.000000000000000000e+00
1.057000000000000000e+05 0.000000000000000000e+00
1.112000000000000000e+05 0.000000000000000000e+00
1.170000000000000000e+05 0.000000000000000000e+00
1.231000000000000000e+05 0.000000000000000000e+00
1.295000000000000000e+05 0.000000000000000000e+00
1.362000000000000000e+05 0.000000000000000000e+00
1.433000000000000000e+05 0.000000000000000000e+00
1.508000000000000000e+05 0.000000000000000000e+00
1.586000000000000000e+05 0.000000000000000000e+00
1.669000000000000000e+05 0.000000000000000000e+00
1.756000000000000000e+05 0.000000000000000000e+00
1.847000000000000000e+05 0.000000000000000000e+00
1.943000000000000000e+05 0.000000000000000000e+00
2.045000000000000000e+05 0.000000000000000000e+00
2.151000000000000000e+05 0.000000000000000000e+00
2.263000000000000000e+05 0.000000000000000000e+00
2.381000000000000000e+05 0.000000000000000000e+00
2.505000000000000000e+05 0.000000000000000000e+00
2.635000000000000000e+05 0.000000000000000000e+00
2.773000000000000000e+05 0.000000000000000000e+00
2.917000000000000000e+05 0.000000000000000000e+00
3.069000000000000000e+05 0.000000000000000000e+00
3.229000000000000000e+05 0.000000000000000000e+00
3.397000000000000000e+05 0.000000000000000000e+00
3.574000000000000000e+05 0.000000000000000000e+00
3.760000000000000000e+05 0.000000000000000000e+00
3.955000000000000000e+05 0.000000000000000000e+00
4.161000000000000000e+05 0.000000000000000000e+00
4.378000000000000000e+05 0.000000000000000000e+00
4.606000000000000000e+05 0.000000000000000000e+00
4.846000000000000000e+05 0.000000000000000000e+00
5.098000000000000000e+05 0.000000000000000000e+00
5.364000000000000000e+05 0.000000000000000000e+00
5.643000000000000000e+05 0.000000000000000000e+00
5.937000000000000000e+05 0.000000000000000000e+00
6.246000000000000000e+05 0.000000000000000000e+00
6.571000000000000000e+05 0.000000000000000000e+00
6.913000000000000000e+05 0.000000000000000000e+00
7.273000000000000000e+05 0.000000000000000000e+00
7.652000000000000000e+05 0.000000000000000000e+00
8.050000000000000000e+05 0.000000000000000000e+00
8.469000000000000000e+05 0.000000000000000000e+00
8.910000000000000000e+05 0.000000000000000000e+00
9.374000000000000000e+05 0.000000000000000000e+00
9.863000000000000000e+05 0.000000000000000000e+00
1.038000000000000000e+06 0.000000000000000000e+00
1.092000000000000000e+06 0.000000000000000000e+00
1.148000000000000000e+06 0.000000000000000000e+00
1.208000000000000000e+06 0.000000000000000000e+00
1.271000000000000000e+06 0.000000000000000000e+00
1.337000000000000000e+06 0.000000000000000000e+00
1.407000000000000000e+06 0.000000000000000000e+00
1.480000000000000000e+06 0.000000000000000000e+00
1.557000000000000000e+06 0.000000000000000000e+00
1.638000000000000000e+06 0.000000000000000000e+00
1.724000000000000000e+06 0.000000000000000000e+00
1.814000000000000000e+06 0.000000000000000000e+00
1.908000000000000000e+06 0.000000000000000000e+00
2.007000000000000000e+06 0.000000000000000000e+00
2.112000000000000000e+06 0.000000000000000000e+00
2.222000000000000000e+06 0.000000000000000000e+00
2.337000000000000000e+06 0.000000000000000000e+00
2.459000000000000000e+06 0.000000000000000000e+00
2.587000000000000000e+06 0.000000000000000000e+00
2.722000000000000000e+06 0.000000000000000000e+00
2.864000000000000000e+06 0.000000000000000000e+00
3.013000000000000000e+06 0.000000000000000000e+00
3.170000000000000000e+06 0.000000000000000000e+00
3.335000000000000000e+06 0.000000000000000000e+00
3.508000000000000000e+06 0.000000000000000000e+00
3.691000000000000000e+06 0.000000000000000000e+00
3.883000000000000000e+06 0.000000000000000000e+00
4.085000000000000000e+06 0.000000000000000000e+00
4.298000000000000000e+06 0.000000000000000000e+00
4.522000000000000000e+06 0.000000000000000000e+00
4.757000000000000000e+06 0.000000000000000000e+00
5.005000000000000000e+06 0.000000000000000000e+00
5.266000000000000000e+06 0.000000000000000000e+00
5.540000000000000000e+06 0.000000000000000000e+00
5.828000000000000000e+06 0.000000000000000000e+00
6.132000000000000000e+06 0.000000000000000000e+00
6.451000000000000000e+06 0.000000000000000000e+00
6.787000000000000000e+06 0.000000000000000000e+00
7.140000000000000000e+06 0.000000000000000000e+00
7.512000000000000000e+06 0.000000000000000000e+00
7.903000000000000000e+06 0.000000000000000000e+00
8.315000000000000000e+06 0.000000000000000000e+00
8.748000000000000000e+06 0.000000000000000000e+00
9.203000000000000000e+06 0.000000000000000000e+00
9.682000000000000000e+06 0.000000000000000000e+00
1.019000000000000000e+07 0.000000000000000000e+00
1.072000000000000000e+07 0.000000000000000000e+00
1.127000000000000000e+07 0.000000000000000000e+00
1.186000000000000000e+07 0.000000000000000000e+00
1.248000000000000000e+07 0.000000000000000000e+00
1.313000000000000000e+07 0.000000000000000000e+00
1.381000000000000000e+07 0.000000000000000000e+00
1.453000000000000000e+07 0.000000000000000000e+00
1.529000000000000000e+07 0.000000000000000000e+00
1.608000000000000000e+07 0.000000000000000000e+00
1.692000000000000000e+07 0.000000000000000000e+00
1.780000000000000000e+07 0.000000000000000000e+00
1.873000000000000000e+07 0.000000000000000000e+00
1.971000000000000000e+07 0.000000000000000000e+00
2.073000000000000000e+07 0.000000000000000000e+00
2.181000000000000000e+07 0.000000000000000000e+00
2.295000000000000000e+07 0.000000000000000000e+00
2.414000000000000000e+07 0.000000000000000000e+00
2.540000000000000000e+07 0.000000000000000000e+00
2.672000000000000000e+07 0.000000000000000000e+00
2.811000000000000000e+07 0.000000000000000000e+00
2.958000000000000000e+07 0.000000000000000000e+00
3.112000000000000000e+07 0.000000000000000000e+00
3.274000000000000000e+07 0.000000000000000000e+00
3.444000000000000000e+07 0.000000000000000000e+00
3.623000000000000000e+07 0.000000000000000000e+00
3.812000000000000000e+07 0.000000000000000000e+00
4.011000000000000000e+07 0.000000000000000000e+00
4.219000000000000000e+07 0.000000000000000000e+00
4.439000000000000000e+07 0.000000000000000000e+00
4.670000000000000000e+07 0.000000000000000000e+00
4.913000000000000000e+07 0.000000000000000000e+00
5.169000000000000000e+07 0.000000000000000000e+00
5.438000000000000000e+07 0.000000000000000000e+00
5.722000000000000000e+07 0.000000000000000000e+00
6.019000000000000000e+07 0.000000000000000000e+00
6.333000000000000000e+07 0.000000000000000000e+00
6.663000000000000000e+07 0.000000000000000000e+00
7.010000000000000000e+07 0.000000000000000000e+00
7.375000000000000000e+07 0.000000000000000000e+00
7.759000000000000000e+07 0.000000000000000000e+00
8.163000000000000000e+07 0.000000000000000000e+00
8.588000000000000000e+07 0.000000000000000000e+00
9.035000000000000000e+07 0.000000000000000000e+00
9.505000000000000000e+07 0.000000000000000000e+00
1.000000000000000000e+08 0.000000000000000000e+00
