1.000000000000000021e-03 3.018583769183368304e+02
1.051999999999999984e-03 3.007456738379257217e+02
1.106999999999999911e-03 3.153036329255917281e+02
1.163999999999999887e-03 3.196372155700449866e+02
1.224999999999999960e-03 3.279903210401838010e+02
1.288999999999999998e-03 3.327831238694627132e+02
1.356000000000000000e-03 3.378759673723398578e+02
1.427000000000000100e-03 3.421292197327482540e+02
1.500999999999999947e-03 3.462477792627319104e+02
1.579000000000000108e-03 3.465958407997894710e+02
1.661000000000000150e-03 3.498264277708403824e+02
1.747999999999999988e-03 3.474268349344031890e+02
1.839000000000000140e-03 3.465423559941775693e+02
1.935000000000000088e-03 3.425897199165459028e+02
2.034999999999999917e-03 3.377427581398540610e+02
2.141000000000000108e-03 3.351912055018671595e+02
2.252999999999999794e-03 3.258483738033609143e+02
2.370000000000000145e-03 3.212983205233065291e+02
2.492999999999999990e-03 3.088527121635104891e+02
2.623000000000000331e-03 3.044397608385008311e+02
2.759999999999999867e-03 2.889962519923234368e+02
2.903999999999999897e-03 2.835155241324963526e+02
3.054999999999999990e-03 2.656062574937545264e+02
3.213999999999999843e-03 2.601091594606688204e+02
3.380999999999999891e-03 2.421800075209008014e+02
3.556999999999999832e-03 2.344048559759156944e+02
3.742000000000000100e-03 2.192695693496415856e+02
3.936999999999999528e-03 2.079672667067274574e+02
4.142000000000000716e-03 1.948436786926419302e+02
4.357999999999999895e-03 1.823596933641108535e+02
4.585000000000000533e-03 1.711090929784252239e+02
4.824000000000000163e-03 1.589787840825623277e+02
5.074999999999999650e-03 1.495295241577882734e+02
5.338999999999999996e-03 1.382968157275194017e+02
5.616999999999999597e-03 1.298284439306106890e+02
5.908999999999999322e-03 1.200499679975608842e+02
6.217000000000000304e-03 1.130523562464188387e+02
6.540999999999999939e-03 1.047560911817605955e+02
6.880999999999999964e-03 9.892895748208044893e+01
7.239999999999999908e-03 9.271258385709460015e+01
7.617000000000000506e-03 8.799471290527890233e+01
8.012999999999999290e-03 8.362557796707834257e+01
8.429999999999999993e-03 8.000047571159838355e+01
8.868999999999998413e-03 7.794059007650952253e+01
9.330999999999999017e-03 7.456747510787576516e+01
9.816999999999999338e-03 7.432018915022243277e+01
1.032999999999999891e-02 7.271962888537851200e+01
1.086999999999999945e-02 7.286689319283138389e+01
1.143000000000000092e-02 7.296476661463883318e+01
1.203000000000000076e-02 7.379925518935699813e+01
1.264999999999999979e-02 7.551076463606146660e+01
1.330999999999999892e-02 7.681765230057412452e+01
1.400999999999999988e-02 7.958241948502576690e+01
1.473000000000000004e-02 8.150026577319691512e+01
1.549999999999999989e-02 8.499214544085974410e+01
1.631000000000000158e-02 8.790798918893548830e+01
1.715999999999999817e-02 9.134270464407933332e+01
1.805000000000000007e-02 9.505101002734423332e+01
1.898999999999999994e-02 9.945120361706347012e+01
1.997999999999999776e-02 1.032154925224109121e+02
2.101999999999999702e-02 1.079076945900116300e+02
2.212000000000000077e-02 1.120125138001041876e+02
2.326999999999999902e-02 1.173906182048326201e+02
2.447999999999999829e-02 1.219690115714419818e+02
2.574999999999999858e-02 1.270403314554124137e+02
2.708999999999999950e-02 1.320978043519928349e+02
2.850000000000000103e-02 1.370164420787437223e+02
2.998999999999999930e-02 1.419677338331197234e+02
3.155000000000000165e-02 1.473042214701346779e+02
3.318999999999999728e-02 1.521061744867295431e+02
3.491999999999999965e-02 1.578209383259731169e+02
3.673999999999999488e-02 1.621500359538649434e+02
3.864999999999999686e-02 1.680834610864191632e+02
4.066000000000000170e-02 1.719134775644619424e+02
4.277999999999999858e-02 1.774662747021679365e+02
4.500999999999999446e-02 1.813317317710388750e+02
4.734999999999999626e-02 1.869844668960983540e+02
4.982000000000000317e-02 1.899504605916337994e+02
5.240999999999999825e-02 1.955730200025949159e+02
5.513999999999999457e-02 1.986259953451037461e+02
5.800999999999999907e-02 2.036789419534610772e+02
6.102999999999999398e-02 2.060899241959470203e+02
6.421000000000000318e-02 2.106070311963902100e+02
6.755999999999999506e-02 2.131505701770447843e+02
7.106999999999999429e-02 2.160300418098145769e+02
7.477000000000000313e-02 2.190199329377200286e+02
7.867000000000000381e-02 2.213391928981478998e+02
8.276000000000000023e-02 2.236877039700844136e+02
8.707000000000000850e-02 2.254088699603696853e+02
9.160999999999999699e-02 2.270072266691532832e+02
9.637999999999999345e-02 2.281609084461626367e+02
1.014000000000000040e-01 2.293173274287948971e+02
1.067000000000000032e-01 2.295204977748509521e+02
1.122000000000000081e-01 2.306449544549822122e+02
1.180999999999999966e-01 2.297416663900293656e+02
1.242000000000000048e-01 2.303485280967563256e+02
1.307000000000000106e-01 2.289019019563922370e+02
1.375000000000000111e-01 2.289841862685465514e+02
1.446999999999999953e-01 2.270332261154430853e+02
1.522000000000000020e-01 2.259164487099109522e+02
1.600999999999999923e-01 2.239802356266750678e+02
1.683999999999999941e-01 2.218896264593501826e+02
1.771999999999999964e-01 2.197045426677530031e+02
1.864000000000000101e-01 2.169785423990370532e+02
1.960999999999999965e-01 2.143185329183873762e+02
2.064000000000000001e-01 2.109607816837080350e+02
2.170999999999999874e-01 2.078277431508344932e+02
2.283999999999999919e-01 2.038072977479199892e+02
2.403000000000000136e-01 2.005410218326645122e+02
2.528000000000000247e-01 1.958095597482421795e+02
2.660000000000000142e-01 1.923447076712557475e+02
2.798000000000000487e-01 1.871604876963770039e+02
2.943999999999999950e-01 1.832249061029380073e+02
3.096999999999999753e-01 1.778787270855487179e+02
3.259000000000000230e-01 1.734933223390920602e+02
3.427999999999999936e-01 1.681198438751864614e+02
3.606999999999999651e-01 1.632712437500431406e+02
3.795000000000000040e-01 1.579428477603868544e+02
3.991999999999999993e-01 1.527875936271670412e+02
4.200000000000000400e-01 1.474621729537539636e+02
4.419000000000000150e-01 1.420119397836713517e+02
4.649000000000000354e-01 1.368526788696446488e+02
4.891000000000000347e-01 1.312228940283783061e+02
5.144999999999999574e-01 1.261187584741368397e+02
5.413000000000000034e-01 1.205002745823083927e+02
5.695000000000000062e-01 1.153768965207058130e+02
5.992000000000000659e-01 1.100571106475212986e+02
6.304000000000000714e-01 1.048353580149507565e+02
6.632000000000000117e-01 9.976038331037518958e+01
6.976999999999999869e-01 9.458565574136451914e+01
7.340999999999999748e-01 8.979517254301183016e+01
7.722999999999999865e-01 8.480311201560020606e+01
8.125000000000000000e-01 8.025634578912982420e+01
8.548000000000000043e-01 7.548148002912110144e+01
8.992999999999999883e-01 7.114522781743872315e+01
9.460999999999999410e-01 6.678825331431085033e+01
9.954000000000000625e-01 6.258111148718421646e+01
1.046999999999999931e+00 5.857422626665857734e+01
1.101999999999999869e+00 5.466117286277274445e+01
1.159000000000000030e+00 5.105823495406804824e+01
1.219000000000000083e+00 4.737604707212215516e+01
1.283000000000000140e+00 4.413308175023755098e+01
1.350000000000000089e+00 4.077631219004943119e+01
1.419999999999999929e+00 3.787238574465989416e+01
1.493999999999999995e+00 3.487356655214767187e+01
1.572000000000000064e+00 3.226088717528625693e+01
1.654000000000000137e+00 2.964523883387901648e+01
1.739999999999999991e+00 2.734136199386996680e+01
1.830000000000000071e+00 2.504968078162683653e+01
1.925999999999999934e+00 2.307347061169936353e+01
2.025999999999999801e+00 2.112394449121610762e+01
2.131000000000000227e+00 1.938763599247946701e+01
2.241999999999999993e+00 1.777855323818598166e+01
2.358999999999999986e+00 1.630606412108076242e+01
2.481999999999999762e+00 1.500853027362563807e+01
2.611000000000000210e+00 1.379104937357121408e+01
2.746999999999999886e+00 1.275473102328826691e+01
2.890000000000000124e+00 1.180693930972060102e+01
3.040999999999999925e+00 1.099975863336802639e+01
3.198999999999999844e+00 1.027671169156934106e+01
3.366000000000000103e+00 9.699490788738545533e+00
3.540999999999999925e+00 9.206543337369859969e+00
3.725000000000000089e+00 8.832786924159615083e+00
3.918999999999999595e+00 8.554115794867591660e+00
4.123000000000000220e+00 8.370189621089469512e+00
4.338000000000000078e+00 8.288430852895135814e+00
4.564000000000000057e+00 8.293647692719346765e+00
4.801000000000000156e+00 8.397796012615980743e+00
5.051000000000000156e+00 8.582556190280534736e+00
5.314000000000000057e+00 8.873035694935175854e+00
5.590999999999999304e+00 9.241713154852835288e+00
5.881999999999999673e+00 9.707436085036837525e+00
6.187999999999999723e+00 1.025328570056981015e+01
6.511000000000000121e+00 1.090784672844169734e+01
6.850000000000000533e+00 1.164417886263012569e+01
7.205999999999999517e+00 1.248730500058571202e+01
7.581999999999999851e+00 1.341539259991231248e+01
7.976000000000000867e+00 1.445920002719726583e+01
8.391999999999999460e+00 1.559534425977154903e+01
8.829000000000000625e+00 1.685267909777819995e+01
9.288000000000000256e+00 1.821179861165073888e+01
9.772000000000000242e+00 1.969376116619463346e+01
1.027999999999999936e+01 2.129782625170937038e+01
1.082000000000000028e+01 2.303896191138060345e+01
1.137999999999999901e+01 2.489620037167086508e+01
1.196999999999999886e+01 2.687386540851184336e+01
1.259999999999999964e+01 2.903398267169952973e+01
1.325000000000000000e+01 3.126985354607572631e+01
1.393999999999999950e+01 3.365276658459391257e+01
1.466999999999999993e+01 3.617949746195470340e+01
1.542999999999999972e+01 3.870041817610226076e+01
1.623000000000000043e+01 4.135286014978265001e+01
1.708000000000000185e+01 4.383657806260325884e+01
1.796999999999999886e+01 4.636597493049961116e+01
1.889999999999999858e+01 4.836884670249172302e+01
1.989000000000000057e+01 5.021276368321370853e+01
2.092000000000000171e+01 5.114071991653815275e+01
2.200999999999999801e+01 5.133660199855452788e+01
2.316000000000000014e+01 5.053320127901621817e+01
2.437000000000000099e+01 4.833375836327518726e+01
2.562999999999999901e+01 4.543157945440302825e+01
2.697000000000000242e+01 4.088003519194915469e+01
2.837000000000000099e+01 3.605430212998641082e+01
2.985000000000000142e+01 3.059831265906471742e+01
3.139999999999999858e+01 2.493421436188378948e+01
3.303999999999999915e+01 2.023185227905284123e+01
3.475999999999999801e+01 1.530018696832177838e+01
3.657000000000000028e+01 1.196208552080821619e+01
3.846999999999999886e+01 8.645842075717100172e+00
4.048000000000000398e+01 6.518920513099460301e+00
4.259000000000000341e+01 4.691136802172858111e+00
4.479999999999999716e+01 3.473265823923760376e+00
4.714000000000000057e+01 2.573308981732414846e+00
4.959000000000000341e+01 1.879157582707092322e+00
5.217000000000000171e+01 1.385704835410970892e+00
5.489000000000000057e+01 9.575224536045712220e-01
5.775000000000000000e+01 6.577958307628477552e-01
6.075000000000000000e+01 3.916543732974464009e-01
6.392000000000000171e+01 2.567161370751911975e-01
6.723999999999999488e+01 1.279903907741840041e-01
7.075000000000000000e+01 8.544428884485744113e-02
7.442999999999999261e+01 4.083793082061667329e-02
7.829999999999999716e+01 2.727156239417311348e-02
8.237999999999999545e+01 1.324971954550437092e-02
8.667000000000000171e+01 7.731640861020691938e-03
9.117999999999999261e+01 3.468764489881779288e-03
9.593000000000000682e+01 1.652029030926451241e-03
1.009000000000000057e+02 7.670737884914162084e-04
1.062000000000000028e+02 3.013020196311702072e-04
1.116999999999999886e+02 1.452228090629424553e-04
1.175000000000000000e+02 4.715511349018956154e-05
1.236000000000000085e+02 2.295211925622560171e-05
1.300999999999999943e+02 5.121156795245134154e-06
1.369000000000000057e+02 2.596278367285556417e-06
1.440000000000000000e+02 4.730845933582799912e-07
1.515000000000000000e+02 2.488022585088258101e-07
1.593999999999999773e+02 3.017874863786687695e-08
1.676999999999999886e+02 1.650025517365345787e-08
1.764000000000000057e+02 2.162473648041207569e-09
1.855999999999999943e+02 7.659476377370148512e-10
1.952000000000000171e+02 1.612498167201568403e-10
2.054000000000000057e+02 2.550626879714660396e-11
2.160999999999999943e+02 6.913167575858472849e-12
2.273999999999999773e+02 5.208650892957572823e-13
2.391999999999999886e+02 1.730419251083758450e-13
2.516999999999999886e+02 7.326067502506454064e-15
2.647999999999999545e+02 2.793228153668702725e-15
2.785000000000000000e+02 4.860722048934001907e-17
2.930000000000000000e+02 2.096985174552116333e-17
3.083000000000000114e+02 2.456197542752241689e-19
3.244000000000000341e+02 1.152361555439837094e-19
3.411999999999999886e+02 4.700330880882890361e-22
3.590000000000000000e+02 2.382375773846904883e-22
3.776999999999999886e+02 6.259438714175887360e-25
3.973999999999999773e+02 3.369227294170169746e-25
4.181000000000000227e+02 3.323113457315940976e-26
4.398000000000000114e+02 1.849969565773880618e-28
4.626999999999999886e+02 3.674443871066884473e-29
4.868000000000000114e+02 4.494981749185879442e-32
5.122000000000000455e+02 1.240130861059021502e-32
5.387999999999999545e+02 4.671169851084166819e-36
5.668999999999999773e+02 1.596767283252011819e-36
5.964000000000000909e+02 1.383249980882803583e-40
6.275000000000000000e+02 5.483286367256758861e-41
6.601000000000000227e+02 1.236156858885620885e-45
6.945000000000000000e+02 5.485730213468655809e-46
7.307000000000000455e+02 3.056833295065539354e-51
7.687000000000000455e+02 1.481190970735290650e-51
8.087999999999999545e+02 1.770236331031656162e-57
8.508999999999999773e+02 9.187100426131491703e-58
8.952000000000000455e+02 2.268296592342877775e-59
9.417999999999999545e+02 1.150435100092620886e-64
9.908000000000000682e+02 1.600708260476603210e-65
1.042000000000000000e+03 2.120950279071489095e-72
1.097000000000000000e+03 4.737021599010161195e-73
1.154000000000000000e+03 4.347349219691476391e-81
1.214000000000000000e+03 1.312466507267934265e-81
1.277000000000000000e+03 1.082376184754528912e-90
1.344000000000000000e+03 3.890955435461479828e-91
1.414000000000000000e+03 2.098614405360047958e-101
1.487000000000000000e+03 8.773330842498195288e-102
1.565000000000000000e+03 2.214994324964465014e-113
1.646000000000000000e+03 1.021374700977011638e-113
1.732000000000000000e+03 8.898715564811314829e-127
1.822000000000000000e+03 4.431331664513845979e-127
1.917000000000000000e+03 1.312312390840157007e-141
2.017000000000000000e+03 6.951124250356772445e-142
2.122000000000000000e+03 4.704899332134859229e-143
2.232000000000000000e+03 1.769245582567373887e-158
2.348000000000000000e+03 3.128398359135566505e-159
2.470000000000000000e+03 6.524827202808433991e-177
2.599000000000000000e+03 1.687629925743011973e-177
2.734000000000000000e+03 1.618068375234091655e-197
2.877000000000000000e+03 5.269692006673662100e-198
3.027000000000000000e+03 1.962331449939816827e-220
3.184000000000000000e+03 7.571354805630329012e-221
3.350000000000000000e+03 4.806858357425827185e-246
3.524000000000000000e+03 2.088200538168809207e-246
3.708000000000000000e+03 1.596767283252011627e-274
3.901000000000000000e+03 7.582142955574742361e-275
4.104000000000000000e+03 2.901406877652112669e-306
4.318000000000000000e+03 1.480926771144815934e-306
4.543000000000000000e+03 0.000000000000000000e+00
4.779000000000000000e+03 0.000000000000000000e+00
5.028000000000000000e+03 0.000000000000000000e+00
5.290000000000000000e+03 0.000000000000000000e+00
5.565000000000000000e+03 0.000000000000000000e+00
5.855000000000000000e+03 0.000000000000000000e+00
6.160000000000000000e+03 0.000000000000000000e+00
6.481000000000000000e+03 0.000000000000000000e+00
6.818000000000000000e+03 0.000000000000000000e+00
7.173000000000000000e+03 0.000000000000000000e+00
7.547000000000000000e+03 0.000000000000000000e+00
7.940000000000000000e+03 0.000000000000000000e+00
8.353000000000000000e+03 0.000000000000000000e+00
8.788000000000000000e+03 0.000000000000000000e+00
9.246000000000000000e+03 0.000000000000000000e+00
9.727000000000000000e+03 0.000000000000000000e+00
1.023000000000000000e+04 0.000000000000000000e+00
1.077000000000000000e+04 0.000000000000000000e+00
1.133000000000000000e+04 0.000000000000000000e+00
1.192000000000000000e+04 0.000000000000000000e+00
1.254000000000000000e+04 0.000000000000000000e+00
1.319000000000000000e+04 0.000000000000000000e+00
1.388000000000000000e+04 0.000000000000000000e+00
1.460000000000000000e+04 0.000000000000000000e+00
1.536000000000000000e+04 0.000000000000000000e+00
1.616000000000000000e+04 0.000000000000000000e+00
1.700000000000000000e+04 0.000000000000000000e+00
1.789000000000000000e+04 0.000000000000000000e+00
1.882000000000000000e+04 0.000000000000000000e+00
1.980000000000000000e+04 0.000000000000000000e+00
2.083000000000000000e+04 0.000000000000000000e+00
2.191000000000000000e+04 0.000000000000000000e+00
2.305000000000000000e+04 0.000000000000000000e+00
2.425000000000000000e+04 0.000000000000000000e+00
2.552000000000000000e+04 0.000000000000000000e+00
2.684000000000000000e+04 0.000000000000000000e+00
2.824000000000000000e+04 0.000000000000000000e+00
2.971000000000000000e+04 0.000000000000000000e+00
3.126000000000000000e+04 0.000000000000000000e+00
3.289000000000000000e+04 0.000000000000000000e+00
3.460000000000000000e+04 0.000000000000000000e+00
3.640000000000000000e+04 0.000000000000000000e+00
3.830000000000000000e+04 0.000000000000000000e+00
4.029000000000000000e+04 0.000000000000000000e+00
4.239000000000000000e+04 0.000000000000000000e+00
4.460000000000000000e+04 0.000000000000000000e+00
4.692000000000000000e+04 0.000000000000000000e+00
4.936000000000000000e+04 0.000000000000000000e+00
5.193000000000000000e+04 0.000000000000000000e+00
5.464000000000000000e+04 0.000000000000000000e+00
5.748000000000000000e+04 0.000000000000000000e+00
6.047000000000000000e+04 0.000000000000000000e+00
6.362000000000000000e+04 0.000000000000000000e+00
6.693000000000000000e+04 0.000000000000000000e+00
7.042000000000000000e+04 0.000000000000000000e+00
7.409000000000000000e+04 0.000000000000000000e+00
7.794000000000000000e+04 0.000000000000000000e+00
8.200000000000000000e+04 0.000000000000000000e+00
8.627000000000000000e+04 0.000000000000000000e+00
9.076000000000000000e+04 0.000000000000000000e+00
9.549000000000000000e+04 0.000000000000000000e+00
1.005000000000000000e+05 0.000000000000000000e+00
1.057000000000000000e+05 0.000000000000000000e+00
1.112000000000000000e+05 0.000000000000000000e+00
1.170000000000000000e+05 0.000000000000000000e+00
1.231000000000000000e+05 0.000000000000000000e+00
1.295000000000000000e+05 0.000000000000000000e+00
1.362000000000000000e+05 0.000000000000000000e+00
1.433000000000000000e+05 0.000000000000000000e+00
1.508000000000000000e+05 0.000000000000000000e+00
1.586000000000000000e+05 0.000000000000000000e+00
1.669000000000000000e+05 0.000000000000000000e+00
1.756000000000000000e+05 0.000000000000000000e+00
1.847000000000000000e+05 0.000000000000000000e+00
1.943000000000000000e+05 0.000000000000000000e+00
2.045000000000000000e+05 0.000000000000000000e+00
2.151000000000000000e+05 0.000000000000000000e+00
2.263000000000000000e+05 0.000000000000000000e+00
2.381000000000000000e+05 0.000000000000000000e+00
2.505000000000000000e+05 0.000000000000000000e+00
2.635000000000000000e+05 0.000000000000000000e+00
2.773000000000000000e+05 0.000000000000000000e+00
2.917000000000000000e+05 0.000000000000000000e+00
3.069000000000000000e+05 0.000000000000000000e+00
3.229000000000000000e+05 0.000000000000000000e+00
3.397000000000000000e+05 0.000000000000000000e+00
3.574000000000000000e+05 0.000000000000000000e+00
3.760000000000000000e+05 0.000000000000000000e+00
3.955000000000000000e+05 0.000000000000000000e+00
4.161000000000000000e+05 0.000000000000000000e+00
4.378000000000000000e+05 0.000000000000000000e+00
4.606000000000000000e+05 0.000000000000000000e+00
4.846000000000000000e+05 0.000000000000000000e+00
5.098000000000000000e+05 0.000000000000000000e+00
5.364000000000000000e+05 0.000000000000000000e+00
5.643000000000000000e+05 0.000000000000000000e+00
5.937000000000000000e+05 0.000000000000000000e+00
6.246000000000000000e+05 0.000000000000000000e+00
6.571000000000000000e+05 0.000000000000000000e+00
6.913000000000000000e+05 0.000000000000000000e+00
7.273000000000000000e+05 0.000000000000000000e+00
7.652000000000000000e+05 0.000000000000000000e+00
8.050000000000000000e+05 0.000000000000000000e+00
8.469000000000000000e+05 0.000000000000000000e+00
8.910000000000000000e+05 0.000000000000000000e+00
9.374000000000000000e+05 0.000000000000000000e+00
9.863000000000000000e+05 0.000000000000000000e+00
1.038000000000000000e+06 0.000000000000000000e+00
1.092000000000000000e+06 0.000000000000000000e+00
1.148000000000000000e+06 0.000000000000000000e+00
1.208000000000000000e+06 0.000000000000000000e+00
1.271000000000000000e+06 0.000000000000000000e+00
1.337000000000000000e+06 0.000000000000000000e+00
1.407000000000000000e+06 0.000000000000000000e+00
1.480000000000000000e+06 0.000000000000000000e+00
1.557000000000000000e+06 0.000000000000000000e+00
1.638000000000000000e+06 0.000000000000000000e+00
1.724000000000000000e+06 0.000000000000000000e+00
1.814000000000000000e+06 0.000000000000000000e+00
1.908000000000000000e+06 0.000000000000000000e+00
2.007000000000000000e+06 0.000000000000000000e+00
2.112000000000000000e+06 0.000000000000000000e+00
2.222000000000000000e+06 0.000000000000000000e+00
2.337000000000000000e+06 0.000000000000000000e+00
2.459000000000000000e+06 0.000000000000000000e+00
2.587000000000000000e+06 0.000000000000000000e+00
2.722000000000000000e+06 0.000000000000000000e+00
2.864000000000000000e+06 0.000000000000000000e+00
3.013000000000000000e+06 0.000000000000000000e+00
3.170000000000000000e+06 0.000000000000000000e+00
3.335000000000000000e+06 0.000000000000000000e+00
3.508000000000000000e+06 0.000000000000000000e+00
3.691000000000000000e+06 0.000000000000000000e+00
3.883000000000000000e+06 0.000000000000000000e+00
4.085000000000000000e+06 0.000000000000000000e+00
4.298000000000000000e+06 0.000000000000000000e+00
4.522000000000000000e+06 0.000000000000000000e+00
4.757000000000000000e+06 0.000000000000000000e+00
5.005000000000000000e+06 0.000000000000000000e+00
5.266000000000000000e+06 0.000000000000000000e+00
5.540000000000000000e+06 0.000000000000000000e+00
5.828000000000000000e+06 0.000000000000000000e+00
6.132000000000000000e+06 0.000000000000000000e+00
6.451000000000000000e+06 0.000000000000000000e+00
6.787000000000000000e+06 0.000000000000000000e+00
7.140000000000000000e+06 0.000000000000000000e+00
7.512000000000000000e+06 0.000000000000000000e+00
7.903000000000000000e+06 0.000000000000000000e+00
8.315000000000000000e+06 0.000000000000000000e+00
8.748000000000000000e+06 0.000000000000000000e+00
9.203000000000000000e+06 0.000000000000000000e+00
9.682000000000000000e+06 0.000000000000000000e+00
1.019000000000000000e+07 0.000000000000000000e+00
1.072000000000000000e+07 0.000000000000000000e+00
1.127000000000000000e+07 0.000000000000000000e+00
1.186000000000000000e+07 0.000000000000000000e+00
1.248000000000000000e+07 0.000000000000000000e+00
1.313000000000000000e+07 0.000000000000000000e+00
1.381000000000000000e+07 0.000000000000000000e+00
1.453000000000000000e+07 0.000000000000000000e+00
1.529000000000000000e+07 0.000000000000000000e+00
1.608000000000000000e+07 0.000000000000000000e+00
1.692000000000000000e+07 0.000000000000000000e+00
1.780000000000000000e+07 0.000000000000000000e+00
1.873000000000000000e+07 0.000000000000000000e+00
1.971000000000000000e+07 0.000000000000000000e+00
2.073000000000000000e+07 0.000000000000000000e+00
2.181000000000000000e+07 0.000000000000000000e+00
2.295000000000000000e+07 0.000000000000000000e+00
2.414000000000000000e+07 0.000000000000000000e+00
2.540000000000000000e+07 0.000000000000000000e+00
2.672000000000000000e+07 0.000000000000000000e+00
2.811000000000000000e+07 0.000000000000000000e+00
2.958000000000000000e+07 0.000000000000000000e+00
3.112000000000000000e+07 0.000000000000000000e+00
3.274000000000000000e+07 0.000000000000000000e+00
3.444000000000000000e+07 0.000000000000000000e+00
3.623000000000000000e+07 0.000000000000000000e+00
3.812000000000000000e+07 0.000000000000000000e+00
4.011000000000000000e+07 0.000000000000000000e+00
4.219000000000000000e+07 0.000000000000000000e+00
4.439000000000000000e+07 0.000000000000000000e+00
4.670000000000000000e+07 0.000000000000000000e+00
4.913000000000000000e+07 0.000000000000000000e+00
5.169000000000000000e+07 0.000000000000000000e+00
5.438000000000000000e+07 0.000000000000000000e+00
5.722000000000000000e+07 0.000000000000000000e+00
6.019000000000000000e+07 0.000000000000000000e+00
6.333000000000000000e+07 0.000000000000000000e+00
6.663000000000000000e+07 0.000000000000000000e+00
7.010000000000000000e+07 0.000000000000000000e+00
7.375000000000000000e+07 0.000000000000000000e+00
7.759000000000000000e+07 0.000000000000000000e+00
8.163000000000000000e+07 0.000000000000000000e+00
8.588000000000000000e+07 0.000000000000000000e+00
9.035000000000000000e+07 0.000000000000000000e+00
9.505000000000000000e+07 0.000000000000000000e+00
1.000000000000000000e+08 0.000000000000000000e+00
