1.000000000000000021e-03 9.151933953769377013e+02
1.051999999999999984e-03 9.118201141702645600e+02
1.106999999999999911e-03 9.557488634200855131e+02
1.163999999999999887e-03 9.688928823312641043e+02
1.224999999999999960e-03 9.939359513406642463e+02
1.288999999999999998e-03 1.008505652231730892e+03
1.356000000000000000e-03 1.023715822731051617e+03
1.427000000000000100e-03 1.036489705544506933e+03
1.500999999999999947e-03 1.048487800774741117e+03
1.579000000000000108e-03 1.049341313076624829e+03
1.661000000000000150e-03 1.058786846439165629e+03
1.747999999999999988e-03 1.051084076367877060e+03
1.839000000000000140e-03 1.048065147331612252e+03
1.935000000000000088e-03 1.035426768397718433e+03
2.034999999999999917e-03 1.020536628027978622e+03
2.141000000000000108e-03 1.011556516986410202e+03
2.252999999999999794e-03 9.831617966929043178e+02
2.370000000000000145e-03 9.679857661106417481e+02
2.492999999999999990e-03 9.301212519178776574e+02
2.623000000000000331e-03 9.151220813417687623e+02
2.759999999999999867e-03 8.681938057916304388e+02
2.903999999999999897e-03 8.493092507155407702e+02
3.054999999999999990e-03 7.948693589250199238e+02
3.213999999999999843e-03 7.761928841193262087e+02
3.380999999999999891e-03 7.211447260396937509e+02
3.556999999999999832e-03 6.950237375059539318e+02
3.742000000000000100e-03 6.476854241936172230e+02
3.936999999999999528e-03 6.119577551992449571e+02
4.142000000000000716e-03 5.699177194071019130e+02
4.357999999999999895e-03 5.300828532360494592e+02
4.585000000000000533e-03 4.937051560302913913e+02
4.824000000000000163e-03 4.545897767598845576e+02
5.074999999999999650e-03 4.228227175964297544e+02
5.338999999999999996e-03 3.866077895843422425e+02
5.616999999999999597e-03 3.573282630297685500e+02
5.908999999999999322e-03 3.243888338929359634e+02
6.217000000000000304e-03 3.001246725865082681e+02
6.540999999999999939e-03 2.709356288346318138e+02
6.880999999999999964e-03 2.493042988464070504e+02
7.239999999999999908e-03 2.263292145133153497e+02
7.617000000000000506e-03 2.072670508935162843e+02
8.012999999999999290e-03 1.891264272723224451e+02
8.429999999999999993e-03 1.731157791304433999e+02
8.868999999999998413e-03 1.609408556711568963e+02
9.330999999999999017e-03 1.461851853824395278e+02
9.816999999999999338e-03 1.389042466977046786e+02
1.032999999999999891e-02 1.268947424722727675e+02
1.086999999999999945e-02 1.216638624100305464e+02
1.143000000000000092e-02 1.136364535823524875e+02
1.203000000000000076e-02 1.103361974235846930e+02
1.264999999999999979e-02 1.056290900492270168e+02
1.330999999999999892e-02 1.035232147076157787e+02
1.400999999999999988e-02 1.007017020936788469e+02
1.473000000000000004e-02 1.003711964185387018e+02
1.549999999999999989e-02 9.946732826306615038e+01
1.631000000000000158e-02 1.001474196157293761e+02
1.715999999999999817e-02 1.006813588096315613e+02
1.805000000000000007e-02 1.017242459142337907e+02
1.898999999999999994e-02 1.044721415227929668e+02
1.997999999999999776e-02 1.055234575517684164e+02
2.101999999999999702e-02 1.095082302699564707e+02
2.212000000000000077e-02 1.110586741108046738e+02
2.326999999999999902e-02 1.159711371585936917e+02
2.447999999999999829e-02 1.181103818091740010e+02
2.574999999999999858e-02 1.229471783459979548e+02
2.708999999999999950e-02 1.260349944697053388e+02
2.850000000000000103e-02 1.305568263885056979e+02
2.998999999999999930e-02 1.336580706940560788e+02
3.155000000000000165e-02 1.386891797608046772e+02
3.318999999999999728e-02 1.421407272968233997e+02
3.491999999999999965e-02 1.469420160265680124e+02
3.673999999999999488e-02 1.505271744075487845e+02
3.864999999999999686e-02 1.546817383715431617e+02
4.066000000000000170e-02 1.584728991327306176e+02
4.277999999999999858e-02 1.620535492443071064e+02
4.500999999999999446e-02 1.656719669893256537e+02
4.734999999999999626e-02 1.694687205479527563e+02
4.982000000000000317e-02 1.723153079939367558e+02
5.240999999999999825e-02 1.763195936562093777e+02
5.513999999999999457e-02 1.787325991174746775e+02
5.800999999999999907e-02 1.824143109553002660e+02
6.102999999999999398e-02 1.842537516052045419e+02
6.421000000000000318e-02 1.874553098767319170e+02
6.755999999999999506e-02 1.893848282903469169e+02
7.106999999999999429e-02 1.912709307036915334e+02
7.477000000000000313e-02 1.935012316752465722e+02
7.867000000000000381e-02 1.950382349563038531e+02
8.276000000000000023e-02 1.965103122184274298e+02
8.707000000000000850e-02 1.975678780269419406e+02
9.160999999999999699e-02 1.982748979178583397e+02
9.637999999999999345e-02 1.989300821421677199e+02
1.014000000000000040e-01 1.993900580692015012e+02
1.067000000000000032e-01 1.991448138054054482e+02
1.122000000000000081e-01 1.995256074228352077e+02
1.180999999999999966e-01 1.985627103339977566e+02
1.242000000000000048e-01 1.984676935977314542e+02
1.307000000000000106e-01 1.967190770821797514e+02
1.375000000000000111e-01 1.962980105875294612e+02
1.446999999999999953e-01 1.943101707103715228e+02
1.522000000000000020e-01 1.930147711810792828e+02
1.600999999999999923e-01 1.909594484843473765e+02
1.683999999999999941e-01 1.888176713026104778e+02
1.771999999999999964e-01 1.865722182791231205e+02
1.864000000000000101e-01 1.840194213036253075e+02
1.960999999999999965e-01 1.814653043132615551e+02
2.064000000000000001e-01 1.782109584046338000e+02
2.170999999999999874e-01 1.752532388860213359e+02
2.283999999999999919e-01 1.715990394122728446e+02
2.403000000000000136e-01 1.686055068803741790e+02
2.528000000000000247e-01 1.641841257770512357e+02
2.660000000000000142e-01 1.611252120783066744e+02
2.798000000000000487e-01 1.565184595335009590e+02
2.943999999999999950e-01 1.530016309926757003e+02
3.096999999999999753e-01 1.482172409518633742e+02
3.259000000000000230e-01 1.443582872045431884e+02
3.427999999999999936e-01 1.396466612507591378e+02
3.606999999999999651e-01 1.354829805593469416e+02
3.795000000000000040e-01 1.308557529736419269e+02
3.991999999999999993e-01 1.263712296767269265e+02
4.200000000000000400e-01 1.217814350899567160e+02
4.419000000000000150e-01 1.171660649303874635e+02
4.649000000000000354e-01 1.126770967543977946e+02
4.891000000000000347e-01 1.079603475071011331e+02
5.144999999999999574e-01 1.035179660596320872e+02
5.413000000000000034e-01 9.881946616000402628e+01
5.695000000000000062e-01 9.447887430990836322e+01
5.992000000000000659e-01 8.997942388107949796e+01
6.304000000000000714e-01 8.556754677737968962e+01
6.632000000000000117e-01 8.131573139361532299e+01
6.976999999999999869e-01 7.702776345763037114e+01
7.340999999999999748e-01 7.297028854024046041e+01
7.722999999999999865e-01 6.889235948079154070e+01
8.125000000000000000e-01 6.505889040387273781e+01
8.548000000000000043e-01 6.116766773950995884e+01
8.992999999999999883e-01 5.756020447484156222e+01
9.460999999999999410e-01 5.401899326808062796e+01
9.954000000000000625e-01 5.052667503246653524e+01
1.046999999999999931e+00 4.731937382489839194e+01
1.101999999999999869e+00 4.409160088767988839e+01
1.159000000000000030e+00 4.115627867803429041e+01
1.219000000000000083e+00 3.818193024874225472e+01
1.283000000000000140e+00 3.555863428553534078e+01
1.350000000000000089e+00 3.283186925177064097e+01
1.419999999999999929e+00 3.050452114206697374e+01
1.493999999999999995e+00 2.805075997011683953e+01
1.572000000000000064e+00 2.597684321684143427e+01
1.654000000000000137e+00 2.384215086854131016e+01
1.739999999999999991e+00 2.200973021627327597e+01
1.830000000000000071e+00 2.015871416520421633e+01
1.925999999999999934e+00 1.859364011523521398e+01
2.025999999999999801e+00 1.702356753189137351e+01
2.131000000000000227e+00 1.567506318516234742e+01
2.241999999999999993e+00 1.439389785526708465e+01
2.358999999999999986e+00 1.324601113849838008e+01
2.481999999999999762e+00 1.222303002399084093e+01
2.611000000000000210e+00 1.129018369449276094e+01
2.746999999999999886e+00 1.048262585844061867e+01
2.890000000000000124e+00 9.770172571484792456e+00
3.040999999999999925e+00 9.174902414773765003e+00
3.198999999999999844e+00 8.639331971535789023e+00
3.366000000000000103e+00 8.244422380017212504e+00
3.540999999999999925e+00 7.892793196695103042e+00
3.725000000000000089e+00 7.675139935582770079e+00
3.918999999999999595e+00 7.507497558375441749e+00
4.123000000000000220e+00 7.454203727375665167e+00
4.338000000000000078e+00 7.461921848996897033e+00
4.564000000000000057e+00 7.566282548604067237e+00
4.801000000000000156e+00 7.739431288605597814e+00
5.051000000000000156e+00 8.000672514130542368e+00
5.314000000000000057e+00 8.346247073283397100e+00
5.590999999999999304e+00 8.768482451818099932e+00
5.881999999999999673e+00 9.273139641261670008e+00
6.187999999999999723e+00 9.858685758259099430e+00
6.511000000000000121e+00 1.053924984406516607e+01
6.850000000000000533e+00 1.129867494891391999e+01
7.205999999999999517e+00 1.215873355069831696e+01
7.581999999999999851e+00 1.309868468406266118e+01
7.976000000000000867e+00 1.414794793983313070e+01
8.391999999999999460e+00 1.528666799088909123e+01
8.829000000000000625e+00 1.654099695698253569e+01
9.288000000000000256e+00 1.789346663292511508e+01
9.772000000000000242e+00 1.936648467493188974e+01
1.027999999999999936e+01 2.095552252602222154e+01
1.082000000000000028e+01 2.268086834551536413e+01
1.137999999999999901e+01 2.451738753019225570e+01
1.196999999999999886e+01 2.647306159356728372e+01
1.259999999999999964e+01 2.860654680732460164e+01
1.325000000000000000e+01 3.081492656532936891e+01
1.393999999999999950e+01 3.316728420504228581e+01
1.466999999999999993e+01 3.566060454853884210e+01
1.542999999999999972e+01 3.814788051307215255e+01
1.623000000000000043e+01 4.076449512342541226e+01
1.708000000000000185e+01 4.321415618397882952e+01
1.796999999999999886e+01 4.570872946039961704e+01
1.889999999999999858e+01 4.768380841725408459e+01
1.989000000000000057e+01 4.950152387271787546e+01
2.092000000000000171e+01 5.041634376413895069e+01
2.200999999999999801e+01 5.060898491637771457e+01
2.316000000000000014e+01 4.981647751341715491e+01
2.437000000000000099e+01 4.764742355160380072e+01
2.562999999999999901e+01 4.478548229539848791e+01
2.697000000000000242e+01 4.029765003678161861e+01
2.837000000000000099e+01 3.553939714906783820e+01
2.985000000000000142e+01 3.016062155014028789e+01
3.139999999999999858e+01 2.457665881604900093e+01
3.303999999999999915e+01 1.994143498898904809e+01
3.475999999999999801e+01 1.508019838770073129e+01
3.657000000000000028e+01 1.178987962903662456e+01
3.846999999999999886e+01 8.521139203255627237e+00
4.048000000000000398e+01 6.424879505812914005e+00
4.259000000000000341e+01 4.623539814938120607e+00
4.479999999999999716e+01 3.423248144089233058e+00
4.714000000000000057e+01 2.536239273675805705e+00
4.959000000000000341e+01 1.852066012786704796e+00
5.217000000000000171e+01 1.365705507659219053e+00
5.489000000000000057e+01 9.436777821600755844e-01
5.775000000000000000e+01 6.482525978506372688e-01
6.075000000000000000e+01 3.859380775954906473e-01
6.392000000000000171e+01 2.529705991870901949e-01
6.723999999999999488e+01 1.261248967173844715e-01
7.075000000000000000e+01 8.419785117818813502e-02
7.442999999999999261e+01 4.024036841642605195e-02
7.829999999999999716e+01 2.687240821056051734e-02
8.237999999999999545e+01 1.305571098222392187e-02
8.667000000000000171e+01 7.618242602428859298e-03
9.117999999999999261e+01 3.417570307055208933e-03
9.593000000000000682e+01 1.627481737586254293e-03
1.009000000000000057e+02 7.556219835792610555e-04
1.062000000000000028e+02 2.967683570425667786e-04
1.116999999999999886e+02 1.430408873308445291e-04
1.175000000000000000e+02 4.644816079203671497e-05
1.236000000000000085e+02 2.260678293910322893e-05
1.300999999999999943e+02 5.042575732744394011e-06
1.369000000000000057e+02 2.556499216564902913e-06
1.440000000000000000e+02 4.659304337026837360e-07
1.515000000000000000e+02 2.450317108293848308e-07
1.593999999999999773e+02 2.970635485128215268e-08
1.676999999999999886e+02 1.624225949311385619e-08
1.764000000000000057e+02 2.129198710743537651e-09
1.855999999999999943e+02 7.542880043685061179e-10
1.952000000000000171e+02 1.587663446984608605e-10
2.054000000000000057e+02 2.509583307524043356e-11
2.160999999999999943e+02 6.802329295310985087e-12
2.273999999999999773e+02 5.128713037869839602e-13
2.391999999999999886e+02 1.703797414749179100e-13
2.516999999999999886e+02 7.206253241318791736e-15
2.647999999999999545e+02 2.747581430416953721e-15
2.785000000000000000e+02 4.785813416760656322e-17
2.930000000000000000e+02 2.064647281880472172e-17
3.083000000000000114e+02 2.415610405283746744e-19
3.244000000000000341e+02 1.133318193226666552e-19
3.411999999999999886e+02 4.621960445514092285e-22
3.590000000000000000e+02 2.342659042671520101e-22
3.776999999999999886e+02 6.152213492585180595e-25
3.973999999999999773e+02 3.311516517506979330e-25
4.181000000000000227e+02 3.266185092093222822e-26
4.398000000000000114e+02 1.818032172686742746e-28
4.626999999999999886e+02 3.610994775656995182e-29
4.868000000000000114e+02 4.414686111308361048e-32
5.122000000000000455e+02 1.217979541000838589e-32
5.387999999999999545e+02 4.586320416531861903e-36
5.668999999999999773e+02 1.567759727997577253e-36
5.964000000000000909e+02 1.357717973758207444e-40
6.275000000000000000e+02 5.382078481420129505e-41
6.601000000000000227e+02 1.212683458740385187e-45
6.945000000000000000e+02 5.381524997413402055e-46
7.307000000000000455e+02 2.996931401761572738e-51
7.687000000000000455e+02 1.452168391612151762e-51
8.087999999999999545e+02 1.734564613946689381e-57
8.508999999999999773e+02 9.001961559067517961e-58
8.952000000000000455e+02 2.222596423721940375e-59
9.417999999999999545e+02 1.126491890477024918e-64
9.908000000000000682e+02 1.567401591287341880e-65
1.042000000000000000e+03 2.074241004663752014e-72
1.097000000000000000e+03 4.632682841565993770e-73
1.154000000000000000e+03 4.249574235262179970e-81
1.214000000000000000e+03 1.282954222339637011e-81
1.277000000000000000e+03 1.056405621546682246e-90
1.344000000000000000e+03 3.797594854317309898e-91
1.414000000000000000e+03 2.046371457030875050e-101
1.487000000000000000e+03 8.554963534183195001e-102
1.565000000000000000e+03 2.157003142610916844e-113
1.646000000000000000e+03 9.946346358703546879e-114
1.732000000000000000e+03 8.652778266587838129e-127
1.822000000000000000e+03 4.308862139747543138e-127
1.917000000000000000e+03 1.275031804204122960e-141
2.017000000000000000e+03 6.753644407974113315e-142
2.122000000000000000e+03 4.571235264191636388e-143
2.232000000000000000e+03 1.716375610117755668e-158
2.348000000000000000e+03 3.034915598301708753e-159
2.470000000000000000e+03 6.318117610444912763e-177
2.599000000000000000e+03 1.634156103549735448e-177
2.734000000000000000e+03 1.561454351371915032e-197
2.877000000000000000e+03 5.085335085421003631e-198
3.027000000000000000e+03 1.889062620216796993e-220
3.184000000000000000e+03 7.288657242555722721e-221
3.350000000000000000e+03 4.619388372776946300e-246
3.524000000000000000e+03 2.006759366353304487e-246
3.708000000000000000e+03 1.528516626657825429e-274
3.901000000000000000e+03 7.258041980144371500e-275
4.104000000000000000e+03 2.773790526029647300e-306
4.318000000000000000e+03 1.415790383954284410e-306
4.543000000000000000e+03 0.000000000000000000e+00
4.779000000000000000e+03 0.000000000000000000e+00
5.028000000000000000e+03 0.000000000000000000e+00
5.290000000000000000e+03 0.000000000000000000e+00
5.565000000000000000e+03 0.000000000000000000e+00
5.855000000000000000e+03 0.000000000000000000e+00
6.160000000000000000e+03 0.000000000000000000e+00
6.481000000000000000e+03 0.000000000000000000e+00
6.818000000000000000e+03 0.000000000000000000e+00
7.173000000000000000e+03 0.000000000000000000e+00
7.547000000000000000e+03 0.000000000000000000e+00
7.940000000000000000e+03 0.000000000000000000e+00
8.353000000000000000e+03 0.000000000000000000e+00
8.788000000000000000e+03 0.000000000000000000e+00
9.246000000000000000e+03 0.000000000000000000e+00
9.727000000000000000e+03 0.000000000000000000e+00
1.023000000000000000e+04 0.000000000000000000e+00
1.077000000000000000e+04 0.000000000000000000e+00
1.133000000000000000e+04 0.000000000000000000e+00
1.192000000000000000e+04 0.000000000000000000e+00
1.254000000000000000e+04 0.000000000000000000e+00
1.319000000000000000e+04 0.000000000000000000e+00
1.388000000000000000e+04 0.000000000000000000e+00
1.460000000000000000e+04 0.000000000000000000e+00
1.536000000000000000e+04 0.000000000000000000e+00
1.616000000000000000e+04 0.000000000000000000e+00
1.700000000000000000e+04 0.000000000000000000e+00
1.789000000000000000e+04 0.000000000000000000e+00
1.882000000000000000e+04 0.000000000000000000e+00
1.980000000000000000e+04 0.000000000000000000e+00
2.083000000000000000e+04 0.000000000000000000e+00
2.191000000000000000e+04 0.000000000000000000e+00
2.305000000000000000e+04 0.000000000000000000e+00
2.425000000000000000e+04 0.000000000000000000e+00
2.552000000000000000e+04 0.000000000000000000e+00
2.684000000000000000e+04 0.000000000000000000e+00
2.824000000000000000e+04 0.000000000000000000e+00
2.971000000000000000e+04 0.000000000000000000e+00
3.126000000000000000e+04 0.000000000000000000e+00
3.289000000000000000e+04 0.000000000000000000e+00
3.460000000000000000e+04 0.000000000000000000e+00
3.640000000000000000e+04 0.000000000000000000e+00
3.830000000000000000e+04 0.000000000000000000e+00
4.029000000000000000e+04 0.000000000000000000e+00
4.239000000000000000e+04 0.000000000000000000e+00
4.460000000000000000e+04 0.000000000000000000e+00
4.692000000000000000e+04 0.000000000000000000e+00
4.936000000000000000e+04 0.000000000000000000e+00
5.193000000000000000e+04 0.000000000000000000e+00
5.464000000000000000e+04 0.000000000000000000e+00
5.748000000000000000e+04 0.000000000000000000e+00
6.047000000000000000e+04 0.000000000000000000e+00
6.362000000000000000e+04 0.000000000000000000e+00
6.693000000000000000e+04 0.000000000000000000e+00
7.042000000000000000e+04 0.000000000000000000e+00
7.409000000000000000e+04 0.000000000000000000e+00
7.794000000000000000e+04 0.000000000000000000e+00
8.200000000000000000e+04 0.000000000000000000e+00
8.627000000000000000e+04 0.000000000000000000e+00
9.076000000000000000e+04 0.000000000000000000e+00
9.549000000000000000e+04 0.000000000000000000e+00
1.005000000000000000e+05 0.000000000000000000e+00
1.057000000000000000e+05 0.000000000000000000e+00
1.112000000000000000e+05 0.000000000000000000e+00
1.170000000000000000e+05 0.000000000000000000e+00
1.231000000000000000e+05 0.000000000000000000e+00
1.295000000000000000e+05 0.000000000000000000e+00
1.362000000000000000e+05 0.000000000000000000e+00
1.433000000000000000e+05 0.000000000000000000e+00
1.508000000000000000e+05 0.000000000000000000e+00
1.586000000000000000e+05 0.000000000000000000e+00
1.669000000000000000e+05 0.000000000000000000e+00
1.756000000000000000e+05 0.000000000000000000e+00
1.847000000000000000e+05 0.000000000000000000e+00
1.943000000000000000e+05 0.000000000000000000e+00
2.045000000000000000e+05 0.000000000000000000e+00
2.151000000000000000e+05 0.000000000000000000e+00
2.263000000000000000e+05 0.000000000000000000e+00
2.381000000000000000e+05 0.000000000000000000e+00
2.505000000000000000e+05 0.000000000000000000e+00
2.635000000000000000e+05 0.000000000000000000e+00
2.773000000000000000e+05 0.000000000000000000e+00
2.917000000000000000e+05 0.000000000000000000e+00
3.069000000000000000e+05 0.000000000000000000e+00
3.229000000000000000e+05 0.000000000000000000e+00
3.397000000000000000e+05 0.000000000000000000e+00
3.574000000000000000e+05 0.000000000000000000e+00
3.760000000000000000e+05 0.000000000000000000e+00
3.955000000000000000e+05 0.000000000000000000e+00
4.161000000000000000e+05 0.000000000000000000e+00
4.378000000000000000e+05 0.000000000000000000e+00
4.606000000000000000e+05 0.000000000000000000e+00
4.846000000000000000e+05 0.000000000000000000e+00
5.098000000000000000e+05 0.000000000000000000e+00
5.364000000000000000e+05 0.000000000000000000e+00
5.643000000000000000e+05 0.000000000000000000e+00
5.937000000000000000e+05 0.000000000000000000e+00
6.246000000000000000e+05 0.000000000000000000e+00
6.571000000000000000e+05 0.000000000000000000e+00
6.913000000000000000e+05 0.000000000000000000e+00
7.273000000000000000e+05 0.000000000000000000e+00
7.652000000000000000e+05 0.000000000000000000e+00
8.050000000000000000e+05 0.000000000000000000e+00
8.469000000000000000e+05 0.000000000000000000e+00
8.910000000000000000e+05 0.000000000000000000e+00
9.374000000000000000e+05 0.000000000000000000e+00
9.863000000000000000e+05 0.000000000000000000e+00
1.038000000000000000e+06 0.000000000000000000e+00
1.092000000000000000e+06 0.000000000000000000e+00
1.148000000000000000e+06 0.000000000000000000e+00
1.208000000000000000e+06 0.000000000000000000e+00
1.271000000000000000e+06 0.000000000000000000e+00
1.337000000000000000e+06 0.000000000000000000e+00
1.407000000000000000e+06 0.000000000000000000e+00
1.480000000000000000e+06 0.000000000000000000e+00
1.557000000000000000e+06 0.000000000000000000e+00
1.638000000000000000e+06 0.000000000000000000e+00
1.724000000000000000e+06 0.000000000000000000e+00
1.814000000000000000e+06 0.000000000000000000e+00
1.908000000000000000e+06 0.000000000000000000e+00
2.007000000000000000e+06 0.000000000000000000e+00
2.112000000000000000e+06 0.000000000000000000e+00
2.222000000000000000e+06 0.000000000000000000e+00
2.337000000000000000e+06 0.000000000000000000e+00
2.459000000000000000e+06 0.000000000000000000e+00
2.587000000000000000e+06 0.000000000000000000e+00
2.722000000000000000e+06 0.000000000000000000e+00
2.864000000000000000e+06 0.000000000000000000e+00
3.013000000000000000e+06 0.000000000000000000e+00
3.170000000000000000e+06 0.000000000000000000e+00
3.335000000000000000e+06 0.000000000000000000e+00
3.508000000000000000e+06 0.000000000000000000e+00
3.691000000000000000e+06 0.000000000000000000e+00
3.883000000000000000e+06 0.000000000000000000e+00
4.085000000000000000e+06 0.000000000000000000e+00
4.298000000000000000e+06 0.000000000000000000e+00
4.522000000000000000e+06 0.000000000000000000e+00
4.757000000000000000e+06 0.000000000000000000e+00
5.005000000000000000e+06 0.000000000000000000e+00
5.266000000000000000e+06 0.000000000000000000e+00
5.540000000000000000e+06 0.000000000000000000e+00
5.828000000000000000e+06 0.000000000000000000e+00
6.132000000000000000e+06 0.000000000000000000e+00
6.451000000000000000e+06 0.000000000000000000e+00
6.787000000000000000e+06 0.000000000000000000e+00
7.140000000000000000e+06 0.000000000000000000e+00
7.512000000000000000e+06 0.000000000000000000e+00
7.903000000000000000e+06 0.000000000000000000e+00
8.315000000000000000e+06 0.000000000000000000e+00
8.748000000000000000e+06 0.000000000000000000e+00
9.203000000000000000e+06 0.000000000000000000e+00
9.682000000000000000e+06 0.000000000000000000e+00
1.019000000000000000e+07 0.000000000000000000e+00
1.072000000000000000e+07 0.000000000000000000e+00
1.127000000000000000e+07 0.000000000000000000e+00
1.186000000000000000e+07 0.000000000000000000e+00
1.248000000000000000e+07 0.000000000000000000e+00
1.313000000000000000e+07 0.000000000000000000e+00
1.381000000000000000e+07 0.000000000000000000e+00
1.453000000000000000e+07 0.000000000000000000e+00
1.529000000000000000e+07 0.000000000000000000e+00
1.608000000000000000e+07 0.000000000000000000e+00
1.692000000000000000e+07 0.000000000000000000e+00
1.780000000000000000e+07 0.000000000000000000e+00
1.873000000000000000e+07 0.000000000000000000e+00
1.971000000000000000e+07 0.000000000000000000e+00
2.073000000000000000e+07 0.000000000000000000e+00
2.181000000000000000e+07 0.000000000000000000e+00
2.295000000000000000e+07 0.000000000000000000e+00
2.414000000000000000e+07 0.000000000000000000e+00
2.540000000000000000e+07 0.000000000000000000e+00
2.672000000000000000e+07 0.000000000000000000e+00
2.811000000000000000e+07 0.000000000000000000e+00
2.958000000000000000e+07 0.000000000000000000e+00
3.112000000000000000e+07 0.000000000000000000e+00
3.274000000000000000e+07 0.000000000000000000e+00
3.444000000000000000e+07 0.000000000000000000e+00
3.623000000000000000e+07 0.000000000000000000e+00
3.812000000000000000e+07 0.000000000000000000e+00
4.011000000000000000e+07 0.000000000000000000e+00
4.219000000000000000e+07 0.000000000000000000e+00
4.439000000000000000e+07 0.000000000000000000e+00
4.670000000000000000e+07 0.000000000000000000e+00
4.913000000000000000e+07 0.000000000000000000e+00
5.169000000000000000e+07 0.000000000000000000e+00
5.438000000000000000e+07 0.000000000000000000e+00
5.722000000000000000e+07 0.000000000000000000e+00
6.019000000000000000e+07 0.000000000000000000e+00
6.333000000000000000e+07 0.000000000000000000e+00
6.663000000000000000e+07 0.000000000000000000e+00
7.010000000000000000e+07 0.000000000000000000e+00
7.375000000000000000e+07 0.000000000000000000e+00
7.759000000000000000e+07 0.000000000000000000e+00
8.163000000000000000e+07 0.000000000000000000e+00
8.588000000000000000e+07 0.000000000000000000e+00
9.035000000000000000e+07 0.000000000000000000e+00
9.505000000000000000e+07 0.000000000000000000e+00
1.000000000000000000e+08 0.000000000000000000e+00
