1.000000000000000021e-03 1.200653964871476546e+03
1.051999999999999984e-03 1.175525101594444777e+03
1.106999999999999911e-03 1.149600210041254286e+03
1.163999999999999887e-03 1.122182519559760522e+03
1.224999999999999960e-03 1.091543854791028025e+03
1.288999999999999998e-03 1.063157404868847834e+03
1.356000000000000000e-03 1.028683427069383242e+03
1.427000000000000100e-03 9.993740297242313773e+02
1.500999999999999947e-03 9.633880889829931675e+02
1.579000000000000108e-03 9.326540864394037271e+02
1.661000000000000150e-03 8.964417282572642307e+02
1.747999999999999988e-03 8.632271282054919084e+02
1.839000000000000140e-03 8.281771555311281645e+02
1.935000000000000088e-03 7.946113487031445857e+02
2.034999999999999917e-03 7.605383185698436819e+02
2.141000000000000108e-03 7.268901721772847395e+02
2.252999999999999794e-03 6.949244528733522657e+02
2.370000000000000145e-03 6.614204839827643809e+02
2.492999999999999990e-03 6.329248109740835844e+02
2.623000000000000331e-03 6.002491157119253558e+02
2.759999999999999867e-03 5.744511063872751038e+02
2.903999999999999897e-03 5.440682986354064496e+02
3.054999999999999990e-03 5.208743211311983714e+02
3.213999999999999843e-03 4.941268374097022615e+02
3.380999999999999891e-03 4.723478266548814872e+02
3.556999999999999832e-03 4.502090407756924151e+02
3.742000000000000100e-03 4.305467313044305229e+02
3.936999999999999528e-03 4.121864946499665621e+02
4.142000000000000716e-03 3.951956569420015057e+02
4.357999999999999895e-03 3.802540440631136107e+02
4.585000000000000533e-03 3.660395947387432898e+02
4.824000000000000163e-03 3.542219931564955573e+02
5.074999999999999650e-03 3.428047411552382755e+02
5.338999999999999996e-03 3.335709526549266570e+02
5.616999999999999597e-03 3.245625573578109879e+02
5.908999999999999322e-03 3.180745685651554027e+02
6.217000000000000304e-03 3.113181752679515171e+02
6.540999999999999939e-03 3.068532518909022997e+02
6.880999999999999964e-03 3.022238273107254827e+02
7.239999999999999908e-03 2.992200993797074489e+02
7.617000000000000506e-03 2.966415684926048471e+02
8.012999999999999290e-03 2.946238357068155551e+02
8.429999999999999993e-03 2.936491501719956432e+02
8.868999999999998413e-03 2.925692624772469799e+02
9.330999999999999017e-03 2.927299869777333470e+02
9.816999999999999338e-03 2.926229042592867700e+02
1.032999999999999891e-02 2.934371626473345032e+02
1.086999999999999945e-02 2.940673360550583197e+02
1.143000000000000092e-02 2.953069762660189781e+02
1.203000000000000076e-02 2.961622514548504341e+02
1.264999999999999979e-02 2.978066563744047244e+02
1.330999999999999892e-02 2.989049244462962633e+02
1.400999999999999988e-02 3.006791767435535121e+02
1.473000000000000004e-02 3.020235784349067671e+02
1.549999999999999989e-02 3.035135897136736958e+02
1.631000000000000158e-02 3.050957238693135309e+02
1.715999999999999817e-02 3.062287884405857881e+02
1.805000000000000007e-02 3.077772682943867721e+02
1.898999999999999994e-02 3.086346165240925643e+02
1.997999999999999776e-02 3.099047571221207136e+02
2.101999999999999702e-02 3.106032352716521814e+02
2.212000000000000077e-02 3.113955189044214649e+02
2.326999999999999902e-02 3.119603853476265272e+02
2.447999999999999829e-02 3.122389987850497164e+02
2.574999999999999858e-02 3.122797337589466338e+02
2.708999999999999950e-02 3.122828063779579679e+02
2.850000000000000103e-02 3.117970722961729280e+02
2.998999999999999930e-02 3.113138036396828738e+02
3.155000000000000165e-02 3.105291192988963758e+02
3.318999999999999728e-02 3.094320757518197524e+02
3.491999999999999965e-02 3.082751638076016434e+02
3.673999999999999488e-02 3.066035942171982924e+02
3.864999999999999686e-02 3.050062608297292854e+02
4.066000000000000170e-02 3.028216271914150184e+02
4.277999999999999858e-02 3.006619936592201157e+02
4.500999999999999446e-02 2.982602303178657053e+02
4.734999999999999626e-02 2.954414916665635928e+02
4.982000000000000317e-02 2.926647192150508090e+02
5.240999999999999825e-02 2.893159230644554327e+02
5.513999999999999457e-02 2.861307581464418490e+02
5.800999999999999907e-02 2.824648743260012225e+02
6.102999999999999398e-02 2.787331173385246075e+02
6.421000000000000318e-02 2.746769223061643288e+02
6.755999999999999506e-02 2.705546439033820434e+02
7.106999999999999429e-02 2.661844282231463126e+02
7.477000000000000313e-02 2.617676969698816265e+02
7.867000000000000381e-02 2.569392212863123746e+02
8.276000000000000023e-02 2.522537127218696469e+02
8.707000000000000850e-02 2.471518692875910403e+02
9.160999999999999699e-02 2.421077217037681351e+02
9.637999999999999345e-02 2.368826962304445374e+02
1.014000000000000040e-01 2.314649484545533653e+02
1.067000000000000032e-01 2.261414627643640358e+02
1.122000000000000081e-01 2.205867044407852973e+02
1.180999999999999966e-01 2.151110231812367886e+02
1.242000000000000048e-01 2.093316164153439729e+02
1.307000000000000106e-01 2.037498259755250558e+02
1.375000000000000111e-01 1.979275063961600267e+02
1.446999999999999953e-01 1.922199089214733192e+02
1.522000000000000020e-01 1.864038798425903849e+02
1.600999999999999923e-01 1.807247774170503192e+02
1.683999999999999941e-01 1.749262701657366392e+02
1.771999999999999964e-01 1.692399093724227441e+02
1.864000000000000101e-01 1.635413897036300739e+02
1.960999999999999965e-01 1.578405493397038413e+02
2.064000000000000001e-01 1.522281628345692468e+02
2.170999999999999874e-01 1.466006966988080933e+02
2.283999999999999919e-01 1.412290437695123444e+02
2.403000000000000136e-01 1.357215229451533105e+02
2.528000000000000247e-01 1.305394885292058689e+02
2.660000000000000142e-01 1.252278761382442269e+02
2.798000000000000487e-01 1.202671768658782128e+02
2.943999999999999950e-01 1.152249858914014453e+02
3.096999999999999753e-01 1.104262041572001181e+02
3.259000000000000230e-01 1.056517889050195720e+02
3.427999999999999936e-01 1.010828253089283919e+02
3.606999999999999651e-01 9.661251664180153398e+01
3.795000000000000040e-01 9.228765643586149281e+01
3.991999999999999993e-01 8.819578944313370528e+01
4.200000000000000400e-01 8.416170903066084463e+01
4.419000000000000150e-01 8.039603067084931354e+01
4.649000000000000354e-01 7.667589708835289741e+01
4.891000000000000347e-01 7.319459906146838080e+01
5.144999999999999574e-01 6.980307965341046383e+01
5.413000000000000034e-01 6.660204830332119741e+01
5.695000000000000062e-01 6.353988223310176409e+01
5.992000000000000659e-01 6.062844698608122940e+01
6.304000000000000714e-01 5.794849677902341512e+01
6.632000000000000117e-01 5.537280739682736908e+01
6.976999999999999869e-01 5.303518231917990988e+01
7.340999999999999748e-01 5.074788229317287858e+01
7.722999999999999865e-01 4.869910340600677046e+01
8.125000000000000000e-01 4.669757084010262815e+01
8.548000000000000043e-01 4.489166020179754923e+01
8.992999999999999883e-01 4.319957804765701326e+01
9.460999999999999410e-01 4.165935209954345453e+01
9.954000000000000625e-01 4.029691620592489443e+01
1.046999999999999931e+00 3.903673090554326564e+01
1.101999999999999869e+00 3.796013404181294248e+01
1.159000000000000030e+00 3.692933092243345783e+01
1.219000000000000083e+00 3.607387041082716905e+01
1.283000000000000140e+00 3.521931796880826226e+01
1.350000000000000089e+00 3.452745207843643271e+01
1.419999999999999929e+00 3.390307742698173854e+01
1.493999999999999995e+00 3.339410490470768877e+01
1.572000000000000064e+00 3.301737636984577762e+01
1.654000000000000137e+00 3.271753131190943975e+01
1.739999999999999991e+00 3.254957557943369295e+01
1.830000000000000071e+00 3.238653320520004542e+01
1.925999999999999934e+00 3.232124023213310693e+01
2.025999999999999801e+00 3.224617058742141040e+01
2.131000000000000227e+00 3.224358802638038668e+01
2.241999999999999993e+00 3.229744268477737279e+01
2.358999999999999986e+00 3.237984109067465255e+01
2.481999999999999762e+00 3.260172484898519940e+01
2.611000000000000210e+00 3.282143745488712483e+01
2.746999999999999886e+00 3.315752889874097065e+01
2.890000000000000124e+00 3.344337949874703497e+01
3.040999999999999925e+00 3.376964110165474153e+01
3.198999999999999844e+00 3.405083443793586895e+01
3.366000000000000103e+00 3.432599760802368394e+01
3.540999999999999925e+00 3.464082890081825639e+01
3.725000000000000089e+00 3.491390220763427976e+01
3.918999999999999595e+00 3.530701041571391130e+01
4.123000000000000220e+00 3.565854237351619815e+01
4.338000000000000078e+00 3.607818077987092664e+01
4.564000000000000057e+00 3.642919166694707656e+01
4.801000000000000156e+00 3.672444099538157047e+01
5.051000000000000156e+00 3.698016167072508154e+01
5.314000000000000057e+00 3.712136667779483190e+01
5.590999999999999304e+00 3.732434783321784266e+01
5.881999999999999673e+00 3.743056271053622197e+01
6.187999999999999723e+00 3.765062856977920802e+01
6.511000000000000121e+00 3.786829182788393666e+01
6.850000000000000533e+00 3.808751528736107161e+01
7.205999999999999517e+00 3.832503957648622617e+01
7.581999999999999851e+00 3.835342709116932980e+01
7.976000000000000867e+00 3.837381411068788850e+01
8.391999999999999460e+00 3.808103788188120120e+01
8.829000000000000625e+00 3.773672467199508418e+01
9.288000000000000256e+00 3.718416271147154362e+01
9.772000000000000242e+00 3.645511659189067188e+01
1.027999999999999936e+01 3.576860510211979260e+01
1.082000000000000028e+01 3.480447360874138241e+01
1.137999999999999901e+01 3.396307954153742514e+01
1.196999999999999886e+01 3.290546024721351159e+01
1.259999999999999964e+01 3.181490510785130255e+01
1.325000000000000000e+01 3.065280048353703890e+01
1.393999999999999950e+01 2.932764455545610360e+01
1.466999999999999993e+01 2.793650675943131034e+01
1.542999999999999972e+01 2.636830573374429321e+01
1.623000000000000043e+01 2.470776425664789144e+01
1.708000000000000185e+01 2.291382272950436771e+01
1.796999999999999886e+01 2.099820377480055811e+01
1.889999999999999858e+01 1.903524532992116036e+01
1.989000000000000057e+01 1.701840538001135883e+01
2.092000000000000171e+01 1.493168878323726290e+01
2.200999999999999801e+01 1.296667654326159891e+01
2.316000000000000014e+01 1.093438001983840735e+01
2.437000000000000099e+01 9.120438728810789542e+00
2.562999999999999901e+01 7.427062847202769547e+00
2.697000000000000242e+01 5.897226709890638574e+00
2.837000000000000099e+01 4.652697627429638771e+00
2.985000000000000142e+01 3.514224465463961167e+00
3.139999999999999858e+01 2.701129821484901328e+00
3.303999999999999915e+01 1.966035903059939471e+00
3.475999999999999801e+01 1.470932185703400563e+00
3.657000000000000028e+01 1.054711341449850792e+00
3.846999999999999886e+01 7.705859776152852447e-01
4.048000000000000398e+01 5.492237663112922164e-01
4.259000000000000341e+01 3.906295636664411930e-01
4.479999999999999716e+01 2.751216296335563527e-01
4.714000000000000057e+01 1.865044960318318346e-01
4.959000000000000341e+01 1.266562105768045399e-01
5.217000000000000171e+01 7.837295783736886179e-02
5.489000000000000057e+01 5.120496002285590542e-02
5.775000000000000000e+01 2.787980269240430964e-02
6.075000000000000000e+01 1.802326601393039462e-02
6.392000000000000171e+01 8.864872749797414464e-03
6.723999999999999488e+01 5.719726449242873434e-03
7.075000000000000000e+01 2.736550585589261897e-03
7.442999999999999261e+01 1.663650407303374212e-03
7.829999999999999716e+01 7.783641682812085516e-04
8.237999999999999545e+01 4.115293393282190570e-04
8.667000000000000171e+01 1.858842983484204972e-04
9.117999999999999261e+01 8.216344185805373249e-05
9.593000000000000682e+01 3.811980685674101234e-05
1.009000000000000057e+02 1.411526124660896376e-05
1.062000000000000028e+02 6.666511775710521389e-06
1.116999999999999886e+02 1.972389766421355157e-06
1.175000000000000000e+02 9.611362035027540035e-07
1.236000000000000085e+02 2.109999964735801000e-07
1.300999999999999943e+02 1.046471197803690775e-07
1.369000000000000057e+02 1.780088564944831933e-08
1.440000000000000000e+02 9.348820625973992945e-09
1.515000000000000000e+02 1.156531830270067047e-09
1.593999999999999773e+02 5.938878498657023066e-10
1.676999999999999886e+02 8.251395716248865606e-11
1.764000000000000057e+02 2.670031178213235713e-11
1.855999999999999943e+02 5.700140947772889838e-12
1.952000000000000171e+02 8.705590171763913909e-13
2.054000000000000057e+02 2.363396122300018252e-13
2.160999999999999943e+02 1.776165722036572191e-14
2.273999999999999773e+02 5.762737121259152921e-15
2.391999999999999886e+02 2.469715477074596355e-16
2.516999999999999886e+02 9.149816259891915731e-17
2.647999999999999545e+02 1.579581324734901794e-18
2.785000000000000000e+02 6.835144750986603883e-19
2.930000000000000000e+02 8.297657790541178522e-21
3.083000000000000114e+02 3.737480861169463969e-21
3.244000000000000341e+02 1.515707109415113869e-23
3.411999999999999886e+02 7.706920627251828734e-24
3.590000000000000000e+02 2.259341432680897642e-26
3.776999999999999886e+02 1.087639239376703229e-26
3.973999999999999773e+02 1.072641032838752039e-27
4.181000000000000227e+02 5.945762190476063794e-30
4.398000000000000114e+02 1.183574140028227238e-30
4.626999999999999886e+02 1.448354732295142268e-33
4.868000000000000114e+02 4.000638870044876264e-34
5.122000000000000455e+02 1.502306261038339483e-37
5.387999999999999545e+02 5.147781735852807735e-38
5.668999999999999773e+02 4.454782759105878535e-42
5.964000000000000909e+02 1.767431870075728205e-42
6.275000000000000000e+02 3.978090960295985827e-47
6.601000000000000227e+02 1.767135803969523800e-47
6.945000000000000000e+02 9.854853081658504119e-53
7.307000000000000455e+02 4.761954983627084639e-53
7.687000000000000455e+02 5.854570661755755642e-59
8.087999999999999545e+02 2.956340880906504189e-59
8.508999999999999773e+02 7.300105061320243740e-61
8.952000000000000455e+02 3.703265726911231967e-66
9.417999999999999545e+02 5.148218843029905553e-67
9.908000000000000682e+02 6.792613918721621024e-74
1.042000000000000000e+03 1.587642063348298872e-74
1.097000000000000000e+03 1.398275707003171863e-82
1.154000000000000000e+03 4.218513613763637980e-83
1.214000000000000000e+03 3.479632542243202946e-92
1.277000000000000000e+03 1.266909283395368090e-92
1.344000000000000000e+03 6.762048990077584126e-103
1.414000000000000000e+03 2.801216937179104751e-103
1.487000000000000000e+03 1.416626774155415398e-105
1.565000000000000000e+03 3.268825270376528786e-115
1.646000000000000000e+03 3.520189944044127727e-118
1.732000000000000000e+03 1.423555199361430060e-128
1.822000000000000000e+03 8.200532357869981386e-143
1.917000000000000000e+03 2.241356430024240085e-143
2.017000000000000000e+03 1.514030709037861559e-144
2.122000000000000000e+03 0.000000000000000000e+00
2.232000000000000000e+03 1.005129002204783195e-160
2.348000000000000000e+03 0.000000000000000000e+00
2.470000000000000000e+03 5.454560945784469431e-179
2.599000000000000000e+03 0.000000000000000000e+00
2.734000000000000000e+03 1.707528880859008798e-199
2.877000000000000000e+03 0.000000000000000000e+00
3.027000000000000000e+03 2.427980016244904043e-222
3.184000000000000000e+03 0.000000000000000000e+00
3.350000000000000000e+03 6.705545085275577286e-248
3.524000000000000000e+03 2.753301005898900313e-251
3.708000000000000000e+03 2.439594802410432491e-276
3.901000000000000000e+03 0.000000000000000000e+00
4.104000000000000000e+03 4.773224068768736284e-308
4.318000000000000000e+03 0.000000000000000000e+00
4.543000000000000000e+03 0.000000000000000000e+00
4.779000000000000000e+03 0.000000000000000000e+00
5.028000000000000000e+03 0.000000000000000000e+00
5.290000000000000000e+03 0.000000000000000000e+00
5.565000000000000000e+03 0.000000000000000000e+00
5.855000000000000000e+03 0.000000000000000000e+00
6.160000000000000000e+03 0.000000000000000000e+00
6.481000000000000000e+03 0.000000000000000000e+00
6.818000000000000000e+03 0.000000000000000000e+00
7.173000000000000000e+03 0.000000000000000000e+00
7.547000000000000000e+03 0.000000000000000000e+00
7.940000000000000000e+03 0.000000000000000000e+00
8.353000000000000000e+03 0.000000000000000000e+00
8.788000000000000000e+03 0.000000000000000000e+00
9.246000000000000000e+03 0.000000000000000000e+00
9.727000000000000000e+03 0.000000000000000000e+00
1.023000000000000000e+04 0.000000000000000000e+00
1.077000000000000000e+04 0.000000000000000000e+00
1.133000000000000000e+04 0.000000000000000000e+00
1.192000000000000000e+04 0.000000000000000000e+00
1.254000000000000000e+04 0.000000000000000000e+00
1.319000000000000000e+04 0.000000000000000000e+00
1.388000000000000000e+04 0.000000000000000000e+00
1.460000000000000000e+04 0.000000000000000000e+00
1.536000000000000000e+04 0.000000000000000000e+00
1.616000000000000000e+04 0.000000000000000000e+00
1.700000000000000000e+04 0.000000000000000000e+00
1.789000000000000000e+04 0.000000000000000000e+00
1.882000000000000000e+04 0.000000000000000000e+00
1.980000000000000000e+04 0.000000000000000000e+00
2.083000000000000000e+04 0.000000000000000000e+00
2.191000000000000000e+04 0.000000000000000000e+00
2.305000000000000000e+04 0.000000000000000000e+00
2.425000000000000000e+04 0.000000000000000000e+00
2.552000000000000000e+04 0.000000000000000000e+00
2.684000000000000000e+04 0.000000000000000000e+00
2.824000000000000000e+04 0.000000000000000000e+00
2.971000000000000000e+04 0.000000000000000000e+00
3.126000000000000000e+04 0.000000000000000000e+00
3.289000000000000000e+04 0.000000000000000000e+00
3.460000000000000000e+04 0.000000000000000000e+00
3.640000000000000000e+04 0.000000000000000000e+00
3.830000000000000000e+04 0.000000000000000000e+00
4.029000000000000000e+04 0.000000000000000000e+00
4.239000000000000000e+04 0.000000000000000000e+00
4.460000000000000000e+04 0.000000000000000000e+00
4.692000000000000000e+04 0.000000000000000000e+00
4.936000000000000000e+04 0.000000000000000000e+00
5.193000000000000000e+04 0.000000000000000000e+00
5.464000000000000000e+04 0.000000000000000000e+00
5.748000000000000000e+04 0.000000000000000000e+00
6.047000000000000000e+04 0.000000000000000000e+00
6.362000000000000000e+04 0.000000000000000000e+00
6.693000000000000000e+04 0.000000000000000000e+00
7.042000000000000000e+04 0.000000000000000000e+00
7.409000000000000000e+04 0.000000000000000000e+00
7.794000000000000000e+04 0.000000000000000000e+00
8.200000000000000000e+04 0.000000000000000000e+00
8.627000000000000000e+04 0.000000000000000000e+00
9.076000000000000000e+04 0.000000000000000000e+00
9.549000000000000000e+04 0.000000000000000000e+00
1.005000000000000000e+05 0.000000000000000000e+00
1.057000000000000000e+05 0.000000000000000000e+00
1.112000000000000000e+05 0.000000000000000000e+00
1.170000000000000000e+05 0.000000000000000000e+00
1.231000000000000000e+05 0.000000000000000000e+00
1.295000000000000000e+05 0.000000000000000000e+00
1.362000000000000000e+05 0.000000000000000000e+00
1.433000000000000000e+05 0.000000000000000000e+00
1.508000000000000000e+05 0.000000000000000000e+00
1.586000000000000000e+05 0.000000000000000000e+00
1.669000000000000000e+05 0.000000000000000000e+00
1.756000000000000000e+05 0.000000000000000000e+00
1.847000000000000000e+05 0.000000000000000000e+00
1.943000000000000000e+05 0.000000000000000000e+00
2.045000000000000000e+05 0.000000000000000000e+00
2.151000000000000000e+05 0.000000000000000000e+00
2.263000000000000000e+05 0.000000000000000000e+00
2.381000000000000000e+05 0.000000000000000000e+00
2.505000000000000000e+05 0.000000000000000000e+00
2.635000000000000000e+05 0.000000000000000000e+00
2.773000000000000000e+05 0.000000000000000000e+00
2.917000000000000000e+05 0.000000000000000000e+00
3.069000000000000000e+05 0.000000000000000000e+00
3.229000000000000000e+05 0.000000000000000000e+00
3.397000000000000000e+05 0.000000000000000000e+00
3.574000000000000000e+05 0.000000000000000000e+00
3.760000000000000000e+05 0.000000000000000000e+00
3.955000000000000000e+05 0.000000000000000000e+00
4.161000000000000000e+05 0.000000000000000000e+00
4.378000000000000000e+05 0.000000000000000000e+00
4.606000000000000000e+05 0.000000000000000000e+00
4.846000000000000000e+05 0.000000000000000000e+00
5.098000000000000000e+05 0.000000000000000000e+00
5.364000000000000000e+05 0.000000000000000000e+00
5.643000000000000000e+05 0.000000000000000000e+00
5.937000000000000000e+05 0.000000000000000000e+00
6.246000000000000000e+05 0.000000000000000000e+00
6.571000000000000000e+05 0.000000000000000000e+00
6.913000000000000000e+05 0.000000000000000000e+00
7.273000000000000000e+05 0.000000000000000000e+00
7.652000000000000000e+05 0.000000000000000000e+00
8.050000000000000000e+05 0.000000000000000000e+00
8.469000000000000000e+05 0.000000000000000000e+00
8.910000000000000000e+05 0.000000000000000000e+00
9.374000000000000000e+05 0.000000000000000000e+00
9.863000000000000000e+05 0.000000000000000000e+00
1.038000000000000000e+06 0.000000000000000000e+00
1.092000000000000000e+06 0.000000000000000000e+00
1.148000000000000000e+06 0.000000000000000000e+00
1.208000000000000000e+06 0.000000000000000000e+00
1.271000000000000000e+06 0.000000000000000000e+00
1.337000000000000000e+06 0.000000000000000000e+00
1.407000000000000000e+06 0.000000000000000000e+00
1.480000000000000000e+06 0.000000000000000000e+00
1.557000000000000000e+06 0.000000000000000000e+00
1.638000000000000000e+06 0.000000000000000000e+00
1.724000000000000000e+06 0.000000000000000000e+00
1.814000000000000000e+06 0.000000000000000000e+00
1.908000000000000000e+06 0.000000000000000000e+00
2.007000000000000000e+06 0.000000000000000000e+00
2.112000000000000000e+06 0.000000000000000000e+00
2.222000000000000000e+06 0.000000000000000000e+00
2.337000000000000000e+06 0.000000000000000000e+00
2.459000000000000000e+06 0.000000000000000000e+00
2.587000000000000000e+06 0.000000000000000000e+00
2.722000000000000000e+06 0.000000000000000000e+00
2.864000000000000000e+06 0.000000000000000000e+00
3.013000000000000000e+06 0.000000000000000000e+00
3.170000000000000000e+06 0.000000000000000000e+00
3.335000000000000000e+06 0.000000000000000000e+00
3.508000000000000000e+06 0.000000000000000000e+00
3.691000000000000000e+06 0.000000000000000000e+00
3.883000000000000000e+06 0.000000000000000000e+00
4.085000000000000000e+06 0.000000000000000000e+00
4.298000000000000000e+06 0.000000000000000000e+00
4.522000000000000000e+06 0.000000000000000000e+00
4.757000000000000000e+06 0.000000000000000000e+00
5.005000000000000000e+06 0.000000000000000000e+00
5.266000000000000000e+06 0.000000000000000000e+00
5.540000000000000000e+06 0.000000000000000000e+00
5.828000000000000000e+06 0.000000000000000000e+00
6.132000000000000000e+06 0.000000000000000000e+00
6.451000000000000000e+06 0.000000000000000000e+00
6.787000000000000000e+06 0.000000000000000000e+00
7.140000000000000000e+06 0.000000000000000000e+00
7.512000000000000000e+06 0.000000000000000000e+00
7.903000000000000000e+06 0.000000000000000000e+00
8.315000000000000000e+06 0.000000000000000000e+00
8.748000000000000000e+06 0.000000000000000000e+00
9.203000000000000000e+06 0.000000000000000000e+00
9.682000000000000000e+06 0.000000000000000000e+00
1.019000000000000000e+07 0.000000000000000000e+00
1.072000000000000000e+07 0.000000000000000000e+00
1.127000000000000000e+07 0.000000000000000000e+00
1.186000000000000000e+07 0.000000000000000000e+00
1.248000000000000000e+07 0.000000000000000000e+00
1.313000000000000000e+07 0.000000000000000000e+00
1.381000000000000000e+07 0.000000000000000000e+00
1.453000000000000000e+07 0.000000000000000000e+00
1.529000000000000000e+07 0.000000000000000000e+00
1.608000000000000000e+07 0.000000000000000000e+00
1.692000000000000000e+07 0.000000000000000000e+00
1.780000000000000000e+07 0.000000000000000000e+00
1.873000000000000000e+07 0.000000000000000000e+00
1.971000000000000000e+07 0.000000000000000000e+00
2.073000000000000000e+07 0.000000000000000000e+00
2.181000000000000000e+07 0.000000000000000000e+00
2.295000000000000000e+07 0.000000000000000000e+00
2.414000000000000000e+07 0.000000000000000000e+00
2.540000000000000000e+07 0.000000000000000000e+00
2.672000000000000000e+07 0.000000000000000000e+00
2.811000000000000000e+07 0.000000000000000000e+00
2.958000000000000000e+07 0.000000000000000000e+00
3.112000000000000000e+07 0.000000000000000000e+00
3.274000000000000000e+07 0.000000000000000000e+00
3.444000000000000000e+07 0.000000000000000000e+00
3.623000000000000000e+07 0.000000000000000000e+00
3.812000000000000000e+07 0.000000000000000000e+00
4.011000000000000000e+07 0.000000000000000000e+00
4.219000000000000000e+07 0.000000000000000000e+00
4.439000000000000000e+07 0.000000000000000000e+00
4.670000000000000000e+07 0.000000000000000000e+00
4.913000000000000000e+07 0.000000000000000000e+00
5.169000000000000000e+07 0.000000000000000000e+00
5.438000000000000000e+07 0.000000000000000000e+00
5.722000000000000000e+07 0.000000000000000000e+00
6.019000000000000000e+07 0.000000000000000000e+00
6.333000000000000000e+07 0.000000000000000000e+00
6.663000000000000000e+07 0.000000000000000000e+00
7.010000000000000000e+07 0.000000000000000000e+00
7.375000000000000000e+07 0.000000000000000000e+00
7.759000000000000000e+07 0.000000000000000000e+00
8.163000000000000000e+07 0.000000000000000000e+00
8.588000000000000000e+07 0.000000000000000000e+00
9.035000000000000000e+07 0.000000000000000000e+00
9.505000000000000000e+07 0.000000000000000000e+00
1.000000000000000000e+08 0.000000000000000000e+00
