9.999999999999999547e-07 4.410903514072439178e+23
1.052000000000000050e-06 4.318579802994598667e+23
1.106999999999999947e-06 4.223331218876303776e+23
1.163999999999999994e-06 4.122603446861921308e+23
1.224999999999999918e-06 4.010037697487546163e+23
1.289000000000000068e-06 3.905753007552280899e+23
1.356000000000000019e-06 3.779095425804304038e+23
1.427000000000000059e-06 3.671416196759928648e+23
1.500999999999999901e-06 3.539210288962097685e+23
1.579000000000000044e-06 3.426296254753721633e+23
1.661000000000000064e-06 3.293255755424353202e+23
1.748000000000000035e-06 3.171229776827833773e+23
1.839000000000000096e-06 3.042461423864158890e+23
1.935000000000000108e-06 2.919150755301992767e+23
2.034999999999999998e-06 2.793972687480370684e+23
2.140999999999999915e-06 2.670356173589359540e+23
2.252999999999999859e-06 2.552923708843285933e+23
2.370000000000000179e-06 2.429837830146302128e+23
2.493000000000000102e-06 2.325153750004833190e+23
2.623000000000000128e-06 2.205110265741472306e+23
2.759999999999999833e-06 2.110335816080883439e+23
2.904000000000000063e-06 1.998720477931557471e+23
3.054999999999999973e-06 1.913511953259491502e+23
3.214000000000000060e-06 1.815250614085325832e+23
3.380999999999999901e-06 1.735243845219721643e+23
3.556999999999999995e-06 1.653913229882196545e+23
3.741999999999999917e-06 1.581682083142069282e+23
3.936999999999999745e-06 1.514234643797322792e+23
4.142000000000000323e-06 1.451817477509627416e+23
4.357999999999999610e-06 1.396929054652879853e+23
4.585000000000000147e-06 1.344712783908034985e+23
4.823999999999999892e-06 1.301300711378106513e+23
5.074999999999999691e-06 1.259360162189650638e+23
5.339000000000000043e-06 1.225439798400282683e+23
5.616999999999999753e-06 1.192348912740508967e+23
5.908999999999999668e-06 1.168516279507379521e+23
6.216999999999999938e-06 1.143697387595193888e+23
6.540999999999999716e-06 1.127297662991534528e+23
6.880999999999999848e-06 1.110292285578373067e+23
7.240000000000000138e-06 1.099259226444888277e+23
7.617000000000000086e-06 1.089788460898659410e+23
8.012999999999999344e-06 1.082377908109181347e+23
8.430000000000000603e-06 1.078799144839664789e+23
8.868999999999999280e-06 1.074833285382705533e+23
9.330999999999999261e-06 1.075425126437171893e+23
9.816999999999999351e-06 1.075033160460951764e+23
1.032999999999999935e-05 1.078026216113722590e+23
1.086999999999999926e-05 1.080341228270128244e+23
1.143000000000000068e-05 1.084896277661221116e+23
1.203000000000000002e-05 1.088039236065799281e+23
1.264999999999999916e-05 1.094081157466643161e+23
1.330999999999999962e-05 1.098116522411218216e+23
1.400999999999999969e-05 1.104634085624078318e+23
1.472999999999999958e-05 1.109573858463830141e+23
1.550000000000000068e-05 1.115048011949647331e+23
1.631000000000000139e-05 1.120861073437527984e+23
1.715999999999999833e-05 1.125023014460440392e+23
1.805000000000000167e-05 1.130711928939282327e+23
1.898999999999999945e-05 1.133861837321961378e+23
1.997999999999999844e-05 1.138527350146101139e+23
2.101999999999999865e-05 1.141093132244083079e+23
2.212000000000000167e-05 1.144003397268939997e+23
2.326999999999999913e-05 1.146078192957770433e+23
2.447999999999999940e-05 1.147101062468428638e+23
2.574999999999999910e-05 1.147250615668931738e+23
2.708999999999999982e-05 1.147261759591047926e+23
2.850000000000000157e-05 1.145477287958825151e+23
2.998999999999999916e-05 1.143701350126233374e+23
3.155000000000000117e-05 1.140818148030616426e+23
3.318999999999999902e-05 1.136786832931962938e+23
3.491999999999999770e-05 1.132536514094092475e+23
3.673999999999999722e-05 1.126394482791519198e+23
3.864999999999999756e-05 1.120525158400521729e+23
4.066000000000000034e-05 1.112498801743230424e+23
4.278000000000000037e-05 1.104564934225075907e+23
4.500999999999999766e-05 1.095740580141129552e+23
4.734999999999999897e-05 1.085385101610524470e+23
4.982000000000000073e-05 1.075182862516484424e+23
5.241000000000000134e-05 1.062878891366985803e+23
5.513999999999999723e-05 1.051177055330310774e+23
5.801000000000000194e-05 1.037708846295666141e+23
6.102999999999999674e-05 1.023999034470952274e+23
6.420999999999999679e-05 1.009096393988993481e+23
6.755999999999999690e-05 9.939516972177471989e+22
7.106999999999999548e-05 9.778961838431452896e+22
7.477000000000000410e-05 9.616697424526365321e+22
7.867000000000000403e-05 9.439306826627384607e+22
8.276000000000000045e-05 9.267162140457836741e+22
8.707000000000000492e-05 9.079732166307939038e+22
9.160999999999999872e-05 8.894416727947756123e+22
9.637999999999999541e-05 8.702449272397706455e+22
1.013999999999999982e-04 8.503418570737036191e+22
1.067000000000000050e-04 8.307839679591853588e+22
1.122000000000000032e-04 8.103768260124166901e+22
1.180999999999999975e-04 7.902597956750243004e+22
1.242000000000000103e-04 7.690273686467887969e+22
1.307000000000000056e-04 7.485212739774448035e+22
1.375000000000000083e-04 7.271308917016393626e+22
1.446999999999999936e-04 7.061621883194301848e+22
1.522000000000000132e-04 6.847954117258084404e+22
1.600999999999999884e-04 6.639316070925424237e+22
1.684000000000000004e-04 6.426290632449225602e+22
1.771999999999999975e-04 6.217384701273742036e+22
1.864000000000000043e-04 6.008032642117370328e+22
1.960999999999999961e-04 5.798594112089688637e+22
2.064000000000000025e-04 5.592406821851208090e+22
2.170999999999999916e-04 5.385667295277375868e+22
2.283999999999999952e-04 5.188326208455592798e+22
2.403000000000000134e-04 4.985994303043511360e+22
2.528000000000000191e-04 4.795617723082633904e+22
2.660000000000000146e-04 4.600482174002057655e+22
2.798000000000000248e-04 4.418241808220868208e+22
2.944000000000000002e-04 4.233005411723657609e+22
3.096999999999999927e-04 4.056707604467024501e+22
3.259000000000000070e-04 3.881307191852950933e+22
3.427999999999999841e-04 3.713455819791845766e+22
3.606999999999999855e-04 3.549229316222690420e+22
3.795000000000000088e-04 3.390346919528784252e+22
3.991999999999999997e-04 3.240023416487881264e+22
4.200000000000000174e-04 3.091824020677798868e+22
4.419000000000000076e-04 2.953483366039888383e+22
4.649000000000000246e-04 2.816818128210294001e+22
4.891000000000000165e-04 2.688924675773402238e+22
5.144999999999999834e-04 2.564331406620685343e+22
5.412999999999999843e-04 2.446736217775415702e+22
5.695000000000000192e-04 2.334242107820829835e+22
5.992000000000000364e-04 2.227286296836337723e+22
6.304000000000000358e-04 2.128833873831193792e+22
6.631999999999999658e-04 2.034212464714318243e+22
6.976999999999999912e-04 1.948337279587994672e+22
7.341000000000000086e-04 1.864310691613935613e+22
7.722999999999999613e-04 1.789046099548173658e+22
8.124999999999999627e-04 1.715518044728591175e+22
8.547999999999999609e-04 1.649175684282032587e+22
8.993000000000000126e-04 1.587015905791656644e+22
9.460999999999999575e-04 1.530435385642208094e+22
9.954000000000000174e-04 1.480385848625472733e+22
1.046999999999999971e-03 1.434092630631150466e+22
1.101999999999999898e-03 1.394544004331762772e+22
1.159000000000000091e-03 1.356677410275914993e+22
1.219000000000000031e-03 1.325252967693538453e+22
1.283000000000000069e-03 1.293861695474402486e+22
1.350000000000000071e-03 1.268446726663723968e+22
1.420000000000000038e-03 1.245511582451002822e+22
1.494000000000000102e-03 1.226815760388106433e+22
1.572000000000000047e-03 1.212977652501996320e+22
1.654000000000000088e-03 1.201964643118954945e+22
1.740000000000000010e-03 1.195796996180327740e+22
1.830000000000000029e-03 1.189809615656110260e+22
1.925999999999999978e-03 1.187413306052724969e+22
2.026000000000000023e-03 1.184657609800991480e+22
2.131000000000000082e-03 1.184564504874951324e+22
2.242000000000000069e-03 1.186544490269507794e+22
2.358999999999999986e-03 1.189574796293273813e+22
2.481999999999999831e-03 1.197727795818705138e+22
2.611000000000000040e-03 1.205801549078064005e+22
2.746999999999999876e-03 1.218150189410355144e+22
2.890000000000000208e-03 1.228653539309043424e+22
3.040999999999999866e-03 1.240641280176464436e+22
3.199000000000000021e-03 1.250973779888516891e+22
3.366000000000000068e-03 1.261084437003605377e+22
3.540999999999999877e-03 1.272651032267487969e+22
3.725000000000000012e-03 1.282684792909835796e+22
3.918999999999999741e-03 1.297128171165447723e+22
4.122999999999999929e-03 1.310043778042578967e+22
4.337999999999999842e-03 1.325462169108578986e+22
4.564000000000000348e-03 1.338358363104402106e+22
4.800999999999999712e-03 1.349205621743759969e+22
5.050999999999999934e-03 1.358601028698322554e+22
5.314000000000000147e-03 1.363789895678406584e+22
5.590999999999999616e-03 1.371247958618829488e+22
5.882000000000000076e-03 1.375150777209070394e+22
6.187999999999999924e-03 1.383236258320505373e+22
6.511000000000000294e-03 1.391232233863722828e+22
6.850000000000000186e-03 1.399286989623880214e+22
7.205999999999999732e-03 1.408013052641170109e+22
7.582000000000000198e-03 1.409054768163558995e+22
7.976000000000000451e-03 1.409802462337648558e+22
8.392000000000000154e-03 1.399045408408467826e+22
8.829000000000000042e-03 1.386394868296857525e+22
9.287999999999999381e-03 1.366094152068344106e+22
9.771999999999999437e-03 1.339308963993905581e+22
1.027999999999999921e-02 1.314084640697144364e+22
1.081999999999999976e-02 1.278662110475284854e+22
1.137999999999999949e-02 1.247749167076996651e+22
1.196999999999999974e-02 1.208891582280373371e+22
1.260000000000000009e-02 1.168823113511595934e+22
1.324999999999999963e-02 1.126125943921554384e+22
1.393999999999999927e-02 1.077437951517722149e+22
1.467000000000000075e-02 1.026324934848242778e+22
1.542999999999999927e-02 9.687079112420148380e+21
1.623000000000000137e-02 9.076971073398471918e+21
1.708000000000000143e-02 8.417854503891030245e+21
1.796999999999999986e-02 7.714045899083142398e+21
1.890000000000000013e-02 6.992843203379121357e+21
1.989000000000000143e-02 6.251860630291314901e+21
2.092000000000000109e-02 5.485206213692852535e+21
2.200999999999999832e-02 4.763282549064095236e+21
2.316000000000000003e-02 4.016664875392064029e+21
2.436999999999999930e-02 3.350265906507217371e+21
2.563000000000000000e-02 2.728176007345707418e+21
2.697000000000000092e-02 2.166169365207257186e+21
2.836999999999999938e-02 1.709005417065486746e+21
2.985000000000000153e-02 1.290801197253185503e+21
3.139999999999999736e-02 9.921345954928115057e+20
3.303999999999999992e-02 7.221209394659113042e+20
3.475999999999999923e-02 5.402658483138077655e+20
3.656999999999999834e-02 3.873879429038423409e+20
3.846999999999999725e-02 2.830297716122459832e+20
4.048000000000000209e-02 2.017243781856256655e+20
4.259000000000000286e-02 1.434728963229034414e+20
4.479999999999999954e-02 1.010469997538937569e+20
4.714000000000000135e-02 6.849794278033223680e+19
4.959000000000000213e-02 4.651612957967519744e+19
5.217000000000000109e-02 2.878231713008440934e+19
5.489000000000000129e-02 1.880453550229979546e+19
5.775000000000000272e-02 1.023821100396735283e+19
6.074999999999999845e-02 6.618591258486764544e+18
6.392000000000000459e-02 3.255362795760838656e+18
6.723999999999999422e-02 2.100379651142977280e+18
7.074999999999999345e-02 1.004875973796052352e+18
7.442999999999999616e-02 6.108913329217030400e+17
7.829999999999999460e-02 2.858052715516163200e+17
8.237999999999999490e-02 1.511033080083657280e+17
8.666999999999999704e-02 6.824903700789712000e+16
9.117999999999999716e-02 3.016537925260321600e+16
9.593000000000000138e-02 1.399435367555496800e+16
1.009000000000000036e-01 5.181177541076581000e+15
1.062000000000000027e-01 2.447016883556704000e+15
1.116999999999999937e-01 7.239547760140431250e+14
1.174999999999999933e-01 3.527663841279149375e+14
1.236000000000000015e-01 7.742804823711995312e+13
1.300999999999999934e-01 3.840122200860674219e+13
1.368999999999999939e-01 6.532821342029495117e+12
1.439999999999999891e-01 3.430876595183094727e+12
1.514999999999999958e-01 4.242623743656209717e+11
1.593999999999999861e-01 2.178644148967062683e+11
1.676999999999999880e-01 3.027609839807243729e+10
1.764000000000000012e-01 9.797891891607782364e+09
1.855999999999999872e-01 2.091347749034607649e+09
1.952000000000000124e-01 3.192102201227935553e+08
2.053999999999999992e-01 8.666416611983899772e+07
2.160999999999999865e-01 6.517038373694156297e+06
2.273999999999999910e-01 2.114390393562390003e+06
2.391999999999999960e-01 9.053344588980694243e+04
2.516999999999999793e-01 3.354042713697385625e+04
2.647999999999999798e-01 5.795560733158897619e+02
2.785000000000000253e-01 2.507820892988063690e+02
2.929999999999999827e-01 3.041190781444864655e+00
3.083000000000000185e-01 1.369766638549922755e+00
3.244000000000000217e-01 5.554144035312114785e-03
3.412000000000000033e-01 2.824123864091393921e-03
3.589999999999999858e-01 8.275572665489066090e-06
3.776999999999999802e-01 3.983692513818216803e-06
3.973999999999999755e-01 3.928750744768729116e-07
4.181000000000000272e-01 2.177452445205100050e-09
4.398000000000000242e-01 4.334458617896488901e-10
4.627000000000000002e-01 5.300917704066114626e-13
4.868000000000000105e-01 1.464219046161157470e-13
5.121999999999999886e-01 5.496692238701124497e-17
5.387999999999999456e-01 1.883485217729315135e-17
5.668999999999999595e-01 1.629444720047904179e-21
5.964000000000000412e-01 6.464813296496906972e-22
6.274999999999999467e-01 1.454295903003796086e-26
6.601000000000000201e-01 6.460186400313037808e-27
6.945000000000000062e-01 3.600471754754905820e-32
7.307000000000000162e-01 1.739784332291539327e-32
7.687000000000000499e-01 2.137795602048924858e-38
8.087999999999999634e-01 1.079486972706380508e-38
8.508999999999999897e-01 2.665594524328764213e-40
8.951999999999999957e-01 1.351310119473469769e-45
9.417999999999999705e-01 1.878578308334381317e-46
9.908000000000000140e-01 2.475539542683452899e-53
1.042000000000000037e+00 5.786075289686583101e-54
1.096999999999999975e+00 5.093518543157118946e-62
1.153999999999999915e+00 1.536691157143272120e-62
1.213999999999999968e+00 1.265581140795613567e-71
1.276999999999999913e+00 4.607889965531851288e-72
1.344000000000000083e+00 2.457198547247035881e-82
1.413999999999999924e+00 1.017898807580637205e-82
1.487000000000000099e+00 5.147700933331511283e-85
1.564999999999999947e+00 1.186245000496404062e-94
1.645999999999999908e+00 1.277464341629410033e-97
1.731999999999999984e+00 5.158303143735922172e-108
1.822000000000000064e+00 1.652167076807173468e-122
1.917000000000000037e+00 8.115182118810240924e-123
2.016999999999999904e+00 5.481786640448987747e-124
2.121999999999999886e+00 2.509472707754383159e-139
2.232000000000000206e+00 3.633712634745337480e-140
2.347999999999999865e+00 3.110630568626940892e-156
2.470000000000000195e+00 1.968250332476711359e-158
2.599000000000000199e+00 1.634343242093373323e-174
2.733999999999999986e+00 6.140540406763685746e-179
2.876999999999999780e+00 5.085337354980747620e-195
3.027000000000000135e+00 8.710102048861998794e-202
3.184000000000000163e+00 7.288657248105714436e-218
3.350000000000000089e+00 2.401382760195219778e-227
3.524000000000000021e+00 9.860092632467171753e-231
3.708000000000000185e+00 8.702607827794857373e-256
3.900999999999999801e+00 7.258041980144376600e-272
4.104000000000000092e+00 1.700518663886008927e-287
4.317999999999999616e+00 1.415790383954284614e-303
4.543000000000000149e+00 0.000000000000000000e+00
4.778999999999999915e+00 0.000000000000000000e+00
5.027999999999999581e+00 0.000000000000000000e+00
5.290000000000000036e+00 0.000000000000000000e+00
5.565000000000000391e+00 0.000000000000000000e+00
5.855000000000000426e+00 0.000000000000000000e+00
6.160000000000000142e+00 0.000000000000000000e+00
6.480999999999999872e+00 0.000000000000000000e+00
6.817999999999999616e+00 0.000000000000000000e+00
7.173000000000000043e+00 0.000000000000000000e+00
7.546999999999999709e+00 0.000000000000000000e+00
7.940000000000000391e+00 0.000000000000000000e+00
8.352999999999999758e+00 0.000000000000000000e+00
8.788000000000000256e+00 0.000000000000000000e+00
9.246000000000000441e+00 0.000000000000000000e+00
9.727000000000000313e+00 0.000000000000000000e+00
1.023000000000000043e+01 0.000000000000000000e+00
1.076999999999999957e+01 0.000000000000000000e+00
1.133000000000000007e+01 0.000000000000000000e+00
1.191999999999999993e+01 0.000000000000000000e+00
1.253999999999999915e+01 0.000000000000000000e+00
1.318999999999999950e+01 0.000000000000000000e+00
1.388000000000000078e+01 0.000000000000000000e+00
1.459999999999999964e+01 0.000000000000000000e+00
1.535999999999999943e+01 0.000000000000000000e+00
1.616000000000000014e+01 0.000000000000000000e+00
1.700000000000000000e+01 0.000000000000000000e+00
1.789000000000000057e+01 0.000000000000000000e+00
1.882000000000000028e+01 0.000000000000000000e+00
1.980000000000000071e+01 0.000000000000000000e+00
2.082999999999999829e+01 0.000000000000000000e+00
2.191000000000000014e+01 0.000000000000000000e+00
2.305000000000000071e+01 0.000000000000000000e+00
2.425000000000000000e+01 0.000000000000000000e+00
2.551999999999999957e+01 0.000000000000000000e+00
2.683999999999999986e+01 0.000000000000000000e+00
2.823999999999999844e+01 0.000000000000000000e+00
2.971000000000000085e+01 0.000000000000000000e+00
3.126000000000000156e+01 0.000000000000000000e+00
3.289000000000000057e+01 0.000000000000000000e+00
3.460000000000000142e+01 0.000000000000000000e+00
3.639999999999999858e+01 0.000000000000000000e+00
3.829999999999999716e+01 0.000000000000000000e+00
4.028999999999999915e+01 0.000000000000000000e+00
4.239000000000000057e+01 0.000000000000000000e+00
4.460000000000000142e+01 0.000000000000000000e+00
4.692000000000000171e+01 0.000000000000000000e+00
4.935999999999999943e+01 0.000000000000000000e+00
5.192999999999999972e+01 0.000000000000000000e+00
5.464000000000000057e+01 0.000000000000000000e+00
5.747999999999999687e+01 0.000000000000000000e+00
6.046999999999999886e+01 0.000000000000000000e+00
6.361999999999999744e+01 0.000000000000000000e+00
6.693000000000000682e+01 0.000000000000000000e+00
7.042000000000000171e+01 0.000000000000000000e+00
7.409000000000000341e+01 0.000000000000000000e+00
7.793999999999999773e+01 0.000000000000000000e+00
8.200000000000000000e+01 0.000000000000000000e+00
8.626999999999999602e+01 0.000000000000000000e+00
9.076000000000000512e+01 0.000000000000000000e+00
9.548999999999999488e+01 0.000000000000000000e+00
1.005000000000000000e+02 0.000000000000000000e+00
1.057000000000000028e+02 0.000000000000000000e+00
1.112000000000000028e+02 0.000000000000000000e+00
1.170000000000000000e+02 0.000000000000000000e+00
1.230999999999999943e+02 0.000000000000000000e+00
1.295000000000000000e+02 0.000000000000000000e+00
1.361999999999999886e+02 0.000000000000000000e+00
1.433000000000000114e+02 0.000000000000000000e+00
1.508000000000000114e+02 0.000000000000000000e+00
1.585999999999999943e+02 0.000000000000000000e+00
1.669000000000000057e+02 0.000000000000000000e+00
1.755999999999999943e+02 0.000000000000000000e+00
1.846999999999999886e+02 0.000000000000000000e+00
1.943000000000000114e+02 0.000000000000000000e+00
2.045000000000000000e+02 0.000000000000000000e+00
2.150999999999999943e+02 0.000000000000000000e+00
2.263000000000000114e+02 0.000000000000000000e+00
2.380999999999999943e+02 0.000000000000000000e+00
2.505000000000000000e+02 0.000000000000000000e+00
2.635000000000000000e+02 0.000000000000000000e+00
2.773000000000000114e+02 0.000000000000000000e+00
2.916999999999999886e+02 0.000000000000000000e+00
3.068999999999999773e+02 0.000000000000000000e+00
3.228999999999999773e+02 0.000000000000000000e+00
3.396999999999999886e+02 0.000000000000000000e+00
3.573999999999999773e+02 0.000000000000000000e+00
3.760000000000000000e+02 0.000000000000000000e+00
3.955000000000000000e+02 0.000000000000000000e+00
4.161000000000000227e+02 0.000000000000000000e+00
4.378000000000000114e+02 0.000000000000000000e+00
4.606000000000000227e+02 0.000000000000000000e+00
4.846000000000000227e+02 0.000000000000000000e+00
5.098000000000000114e+02 0.000000000000000000e+00
5.363999999999999773e+02 0.000000000000000000e+00
5.642999999999999545e+02 0.000000000000000000e+00
5.937000000000000455e+02 0.000000000000000000e+00
6.246000000000000227e+02 0.000000000000000000e+00
6.571000000000000227e+02 0.000000000000000000e+00
6.912999999999999545e+02 0.000000000000000000e+00
7.272999999999999545e+02 0.000000000000000000e+00
7.652000000000000455e+02 0.000000000000000000e+00
8.050000000000000000e+02 0.000000000000000000e+00
8.468999999999999773e+02 0.000000000000000000e+00
8.910000000000000000e+02 0.000000000000000000e+00
9.373999999999999773e+02 0.000000000000000000e+00
9.862999999999999545e+02 0.000000000000000000e+00
1.038000000000000000e+03 0.000000000000000000e+00
1.092000000000000000e+03 0.000000000000000000e+00
1.148000000000000000e+03 0.000000000000000000e+00
1.208000000000000000e+03 0.000000000000000000e+00
1.271000000000000000e+03 0.000000000000000000e+00
1.337000000000000000e+03 0.000000000000000000e+00
1.407000000000000000e+03 0.000000000000000000e+00
1.480000000000000000e+03 0.000000000000000000e+00
1.557000000000000000e+03 0.000000000000000000e+00
1.638000000000000000e+03 0.000000000000000000e+00
1.724000000000000000e+03 0.000000000000000000e+00
1.814000000000000000e+03 0.000000000000000000e+00
1.908000000000000000e+03 0.000000000000000000e+00
2.007000000000000000e+03 0.000000000000000000e+00
2.112000000000000000e+03 0.000000000000000000e+00
2.222000000000000000e+03 0.000000000000000000e+00
2.337000000000000000e+03 0.000000000000000000e+00
2.459000000000000000e+03 0.000000000000000000e+00
2.587000000000000000e+03 0.000000000000000000e+00
2.722000000000000000e+03 0.000000000000000000e+00
2.864000000000000000e+03 0.000000000000000000e+00
3.013000000000000000e+03 0.000000000000000000e+00
3.170000000000000000e+03 0.000000000000000000e+00
3.335000000000000000e+03 0.000000000000000000e+00
3.508000000000000000e+03 0.000000000000000000e+00
3.691000000000000000e+03 0.000000000000000000e+00
3.883000000000000000e+03 0.000000000000000000e+00
4.085000000000000000e+03 0.000000000000000000e+00
4.298000000000000000e+03 0.000000000000000000e+00
4.522000000000000000e+03 0.000000000000000000e+00
4.757000000000000000e+03 0.000000000000000000e+00
5.005000000000000000e+03 0.000000000000000000e+00
5.266000000000000000e+03 0.000000000000000000e+00
5.540000000000000000e+03 0.000000000000000000e+00
5.828000000000000000e+03 0.000000000000000000e+00
6.132000000000000000e+03 0.000000000000000000e+00
6.451000000000000000e+03 0.000000000000000000e+00
6.787000000000000000e+03 0.000000000000000000e+00
7.140000000000000000e+03 0.000000000000000000e+00
7.512000000000000000e+03 0.000000000000000000e+00
7.903000000000000000e+03 0.000000000000000000e+00
8.315000000000000000e+03 0.000000000000000000e+00
8.748000000000000000e+03 0.000000000000000000e+00
9.203000000000000000e+03 0.000000000000000000e+00
9.682000000000000000e+03 0.000000000000000000e+00
1.019000000000000000e+04 0.000000000000000000e+00
1.072000000000000000e+04 0.000000000000000000e+00
1.127000000000000000e+04 0.000000000000000000e+00
1.186000000000000000e+04 0.000000000000000000e+00
1.248000000000000000e+04 0.000000000000000000e+00
1.313000000000000000e+04 0.000000000000000000e+00
1.381000000000000000e+04 0.000000000000000000e+00
1.453000000000000000e+04 0.000000000000000000e+00
1.529000000000000000e+04 0.000000000000000000e+00
1.608000000000000000e+04 0.000000000000000000e+00
1.692000000000000000e+04 0.000000000000000000e+00
1.780000000000000000e+04 0.000000000000000000e+00
1.873000000000000000e+04 0.000000000000000000e+00
1.971000000000000000e+04 0.000000000000000000e+00
2.073000000000000000e+04 0.000000000000000000e+00
2.181000000000000000e+04 0.000000000000000000e+00
2.295000000000000000e+04 0.000000000000000000e+00
2.414000000000000000e+04 0.000000000000000000e+00
2.540000000000000000e+04 0.000000000000000000e+00
2.672000000000000000e+04 0.000000000000000000e+00
2.811000000000000000e+04 0.000000000000000000e+00
2.958000000000000000e+04 0.000000000000000000e+00
3.112000000000000000e+04 0.000000000000000000e+00
3.274000000000000000e+04 0.000000000000000000e+00
3.444000000000000000e+04 0.000000000000000000e+00
3.623000000000000000e+04 0.000000000000000000e+00
3.812000000000000000e+04 0.000000000000000000e+00
4.011000000000000000e+04 0.000000000000000000e+00
4.219000000000000000e+04 0.000000000000000000e+00
4.439000000000000000e+04 0.000000000000000000e+00
4.670000000000000000e+04 0.000000000000000000e+00
4.913000000000000000e+04 0.000000000000000000e+00
5.169000000000000000e+04 0.000000000000000000e+00
5.438000000000000000e+04 0.000000000000000000e+00
5.722000000000000000e+04 0.000000000000000000e+00
6.019000000000000000e+04 0.000000000000000000e+00
6.333000000000000000e+04 0.000000000000000000e+00
6.663000000000000000e+04 0.000000000000000000e+00
7.010000000000000000e+04 0.000000000000000000e+00
7.375000000000000000e+04 0.000000000000000000e+00
7.759000000000000000e+04 0.000000000000000000e+00
8.163000000000000000e+04 0.000000000000000000e+00
8.588000000000000000e+04 0.000000000000000000e+00
9.035000000000000000e+04 0.000000000000000000e+00
9.505000000000000000e+04 0.000000000000000000e+00
1.000000000000000000e+05 0.000000000000000000e+00
