1.000000000000000021e-03 1.217879420641622801e+03
1.051999999999999984e-03 1.192390040400006001e+03
1.106999999999999911e-03 1.166093211481128719e+03
1.163999999999999887e-03 1.138282166853872241e+03
1.224999999999999960e-03 1.107203937497613424e+03
1.288999999999999998e-03 1.078410234901547256e+03
1.356000000000000000e-03 1.043441668321984935e+03
1.427000000000000100e-03 1.013711777027377366e+03
1.500999999999999947e-03 9.772095557850777823e+02
1.579000000000000108e-03 9.460346208688447405e+02
1.661000000000000150e-03 9.093027338362210230e+02
1.747999999999999988e-03 8.756116129542560884e+02
1.839000000000000140e-03 8.400587878580356573e+02
1.935000000000000088e-03 8.060114215317944399e+02
2.034999999999999917e-03 7.714495549054756793e+02
2.141000000000000108e-03 7.373186677113278620e+02
2.252999999999999794e-03 7.048943449295071559e+02
2.370000000000000145e-03 6.709097037127248768e+02
2.492999999999999990e-03 6.420052110362524900e+02
2.623000000000000331e-03 6.088607264642970449e+02
2.759999999999999867e-03 5.826926001187721340e+02
2.903999999999999897e-03 5.518738984903873188e+02
3.054999999999999990e-03 5.283471633013492692e+02
3.213999999999999843e-03 5.012159407081318250e+02
3.380999999999999891e-03 4.791244724114621931e+02
3.556999999999999832e-03 4.566680673945996887e+02
3.742000000000000100e-03 4.367236681189100409e+02
3.936999999999999528e-03 4.181000221444636509e+02
4.142000000000000716e-03 4.008654215106271295e+02
4.357999999999999895e-03 3.857094453769547044e+02
4.585000000000000533e-03 3.712910652154757827e+02
4.824000000000000163e-03 3.593039197185615876e+02
5.074999999999999650e-03 3.477228675091525929e+02
5.338999999999999996e-03 3.383566043574784317e+02
5.616999999999999597e-03 3.292189680639637572e+02
5.908999999999999322e-03 3.226378978612976312e+02
6.217000000000000304e-03 3.157845724276817805e+02
6.540999999999999939e-03 3.112555920097207718e+02
6.880999999999999964e-03 3.065597503346270969e+02
7.239999999999999908e-03 3.035129287362120181e+02
7.617000000000000506e-03 3.008974043680171917e+02
8.012999999999999290e-03 2.988507237189180614e+02
8.429999999999999993e-03 2.978620546359143191e+02
8.868999999999998413e-03 2.967666740862159713e+02
9.330999999999999017e-03 2.969297044573820585e+02
9.816999999999999338e-03 2.968210854523081821e+02
1.032999999999999891e-02 2.976470257839126816e+02
1.086999999999999945e-02 2.982862401180648249e+02
1.143000000000000092e-02 2.995436651098611947e+02
1.203000000000000076e-02 3.004112106991307201e+02
1.264999999999999979e-02 3.020792074486698766e+02
1.330999999999999892e-02 3.031932320737812461e+02
1.400999999999999988e-02 3.049929390860235685e+02
1.473000000000000004e-02 3.063566285426692275e+02
1.549999999999999989e-02 3.078680166078627849e+02
1.631000000000000158e-02 3.094728492117797032e+02
1.715999999999999817e-02 3.106221695521813899e+02
1.805000000000000007e-02 3.121928650251475119e+02
1.898999999999999994e-02 3.130625133966447038e+02
1.997999999999999776e-02 3.143508763562635409e+02
2.101999999999999702e-02 3.150593753817703373e+02
2.212000000000000077e-02 3.158630256922609760e+02
2.326999999999999902e-02 3.164359961206426419e+02
2.447999999999999829e-02 3.167186067492497159e+02
2.574999999999999858e-02 3.167599261367342933e+02
2.708999999999999950e-02 3.167630428377746057e+02
2.850000000000000103e-02 3.162703400612726909e+02
2.998999999999999930e-02 3.157801380808515432e+02
3.155000000000000165e-02 3.149841960873182529e+02
3.318999999999999728e-02 3.138714135549460593e+02
3.491999999999999965e-02 3.126979037098273011e+02
3.673999999999999488e-02 3.110023525652970307e+02
3.864999999999999686e-02 3.093821026703070629e+02
4.066000000000000170e-02 3.071661266875606202e+02
4.277999999999999858e-02 3.049755094806542957e+02
4.500999999999999446e-02 3.025392886940931589e+02
4.734999999999999626e-02 2.996801103662596688e+02
4.982000000000000317e-02 2.968635003158658492e+02
5.240999999999999825e-02 2.934666598980103913e+02
5.513999999999999457e-02 2.902357982855108958e+02
5.800999999999999907e-02 2.865173210272813549e+02
6.102999999999999398e-02 2.827320255376106388e+02
6.421000000000000318e-02 2.786176373786965996e+02
6.755999999999999506e-02 2.744362177692245837e+02
7.106999999999999429e-02 2.700033037936361779e+02
7.477000000000000313e-02 2.655232068987480716e+02
7.867000000000000381e-02 2.606254583882379166e+02
8.276000000000000023e-02 2.558727281072148969e+02
8.707000000000000850e-02 2.506976899132515655e+02
9.160999999999999699e-02 2.455811753164128959e+02
9.637999999999999345e-02 2.402811878242045509e+02
1.014000000000000040e-01 2.347857130949881537e+02
1.067000000000000032e-01 2.293858528039710336e+02
1.122000000000000081e-01 2.237514018740160395e+02
1.180999999999999966e-01 2.181971625052142656e+02
1.242000000000000048e-01 2.123348401628635997e+02
1.307000000000000106e-01 2.066729692942514021e+02
1.375000000000000111e-01 2.007671184799691275e+02
1.446999999999999953e-01 1.949776356571883582e+02
1.522000000000000020e-01 1.890781655914871351e+02
1.600999999999999923e-01 1.833175866285703819e+02
1.683999999999999941e-01 1.774358897713314036e+02
1.771999999999999964e-01 1.716679483068132015e+02
1.864000000000000101e-01 1.658876735267377853e+02
1.960999999999999965e-01 1.601050447571471693e+02
2.064000000000000001e-01 1.544121388697944894e+02
2.170999999999999874e-01 1.487039370084574443e+02
2.283999999999999919e-01 1.432552184360593515e+02
2.403000000000000136e-01 1.376686827088732628e+02
2.528000000000000247e-01 1.324123030550447311e+02
2.660000000000000142e-01 1.270244864062489683e+02
2.798000000000000487e-01 1.219926173310877573e+02
2.943999999999999950e-01 1.168780874145372763e+02
3.096999999999999753e-01 1.120104588644075818e+02
3.259000000000000230e-01 1.071675463755869089e+02
3.427999999999999936e-01 1.025330331018679146e+02
3.606999999999999651e-01 9.799859013253791318e+01
3.795000000000000040e-01 9.361168233389491888e+01
3.991999999999999993e-01 8.946111043870334356e+01
4.200000000000000400e-01 8.536915417211152146e+01
4.419000000000000150e-01 8.154945064940598343e+01
4.649000000000000354e-01 7.777594532254425985e+01
4.891000000000000347e-01 7.424470206003037731e+01
5.144999999999999574e-01 7.080452544576120033e+01
5.413000000000000034e-01 6.755756976980202921e+01
5.695000000000000062e-01 6.445147163610162977e+01
5.992000000000000659e-01 6.149826681971096320e+01
6.304000000000000714e-01 5.877986809617088682e+01
6.632000000000000117e-01 5.616722599918043102e+01
6.976999999999999869e-01 5.379606365054540618e+01
7.340999999999999748e-01 5.147594835337467600e+01
7.722999999999999865e-01 4.939777619292897270e+01
8.125000000000000000e-01 4.736752818386199237e+01
8.548000000000000043e-01 4.553570863696617721e+01
8.992999999999999883e-01 4.381935064052771622e+01
9.460999999999999410e-01 4.225702748978832801e+01
9.954000000000000625e-01 4.087504509908416139e+01
1.046999999999999931e+00 3.959678026305860499e+01
1.101999999999999869e+00 3.850473775703578383e+01
1.159000000000000030e+00 3.745914598575485144e+01
1.219000000000000083e+00 3.659141241493508545e+01
1.283000000000000140e+00 3.572459994152998064e+01
1.350000000000000089e+00 3.502280803946606369e+01
1.419999999999999929e+00 3.438947565476158985e+01
1.493999999999999995e+00 3.387320104218742500e+01
1.572000000000000064e+00 3.349106768553299673e+01
1.654000000000000137e+00 3.318692083212978616e+01
1.739999999999999991e+00 3.301655548445619104e+01
1.830000000000000071e+00 3.285117398563861002e+01
1.925999999999999934e+00 3.278494427205144746e+01
2.025999999999999801e+00 3.270879762357138532e+01
2.131000000000000227e+00 3.270617801122975976e+01
2.241999999999999993e+00 3.276080530775843869e+01
2.358999999999999986e+00 3.284438586116684178e+01
2.481999999999999762e+00 3.306945292538961922e+01
2.611000000000000210e+00 3.329231768827084892e+01
2.746999999999999886e+00 3.363323094462872831e+01
2.890000000000000124e+00 3.392318256542124288e+01
3.040999999999999925e+00 3.425412495477934982e+01
3.198999999999999844e+00 3.453935249535136620e+01
3.366000000000000103e+00 3.481846335657634484e+01
3.540999999999999925e+00 3.513781144827197522e+01
3.725000000000000089e+00 3.541480246352540462e+01
3.918999999999999595e+00 3.581355048811276021e+01
4.123000000000000220e+00 3.617012577927176409e+01
4.338000000000000078e+00 3.659578462367076668e+01
4.564000000000000057e+00 3.695183136844369898e+01
4.801000000000000156e+00 3.725131655866428559e+01
5.051000000000000156e+00 3.751070598896261998e+01
5.314000000000000057e+00 3.765393682585091284e+01
5.590999999999999304e+00 3.785983009668537136e+01
5.881999999999999673e+00 3.796756880995058481e+01
6.187999999999999723e+00 3.819079189420245513e+01
6.511000000000000121e+00 3.841157790785121051e+01
6.850000000000000533e+00 3.863394650665698293e+01
7.205999999999999517e+00 3.887487849213460578e+01
7.581999999999999851e+00 3.890367327476743498e+01
7.976000000000000867e+00 3.892435278130830056e+01
8.391999999999999460e+00 3.862737617160301795e+01
8.829000000000000625e+00 3.827812319377252948e+01
9.288000000000000256e+00 3.771763377713777032e+01
9.772000000000000242e+00 3.697812823123203430e+01
1.027999999999999936e+01 3.628176754789769376e+01
1.082000000000000028e+01 3.530380392229659492e+01
1.137999999999999901e+01 3.445033860332991082e+01
1.196999999999999886e+01 3.337754593273852777e+01
1.259999999999999964e+01 3.227134489550098806e+01
1.325000000000000000e+01 3.109256787231737107e+01
1.393999999999999950e+01 2.974840029267356556e+01
1.466999999999999993e+01 2.833730422117832859e+01
1.542999999999999972e+01 2.674660464203876131e+01
1.623000000000000043e+01 2.506223982815665607e+01
1.708000000000000185e+01 2.324256111000377700e+01
1.796999999999999886e+01 2.129945929134237304e+01
1.889999999999999858e+01 1.930833881571957988e+01
1.989000000000000057e+01 1.726256381177332599e+01
2.092000000000000171e+01 1.514590965972166003e+01
2.200999999999999801e+01 1.315270592376312209e+01
2.316000000000000014e+01 1.109125259504858008e+01
2.437000000000000099e+01 9.251287181840531559e+00
2.562999999999999901e+01 7.533616897178589511e+00
2.697000000000000242e+01 5.981832617029432697e+00
2.837000000000000099e+01 4.719448614423413346e+00
2.985000000000000142e+01 3.564642087749245292e+00
3.139999999999999858e+01 2.739882196132988668e+00
3.303999999999999915e+01 1.994242085258573383e+00
3.475999999999999801e+01 1.492035249572790434e+00
3.657000000000000028e+01 1.069842998108612164e+00
3.846999999999999886e+01 7.816413649815583398e-01
4.048000000000000398e+01 5.571033302583625613e-01
4.259000000000000341e+01 3.962338197371462201e-01
4.479999999999999716e+01 2.790687248011227695e-01
4.714000000000000057e+01 1.891802252938208362e-01
4.959000000000000341e+01 1.284733127703898692e-01
5.217000000000000171e+01 7.949735334040419765e-02
5.489000000000000057e+01 5.193958365288764423e-02
5.775000000000000000e+01 2.827978663632924050e-02
6.075000000000000000e+01 1.828184090781315163e-02
6.392000000000000171e+01 8.992054667258497780e-03
6.723999999999999488e+01 5.801785808434933855e-03
7.075000000000000000e+01 2.775811132302963280e-03
7.442999999999999261e+01 1.687518347064903557e-03
7.829999999999999716e+01 7.895311472327394553e-04
8.237999999999999545e+01 4.174334387941087271e-04
8.667000000000000171e+01 1.885511298029838093e-04
9.117999999999999261e+01 8.334221840405062545e-05
9.593000000000000682e+01 3.866670135439721941e-05
1.009000000000000057e+02 1.431776905935213621e-05
1.062000000000000028e+02 6.762154406388012472e-06
1.116999999999999886e+02 2.000687105768950364e-06
1.175000000000000000e+02 9.749253631165309512e-07
1.236000000000000085e+02 2.140271560158782925e-07
1.300999999999999943e+02 1.061484635363470498e-07
1.369000000000000057e+02 1.805627011274502162e-08
1.440000000000000000e+02 9.482945611946091595e-09
1.515000000000000000e+02 1.173124277779485156e-09
1.593999999999999773e+02 6.024081972676988106e-10
1.676999999999999886e+02 8.369776245619328057e-11
1.764000000000000057e+02 2.708337389087375282e-11
1.855999999999999943e+02 5.781919319103928163e-12
1.952000000000000171e+02 8.830486905414158932e-13
2.054000000000000057e+02 2.397303123453636817e-13
2.160999999999999943e+02 1.801647888406366692e-14
2.273999999999999773e+02 5.845413542860684770e-15
2.391999999999999886e+02 2.505147813084592564e-16
2.516999999999999886e+02 9.281086184367351110e-17
2.647999999999999545e+02 1.602243148241574615e-18
2.785000000000000000e+02 6.933206713080134429e-19
2.930000000000000000e+02 8.416702029304988404e-21
3.083000000000000114e+02 3.791101482222188881e-21
3.244000000000000341e+02 1.537452546933176119e-23
3.411999999999999886e+02 7.817489720656653212e-24
3.590000000000000000e+02 2.291755589516014264e-26
3.776999999999999886e+02 1.103243303628278690e-26
3.973999999999999773e+02 1.088029921901749812e-27
4.181000000000000227e+02 6.031064422951297004e-30
4.398000000000000114e+02 1.200554556198286463e-30
4.626999999999999886e+02 1.469133883580209299e-33
4.868000000000000114e+02 4.058034947453147734e-34
5.122000000000000455e+02 1.523859440231164424e-37
5.387999999999999545e+02 5.221635559851786809e-38
5.668999999999999773e+02 4.518694315447934640e-42
5.964000000000000909e+02 1.792788734247670606e-42
6.275000000000000000e+02 4.035163549892612960e-47
6.601000000000000227e+02 1.792488420561572646e-47
6.945000000000000000e+02 9.996237981849082148e-53
7.307000000000000455e+02 4.830273456184399380e-53
7.687000000000000455e+02 5.938564596460350106e-59
8.087999999999999545e+02 2.998754699188421853e-59
8.508999999999999773e+02 7.404837682482738294e-61
8.952000000000000455e+02 3.756395475657637692e-66
9.417999999999999545e+02 5.222078938086510819e-67
9.908000000000000682e+02 6.890065785664885116e-74
1.042000000000000000e+03 1.610419532078824058e-74
1.097000000000000000e+03 1.418336226539764493e-82
1.154000000000000000e+03 4.279035480842416762e-83
1.214000000000000000e+03 3.529562620565995241e-92
1.277000000000000000e+03 1.285085286194177043e-92
1.344000000000000000e+03 6.859062347072329832e-103
1.414000000000000000e+03 2.841405234445200550e-103
1.487000000000000000e+03 1.436950733059842413e-105
1.565000000000000000e+03 3.315722217176054107e-115
1.646000000000000000e+03 3.570693151424695887e-118
1.732000000000000000e+03 1.443978558497707188e-128
1.822000000000000000e+03 8.200532357869981386e-143
1.917000000000000000e+03 2.273512560916304877e-143
2.017000000000000000e+03 1.535752095695624022e-144
2.122000000000000000e+03 0.000000000000000000e+00
2.232000000000000000e+03 1.019549314532351389e-160
2.348000000000000000e+03 0.000000000000000000e+00
2.470000000000000000e+03 5.532816047642403388e-179
2.599000000000000000e+03 0.000000000000000000e+00
2.734000000000000000e+03 1.732026333142550331e-199
2.877000000000000000e+03 0.000000000000000000e+00
3.027000000000000000e+03 2.462813584953520163e-222
3.184000000000000000e+03 0.000000000000000000e+00
3.350000000000000000e+03 6.801747716225530515e-248
3.524000000000000000e+03 2.792801866335654944e-251
3.708000000000000000e+03 2.474595005296096074e-276
3.901000000000000000e+03 0.000000000000000000e+00
4.104000000000000000e+03 4.841704228067066426e-308
4.318000000000000000e+03 0.000000000000000000e+00
4.543000000000000000e+03 0.000000000000000000e+00
4.779000000000000000e+03 0.000000000000000000e+00
5.028000000000000000e+03 0.000000000000000000e+00
5.290000000000000000e+03 0.000000000000000000e+00
5.565000000000000000e+03 0.000000000000000000e+00
5.855000000000000000e+03 0.000000000000000000e+00
6.160000000000000000e+03 0.000000000000000000e+00
6.481000000000000000e+03 0.000000000000000000e+00
6.818000000000000000e+03 0.000000000000000000e+00
7.173000000000000000e+03 0.000000000000000000e+00
7.547000000000000000e+03 0.000000000000000000e+00
7.940000000000000000e+03 0.000000000000000000e+00
8.353000000000000000e+03 0.000000000000000000e+00
8.788000000000000000e+03 0.000000000000000000e+00
9.246000000000000000e+03 0.000000000000000000e+00
9.727000000000000000e+03 0.000000000000000000e+00
1.023000000000000000e+04 0.000000000000000000e+00
1.077000000000000000e+04 0.000000000000000000e+00
1.133000000000000000e+04 0.000000000000000000e+00
1.192000000000000000e+04 0.000000000000000000e+00
1.254000000000000000e+04 0.000000000000000000e+00
1.319000000000000000e+04 0.000000000000000000e+00
1.388000000000000000e+04 0.000000000000000000e+00
1.460000000000000000e+04 0.000000000000000000e+00
1.536000000000000000e+04 0.000000000000000000e+00
1.616000000000000000e+04 0.000000000000000000e+00
1.700000000000000000e+04 0.000000000000000000e+00
1.789000000000000000e+04 0.000000000000000000e+00
1.882000000000000000e+04 0.000000000000000000e+00
1.980000000000000000e+04 0.000000000000000000e+00
2.083000000000000000e+04 0.000000000000000000e+00
2.191000000000000000e+04 0.000000000000000000e+00
2.305000000000000000e+04 0.000000000000000000e+00
2.425000000000000000e+04 0.000000000000000000e+00
2.552000000000000000e+04 0.000000000000000000e+00
2.684000000000000000e+04 0.000000000000000000e+00
2.824000000000000000e+04 0.000000000000000000e+00
2.971000000000000000e+04 0.000000000000000000e+00
3.126000000000000000e+04 0.000000000000000000e+00
3.289000000000000000e+04 0.000000000000000000e+00
3.460000000000000000e+04 0.000000000000000000e+00
3.640000000000000000e+04 0.000000000000000000e+00
3.830000000000000000e+04 0.000000000000000000e+00
4.029000000000000000e+04 0.000000000000000000e+00
4.239000000000000000e+04 0.000000000000000000e+00
4.460000000000000000e+04 0.000000000000000000e+00
4.692000000000000000e+04 0.000000000000000000e+00
4.936000000000000000e+04 0.000000000000000000e+00
5.193000000000000000e+04 0.000000000000000000e+00
5.464000000000000000e+04 0.000000000000000000e+00
5.748000000000000000e+04 0.000000000000000000e+00
6.047000000000000000e+04 0.000000000000000000e+00
6.362000000000000000e+04 0.000000000000000000e+00
6.693000000000000000e+04 0.000000000000000000e+00
7.042000000000000000e+04 0.000000000000000000e+00
7.409000000000000000e+04 0.000000000000000000e+00
7.794000000000000000e+04 0.000000000000000000e+00
8.200000000000000000e+04 0.000000000000000000e+00
8.627000000000000000e+04 0.000000000000000000e+00
9.076000000000000000e+04 0.000000000000000000e+00
9.549000000000000000e+04 0.000000000000000000e+00
1.005000000000000000e+05 0.000000000000000000e+00
1.057000000000000000e+05 0.000000000000000000e+00
1.112000000000000000e+05 0.000000000000000000e+00
1.170000000000000000e+05 0.000000000000000000e+00
1.231000000000000000e+05 0.000000000000000000e+00
1.295000000000000000e+05 0.000000000000000000e+00
1.362000000000000000e+05 0.000000000000000000e+00
1.433000000000000000e+05 0.000000000000000000e+00
1.508000000000000000e+05 0.000000000000000000e+00
1.586000000000000000e+05 0.000000000000000000e+00
1.669000000000000000e+05 0.000000000000000000e+00
1.756000000000000000e+05 0.000000000000000000e+00
1.847000000000000000e+05 0.000000000000000000e+00
1.943000000000000000e+05 0.000000000000000000e+00
2.045000000000000000e+05 0.000000000000000000e+00
2.151000000000000000e+05 0.000000000000000000e+00
2.263000000000000000e+05 0.000000000000000000e+00
2.381000000000000000e+05 0.000000000000000000e+00
2.505000000000000000e+05 0.000000000000000000e+00
2.635000000000000000e+05 0.000000000000000000e+00
2.773000000000000000e+05 0.000000000000000000e+00
2.917000000000000000e+05 0.000000000000000000e+00
3.069000000000000000e+05 0.000000000000000000e+00
3.229000000000000000e+05 0.000000000000000000e+00
3.397000000000000000e+05 0.000000000000000000e+00
3.574000000000000000e+05 0.000000000000000000e+00
3.760000000000000000e+05 0.000000000000000000e+00
3.955000000000000000e+05 0.000000000000000000e+00
4.161000000000000000e+05 0.000000000000000000e+00
4.378000000000000000e+05 0.000000000000000000e+00
4.606000000000000000e+05 0.000000000000000000e+00
4.846000000000000000e+05 0.000000000000000000e+00
5.098000000000000000e+05 0.000000000000000000e+00
5.364000000000000000e+05 0.000000000000000000e+00
5.643000000000000000e+05 0.000000000000000000e+00
5.937000000000000000e+05 0.000000000000000000e+00
6.246000000000000000e+05 0.000000000000000000e+00
6.571000000000000000e+05 0.000000000000000000e+00
6.913000000000000000e+05 0.000000000000000000e+00
7.273000000000000000e+05 0.000000000000000000e+00
7.652000000000000000e+05 0.000000000000000000e+00
8.050000000000000000e+05 0.000000000000000000e+00
8.469000000000000000e+05 0.000000000000000000e+00
8.910000000000000000e+05 0.000000000000000000e+00
9.374000000000000000e+05 0.000000000000000000e+00
9.863000000000000000e+05 0.000000000000000000e+00
1.038000000000000000e+06 0.000000000000000000e+00
1.092000000000000000e+06 0.000000000000000000e+00
1.148000000000000000e+06 0.000000000000000000e+00
1.208000000000000000e+06 0.000000000000000000e+00
1.271000000000000000e+06 0.000000000000000000e+00
1.337000000000000000e+06 0.000000000000000000e+00
1.407000000000000000e+06 0.000000000000000000e+00
1.480000000000000000e+06 0.000000000000000000e+00
1.557000000000000000e+06 0.000000000000000000e+00
1.638000000000000000e+06 0.000000000000000000e+00
1.724000000000000000e+06 0.000000000000000000e+00
1.814000000000000000e+06 0.000000000000000000e+00
1.908000000000000000e+06 0.000000000000000000e+00
2.007000000000000000e+06 0.000000000000000000e+00
2.112000000000000000e+06 0.000000000000000000e+00
2.222000000000000000e+06 0.000000000000000000e+00
2.337000000000000000e+06 0.000000000000000000e+00
2.459000000000000000e+06 0.000000000000000000e+00
2.587000000000000000e+06 0.000000000000000000e+00
2.722000000000000000e+06 0.000000000000000000e+00
2.864000000000000000e+06 0.000000000000000000e+00
3.013000000000000000e+06 0.000000000000000000e+00
3.170000000000000000e+06 0.000000000000000000e+00
3.335000000000000000e+06 0.000000000000000000e+00
3.508000000000000000e+06 0.000000000000000000e+00
3.691000000000000000e+06 0.000000000000000000e+00
3.883000000000000000e+06 0.000000000000000000e+00
4.085000000000000000e+06 0.000000000000000000e+00
4.298000000000000000e+06 0.000000000000000000e+00
4.522000000000000000e+06 0.000000000000000000e+00
4.757000000000000000e+06 0.000000000000000000e+00
5.005000000000000000e+06 0.000000000000000000e+00
5.266000000000000000e+06 0.000000000000000000e+00
5.540000000000000000e+06 0.000000000000000000e+00
5.828000000000000000e+06 0.000000000000000000e+00
6.132000000000000000e+06 0.000000000000000000e+00
6.451000000000000000e+06 0.000000000000000000e+00
6.787000000000000000e+06 0.000000000000000000e+00
7.140000000000000000e+06 0.000000000000000000e+00
7.512000000000000000e+06 0.000000000000000000e+00
7.903000000000000000e+06 0.000000000000000000e+00
8.315000000000000000e+06 0.000000000000000000e+00
8.748000000000000000e+06 0.000000000000000000e+00
9.203000000000000000e+06 0.000000000000000000e+00
9.682000000000000000e+06 0.000000000000000000e+00
1.019000000000000000e+07 0.000000000000000000e+00
1.072000000000000000e+07 0.000000000000000000e+00
1.127000000000000000e+07 0.000000000000000000e+00
1.186000000000000000e+07 0.000000000000000000e+00
1.248000000000000000e+07 0.000000000000000000e+00
1.313000000000000000e+07 0.000000000000000000e+00
1.381000000000000000e+07 0.000000000000000000e+00
1.453000000000000000e+07 0.000000000000000000e+00
1.529000000000000000e+07 0.000000000000000000e+00
1.608000000000000000e+07 0.000000000000000000e+00
1.692000000000000000e+07 0.000000000000000000e+00
1.780000000000000000e+07 0.000000000000000000e+00
1.873000000000000000e+07 0.000000000000000000e+00
1.971000000000000000e+07 0.000000000000000000e+00
2.073000000000000000e+07 0.000000000000000000e+00
2.181000000000000000e+07 0.000000000000000000e+00
2.295000000000000000e+07 0.000000000000000000e+00
2.414000000000000000e+07 0.000000000000000000e+00
2.540000000000000000e+07 0.000000000000000000e+00
2.672000000000000000e+07 0.000000000000000000e+00
2.811000000000000000e+07 0.000000000000000000e+00
2.958000000000000000e+07 0.000000000000000000e+00
3.112000000000000000e+07 0.000000000000000000e+00
3.274000000000000000e+07 0.000000000000000000e+00
3.444000000000000000e+07 0.000000000000000000e+00
3.623000000000000000e+07 0.000000000000000000e+00
3.812000000000000000e+07 0.000000000000000000e+00
4.011000000000000000e+07 0.000000000000000000e+00
4.219000000000000000e+07 0.000000000000000000e+00
4.439000000000000000e+07 0.000000000000000000e+00
4.670000000000000000e+07 0.000000000000000000e+00
4.913000000000000000e+07 0.000000000000000000e+00
5.169000000000000000e+07 0.000000000000000000e+00
5.438000000000000000e+07 0.000000000000000000e+00
5.722000000000000000e+07 0.000000000000000000e+00
6.019000000000000000e+07 0.000000000000000000e+00
6.333000000000000000e+07 0.000000000000000000e+00
6.663000000000000000e+07 0.000000000000000000e+00
7.010000000000000000e+07 0.000000000000000000e+00
7.375000000000000000e+07 0.000000000000000000e+00
7.759000000000000000e+07 0.000000000000000000e+00
8.163000000000000000e+07 0.000000000000000000e+00
8.588000000000000000e+07 0.000000000000000000e+00
9.035000000000000000e+07 0.000000000000000000e+00
9.505000000000000000e+07 0.000000000000000000e+00
1.000000000000000000e+08 0.000000000000000000e+00
