1.000000000000000021e-03 2.115823835408526520e+03
1.051999999999999984e-03 2.087320406262072993e+03
1.106999999999999911e-03 2.105322868732442203e+03
1.163999999999999887e-03 2.091049187652859928e+03
1.224999999999999960e-03 2.085452306191191838e+03
1.288999999999999998e-03 2.071636128142472444e+03
1.356000000000000000e-03 2.052370607295960781e+03
1.427000000000000100e-03 2.035834631089070626e+03
1.500999999999999947e-03 2.011846802630954699e+03
1.579000000000000108e-03 1.981965562711477787e+03
1.661000000000000150e-03 1.955197999881314445e+03
1.747999999999999988e-03 1.914280242470083294e+03
1.839000000000000140e-03 1.876211078535757906e+03
1.935000000000000088e-03 1.830008024749184642e+03
2.034999999999999917e-03 1.781044910855655871e+03
2.141000000000000108e-03 1.738416875076076849e+03
2.252999999999999794e-03 1.678057503691869897e+03
2.370000000000000145e-03 1.629377985166568578e+03
2.492999999999999990e-03 1.563018879604130234e+03
2.623000000000000331e-03 1.515344348781708504e+03
2.759999999999999867e-03 1.442618843970781654e+03
2.903999999999999897e-03 1.393353036589135627e+03
3.054999999999999990e-03 1.315719722375050878e+03
3.213999999999999843e-03 1.270296900814234050e+03
3.380999999999999891e-03 1.193471217608025427e+03
3.556999999999999832e-03 1.145212358189284714e+03
3.742000000000000100e-03 1.078213013249775258e+03
3.936999999999999528e-03 1.024126418805972435e+03
4.142000000000000716e-03 9.650966779372088240e+02
4.357999999999999895e-03 9.103214007875692459e+02
4.585000000000000533e-03 8.597306418085985342e+02
4.824000000000000163e-03 8.087986685959295983e+02
5.074999999999999650e-03 7.656155583067471753e+02
5.338999999999999996e-03 7.201676418213163515e+02
5.616999999999999597e-03 6.818809074500277347e+02
5.908999999999999322e-03 6.424543300827897383e+02
6.217000000000000304e-03 6.114345648456580875e+02
6.540999999999999939e-03 5.777815811085902169e+02
6.880999999999999964e-03 5.515214548428389207e+02
7.239999999999999908e-03 5.255432155778680681e+02
7.617000000000000506e-03 5.039031471435729372e+02
8.012999999999999290e-03 4.837454004481331822e+02
8.429999999999999993e-03 4.667606271399836260e+02
8.868999999999998413e-03 4.535062124676788926e+02
9.330999999999999017e-03 4.389116389663624886e+02
9.816999999999999338e-03 4.315240086976914426e+02
1.032999999999999891e-02 4.203292023485471987e+02
1.086999999999999945e-02 4.157284594124417367e+02
1.143000000000000092e-02 4.089409169607443459e+02
1.203000000000000076e-02 4.064961616126949480e+02
1.264999999999999979e-02 4.034336412774752034e+02
1.330999999999999892e-02 4.024261762669074187e+02
1.400999999999999988e-02 4.013787185066358916e+02
1.473000000000000004e-02 4.023927994041391116e+02
1.549999999999999989e-02 4.029789741134693486e+02
1.631000000000000158e-02 4.052413577447684929e+02
1.715999999999999817e-02 4.069081607761549435e+02
1.805000000000000007e-02 4.094995478359801950e+02
1.898999999999999994e-02 4.131048360117286506e+02
1.997999999999999776e-02 4.154260861249906611e+02
2.101999999999999702e-02 4.201092545526965409e+02
2.212000000000000077e-02 4.224518609893156054e+02
2.326999999999999902e-02 4.279290751936214292e+02
2.447999999999999829e-02 4.303467408676401647e+02
2.574999999999999858e-02 4.352242451924162765e+02
2.708999999999999950e-02 4.383150946475196292e+02
2.850000000000000103e-02 4.423512004663987227e+02
2.998999999999999930e-02 4.449690415384368407e+02
3.155000000000000165e-02 4.492153544314045917e+02
3.318999999999999728e-02 4.515695939883753454e+02
3.491999999999999965e-02 4.552139627899677521e+02
3.673999999999999488e-02 4.571272846136605494e+02
3.864999999999999686e-02 4.596842417599657438e+02
4.066000000000000170e-02 4.612906600767651639e+02
4.277999999999999858e-02 4.627117429207548867e+02
4.500999999999999446e-02 4.639282064872243723e+02
4.734999999999999626e-02 4.649062398663527347e+02
4.982000000000000317e-02 4.649758182996241658e+02
5.240999999999999825e-02 4.656310118205183244e+02
5.513999999999999457e-02 4.648588239296581150e+02
5.800999999999999907e-02 4.648745426918897010e+02
6.102999999999999398e-02 4.629822269450962722e+02
6.421000000000000318e-02 4.621273455909544623e+02
6.755999999999999506e-02 4.599345376171082762e+02
7.106999999999999429e-02 4.574503929764463805e+02
7.477000000000000313e-02 4.552639209660763981e+02
7.867000000000000381e-02 4.519724225369187707e+02
8.276000000000000023e-02 4.487587897252343510e+02
8.707000000000000850e-02 4.447145859842505615e+02
9.160999999999999699e-02 4.403773931511027513e+02
9.637999999999999345e-02 4.358072993820605348e+02
1.014000000000000040e-01 4.308497385583522146e+02
1.067000000000000032e-01 4.252809144568342390e+02
1.122000000000000081e-01 4.201069649842900162e+02
1.180999999999999966e-01 4.136682920347802792e+02
1.242000000000000048e-01 4.077938928829796623e+02
1.307000000000000106e-01 4.004635987388794547e+02
1.375000000000000111e-01 3.942201550368590119e+02
1.446999999999999953e-01 3.865247172745164335e+02
1.522000000000000020e-01 3.794133659109089649e+02
1.600999999999999923e-01 3.716789983523583487e+02
1.683999999999999941e-01 3.637387532349793560e+02
1.771999999999999964e-01 3.558069636305120866e+02
1.864000000000000101e-01 3.475556866473578452e+02
1.960999999999999965e-01 3.393007359465204900e+02
2.064000000000000001e-01 3.304340537848290751e+02
2.170999999999999874e-01 3.218489663591573731e+02
2.283999999999999919e-01 3.128232207803706615e+02
2.403000000000000136e-01 3.043222940410877300e+02
2.528000000000000247e-01 2.947189379469061805e+02
2.660000000000000142e-01 2.863485120055800053e+02
2.798000000000000487e-01 2.767812489925375417e+02
2.943999999999999950e-01 2.682223592158051133e+02
3.096999999999999753e-01 2.586392127925910245e+02
3.259000000000000230e-01 2.500059293890747369e+02
3.427999999999999936e-01 2.407254556685081468e+02
3.606999999999999651e-01 2.320915946928068081e+02
3.795000000000000040e-01 2.231396512921381259e+02
3.991999999999999993e-01 2.145633818704828855e+02
4.200000000000000400e-01 2.059396585152369425e+02
4.419000000000000150e-01 1.975587106112835158e+02
4.649000000000000354e-01 1.893497688718532288e+02
4.891000000000000347e-01 1.811518105800473677e+02
5.144999999999999574e-01 1.733180497679979908e+02
5.413000000000000034e-01 1.654186554738666359e+02
5.695000000000000062e-01 1.580160185732539446e+02
5.992000000000000659e-01 1.506052733950261029e+02
6.304000000000000714e-01 1.435135603897309977e+02
6.632000000000000117e-01 1.366861877827818716e+02
6.976999999999999869e-01 1.300607313713163080e+02
7.340999999999999748e-01 1.237160860596571297e+02
7.722999999999999865e-01 1.175894846589879705e+02
8.125000000000000000e-01 1.117546110958668351e+02
8.548000000000000043e-01 1.060575756958238571e+02
8.992999999999999883e-01 1.007581479172397678e+02
9.460999999999999410e-01 9.567683739550811595e+01
9.954000000000000625e-01 9.082219061518505043e+01
1.046999999999999931e+00 8.635480637669871840e+01
1.101999999999999869e+00 8.205053551915641208e+01
1.159000000000000030e+00 7.808449963965330198e+01
1.219000000000000083e+00 7.425479034823729307e+01
1.283000000000000140e+00 7.077703640703632004e+01
1.350000000000000089e+00 6.735848600346693615e+01
1.419999999999999929e+00 6.440685236585599682e+01
1.493999999999999995e+00 6.144419833332720771e+01
1.572000000000000064e+00 5.899361377248135341e+01
1.654000000000000137e+00 5.655915167724733550e+01
1.739999999999999991e+00 5.455885012179793137e+01
1.830000000000000071e+00 5.254485994784241143e+01
1.925999999999999934e+00 5.091455930100077865e+01
2.025999999999999801e+00 4.926947775877228963e+01
2.131000000000000227e+00 4.791843913288789736e+01
2.241999999999999993e+00 4.669116822004206568e+01
2.358999999999999986e+00 4.562576523122472594e+01
2.481999999999999762e+00 4.482470552979199852e+01
2.611000000000000210e+00 4.411162356144043173e+01
2.746999999999999886e+00 4.364019081696304880e+01
2.890000000000000124e+00 4.321363454794097692e+01
3.040999999999999925e+00 4.294466594252703828e+01
3.198999999999999844e+00 4.269034204291282464e+01
3.366000000000000103e+00 4.257064052752578220e+01
3.540999999999999925e+00 4.253384947922606329e+01
3.725000000000000089e+00 4.258931120275939008e+01
3.918999999999999595e+00 4.281481185249094068e+01
4.123000000000000220e+00 4.311307571752084300e+01
4.338000000000000078e+00 4.354047632802652146e+01
4.564000000000000057e+00 4.399586631273456305e+01
4.801000000000000156e+00 4.446427313017440497e+01
5.051000000000000156e+00 4.498125360617588342e+01
5.314000000000000057e+00 4.546806706628605355e+01
5.590999999999999304e+00 4.609330795970848271e+01
5.881999999999999673e+00 4.670419832306789232e+01
6.187999999999999723e+00 4.750982802869332033e+01
6.511000000000000121e+00 4.840803939706421488e+01
6.850000000000000533e+00 4.938671175866684848e+01
7.205999999999999517e+00 5.048429033446036840e+01
7.581999999999999851e+00 5.145259655113232355e+01
7.976000000000000867e+00 5.252221174573759299e+01
8.391999999999999460e+00 5.336812905578525346e+01
8.829000000000000625e+00 5.427811533806385569e+01
9.288000000000000256e+00 5.507800757084461907e+01
9.772000000000000242e+00 5.582194341820483174e+01
1.027999999999999936e+01 5.672438519475694108e+01
1.082000000000000028e+01 5.748554379247978829e+01
1.137999999999999901e+01 5.848062491992990886e+01
1.196999999999999886e+01 5.937861093857459593e+01
1.259999999999999964e+01 6.042144832619452188e+01
1.325000000000000000e+01 6.146762806442000482e+01
1.393999999999999950e+01 6.249471786371043436e+01
1.466999999999999993e+01 6.359676216819519823e+01
1.542999999999999972e+01 6.451572560480863672e+01
1.623000000000000043e+01 6.547165033377950749e+01
1.708000000000000185e+01 6.612722223696390245e+01
1.796999999999999886e+01 6.670605640870330433e+01
1.889999999999999858e+01 6.671805023541935498e+01
1.989000000000000057e+01 6.651884051910406015e+01
2.092000000000000171e+01 6.534685749902156715e+01
2.200999999999999801e+01 6.357445107230708459e+01
2.316000000000000014e+01 6.074967997730174574e+01
2.437000000000000099e+01 5.676671445588117138e+01
2.562999999999999901e+01 5.221146917027100187e+01
2.697000000000000242e+01 4.619387712457509565e+01
2.837000000000000099e+01 4.019124210410125642e+01
2.985000000000000142e+01 3.367413120753140277e+01
3.139999999999999858e+01 2.727720983049935555e+01
3.303999999999999915e+01 2.190701954222383208e+01
3.475999999999999801e+01 1.655078059636972299e+01
3.657000000000000028e+01 1.284433424330714146e+01
3.846999999999999886e+01 9.291535014791101332e+00
4.048000000000000398e+01 6.973965261539396998e+00
4.259000000000000341e+01 5.014067347665160490e+00
4.479999999999999716e+01 3.698294069241149451e+00
4.714000000000000057e+01 2.722687956852007929e+00
4.959000000000000341e+01 1.978681072371738958e+00
5.217000000000000171e+01 1.444049833194276378e+00
5.489000000000000057e+01 9.948629818877181563e-01
5.775000000000000000e+01 6.761206020897063684e-01
6.075000000000000000e+01 4.039536204649139539e-01
6.392000000000000171e+01 2.618315675883877147e-01
6.723999999999999488e+01 1.318420468131409617e-01
7.075000000000000000e+01 8.693308371897436049e-02
7.442999999999999261e+01 4.190319039273378982e-02
7.829999999999999716e+01 2.765035882283665980e-02
8.237999999999999545e+01 1.346700819288726425e-02
8.667000000000000171e+01 7.804013773965707765e-03
9.117999999999999261e+01 3.499679272826565057e-03
9.593000000000000682e+01 1.665573813184449518e-03
1.009000000000000057e+02 7.697249433270275535e-04
1.062000000000000028e+02 3.034290399350767008e-04
1.116999999999999886e+02 1.450114635144214906e-04
1.175000000000000000e+02 4.740837689663431504e-05
1.236000000000000085e+02 2.281753901510701185e-05
1.300999999999999943e+02 5.147102335810749363e-06
1.369000000000000057e+02 2.574281297123919530e-06
1.440000000000000000e+02 4.752691437039950840e-07
1.515000000000000000e+02 2.461865361834156579e-07
1.593999999999999773e+02 3.029937314671785440e-08
1.676999999999999886e+02 1.632466983200733978e-08
1.764000000000000057e+02 2.155868183824670650e-09
1.855999999999999943e+02 7.599805699849873456e-10
1.952000000000000171e+02 1.596352222556912196e-10
2.054000000000000057e+02 2.533172949775674884e-11
2.160999999999999943e+02 6.820068415256248127e-12
2.273999999999999773e+02 5.186265905678493456e-13
2.391999999999999886e+02 1.706261699234873800e-13
2.516999999999999886e+02 7.297548953555155316e-15
2.647999999999999545e+02 2.749158959059573747e-15
2.785000000000000000e+02 4.854075306703670296e-17
2.930000000000000000e+02 2.065475081947849997e-17
3.083000000000000114e+02 2.452894909846948996e-19
3.244000000000000341e+02 1.133469374824174732e-19
3.411999999999999886e+02 4.698831976864303627e-22
3.590000000000000000e+02 2.342884300476846844e-22
3.776999999999999886e+02 6.260648022620959309e-25
3.973999999999999773e+02 3.322210421194550901e-25
4.181000000000000227e+02 3.266777786011621373e-26
4.398000000000000114e+02 1.829830397111967157e-28
4.626999999999999886e+02 3.611139064534212815e-29
4.868000000000000114e+02 4.454541572940801293e-32
5.122000000000000455e+02 1.217994502779077944e-32
5.387999999999999545e+02 4.637588137046280499e-36
5.668999999999999773e+02 1.567764163281470743e-36
5.964000000000000909e+02 1.375314939114923822e-40
6.275000000000000000e+02 5.382082439955891180e-41
6.601000000000000227e+02 1.230267829869221825e-45
6.945000000000000000e+02 5.381525977447531639e-46
7.307000000000000455e+02 3.044287641175449850e-51
7.687000000000000455e+02 1.452168449802100109e-51
8.087999999999999545e+02 1.763947821149338400e-57
8.508999999999999773e+02 9.009217201628004917e-58
8.952000000000000455e+02 2.222596791543194892e-59
9.417999999999999545e+02 1.131605306115733599e-64
9.908000000000000682e+02 1.567401598025662214e-65
1.042000000000000000e+03 2.089990472089074222e-72
1.097000000000000000e+03 4.632682842952429215e-73
1.154000000000000000e+03 4.291402359008422680e-81
1.214000000000000000e+03 1.282954222374085722e-81
1.277000000000000000e+03 1.068948115254112732e-90
1.344000000000000000e+03 3.797594854323998370e-91
1.414000000000000000e+03 2.074078258808654768e-101
1.487000000000000000e+03 8.556364717958134093e-102
1.565000000000000000e+03 2.189292260982864901e-113
1.646000000000000000e+03 9.946694079430087193e-114
1.732000000000000000e+03 8.793185232043357194e-127
1.822000000000000000e+03 4.308862139747543958e-127
1.917000000000000000e+03 1.297121008030864437e-141
2.017000000000000000e+03 6.768565613766267887e-142
2.122000000000000000e+03 4.571235264191636388e-143
2.232000000000000000e+03 1.726266431772964999e-158
2.348000000000000000e+03 3.034915598301708753e-159
2.470000000000000000e+03 6.371692603759423205e-177
2.599000000000000000e+03 1.634156103549735448e-177
2.734000000000000000e+03 1.578168658785539735e-197
2.877000000000000000e+03 5.085335085421003631e-198
3.027000000000000000e+03 1.912771172494763410e-220
3.184000000000000000e+03 7.288657242555722721e-221
3.350000000000000000e+03 4.684753058965593686e-246
3.524000000000000000e+03 2.006786205134334875e-246
3.708000000000000000e+03 1.552204779963316414e-274
3.901000000000000000e+03 7.258041980144371500e-275
4.104000000000000000e+03 2.820077969488072049e-306
4.318000000000000000e+03 1.415790383954284410e-306
4.543000000000000000e+03 0.000000000000000000e+00
4.779000000000000000e+03 0.000000000000000000e+00
5.028000000000000000e+03 0.000000000000000000e+00
5.290000000000000000e+03 0.000000000000000000e+00
5.565000000000000000e+03 0.000000000000000000e+00
5.855000000000000000e+03 0.000000000000000000e+00
6.160000000000000000e+03 0.000000000000000000e+00
6.481000000000000000e+03 0.000000000000000000e+00
6.818000000000000000e+03 0.000000000000000000e+00
7.173000000000000000e+03 0.000000000000000000e+00
7.547000000000000000e+03 0.000000000000000000e+00
7.940000000000000000e+03 0.000000000000000000e+00
8.353000000000000000e+03 0.000000000000000000e+00
8.788000000000000000e+03 0.000000000000000000e+00
9.246000000000000000e+03 0.000000000000000000e+00
9.727000000000000000e+03 0.000000000000000000e+00
1.023000000000000000e+04 0.000000000000000000e+00
1.077000000000000000e+04 0.000000000000000000e+00
1.133000000000000000e+04 0.000000000000000000e+00
1.192000000000000000e+04 0.000000000000000000e+00
1.254000000000000000e+04 0.000000000000000000e+00
1.319000000000000000e+04 0.000000000000000000e+00
1.388000000000000000e+04 0.000000000000000000e+00
1.460000000000000000e+04 0.000000000000000000e+00
1.536000000000000000e+04 0.000000000000000000e+00
1.616000000000000000e+04 0.000000000000000000e+00
1.700000000000000000e+04 0.000000000000000000e+00
1.789000000000000000e+04 0.000000000000000000e+00
1.882000000000000000e+04 0.000000000000000000e+00
1.980000000000000000e+04 0.000000000000000000e+00
2.083000000000000000e+04 0.000000000000000000e+00
2.191000000000000000e+04 0.000000000000000000e+00
2.305000000000000000e+04 0.000000000000000000e+00
2.425000000000000000e+04 0.000000000000000000e+00
2.552000000000000000e+04 0.000000000000000000e+00
2.684000000000000000e+04 0.000000000000000000e+00
2.824000000000000000e+04 0.000000000000000000e+00
2.971000000000000000e+04 0.000000000000000000e+00
3.126000000000000000e+04 0.000000000000000000e+00
3.289000000000000000e+04 0.000000000000000000e+00
3.460000000000000000e+04 0.000000000000000000e+00
3.640000000000000000e+04 0.000000000000000000e+00
3.830000000000000000e+04 0.000000000000000000e+00
4.029000000000000000e+04 0.000000000000000000e+00
4.239000000000000000e+04 0.000000000000000000e+00
4.460000000000000000e+04 0.000000000000000000e+00
4.692000000000000000e+04 0.000000000000000000e+00
4.936000000000000000e+04 0.000000000000000000e+00
5.193000000000000000e+04 0.000000000000000000e+00
5.464000000000000000e+04 0.000000000000000000e+00
5.748000000000000000e+04 0.000000000000000000e+00
6.047000000000000000e+04 0.000000000000000000e+00
6.362000000000000000e+04 0.000000000000000000e+00
6.693000000000000000e+04 0.000000000000000000e+00
7.042000000000000000e+04 0.000000000000000000e+00
7.409000000000000000e+04 0.000000000000000000e+00
7.794000000000000000e+04 0.000000000000000000e+00
8.200000000000000000e+04 0.000000000000000000e+00
8.627000000000000000e+04 0.000000000000000000e+00
9.076000000000000000e+04 0.000000000000000000e+00
9.549000000000000000e+04 0.000000000000000000e+00
1.005000000000000000e+05 0.000000000000000000e+00
1.057000000000000000e+05 0.000000000000000000e+00
1.112000000000000000e+05 0.000000000000000000e+00
1.170000000000000000e+05 0.000000000000000000e+00
1.231000000000000000e+05 0.000000000000000000e+00
1.295000000000000000e+05 0.000000000000000000e+00
1.362000000000000000e+05 0.000000000000000000e+00
1.433000000000000000e+05 0.000000000000000000e+00
1.508000000000000000e+05 0.000000000000000000e+00
1.586000000000000000e+05 0.000000000000000000e+00
1.669000000000000000e+05 0.000000000000000000e+00
1.756000000000000000e+05 0.000000000000000000e+00
1.847000000000000000e+05 0.000000000000000000e+00
1.943000000000000000e+05 0.000000000000000000e+00
2.045000000000000000e+05 0.000000000000000000e+00
2.151000000000000000e+05 0.000000000000000000e+00
2.263000000000000000e+05 0.000000000000000000e+00
2.381000000000000000e+05 0.000000000000000000e+00
2.505000000000000000e+05 0.000000000000000000e+00
2.635000000000000000e+05 0.000000000000000000e+00
2.773000000000000000e+05 0.000000000000000000e+00
2.917000000000000000e+05 0.000000000000000000e+00
3.069000000000000000e+05 0.000000000000000000e+00
3.229000000000000000e+05 0.000000000000000000e+00
3.397000000000000000e+05 0.000000000000000000e+00
3.574000000000000000e+05 0.000000000000000000e+00
3.760000000000000000e+05 0.000000000000000000e+00
3.955000000000000000e+05 0.000000000000000000e+00
4.161000000000000000e+05 0.000000000000000000e+00
4.378000000000000000e+05 0.000000000000000000e+00
4.606000000000000000e+05 0.000000000000000000e+00
4.846000000000000000e+05 0.000000000000000000e+00
5.098000000000000000e+05 0.000000000000000000e+00
5.364000000000000000e+05 0.000000000000000000e+00
5.643000000000000000e+05 0.000000000000000000e+00
5.937000000000000000e+05 0.000000000000000000e+00
6.246000000000000000e+05 0.000000000000000000e+00
6.571000000000000000e+05 0.000000000000000000e+00
6.913000000000000000e+05 0.000000000000000000e+00
7.273000000000000000e+05 0.000000000000000000e+00
7.652000000000000000e+05 0.000000000000000000e+00
8.050000000000000000e+05 0.000000000000000000e+00
8.469000000000000000e+05 0.000000000000000000e+00
8.910000000000000000e+05 0.000000000000000000e+00
9.374000000000000000e+05 0.000000000000000000e+00
9.863000000000000000e+05 0.000000000000000000e+00
1.038000000000000000e+06 0.000000000000000000e+00
1.092000000000000000e+06 0.000000000000000000e+00
1.148000000000000000e+06 0.000000000000000000e+00
1.208000000000000000e+06 0.000000000000000000e+00
1.271000000000000000e+06 0.000000000000000000e+00
1.337000000000000000e+06 0.000000000000000000e+00
1.407000000000000000e+06 0.000000000000000000e+00
1.480000000000000000e+06 0.000000000000000000e+00
1.557000000000000000e+06 0.000000000000000000e+00
1.638000000000000000e+06 0.000000000000000000e+00
1.724000000000000000e+06 0.000000000000000000e+00
1.814000000000000000e+06 0.000000000000000000e+00
1.908000000000000000e+06 0.000000000000000000e+00
2.007000000000000000e+06 0.000000000000000000e+00
2.112000000000000000e+06 0.000000000000000000e+00
2.222000000000000000e+06 0.000000000000000000e+00
2.337000000000000000e+06 0.000000000000000000e+00
2.459000000000000000e+06 0.000000000000000000e+00
2.587000000000000000e+06 0.000000000000000000e+00
2.722000000000000000e+06 0.000000000000000000e+00
2.864000000000000000e+06 0.000000000000000000e+00
3.013000000000000000e+06 0.000000000000000000e+00
3.170000000000000000e+06 0.000000000000000000e+00
3.335000000000000000e+06 0.000000000000000000e+00
3.508000000000000000e+06 0.000000000000000000e+00
3.691000000000000000e+06 0.000000000000000000e+00
3.883000000000000000e+06 0.000000000000000000e+00
4.085000000000000000e+06 0.000000000000000000e+00
4.298000000000000000e+06 0.000000000000000000e+00
4.522000000000000000e+06 0.000000000000000000e+00
4.757000000000000000e+06 0.000000000000000000e+00
5.005000000000000000e+06 0.000000000000000000e+00
5.266000000000000000e+06 0.000000000000000000e+00
5.540000000000000000e+06 0.000000000000000000e+00
5.828000000000000000e+06 0.000000000000000000e+00
6.132000000000000000e+06 0.000000000000000000e+00
6.451000000000000000e+06 0.000000000000000000e+00
6.787000000000000000e+06 0.000000000000000000e+00
7.140000000000000000e+06 0.000000000000000000e+00
7.512000000000000000e+06 0.000000000000000000e+00
7.903000000000000000e+06 0.000000000000000000e+00
8.315000000000000000e+06 0.000000000000000000e+00
8.748000000000000000e+06 0.000000000000000000e+00
9.203000000000000000e+06 0.000000000000000000e+00
9.682000000000000000e+06 0.000000000000000000e+00
1.019000000000000000e+07 0.000000000000000000e+00
1.072000000000000000e+07 0.000000000000000000e+00
1.127000000000000000e+07 0.000000000000000000e+00
1.186000000000000000e+07 0.000000000000000000e+00
1.248000000000000000e+07 0.000000000000000000e+00
1.313000000000000000e+07 0.000000000000000000e+00
1.381000000000000000e+07 0.000000000000000000e+00
1.453000000000000000e+07 0.000000000000000000e+00
1.529000000000000000e+07 0.000000000000000000e+00
1.608000000000000000e+07 0.000000000000000000e+00
1.692000000000000000e+07 0.000000000000000000e+00
1.780000000000000000e+07 0.000000000000000000e+00
1.873000000000000000e+07 0.000000000000000000e+00
1.971000000000000000e+07 0.000000000000000000e+00
2.073000000000000000e+07 0.000000000000000000e+00
2.181000000000000000e+07 0.000000000000000000e+00
2.295000000000000000e+07 0.000000000000000000e+00
2.414000000000000000e+07 0.000000000000000000e+00
2.540000000000000000e+07 0.000000000000000000e+00
2.672000000000000000e+07 0.000000000000000000e+00
2.811000000000000000e+07 0.000000000000000000e+00
2.958000000000000000e+07 0.000000000000000000e+00
3.112000000000000000e+07 0.000000000000000000e+00
3.274000000000000000e+07 0.000000000000000000e+00
3.444000000000000000e+07 0.000000000000000000e+00
3.623000000000000000e+07 0.000000000000000000e+00
3.812000000000000000e+07 0.000000000000000000e+00
4.011000000000000000e+07 0.000000000000000000e+00
4.219000000000000000e+07 0.000000000000000000e+00
4.439000000000000000e+07 0.000000000000000000e+00
4.670000000000000000e+07 0.000000000000000000e+00
4.913000000000000000e+07 0.000000000000000000e+00
5.169000000000000000e+07 0.000000000000000000e+00
5.438000000000000000e+07 0.000000000000000000e+00
5.722000000000000000e+07 0.000000000000000000e+00
6.019000000000000000e+07 0.000000000000000000e+00
6.333000000000000000e+07 0.000000000000000000e+00
6.663000000000000000e+07 0.000000000000000000e+00
7.010000000000000000e+07 0.000000000000000000e+00
7.375000000000000000e+07 0.000000000000000000e+00
7.759000000000000000e+07 0.000000000000000000e+00
8.163000000000000000e+07 0.000000000000000000e+00
8.588000000000000000e+07 0.000000000000000000e+00
9.035000000000000000e+07 0.000000000000000000e+00
9.505000000000000000e+07 0.000000000000000000e+00
1.000000000000000000e+08 0.000000000000000000e+00
