1.300000000000000000e+01 2.437753871237283043e+00
1.400000000000000000e+01 2.580313595533264781e+00
1.500000000000000000e+01 2.748950736405372020e+00
1.600000000000000000e+01 2.945917035282162644e+00
1.700000000000000000e+01 3.101228333490039901e+00
1.800000000000000000e+01 3.212481787325089044e+00
1.900000000000000000e+01 3.239698112382460859e+00
2.000000000000000000e+01 3.186773727617234986e+00
2.100000000000000000e+01 3.048190755151949372e+00
2.200000000000000000e+01 2.838652431565102052e+00
2.300000000000000000e+01 2.651725870592815948e+00
2.400000000000000000e+01 2.418454610116558268e+00
2.500000000000000000e+01 2.154259862456383345e+00
2.600000000000000000e+01 1.927493491026647909e+00
2.700000000000000000e+01 1.700953123696219649e+00
2.800000000000000000e+01 1.480160094790105685e+00
2.900000000000000000e+01 1.294224774792242627e+00
3.000000000000000000e+01 1.130795124398745299e+00
3.100000000000000000e+01 9.869598872346706520e-01
3.200000000000000000e+01 8.650941285583059193e-01
3.300000000000000000e+01 7.581756448269001414e-01
3.400000000000000000e+01 6.642122304985358383e-01
3.500000000000000000e+01 5.840999638532360372e-01
3.600000000000000000e+01 5.154889402844518020e-01
3.700000000000000000e+01 4.564775248175287903e-01
3.800000000000000000e+01 4.037368210808637281e-01
3.900000000000000000e+01 3.565913376466254281e-01
4.000000000000000000e+01 3.159311014221107827e-01
4.100000000000000000e+01 2.807354489750708559e-01
4.200000000000000000e+01 2.451402893944428785e-01
4.300000000000000000e+01 2.102589275518470802e-01
4.400000000000000000e+01 1.809715622554199099e-01
4.500000000000000000e+01 1.562841406456231819e-01
4.600000000000000000e+01 1.353957754606150421e-01
4.700000000000000000e+01 1.154467259553850211e-01
4.800000000000000000e+01 9.682096045221082192e-02
4.900000000000000000e+01 8.149251615350289191e-02
5.000000000000000000e+01 6.882784210422816795e-02
5.100000000000000000e+01 5.832434327555095777e-02
5.200000000000000000e+01 4.958147322912895283e-02
5.300000000000000000e+01 4.165892033990548776e-02
5.400000000000000000e+01 3.457343722300851990e-02
5.500000000000000000e+01 2.879056532547430783e-02
5.600000000000000000e+01 2.405349847229087956e-02
5.700000000000000000e+01 2.015936500538694984e-02
5.800000000000000000e+01 1.694722830284852225e-02
5.900000000000000000e+01 1.428890181140195920e-02
6.000000000000000000e+01 1.200685356839133709e-02
6.100000000000000000e+01 1.005188411802452469e-02
6.200000000000000000e+01 8.439394672495208194e-03
6.300000000000000000e+01 7.105278614820578591e-03
6.400000000000000000e+01 5.998175946577245961e-03
6.500000000000000000e+01 5.076794550642570528e-03
6.600000000000000000e+01 4.307823861980792854e-03
6.700000000000000000e+01 3.583311903944759805e-03
6.800000000000000000e+01 2.918867835829406458e-03
6.900000000000000000e+01 2.384711504012707733e-03
7.000000000000000000e+01 1.953943163464037531e-03
7.100000000000000000e+01 1.605488872645259189e-03
7.200000000000000000e+01 1.322781372671239224e-03
7.300000000000000000e+01 1.092752320895488787e-03
7.400000000000000000e+01 9.050594733366126854e-04
7.500000000000000000e+01 7.450276947293336255e-04
7.600000000000000000e+01 6.092479101493166339e-04
7.700000000000000000e+01 4.995178566498268075e-04
7.800000000000000000e+01 4.105955082927161665e-04
7.900000000000000000e+01 3.383417193250412959e-04
8.000000000000000000e+01 2.794783163939941169e-04
8.100000000000000000e+01 2.314013671095637250e-04
8.200000000000000000e+01 1.920365681142522317e-04
8.300000000000000000e+01 1.597268947253904108e-04
8.400000000000000000e+01 1.311425674795355296e-04
8.500000000000000000e+01 1.061977019710760612e-04
8.600000000000000000e+01 8.620897578315914720e-05
8.700000000000000000e+01 7.015057910985442841e-05
8.800000000000000000e+01 5.721735277084478744e-05
8.900000000000000000e+01 4.677557138125783780e-05
9.000000000000000000e+01 3.832508800420379459e-05
9.100000000000000000e+01 3.147013079162654098e-05
9.200000000000000000e+01 2.589670855612223350e-05
9.300000000000000000e+01 2.135507984574646425e-05
9.400000000000000000e+01 1.734251727424687470e-05
9.500000000000000000e+01 1.385553345335483889e-05
9.600000000000000000e+01 1.109558758503498276e-05
9.700000000000000000e+01 8.905787731574256995e-06
9.800000000000000000e+01 7.164221982739485453e-06
9.900000000000000000e+01 5.775913587862483984e-06
1.000000000000000000e+02 4.666681796317867079e-06
1.010000000000000000e+02 3.778444059962565228e-06
1.020000000000000000e+02 3.065611484182254461e-06
1.030000000000000000e+02 2.492315792554557925e-06
1.040000000000000000e+02 2.030270453760337150e-06
1.050000000000000000e+02 1.657116749300644674e-06
1.060000000000000000e+02 1.326426795683288370e-06
1.070000000000000000e+02 1.039747881647053887e-06
1.080000000000000000e+02 8.168689918670043176e-07
1.090000000000000000e+02 6.431886926516472196e-07
1.100000000000000000e+02 5.075379491965235306e-07
1.110000000000000000e+02 4.013522930035521753e-07
1.120000000000000000e+02 3.180486233625947938e-07
1.130000000000000000e+02 2.525548485733313814e-07
1.140000000000000000e+02 2.009539835678555252e-07
1.150000000000000000e+02 1.602141822708960982e-07
1.160000000000000000e+02 1.279834547695759080e-07
1.170000000000000000e+02 1.024331958823706398e-07
1.180000000000000000e+02 8.213863755072434348e-08
1.190000000000000000e+02 5.764382340110578480e-08
1.200000000000000000e+02 3.484769830256577219e-08
1.210000000000000000e+02 2.115451781315458544e-08
1.220000000000000000e+02 1.289466937186630639e-08
1.230000000000000000e+02 7.891624241184147880e-09
1.240000000000000000e+02 4.848902508476385724e-09
1.250000000000000000e+02 2.990982087996535830e-09
1.260000000000000000e+02 1.852040901468413323e-09
1.270000000000000000e+02 1.151138207558999634e-09
1.280000000000000000e+02 7.181560880785076038e-10
1.290000000000000000e+02 4.496759413061805882e-10
1.300000000000000000e+02 2.825825965998587084e-10
1.310000000000000000e+02 1.782100571765172133e-10
