1.603007518796992770e+01 5.523795935370441157e+02
1.703007518796992770e+01 5.739286418156626723e+02
1.803007518796992770e+01 5.795939322303934205e+02
1.903007518796992770e+01 5.761066566540458780e+02
2.003007518796992770e+01 5.580185048982601757e+02
2.103007518796992770e+01 5.295864077518042450e+02
2.203007518796992770e+01 4.943916738567278344e+02
2.303007518796992770e+01 4.545780735429295305e+02
2.403007518796992770e+01 4.124467638841187522e+02
2.503007518796992770e+01 3.704090738773694511e+02
2.603007518796992770e+01 3.297059479991911530e+02
2.703007518796992770e+01 2.915858097825341133e+02
2.803007518796992770e+01 2.566239371829053653e+02
2.903007518796992770e+01 2.249268942436169141e+02
3.003007518796992770e+01 1.972533693202225606e+02
3.103007518796992770e+01 1.729191328793569369e+02
3.203007518796992770e+01 1.516244062371802386e+02
3.303007518796992770e+01 1.330302779089554690e+02
3.403007518796992770e+01 1.169019834960326847e+02
3.503007518796992770e+01 1.027886618049784602e+02
3.603007518796992770e+01 9.045094453843844917e+01
3.703007518796992770e+01 7.957156777596495090e+01
3.803007518796992770e+01 6.993801264364456927e+01
3.903007518796992770e+01 6.136111088930491775e+01
4.003007518796992770e+01 5.369795601064645751e+01
4.103007518796992770e+01 4.684020287130698534e+01
4.203007518796992770e+01 4.073304218646691766e+01
4.303007518796992770e+01 3.526401842320280622e+01
4.403007518796992770e+01 3.042631480644855202e+01
4.503007518796992770e+01 2.613928187223057265e+01
4.603007518796992770e+01 2.237008428658459991e+01
4.703007518796992770e+01 1.907700904862495506e+01
4.803007518796992770e+01 1.621951981880054561e+01
4.903007518796992770e+01 1.375484727117083317e+01
5.003007518796992770e+01 1.163690186263674420e+01
5.103007518796992770e+01 9.832097360347820114e+00
5.203007518796992770e+01 8.294692332232390442e+00
5.303007518796992770e+01 6.991619654838156173e+00
5.403007518796992770e+01 5.890145007508479580e+00
5.503007518796992770e+01 4.960535045740918747e+00
5.603007518796992770e+01 4.175255763022118316e+00
5.703007518796992770e+01 3.513763627012433943e+00
5.803007518796992770e+01 2.955444586437039778e+00
5.903007518796992770e+01 2.485072979947725358e+00
6.003007518796992770e+01 2.088448957390004246e+00
6.103007518796992770e+01 1.754537337491344884e+00
6.203007518796992770e+01 1.472798181604096035e+00
6.303007518796992770e+01 1.234898150523700666e+00
6.403007518796992770e+01 1.034568180927222469e+00
6.503007518796992770e+01 8.652960730521539467e-01
6.603007518796992770e+01 7.230251375963360205e-01
6.703007518796992770e+01 6.032813846621998266e-01
6.803007518796992770e+01 5.026437121901961014e-01
6.903007518796992770e+01 4.181819480763401820e-01
7.003007518796992770e+01 3.473595109521991908e-01
7.103007518796992770e+01 2.883049691555340521e-01
7.203007518796992770e+01 2.390498999059214036e-01
7.303007518796992770e+01 1.978996145138629259e-01
7.403007518796992770e+01 1.636477518119810182e-01
7.503007518796992770e+01 1.351800934634673490e-01
7.603007518796992770e+01 1.115930684839730180e-01
7.703007518796992770e+01 9.211623735127075219e-02
7.803007518796992770e+01 7.591939575415379560e-02
7.903007518796992770e+01 6.259526050429635446e-02
8.003007518796992770e+01 5.155206486835217650e-02
8.103007518796992770e+01 4.242550423303752261e-02
8.203007518796992770e+01 3.488684953400272154e-02
8.303007518796992770e+01 2.868696850005008833e-02
8.403007518796992770e+01 2.358933658813812395e-02
8.503007518796992770e+01 1.938973664919537918e-02
8.603007518796992770e+01 1.591974985227568098e-02
8.703007518796992770e+01 1.307407503785065761e-02
8.803007518796992770e+01 1.072862543649082470e-02
