1.900000000000000000e+01 3.042205342879671548e+01
2.000000000000000000e+01 3.205968921101877100e+01
2.100000000000000000e+01 3.278765845983309646e+01
2.200000000000000000e+01 3.260954354405968303e+01
2.300000000000000000e+01 3.244008347935121606e+01
2.400000000000000000e+01 3.151679646017576175e+01
2.500000000000000000e+01 2.993414356365484963e+01
2.600000000000000000e+01 2.848740602545101552e+01
2.700000000000000000e+01 2.671460062838300686e+01
2.800000000000000000e+01 2.469352754533293748e+01
2.900000000000000000e+01 2.288741293785638220e+01
3.000000000000000000e+01 2.104432570181028339e+01
3.100000000000000000e+01 1.919526644728946607e+01
3.200000000000000000e+01 1.755910715754688667e+01
3.300000000000000000e+01 1.601333179956984765e+01
3.400000000000000000e+01 1.455738105535483662e+01
3.500000000000000000e+01 1.326992496910297348e+01
3.600000000000000000e+01 1.212750676504924385e+01
3.700000000000000000e+01 1.111045748318850102e+01
3.800000000000000000e+01 1.015579412209239507e+01
3.900000000000000000e+01 9.261337134235239077e+00
4.000000000000000000e+01 8.465158522825481313e+00
4.100000000000000000e+01 7.754417731478604026e+00
4.200000000000000000e+01 7.043890852350519260e+00
4.300000000000000000e+01 6.344194511325738972e+00
4.400000000000000000e+01 5.727611939604820179e+00
4.500000000000000000e+01 5.182722389391960505e+00
4.600000000000000000e+01 4.699878321507828360e+00
4.700000000000000000e+01 4.195935393845564576e+00
4.800000000000000000e+01 3.686926624766158511e+00
4.900000000000000000e+01 3.248232194570539022e+00
5.000000000000000000e+01 2.869000309735398879e+00
5.100000000000000000e+01 2.540223157949503374e+00
5.200000000000000000e+01 2.254395868812476778e+00
5.300000000000000000e+01 1.978747309852360692e+00
5.400000000000000000e+01 1.717128036221650333e+00
5.500000000000000000e+01 1.493947712720364640e+00
5.600000000000000000e+01 1.303012098595924151e+00
5.700000000000000000e+01 1.139210280889011884e+00
5.800000000000000000e+01 9.983107990508459650e-01
5.900000000000000000e+01 8.767987625914162031e-01
6.000000000000000000e+01 7.655200601126712634e-01
6.100000000000000000e+01 6.642315705729153752e-01
6.200000000000000000e+01 5.776663375127303324e-01
6.300000000000000000e+01 5.034978498192690388e-01
6.400000000000000000e+01 4.397958010827557884e-01
6.500000000000000000e+01 3.849538901979194794e-01
6.600000000000000000e+01 3.376316152296401363e-01
6.700000000000000000e+01 2.934016318266968182e-01
6.800000000000000000e+01 2.525252081237578383e-01
6.900000000000000000e+01 2.178169499312961888e-01
7.000000000000000000e+01 1.882765882283513048e-01
7.100000000000000000e+01 1.630770374371295350e-01
7.200000000000000000e+01 1.415325606555653815e-01
7.300000000000000000e+01 1.230731181607496033e-01
7.400000000000000000e+01 1.072236354800438635e-01
7.500000000000000000e+01 9.230706280089609472e-02
7.600000000000000000e+01 7.848280958728330592e-02
7.700000000000000000e+01 6.686973352116851177e-02
7.800000000000000000e+01 5.709217616129498574e-02
7.900000000000000000e+01 4.884194627318284854e-02
8.000000000000000000e+01 4.186556333781018407e-02
8.100000000000000000e+01 3.595403115377806408e-02
8.200000000000000000e+01 3.093461682401584673e-02
8.300000000000000000e+01 2.666422387718989442e-02
8.400000000000000000e+01 2.274615653155484529e-02
8.500000000000000000e+01 1.919376455380632923e-02
8.600000000000000000e+01 1.622819266653784467e-02
8.700000000000000000e+01 1.374732715809498171e-02
8.800000000000000000e+01 1.166770509200270103e-02
8.900000000000000000e+01 9.920950115606926370e-03
9.000000000000000000e+01 8.450918900003828380e-03
9.100000000000000000e+01 7.211410762112476988e-03
9.200000000000000000e+01 6.164324785516065927e-03
9.300000000000000000e+01 5.278173431681095970e-03
9.400000000000000000e+01 4.480025697360411063e-03
9.500000000000000000e+01 3.767653634182707798e-03
9.600000000000000000e+01 3.174279258984404571e-03
9.700000000000000000e+01 2.679087022966804808e-03
9.800000000000000000e+01 2.265063424031304312e-03
9.900000000000000000e+01 1.918273708836278806e-03
1.000000000000000000e+02 1.627281558460175626e-03
1.010000000000000000e+02 1.382682447550900081e-03
1.020000000000000000e+02 1.176727585347617190e-03
1.030000000000000000e+02 1.003020202335592375e-03
1.040000000000000000e+02 8.562697467721623341e-04
