9.999999999999999547e-07 3.149506139746543486e+06
1.052000000000000050e-06 3.087677993145169225e+06
1.106999999999999947e-06 3.020142541337290779e+06
1.163999999999999994e-06 2.956852260099068750e+06
1.224999999999999918e-06 2.884009480820824392e+06
1.289000000000000068e-06 2.814936630776925478e+06
1.356000000000000019e-06 2.735936096460892353e+06
1.427000000000000059e-06 2.661560701664437540e+06
1.500999999999999901e-06 2.583993946272128262e+06
1.579000000000000044e-06 2.503063010075926315e+06
1.661000000000000064e-06 2.428361499730144627e+06
1.748000000000000035e-06 2.338965664524471387e+06
1.839000000000000096e-06 2.271350980716594961e+06
1.935000000000000108e-06 2.181410324273966253e+06
2.034999999999999998e-06 2.114941015400613658e+06
2.140999999999999915e-06 2.032235801160576520e+06
2.252999999999999859e-06 1.963478384770598728e+06
2.370000000000000179e-06 1.888325249144517817e+06
2.493000000000000102e-06 1.821542638743370539e+06
2.623000000000000128e-06 1.756187600144307595e+06
2.759999999999999833e-06 1.692700905020019971e+06
2.904000000000000063e-06 1.636905547515919432e+06
3.054999999999999973e-06 1.578833281971327960e+06
3.214000000000000060e-06 1.531806332056676503e+06
3.380999999999999901e-06 1.479833699103281600e+06
3.556999999999999995e-06 1.442281320881172549e+06
3.741999999999999917e-06 1.397413732509452151e+06
3.936999999999999745e-06 1.366749628881836310e+06
4.142000000000000323e-06 1.332203430069235619e+06
4.357999999999999610e-06 1.306947849315973930e+06
4.585000000000000147e-06 1.281745324737604940e+06
4.823999999999999892e-06 1.262168236716456013e+06
5.074999999999999691e-06 1.246231084301378112e+06
5.339000000000000043e-06 1.231151307194669265e+06
5.616999999999999753e-06 1.222386705927323317e+06
5.908999999999999668e-06 1.213318758223240497e+06
6.216999999999999938e-06 1.208671695092544425e+06
6.540999999999999716e-06 1.205759446961210109e+06
6.880999999999999848e-06 1.205124493088251678e+06
7.240000000000000138e-06 1.206754146639917977e+06
7.617000000000000086e-06 1.209599136849035276e+06
8.012999999999999344e-06 1.213812969100284856e+06
8.430000000000000603e-06 1.219932305861598114e+06
8.868999999999999280e-06 1.226098378229517723e+06
9.330999999999999261e-06 1.234760434623202542e+06
9.816999999999999351e-06 1.242013311486464692e+06
1.032999999999999935e-05 1.251963821070129750e+06
1.086999999999999926e-05 1.261213898382336833e+06
1.143000000000000068e-05 1.270431525333832484e+06
1.203000000000000002e-05 1.281095825746388175e+06
1.264999999999999916e-05 1.289458184720001882e+06
1.330999999999999962e-05 1.300670007419989677e+06
1.400999999999999969e-05 1.308888490550399059e+06
1.472999999999999958e-05 1.319090429009188199e+06
1.550000000000000068e-05 1.326845953999414109e+06
1.631000000000000139e-05 1.335563438622758724e+06
1.715999999999999833e-05 1.342804843600555323e+06
1.805000000000000167e-05 1.349773190819704439e+06
1.898999999999999945e-05 1.356275381266403710e+06
1.997999999999999844e-05 1.361589502056905534e+06
2.101999999999999865e-05 1.366566988081413554e+06
2.212000000000000167e-05 1.370103559393100208e+06
2.326999999999999913e-05 1.373271770237176912e+06
2.447999999999999940e-05 1.374714574528003577e+06
2.574999999999999910e-05 1.375931271899976302e+06
2.708999999999999982e-05 1.375934899731223006e+06
2.850000000000000157e-05 1.374413195710120490e+06
2.998999999999999916e-05 1.372813515702927718e+06
3.155000000000000117e-05 1.369341252243780997e+06
3.318999999999999902e-05 1.365395604792517610e+06
3.491999999999999770e-05 1.359474331796391867e+06
3.673999999999999722e-05 1.353465322660005186e+06
3.864999999999999756e-05 1.345723188840612071e+06
4.066000000000000034e-05 1.336809086666121148e+06
4.278000000000000037e-05 1.327490924891411327e+06
4.500999999999999766e-05 1.316710267237345688e+06
4.734999999999999897e-05 1.304951064762101276e+06
4.982000000000000073e-05 1.292256035669991048e+06
5.241000000000000134e-05 1.278306875250245910e+06
5.513999999999999723e-05 1.263599943230361911e+06
5.801000000000000194e-05 1.248054168754200451e+06
6.102999999999999674e-05 1.231089653902945109e+06
6.420999999999999679e-05 1.214258705646453658e+06
6.755999999999999690e-05 1.195173995003450662e+06
7.106999999999999548e-05 1.176786472672454780e+06
7.477000000000000410e-05 1.156214056635873625e+06
7.867000000000000403e-05 1.136249726334145293e+06
8.276000000000000045e-05 1.114679429095000494e+06
8.707000000000000492e-05 1.092683503285116516e+06
9.160999999999999872e-05 1.070463130022086436e+06
9.637999999999999541e-05 1.047121564366150531e+06
1.013999999999999982e-04 1.023914304780739942e+06
1.067000000000000050e-04 9.999505035881263902e+05
1.122000000000000032e-04 9.757892539558307035e+05
1.180999999999999975e-04 9.512908089307264891e+05
1.242000000000000103e-04 9.261263416223137174e+05
1.307000000000000056e-04 9.014016552179030841e+05
1.375000000000000083e-04 8.759960601918371394e+05
1.446999999999999936e-04 8.504790906258036848e+05
1.522000000000000132e-04 8.255464194762975676e+05
1.600999999999999884e-04 7.998299379895227030e+05
1.684000000000000004e-04 7.751883943891155068e+05
1.771999999999999975e-04 7.492196804758720100e+05
1.864000000000000043e-04 7.248946839358136058e+05
1.960999999999999961e-04 6.994148895091218874e+05
2.064000000000000025e-04 6.752226553729381412e+05
2.170999999999999916e-04 6.505386891194686759e+05
2.283999999999999952e-04 6.268993330525410129e+05
2.403000000000000134e-04 6.031261920179906301e+05
2.528000000000000191e-04 5.799508527131062001e+05
2.660000000000000146e-04 5.573784849625634961e+05
2.798000000000000248e-04 5.348824399529922521e+05
2.944000000000000002e-04 5.135927751262584352e+05
3.096999999999999927e-04 4.919872957919081673e+05
3.259000000000000070e-04 4.718448783719675848e+05
3.427999999999999841e-04 4.516478586767753586e+05
3.606999999999999855e-04 4.325378988265194348e+05
3.795000000000000088e-04 4.137215342556138057e+05
3.991999999999999997e-04 3.958845810577240773e+05
4.200000000000000174e-04 3.785476953022257658e+05
4.419000000000000076e-04 3.620009507264982676e+05
4.649000000000000246e-04 3.461278033012625528e+05
4.891000000000000165e-04 3.309523957574263331e+05
5.144999999999999834e-04 3.165835581678678282e+05
5.412999999999999843e-04 3.028763950976313790e+05
5.695000000000000192e-04 2.898966723528652801e+05
5.992000000000000364e-04 2.775352084004858043e+05
6.304000000000000358e-04 2.661387388374347938e+05
6.631999999999999658e-04 2.551702115435427986e+05
6.976999999999999912e-04 2.452013247551607783e+05
7.341000000000000086e-04 2.356327638504234783e+05
7.722999999999999613e-04 2.269799959992257063e+05
8.124999999999999627e-04 2.188768037548284628e+05
8.547999999999999609e-04 2.114027775591866521e+05
8.993000000000000126e-04 2.047224134611467307e+05
9.460999999999999575e-04 1.983657367486201692e+05
9.954000000000000174e-04 1.930455057555139065e+05
1.046999999999999971e-03 1.877473059622839501e+05
1.101999999999999898e-03 1.836117484322802920e+05
1.159000000000000091e-03 1.794514259293632349e+05
1.219000000000000031e-03 1.762326073005166836e+05
1.283000000000000069e-03 1.732446776266644592e+05
1.350000000000000071e-03 1.707420728092893842e+05
1.420000000000000038e-03 1.689206423403634108e+05
1.494000000000000102e-03 1.670750336018238449e+05
1.572000000000000047e-03 1.662024876533238566e+05
1.654000000000000088e-03 1.650795376909685729e+05
1.740000000000000010e-03 1.648833001520446560e+05
1.830000000000000029e-03 1.645260674956920848e+05
1.925999999999999978e-03 1.647628951225293276e+05
2.026000000000000023e-03 1.652152925045778393e+05
2.131000000000000082e-03 1.657155055218603229e+05
2.242000000000000069e-03 1.668654645888625237e+05
2.358999999999999986e-03 1.676454658131924807e+05
2.481999999999999831e-03 1.692355731198659050e+05
2.611000000000000040e-03 1.703711638111964858e+05
2.746999999999999876e-03 1.720895331144111406e+05
2.890000000000000208e-03 1.736879273681827763e+05
3.040999999999999866e-03 1.753231127251369471e+05
3.199000000000000021e-03 1.773436311154304713e+05
3.366000000000000068e-03 1.788260597666348040e+05
3.540999999999999877e-03 1.810625540422016056e+05
3.725000000000000012e-03 1.824894034714000009e+05
3.918999999999999741e-03 1.845931622936787317e+05
4.122999999999999929e-03 1.861372915800085757e+05
4.337999999999999842e-03 1.877931688364071597e+05
4.564000000000000348e-03 1.894869300725280191e+05
4.800999999999999712e-03 1.905676885541378288e+05
5.050999999999999934e-03 1.922469528434507083e+05
5.314000000000000147e-03 1.928309209215134615e+05
5.590999999999999616e-03 1.941434266152635391e+05
5.882000000000000076e-03 1.944017382527469890e+05
6.187999999999999924e-03 1.949530650489886466e+05
6.511000000000000294e-03 1.950267547565106652e+05
6.850000000000000186e-03 1.945790782586458954e+05
7.205999999999999732e-03 1.944005533879256109e+05
7.582000000000000198e-03 1.929523435692810162e+05
7.976000000000000451e-03 1.922264192807821091e+05
8.392000000000000154e-03 1.899780509848690126e+05
8.829000000000000042e-03 1.882473664074237458e+05
9.287999999999999381e-03 1.854612753163822636e+05
9.771999999999999437e-03 1.823869343835118343e+05
1.027999999999999921e-02 1.791241729375303839e+05
1.081999999999999976e-02 1.746353296755856718e+05
1.137999999999999949e-02 1.706881437992435822e+05
1.196999999999999974e-02 1.650684881621449604e+05
1.260000000000000009e-02 1.599130886352275265e+05
1.324999999999999963e-02 1.534082436441076570e+05
1.393999999999999927e-02 1.467349118193597824e+05
1.467000000000000075e-02 1.393561379308291653e+05
1.542999999999999927e-02 1.309024516801911959e+05
1.623000000000000137e-02 1.227049338197024626e+05
1.708000000000000143e-02 1.123747023499259958e+05
1.796999999999999986e-02 1.029479934056376223e+05
1.890000000000000013e-02 9.149200039769394789e+04
1.989000000000000143e-02 8.067330313211771136e+04
2.092000000000000109e-02 6.923944799760740716e+04
2.200999999999999832e-02 5.808114860466649407e+04
2.316000000000000003e-02 4.785739087530248071e+04
2.436999999999999930e-02 3.803002948752076190e+04
2.563000000000000000e-02 3.002904225849211070e+04
2.697000000000000092e-02 2.285427304063303745e+04
2.836999999999999938e-02 1.717386630826449618e+04
2.985000000000000153e-02 1.275389315967965013e+04
3.139999999999999736e-02 9.167950907192054729e+03
3.303999999999999992e-02 6.807833122710177122e+03
3.475999999999999923e-02 4.772275957604611904e+03
3.656999999999999834e-02 3.574501184627915791e+03
3.846999999999999725e-02 2.467844872496877542e+03
4.048000000000000209e-02 1.819886332866769635e+03
4.259000000000000286e-02 1.198112438056463134e+03
4.479999999999999954e-02 8.370903133804954450e+02
4.714000000000000135e-02 4.939377881233119751e+02
4.959000000000000213e-02 3.177449800275948633e+02
5.217000000000000109e-02 1.775259580534468284e+02
5.489000000000000129e-02 1.034862254901656513e+02
5.775000000000000272e-02 5.894670865186994035e+01
6.074999999999999845e-02 3.186782936319512771e+01
6.392000000000000459e-02 1.822960214388589151e+01
6.723999999999999422e-02 8.777629918010211085e+00
7.074999999999999345e-02 4.812912863580425693e+00
7.442999999999999616e-02 1.786215997588297411e+00
7.829999999999999460e-02 1.007630165684082479e+00
8.237999999999999490e-02 3.255139247495589805e-01
8.666999999999999704e-02 1.857605624194719196e-01
9.117999999999999716e-02 4.810676057279021645e-02
9.593000000000000138e-02 2.748342141478871820e-02
1.009000000000000036e-01 6.850159559984784867e-03
1.062000000000000027e-01 3.018749810769753676e-03
1.116999999999999937e-01 8.920936796001813045e-04
1.174999999999999933e-01 2.741368219799001802e-04
1.236000000000000015e-01 9.049259816755953866e-05
1.300999999999999934e-01 1.670987961234429522e-05
1.368999999999999939e-01 6.141208045190479102e-06
1.439999999999999891e-01 7.794781177444724388e-07
1.514999999999999958e-01 3.164705149466074267e-07
1.593999999999999861e-01 2.122920209480695774e-08
1.676999999999999880e-01 9.519565195660745087e-09
1.764000000000000012e-01 4.949374573859204665e-10
1.855999999999999872e-01 2.383782198457764028e-10
1.952000000000000124e-01 5.561393463697414188e-12
2.053999999999999992e-01 2.867662436512080296e-12
2.160999999999999865e-01 4.543311136340023362e-14
2.273999999999999910e-01 2.388986550775971730e-14
2.391999999999999960e-01 2.983751217697942355e-15
2.516999999999999793e-01 9.869713766945678049e-17
2.647999999999999798e-01 2.105371205538277895e-17
2.785000000000000253e-01 2.085396364826276543e-19
2.929999999999999827e-01 6.093450975561184452e-20
3.083000000000000185e-01 2.649471493541850223e-22
3.244000000000000217e-01 9.307763827976943954e-23
3.412000000000000033e-01 1.383859831412766663e-25
3.589999999999999858e-01 5.618087964084796684e-26
3.776999999999999802e-01 2.994392241676337711e-29
3.973999999999999755e-01 1.349540992823992180e-29
4.181000000000000272e-01 2.894872249443148126e-33
4.398000000000000242e-01 1.423946855886730923e-33
4.627000000000000002e-01 8.159196605760474165e-38
4.868000000000000105e-01 4.247238376393155709e-38
5.121999999999999886e-01 1.991782071792502310e-39
5.387999999999999456e-01 3.653163785688494475e-43
5.668999999999999595e-01 5.711501417617390029e-44
5.964000000000000412e-01 8.538838876116013309e-49
6.274999999999999467e-01 2.072308081721089696e-49
6.601000000000000201e-01 4.669350902167086143e-55
6.945000000000000062e-01 1.469151418117446683e-55
7.307000000000000162e-01 5.058807453839353927e-62
7.687000000000000499e-01 1.893843743934910639e-62
8.087999999999999634e-01 7.478479378231410059e-70
8.508999999999999897e-01 3.168762927913539596e-70
8.951999999999999957e-01 1.426888591540813553e-78
9.417999999999999705e-01 6.660982139401930812e-79
9.908000000000000140e-01 2.741454347452061849e-88
1.042000000000000037e+00 1.392535104694758625e-88
1.096999999999999975e+00 4.546649413547140627e-99
1.153999999999999915e+00 2.397568233295429767e-99
1.213999999999999968e+00 2.157975809604615174e-100
1.276999999999999913e+00 2.160432230305926569e-111
1.344000000000000083e+00 4.017105155247214790e-112
1.413999999999999924e+00 7.425125662196465208e-125
1.487000000000000099e+00 2.036069468257143124e-125
1.564999999999999947e+00 9.351241041966236114e-140
1.645999999999999908e+00 3.175880226945502249e-140
1.731999999999999984e+00 2.064533801325115456e-175
1.822000000000000064e+00 7.490107654826174433e-157
1.917000000000000037e+00 3.368630640253696024e-196
2.016999999999999904e+00 2.164381380865415194e-175
2.121999999999999886e+00 2.720241781872774947e-219
2.232000000000000206e+00 3.824867846802702561e-196
2.347999999999999865e+00 2.072228193512652843e-221
2.470000000000000195e+00 3.277126345487967975e-219
2.599000000000000199e+00 5.816328876692116320e-221
2.733999999999999986e+00 5.365422335103983342e-274
2.876999999999999780e+00 9.026201736110648534e-246
3.027000000000000135e+00 6.807029543344355351e-306
3.184000000000000163e+00 3.098642470176226614e-274
3.350000000000000089e+00 0.000000000000000000e+00
3.524000000000000021e+00 5.134982544191665589e-306
3.708000000000000185e+00 0.000000000000000000e+00
3.900999999999999801e+00 0.000000000000000000e+00
4.104000000000000092e+00 0.000000000000000000e+00
4.317999999999999616e+00 0.000000000000000000e+00
4.543000000000000149e+00 0.000000000000000000e+00
4.778999999999999915e+00 0.000000000000000000e+00
5.027999999999999581e+00 0.000000000000000000e+00
5.290000000000000036e+00 0.000000000000000000e+00
5.565000000000000391e+00 0.000000000000000000e+00
5.855000000000000426e+00 0.000000000000000000e+00
6.160000000000000142e+00 0.000000000000000000e+00
6.480999999999999872e+00 0.000000000000000000e+00
6.817999999999999616e+00 0.000000000000000000e+00
7.173000000000000043e+00 0.000000000000000000e+00
7.546999999999999709e+00 0.000000000000000000e+00
7.940000000000000391e+00 0.000000000000000000e+00
8.352999999999999758e+00 0.000000000000000000e+00
8.788000000000000256e+00 0.000000000000000000e+00
9.246000000000000441e+00 0.000000000000000000e+00
9.727000000000000313e+00 0.000000000000000000e+00
1.023000000000000043e+01 0.000000000000000000e+00
1.076999999999999957e+01 0.000000000000000000e+00
1.133000000000000007e+01 0.000000000000000000e+00
1.191999999999999993e+01 0.000000000000000000e+00
1.253999999999999915e+01 0.000000000000000000e+00
1.318999999999999950e+01 0.000000000000000000e+00
1.388000000000000078e+01 0.000000000000000000e+00
1.459999999999999964e+01 0.000000000000000000e+00
1.535999999999999943e+01 0.000000000000000000e+00
1.616000000000000014e+01 0.000000000000000000e+00
1.700000000000000000e+01 0.000000000000000000e+00
1.789000000000000057e+01 0.000000000000000000e+00
1.882000000000000028e+01 0.000000000000000000e+00
1.980000000000000071e+01 0.000000000000000000e+00
2.082999999999999829e+01 0.000000000000000000e+00
2.191000000000000014e+01 0.000000000000000000e+00
2.305000000000000071e+01 0.000000000000000000e+00
2.425000000000000000e+01 0.000000000000000000e+00
2.551999999999999957e+01 0.000000000000000000e+00
2.683999999999999986e+01 0.000000000000000000e+00
2.823999999999999844e+01 0.000000000000000000e+00
2.971000000000000085e+01 0.000000000000000000e+00
3.126000000000000156e+01 0.000000000000000000e+00
3.289000000000000057e+01 0.000000000000000000e+00
3.460000000000000142e+01 0.000000000000000000e+00
3.639999999999999858e+01 0.000000000000000000e+00
3.829999999999999716e+01 0.000000000000000000e+00
4.028999999999999915e+01 0.000000000000000000e+00
4.239000000000000057e+01 0.000000000000000000e+00
4.460000000000000142e+01 0.000000000000000000e+00
4.692000000000000171e+01 0.000000000000000000e+00
4.935999999999999943e+01 0.000000000000000000e+00
5.192999999999999972e+01 0.000000000000000000e+00
5.464000000000000057e+01 0.000000000000000000e+00
5.747999999999999687e+01 0.000000000000000000e+00
6.046999999999999886e+01 0.000000000000000000e+00
6.361999999999999744e+01 0.000000000000000000e+00
6.693000000000000682e+01 0.000000000000000000e+00
7.042000000000000171e+01 0.000000000000000000e+00
7.409000000000000341e+01 0.000000000000000000e+00
7.793999999999999773e+01 0.000000000000000000e+00
8.200000000000000000e+01 0.000000000000000000e+00
8.626999999999999602e+01 0.000000000000000000e+00
9.076000000000000512e+01 0.000000000000000000e+00
9.548999999999999488e+01 0.000000000000000000e+00
1.005000000000000000e+02 0.000000000000000000e+00
1.057000000000000028e+02 0.000000000000000000e+00
1.112000000000000028e+02 0.000000000000000000e+00
1.170000000000000000e+02 0.000000000000000000e+00
1.230999999999999943e+02 0.000000000000000000e+00
1.295000000000000000e+02 0.000000000000000000e+00
1.361999999999999886e+02 0.000000000000000000e+00
1.433000000000000114e+02 0.000000000000000000e+00
1.508000000000000114e+02 0.000000000000000000e+00
1.585999999999999943e+02 0.000000000000000000e+00
1.669000000000000057e+02 0.000000000000000000e+00
1.755999999999999943e+02 0.000000000000000000e+00
1.846999999999999886e+02 0.000000000000000000e+00
1.943000000000000114e+02 0.000000000000000000e+00
2.045000000000000000e+02 0.000000000000000000e+00
2.150999999999999943e+02 0.000000000000000000e+00
2.263000000000000114e+02 0.000000000000000000e+00
2.380999999999999943e+02 0.000000000000000000e+00
2.505000000000000000e+02 0.000000000000000000e+00
2.635000000000000000e+02 0.000000000000000000e+00
2.773000000000000114e+02 0.000000000000000000e+00
2.916999999999999886e+02 0.000000000000000000e+00
3.068999999999999773e+02 0.000000000000000000e+00
3.228999999999999773e+02 0.000000000000000000e+00
3.396999999999999886e+02 0.000000000000000000e+00
3.573999999999999773e+02 0.000000000000000000e+00
3.760000000000000000e+02 0.000000000000000000e+00
3.955000000000000000e+02 0.000000000000000000e+00
4.161000000000000227e+02 0.000000000000000000e+00
4.378000000000000114e+02 0.000000000000000000e+00
4.606000000000000227e+02 0.000000000000000000e+00
4.846000000000000227e+02 0.000000000000000000e+00
5.098000000000000114e+02 0.000000000000000000e+00
5.363999999999999773e+02 0.000000000000000000e+00
5.642999999999999545e+02 0.000000000000000000e+00
5.937000000000000455e+02 0.000000000000000000e+00
6.246000000000000227e+02 0.000000000000000000e+00
6.571000000000000227e+02 0.000000000000000000e+00
6.912999999999999545e+02 0.000000000000000000e+00
7.272999999999999545e+02 0.000000000000000000e+00
7.652000000000000455e+02 0.000000000000000000e+00
8.050000000000000000e+02 0.000000000000000000e+00
8.468999999999999773e+02 0.000000000000000000e+00
8.910000000000000000e+02 0.000000000000000000e+00
9.373999999999999773e+02 0.000000000000000000e+00
9.862999999999999545e+02 0.000000000000000000e+00
1.038000000000000000e+03 0.000000000000000000e+00
1.092000000000000000e+03 0.000000000000000000e+00
1.148000000000000000e+03 0.000000000000000000e+00
1.208000000000000000e+03 0.000000000000000000e+00
1.271000000000000000e+03 0.000000000000000000e+00
1.337000000000000000e+03 0.000000000000000000e+00
1.407000000000000000e+03 0.000000000000000000e+00
1.480000000000000000e+03 0.000000000000000000e+00
1.557000000000000000e+03 0.000000000000000000e+00
1.638000000000000000e+03 0.000000000000000000e+00
1.724000000000000000e+03 0.000000000000000000e+00
1.814000000000000000e+03 0.000000000000000000e+00
1.908000000000000000e+03 0.000000000000000000e+00
2.007000000000000000e+03 0.000000000000000000e+00
2.112000000000000000e+03 0.000000000000000000e+00
2.222000000000000000e+03 0.000000000000000000e+00
2.337000000000000000e+03 0.000000000000000000e+00
2.459000000000000000e+03 0.000000000000000000e+00
2.587000000000000000e+03 0.000000000000000000e+00
2.722000000000000000e+03 0.000000000000000000e+00
2.864000000000000000e+03 0.000000000000000000e+00
3.013000000000000000e+03 0.000000000000000000e+00
3.170000000000000000e+03 0.000000000000000000e+00
3.335000000000000000e+03 0.000000000000000000e+00
3.508000000000000000e+03 0.000000000000000000e+00
3.691000000000000000e+03 0.000000000000000000e+00
3.883000000000000000e+03 0.000000000000000000e+00
4.085000000000000000e+03 0.000000000000000000e+00
4.298000000000000000e+03 0.000000000000000000e+00
4.522000000000000000e+03 0.000000000000000000e+00
4.757000000000000000e+03 0.000000000000000000e+00
5.005000000000000000e+03 0.000000000000000000e+00
5.266000000000000000e+03 0.000000000000000000e+00
5.540000000000000000e+03 0.000000000000000000e+00
5.828000000000000000e+03 0.000000000000000000e+00
6.132000000000000000e+03 0.000000000000000000e+00
6.451000000000000000e+03 0.000000000000000000e+00
6.787000000000000000e+03 0.000000000000000000e+00
7.140000000000000000e+03 0.000000000000000000e+00
7.512000000000000000e+03 0.000000000000000000e+00
7.903000000000000000e+03 0.000000000000000000e+00
8.315000000000000000e+03 0.000000000000000000e+00
8.748000000000000000e+03 0.000000000000000000e+00
9.203000000000000000e+03 0.000000000000000000e+00
9.682000000000000000e+03 0.000000000000000000e+00
1.019000000000000000e+04 0.000000000000000000e+00
1.072000000000000000e+04 0.000000000000000000e+00
1.127000000000000000e+04 0.000000000000000000e+00
1.186000000000000000e+04 0.000000000000000000e+00
1.248000000000000000e+04 0.000000000000000000e+00
1.313000000000000000e+04 0.000000000000000000e+00
1.381000000000000000e+04 0.000000000000000000e+00
1.453000000000000000e+04 0.000000000000000000e+00
1.529000000000000000e+04 0.000000000000000000e+00
1.608000000000000000e+04 0.000000000000000000e+00
1.692000000000000000e+04 0.000000000000000000e+00
1.780000000000000000e+04 0.000000000000000000e+00
1.873000000000000000e+04 0.000000000000000000e+00
1.971000000000000000e+04 0.000000000000000000e+00
2.073000000000000000e+04 0.000000000000000000e+00
2.181000000000000000e+04 0.000000000000000000e+00
2.295000000000000000e+04 0.000000000000000000e+00
2.414000000000000000e+04 0.000000000000000000e+00
2.540000000000000000e+04 0.000000000000000000e+00
2.672000000000000000e+04 0.000000000000000000e+00
2.811000000000000000e+04 0.000000000000000000e+00
2.958000000000000000e+04 0.000000000000000000e+00
3.112000000000000000e+04 0.000000000000000000e+00
3.274000000000000000e+04 0.000000000000000000e+00
3.444000000000000000e+04 0.000000000000000000e+00
3.623000000000000000e+04 0.000000000000000000e+00
3.812000000000000000e+04 0.000000000000000000e+00
4.011000000000000000e+04 0.000000000000000000e+00
4.219000000000000000e+04 0.000000000000000000e+00
4.439000000000000000e+04 0.000000000000000000e+00
4.670000000000000000e+04 0.000000000000000000e+00
4.913000000000000000e+04 0.000000000000000000e+00
5.169000000000000000e+04 0.000000000000000000e+00
5.438000000000000000e+04 0.000000000000000000e+00
5.722000000000000000e+04 0.000000000000000000e+00
6.019000000000000000e+04 0.000000000000000000e+00
6.333000000000000000e+04 0.000000000000000000e+00
6.663000000000000000e+04 0.000000000000000000e+00
7.010000000000000000e+04 0.000000000000000000e+00
7.375000000000000000e+04 0.000000000000000000e+00
7.759000000000000000e+04 0.000000000000000000e+00
8.163000000000000000e+04 0.000000000000000000e+00
8.588000000000000000e+04 0.000000000000000000e+00
9.035000000000000000e+04 0.000000000000000000e+00
9.505000000000000000e+04 0.000000000000000000e+00
1.000000000000000000e+05 0.000000000000000000e+00
