1.900000000000000000e+01 2.990574958851932585e-02
2.000000000000000000e+01 2.052877662775315012e-02
2.100000000000000000e+01 1.387868508037901419e-02
2.200000000000000000e+01 9.202001968957240416e-03
2.300000000000000000e+01 6.211596385582197899e-03
2.400000000000000000e+01 4.121056778249235567e-03
2.500000000000000000e+01 2.675343487938973246e-03
2.600000000000000000e+01 1.765997707862682368e-03
2.700000000000000000e+01 1.152599236383483996e-03
2.800000000000000000e+01 7.408968719949738432e-04
2.900000000000000000e+01 4.835865818552715798e-04
3.000000000000000000e+01 3.132154933865770254e-04
3.100000000000000000e+01 2.006328810377506892e-04
3.200000000000000000e+01 1.303232017906287273e-04
3.300000000000000000e+01 8.331943872915128168e-05
3.400000000000000000e+01 5.220643517350073796e-05
3.500000000000000000e+01 3.315252603231832790e-05
3.600000000000000000e+01 2.132062383657538029e-05
3.700000000000000000e+01 1.387637752269124688e-05
3.800000000000000000e+01 8.863523563059029682e-06
3.900000000000000000e+01 5.532108311530606973e-06
4.000000000000000000e+01 3.493846139001263017e-06
4.100000000000000000e+01 2.231489005338466289e-06
4.200000000000000000e+01 1.402868538383004322e-06
4.300000000000000000e+01 8.645597373462402875e-07
4.400000000000000000e+01 5.387164510114020026e-07
4.500000000000000000e+01 3.392339424402019707e-07
4.600000000000000000e+01 2.157807942034360973e-07
4.700000000000000000e+01 1.348632107580111630e-07
4.800000000000000000e+01 8.247059315729379702e-08
4.900000000000000000e+01 5.094148294536373896e-08
5.000000000000000000e+01 3.177135711794291739e-08
5.100000000000000000e+01 1.999985639687453542e-08
5.200000000000000000e+01 1.270251350822830644e-08
5.300000000000000000e+01 7.915795866208585723e-09
5.400000000000000000e+01 4.819039226263112756e-09
5.500000000000000000e+01 2.960406630350635034e-09
5.600000000000000000e+01 1.834538384994700147e-09
5.700000000000000000e+01 1.146446201885347828e-09
5.800000000000000000e+01 7.222803760743177027e-10
5.900000000000000000e+01 4.586310578644576425e-10
6.000000000000000000e+01 2.859186022622985980e-10
6.100000000000000000e+01 1.742866641229473828e-10
6.200000000000000000e+01 1.070922732548520612e-10
6.300000000000000000e+01 6.631532433052098940e-11
6.400000000000000000e+01 4.137387292916997313e-11
6.500000000000000000e+01 2.600127114614934762e-11
6.600000000000000000e+01 1.645596262264433380e-11
6.700000000000000000e+01 1.031337804902656140e-11
6.800000000000000000e+01 6.383664921657960810e-12
6.900000000000000000e+01 3.978892224887746476e-12
7.000000000000000000e+01 2.496839885659650796e-12
7.100000000000000000e+01 1.577149189776434907e-12
7.200000000000000000e+01 1.002603067055333252e-12
7.300000000000000000e+01 6.413326051800320272e-13
7.400000000000000000e+01 4.127267473086605832e-13
7.500000000000000000e+01 2.624214078741613179e-13
7.600000000000000000e+01 1.643979634608818291e-13
7.700000000000000000e+01 1.036177332427678690e-13
7.800000000000000000e+01 6.569682994998098358e-14
7.900000000000000000e+01 4.189499902555390061e-14
8.000000000000000000e+01 2.686733686747119734e-14
8.100000000000000000e+01 1.732492141918472452e-14
8.200000000000000000e+01 1.123165901748502559e-14
8.300000000000000000e+01 7.319584125590178947e-15
8.400000000000000000e+01 4.681255201988088774e-15
8.500000000000000000e+01 2.927633271829386197e-15
8.600000000000000000e+01 1.840956659675416920e-15
8.700000000000000000e+01 1.163826848305122677e-15
8.800000000000000000e+01 7.396024567127590000e-16
8.900000000000000000e+01 4.724137335486630120e-16
9.000000000000000000e+01 3.032575430213176150e-16
9.100000000000000000e+01 1.956221359536003765e-16
9.200000000000000000e+01 1.267930891999780404e-16
9.300000000000000000e+01 8.256572065528196412e-17
9.400000000000000000e+01 5.278000525359779322e-17
9.500000000000000000e+01 3.300607199359523230e-17
9.600000000000000000e+01 2.074167125695060426e-17
9.700000000000000000e+01 1.309710358970991700e-17
9.800000000000000000e+01 8.308944475885879122e-18
9.900000000000000000e+01 5.295589192738222401e-18
1.000000000000000000e+02 3.390318897388272130e-18
1.010000000000000000e+02 2.180147279022061454e-18
1.020000000000000000e+02 1.408031807702801935e-18
1.030000000000000000e+02 9.132377949956695630e-19
1.040000000000000000e+02 5.947912235967816308e-19
