1.221799999999999287e+01 6.706200394545453136e+00
1.321799999999999287e+01 6.586804907172668422e+00
1.421799999999999287e+01 6.223406951820768640e+00
1.521799999999999287e+01 5.670775957561537517e+00
1.621799999999999287e+01 5.036574037075156163e+00
1.721799999999999287e+01 4.362338304100977560e+00
1.821799999999999287e+01 3.728789363416681546e+00
1.921799999999999287e+01 3.143901166215389953e+00
2.021799999999999287e+01 2.635986382031454411e+00
2.121799999999999287e+01 2.196144691407411642e+00
2.221799999999999287e+01 1.844821554661137064e+00
2.321799999999999287e+01 1.546267407666194416e+00
2.421799999999999287e+01 1.292290037436397698e+00
2.521799999999999287e+01 1.087753969976682500e+00
2.621799999999999287e+01 9.086950646817706367e-01
2.721799999999999287e+01 7.528978976347556751e-01
2.821799999999999287e+01 6.279904985083974989e-01
2.921799999999999287e+01 5.164209934752952424e-01
3.021799999999999287e+01 4.183180585698862419e-01
3.121799999999999287e+01 3.411493224650317124e-01
3.221799999999998931e+01 2.731422685267939077e-01
3.321799999999998931e+01 2.144283537339848056e-01
3.421799999999998931e+01 1.695319824976108392e-01
3.521799999999998931e+01 1.349342333923683468e-01
3.621799999999998931e+01 1.080769827833895080e-01
3.721799999999998931e+01 8.564892351809075266e-02
3.821799999999998931e+01 6.708502639197347350e-02
3.921799999999998931e+01 5.287348544361887559e-02
4.021799999999998931e+01 4.192026354237012031e-02
4.121799999999998931e+01 3.300390148911126753e-02
4.221799999999998931e+01 2.577898971064395209e-02
4.321799999999998931e+01 2.025125930629858781e-02
4.421799999999998931e+01 1.599598920557415704e-02
4.521799999999998931e+01 1.270100183657565940e-02
4.621799999999998931e+01 9.947134550457687949e-03
4.721799999999998931e+01 7.674338181492738539e-03
4.821799999999998931e+01 5.952819201000908444e-03
4.921799999999998931e+01 4.641390283617389569e-03
5.021799999999998931e+01 3.636868832095386649e-03
5.121799999999998931e+01 2.863367602775094070e-03
5.221799999999998931e+01 2.219084075467606630e-03
5.321799999999998931e+01 1.690371920580663540e-03
5.421799999999998931e+01 1.294114686785270652e-03
5.521799999999998931e+01 9.955569424788654389e-04
5.621799999999998931e+01 7.694623566626150775e-04
5.721799999999998931e+01 5.974005391015243735e-04
5.821799999999998931e+01 4.658364734194838080e-04
5.921799999999998931e+01 3.580066505525031036e-04
6.021799999999998931e+01 2.707781008072120263e-04
6.121799999999998931e+01 2.057399954431888189e-04
6.221799999999998931e+01 1.570156150501182441e-04
6.321799999999998931e+01 1.203441859799324483e-04
6.421799999999998931e+01 9.262060122725978163e-05
6.521799999999998931e+01 7.157066019476896455e-05
6.621799999999998931e+01 5.451608383485780226e-05
6.721799999999998931e+01 4.087256969252811442e-05
6.821799999999998931e+01 3.077332086846626928e-05
6.921799999999998931e+01 2.326477371993538999e-05
7.021799999999998931e+01 1.765852940439058123e-05
7.121799999999998931e+01 1.345528173722284662e-05
7.221799999999998931e+01 1.029122270630251509e-05
7.321799999999998931e+01 7.900095552218061782e-06
7.421799999999998931e+01 5.986003867151945533e-06
7.521799999999998931e+01 4.470647937258661582e-06
7.621799999999998931e+01 3.351724436383950873e-06
7.721799999999998931e+01 2.522245446558494636e-06
7.821799999999998931e+01 1.904961044760447659e-06
7.921799999999998931e+01 1.443858526377802066e-06
8.021799999999998931e+01 1.098157289689668302e-06
8.121799999999998931e+01 8.380478474705054034e-07
8.221799999999998931e+01 6.416553016847519074e-07
8.321799999999998931e+01 4.856935640609368353e-07
8.421799999999998931e+01 3.629945728983225506e-07
8.521799999999998931e+01 2.722217405462145931e-07
8.621799999999998931e+01 2.048310994598454038e-07
8.721799999999998931e+01 1.546272785175085448e-07
8.821799999999998931e+01 1.171011875551394124e-07
8.921799999999998931e+01 8.895910084503285248e-08
9.021799999999998931e+01 6.778651852731131724e-08
9.121799999999998931e+01 5.180731491457170441e-08
9.221799999999998931e+01 3.971051736441656846e-08
9.321799999999998931e+01 3.006152219485223470e-08
9.421799999999998931e+01 2.244551737169487500e-08
9.521799999999998931e+01 1.681053493635884270e-08
9.621799999999998931e+01 1.262812789509206617e-08
9.721799999999998931e+01 9.514260889626139816e-09
9.821799999999998931e+01 7.188921304834215995e-09
9.921799999999998931e+01 5.447280309345401282e-09
1.002179999999999893e+02 4.139029562871516996e-09
1.012179999999999893e+02 3.153525582849330041e-09
1.022179999999999893e+02 2.409073938195741664e-09
1.032179999999999893e+02 1.845174428118910466e-09
