4.999999999999999237e-03 1.873689004395062030e+00
9.999999999999998473e-03 2.129631131731934413e-01
1.499999999999999771e-02 3.257413514675214228e-02
1.999999999999999695e-02 6.291098983068186927e-03
2.499999999999999445e-02 1.438881608228194083e-03
2.999999999999999195e-02 3.541419638104548228e-04
3.499999999999999639e-02 9.115088618076694457e-05
3.999999999999999389e-02 2.472097095808657697e-05
4.499999999999999140e-02 6.968893570491595544e-06
4.999999999999998890e-02 2.011186731691472539e-06
5.499999999999998640e-02 5.860527717569405940e-07
5.999999999999999084e-02 1.655826262631837521e-07
6.499999999999998834e-02 4.692085012237303918e-08
6.999999999999999278e-02 1.199546372631185241e-08
7.499999999999999722e-02 2.767932408514308510e-09
7.999999999999998779e-02 5.729385954770989955e-10
8.499999999999999223e-02 6.916550131726853551e-11
8.999999999999999667e-02 2.398408785137478247e-12
