1.900000000000000000e+01 5.999311589194771699e+00
2.000000000000000000e+01 5.415710504542089687e+00
2.100000000000000000e+01 4.823068114169425158e+00
2.200000000000000000e+01 4.237236617610052214e+00
2.300000000000000000e+01 3.743614407698259594e+00
2.400000000000000000e+01 3.295628130085875185e+00
2.500000000000000000e+01 2.889900521450432969e+00
2.600000000000000000e+01 2.546976506668160667e+00
2.700000000000000000e+01 2.234134611325015562e+00
2.800000000000000000e+01 1.949861436396846948e+00
2.900000000000000000e+01 1.709773876350300092e+00
3.000000000000000000e+01 1.480527578550328904e+00
3.100000000000000000e+01 1.265524239515753102e+00
3.200000000000000000e+01 1.087067259538153641e+00
3.300000000000000000e+01 9.159655921928187006e-01
3.400000000000000000e+01 7.565196245117122853e-01
3.500000000000000000e+01 6.282567084329063745e-01
3.600000000000000000e+01 5.244423465242119553e-01
3.700000000000000000e+01 4.399269590193634061e-01
3.800000000000000000e+01 3.648870440989371300e-01
3.900000000000000000e+01 2.990348360846000197e-01
4.000000000000000000e+01 2.462908435850479083e-01
4.100000000000000000e+01 2.038131554766141884e-01
4.200000000000000000e+01 1.678378279278894825e-01
4.300000000000000000e+01 1.374627179182076886e-01
4.400000000000000000e+01 1.130973383463490245e-01
4.500000000000000000e+01 9.345540959481286880e-02
4.600000000000000000e+01 7.754594013443601164e-02
4.700000000000000000e+01 6.356586806450467697e-02
4.800000000000000000e+01 5.143315916615573413e-02
4.900000000000000000e+01 4.179662149570003565e-02
5.000000000000000000e+01 3.410693326585707147e-02
5.100000000000000000e+01 2.794324701216405193e-02
5.200000000000000000e+01 2.298143030802603584e-02
5.300000000000000000e+01 1.861581204463119699e-02
5.400000000000000000e+01 1.483678421434048850e-02
5.500000000000000000e+01 1.187382571289413366e-02
5.600000000000000000e+01 9.540486935183284042e-03
5.700000000000000000e+01 7.695177827303830570e-03
5.800000000000000000e+01 6.229847847196265560e-03
5.900000000000000000e+01 5.061651316177102206e-03
6.000000000000000000e+01 4.065305297587229992e-03
6.100000000000000000e+01 3.224636147518950523e-03
6.200000000000000000e+01 2.567392062937060449e-03
6.300000000000000000e+01 2.051521101411039449e-03
6.400000000000000000e+01 1.645064446518581993e-03
6.500000000000000000e+01 1.323628370997867280e-03
6.600000000000000000e+01 1.068515103428709307e-03
6.700000000000000000e+01 8.521514922788217582e-04
6.800000000000000000e+01 6.707231694052240289e-04
6.900000000000000000e+01 5.297581428538108853e-04
7.000000000000000000e+01 4.198331075752323492e-04
7.100000000000000000e+01 3.338098437647049306e-04
7.200000000000000000e+01 2.662596974478992655e-04
7.300000000000000000e+01 2.130382673658572394e-04
7.400000000000000000e+01 1.709697571517623848e-04
7.500000000000000000e+01 1.354529625931496020e-04
7.600000000000000000e+01 1.058276016188642796e-04
7.700000000000000000e+01 8.294730643304601533e-05
7.800000000000000000e+01 6.521729233657234438e-05
7.900000000000000000e+01 5.143349020468482806e-05
8.000000000000000000e+01 4.068355426857949602e-05
8.100000000000000000e+01 3.227376035203318783e-05
8.200000000000000000e+01 2.567481607683164203e-05
8.300000000000000000e+01 2.048154012627774844e-05
8.400000000000000000e+01 1.615699334379281664e-05
8.500000000000000000e+01 1.259137948669552477e-05
8.600000000000000000e+01 9.841150985333015530e-06
8.700000000000000000e+01 7.713461348945774865e-06
8.800000000000000000e+01 6.062553119983316385e-06
8.900000000000000000e+01 4.777905905191383873e-06
9.000000000000000000e+01 3.775454731565064048e-06
9.100000000000000000e+01 2.991061181390650053e-06
9.200000000000000000e+01 2.375643235867590852e-06
9.300000000000000000e+01 1.891530594870990674e-06
9.400000000000000000e+01 1.491012514006862736e-06
9.500000000000000000e+01 1.162498588675067736e-06
9.600000000000000000e+01 9.087198809248458292e-07
9.700000000000000000e+01 7.121489408832828875e-07
9.800000000000000000e+01 5.594899812540406125e-07
9.900000000000000000e+01 4.406285439104482967e-07
1.000000000000000000e+02 3.478488582544145724e-07
1.010000000000000000e+02 2.752489166887656003e-07
1.020000000000000000e+02 2.183020332209484439e-07
1.030000000000000000e+02 1.735272545264234437e-07
1.040000000000000000e+02 1.382408988928337400e-07
