9.999999999999999547e-07 5.409787323302453151e+05
1.052000000000000050e-06 5.303460368464182829e+05
1.106999999999999947e-06 5.152415123385217739e+05
1.163999999999999994e-06 5.024328123070411384e+05
1.224999999999999918e-06 4.851328696618535323e+05
1.289000000000000068e-06 4.723258851971825352e+05
1.356000000000000019e-06 4.529649700311572524e+05
1.427000000000000059e-06 4.391799998039405327e+05
1.500999999999999901e-06 4.169710656089535914e+05
1.579000000000000044e-06 4.050539380634427653e+05
1.661000000000000064e-06 3.819947082808583509e+05
1.748000000000000035e-06 3.686028284765778808e+05
1.839000000000000096e-06 3.485202496433749329e+05
1.935000000000000108e-06 3.323461005881159217e+05
2.034999999999999998e-06 3.143350519960069214e+05
2.140999999999999915e-06 2.974438402393984143e+05
2.252999999999999859e-06 2.816974827720333124e+05
2.370000000000000179e-06 2.654579318822626374e+05
2.493000000000000102e-06 2.516857365693227039e+05
2.623000000000000128e-06 2.366377223417705100e+05
2.759999999999999833e-06 2.240328994190216763e+05
2.904000000000000063e-06 2.104947854647438508e+05
3.054999999999999973e-06 2.003153819005866535e+05
3.214000000000000060e-06 1.881648103772372124e+05
3.380999999999999901e-06 1.791143138678628020e+05
3.556999999999999995e-06 1.695850449245903874e+05
3.741999999999999917e-06 1.618129635348500451e+05
3.936999999999999745e-06 1.540268206555884681e+05
4.142000000000000323e-06 1.477242078046984097e+05
4.357999999999999610e-06 1.422582097783366626e+05
4.585000000000000147e-06 1.365916057266235584e+05
4.823999999999999892e-06 1.331974671504792350e+05
5.074999999999999691e-06 1.286234013776664506e+05
5.339000000000000043e-06 1.261358985592278477e+05
5.616999999999999753e-06 1.231339682739753916e+05
5.908999999999999668e-06 1.214872929794487864e+05
6.216999999999999938e-06 1.198861059641937172e+05
6.540999999999999716e-06 1.187464465229461493e+05
6.880999999999999848e-06 1.178335073574179551e+05
7.240000000000000138e-06 1.174693399943398108e+05
7.617000000000000086e-06 1.172261679484266206e+05
8.012999999999999344e-06 1.174828296779154916e+05
8.430000000000000603e-06 1.175739015770478727e+05
8.868999999999999280e-06 1.181262137082042464e+05
9.330999999999999261e-06 1.188382414770000469e+05
9.816999999999999351e-06 1.194049365955255780e+05
1.032999999999999935e-05 1.205430618911792844e+05
1.086999999999999926e-05 1.210688863482224115e+05
1.143000000000000068e-05 1.226368160070927988e+05
1.203000000000000002e-05 1.231636639124747599e+05
1.264999999999999916e-05 1.246920457916374435e+05
1.330999999999999962e-05 1.255264540909684292e+05
1.400999999999999969e-05 1.268175660662215087e+05
1.472999999999999958e-05 1.275496769246648037e+05
1.550000000000000068e-05 1.288954976490420231e+05
1.631000000000000139e-05 1.297208067930366960e+05
1.715999999999999833e-05 1.308985631821450952e+05
1.805000000000000167e-05 1.316924548741085455e+05
1.898999999999999945e-05 1.326039758465139894e+05
1.997999999999999844e-05 1.333716406296152854e+05
2.101999999999999865e-05 1.339148097412146162e+05
2.212000000000000167e-05 1.345513512089034484e+05
2.326999999999999913e-05 1.350262674102880119e+05
2.447999999999999940e-05 1.353077276594456343e+05
2.574999999999999910e-05 1.357645833907728957e+05
2.708999999999999982e-05 1.358436147888436390e+05
2.850000000000000157e-05 1.360669744612718350e+05
2.998999999999999916e-05 1.357176550283393881e+05
3.155000000000000117e-05 1.357127716891131713e+05
3.318999999999999902e-05 1.353450760054469865e+05
3.491999999999999770e-05 1.348036185616957955e+05
3.673999999999999722e-05 1.344844778323286446e+05
3.864999999999999756e-05 1.337571995160676306e+05
4.066000000000000034e-05 1.331172736404445895e+05
4.278000000000000037e-05 1.322391388367495674e+05
4.500999999999999766e-05 1.312606762668032898e+05
4.734999999999999897e-05 1.302561649977980705e+05
4.982000000000000073e-05 1.290824207627383003e+05
5.241000000000000134e-05 1.277754270736442995e+05
5.513999999999999723e-05 1.265138746085933817e+05
5.801000000000000194e-05 1.249670743345167139e+05
6.102999999999999674e-05 1.234687225172504259e+05
6.420999999999999679e-05 1.215923672557124664e+05
6.755999999999999690e-05 1.200235028564583627e+05
7.106999999999999548e-05 1.179880639679286833e+05
7.477000000000000410e-05 1.160673334411764517e+05
7.867000000000000403e-05 1.139844086095230596e+05
8.276000000000000045e-05 1.118007885603945469e+05
8.707000000000000492e-05 1.096823992440362781e+05
9.160999999999999872e-05 1.074405884792004363e+05
9.637999999999999541e-05 1.052181054900924937e+05
1.013999999999999982e-04 1.028498224911655707e+05
1.067000000000000050e-04 1.004768031466401881e+05
1.122000000000000032e-04 9.812046937658672687e+04
1.180999999999999975e-04 9.577501325887252460e+04
1.242000000000000103e-04 9.316679646096890792e+04
1.307000000000000056e-04 9.089619911975227296e+04
1.375000000000000083e-04 8.825816974324369221e+04
1.446999999999999936e-04 8.590528659454172885e+04
1.522000000000000132e-04 8.319912092468402989e+04
1.600999999999999884e-04 8.078665728671487886e+04
1.684000000000000004e-04 7.811414415961445775e+04
1.771999999999999975e-04 7.563426558743955684e+04
1.864000000000000043e-04 7.300740825672486972e+04
1.960999999999999961e-04 7.047815785223973216e+04
2.064000000000000025e-04 6.791227130484543159e+04
2.170999999999999916e-04 6.545112243955123267e+04
2.283999999999999952e-04 6.306254467316742375e+04
2.403000000000000134e-04 6.067244052087223099e+04
2.528000000000000191e-04 5.843916115832953801e+04
2.660000000000000146e-04 5.615670380996177119e+04
2.798000000000000248e-04 5.409760596339263429e+04
2.944000000000000002e-04 5.197098291255338700e+04
3.096999999999999927e-04 4.997863342296729388e+04
3.259000000000000070e-04 4.802014395684582996e+04
3.427999999999999841e-04 4.614024765536086488e+04
3.606999999999999855e-04 4.430208187101151998e+04
3.795000000000000088e-04 4.252855999170328141e+04
3.991999999999999997e-04 4.079272385891747399e+04
4.200000000000000174e-04 3.907133344417974877e+04
4.419000000000000076e-04 3.741861837820876099e+04
4.649000000000000246e-04 3.581352515105661587e+04
4.891000000000000165e-04 3.424887282890168717e+04
5.144999999999999834e-04 3.280536130462133588e+04
5.412999999999999843e-04 3.145984689413477463e+04
5.695000000000000192e-04 3.022760644381739985e+04
5.992000000000000364e-04 2.910839674096613453e+04
6.304000000000000358e-04 2.812341328841110590e+04
6.631999999999999658e-04 2.721158636780010784e+04
6.976999999999999912e-04 2.644236027034075232e+04
7.341000000000000086e-04 2.570028037728943309e+04
7.722999999999999613e-04 2.510173619210951074e+04
8.124999999999999627e-04 2.451949001406419484e+04
8.547999999999999609e-04 2.405564958789240700e+04
8.993000000000000126e-04 2.357244060863760751e+04
9.460999999999999575e-04 2.319470658289079802e+04
9.954000000000000174e-04 2.274823562876698634e+04
1.046999999999999971e-03 2.237383886246194015e+04
1.101999999999999898e-03 2.194490678878709514e+04
1.159000000000000091e-03 2.154388077867796164e+04
1.219000000000000031e-03 2.119659345243699499e+04
1.283000000000000069e-03 2.087330259310494876e+04
1.350000000000000071e-03 2.069919385228160900e+04
1.420000000000000038e-03 2.058052769461257049e+04
1.494000000000000102e-03 2.061667915208932027e+04
1.572000000000000047e-03 2.071010985321521002e+04
1.654000000000000088e-03 2.093174254944732093e+04
1.740000000000000010e-03 2.119359954965770157e+04
1.830000000000000029e-03 2.152294426775703323e+04
1.925999999999999978e-03 2.191205501008380452e+04
2.026000000000000023e-03 2.231436702646244885e+04
2.131000000000000082e-03 2.276132309359439023e+04
2.242000000000000069e-03 2.318127763692944791e+04
2.358999999999999986e-03 2.359071500701322657e+04
2.481999999999999831e-03 2.393081496001287815e+04
2.611000000000000040e-03 2.419858186280543305e+04
2.746999999999999876e-03 2.439879798753276555e+04
2.890000000000000208e-03 2.449235947774704982e+04
3.040999999999999866e-03 2.461531108644240157e+04
3.199000000000000021e-03 2.470773887683376961e+04
3.366000000000000068e-03 2.490844792992478324e+04
3.540999999999999877e-03 2.521102237948895345e+04
3.725000000000000012e-03 2.559292462675302158e+04
3.918999999999999741e-03 2.613648033684829352e+04
4.122999999999999929e-03 2.669338410327100428e+04
4.337999999999999842e-03 2.740637789674848318e+04
4.564000000000000348e-03 2.806988166641636781e+04
4.800999999999999712e-03 2.883806193210595666e+04
5.050999999999999934e-03 2.958804094723481103e+04
5.314000000000000147e-03 3.034431354761325929e+04
5.590999999999999616e-03 3.113289787330946638e+04
5.882000000000000076e-03 3.177317927949284058e+04
6.187999999999999924e-03 3.242114074322008673e+04
6.511000000000000294e-03 3.280731258304681251e+04
6.850000000000000186e-03 3.315793144582238165e+04
7.205999999999999732e-03 3.322256050281044736e+04
7.582000000000000198e-03 3.321275192256033915e+04
7.976000000000000451e-03 3.315279651808337076e+04
8.392000000000000154e-03 3.301726198874285910e+04
8.829000000000000042e-03 3.310127768649729114e+04
9.287999999999999381e-03 3.314289209003584983e+04
9.771999999999999437e-03 3.340670275078559644e+04
1.027999999999999921e-02 3.355385898965038359e+04
1.081999999999999976e-02 3.371891685575765587e+04
1.137999999999999949e-02 3.356782474925423594e+04
1.196999999999999974e-02 3.301217700745882030e+04
1.260000000000000009e-02 3.203608902854379630e+04
1.324999999999999963e-02 3.024015753514866446e+04
1.393999999999999927e-02 2.817552111830998911e+04
1.467000000000000075e-02 2.510460915856531210e+04
1.542999999999999927e-02 2.203211493708143826e+04
1.623000000000000137e-02 1.860564972764679260e+04
1.708000000000000143e-02 1.513105079855370423e+04
1.796999999999999986e-02 1.221032739981044324e+04
1.890000000000000013e-02 9.330525785839317905e+03
1.989000000000000143e-02 7.203894376944459509e+03
2.092000000000000109e-02 5.286240293264677348e+03
2.200999999999999832e-02 3.933514671969077426e+03
2.316000000000000003e-02 2.866768284123535977e+03
2.436999999999999930e-02 2.084117148098593589e+03
2.563000000000000000e-02 1.559852587921731356e+03
2.697000000000000092e-02 1.121551682204850977e+03
2.836999999999999938e-02 8.294018327047251660e+02
2.985000000000000153e-02 5.685284084316031112e+02
3.139999999999999736e-02 3.943681165300958469e+02
3.303999999999999992e-02 2.324393814411052972e+02
3.475999999999999923e-02 1.548700953407363272e+02
3.656999999999999834e-02 7.574640643182507915e+01
3.846999999999999725e-02 5.138444250500313615e+01
4.048000000000000209e-02 2.626541934952337698e+01
4.259000000000000286e-02 1.629004803183719829e+01
4.479999999999999954e-02 8.432628050314537660e+00
4.714000000000000135e-02 4.621740273863036208e+00
4.959000000000000213e-02 2.239554131641155799e+00
5.217000000000000109e-02 9.915168928035928975e-01
5.489000000000000129e-02 4.900973124959462912e-01
5.775000000000000272e-02 1.813546150141379376e-01
6.074999999999999845e-02 9.249871886376059837e-02
6.392000000000000459e-02 2.811991871075544477e-02
6.723999999999999422e-02 1.447993797002925312e-02
7.074999999999999345e-02 3.086308075416680993e-03
7.442999999999999616e-02 1.653999058481436671e-03
7.829999999999999460e-02 2.822795456006217825e-04
8.237999999999999490e-02 1.560136337596336790e-04
8.666999999999999704e-02 2.425182001559295347e-05
9.117999999999999716e-02 1.043317525817254415e-05
9.593000000000000138e-02 2.243316103864498183e-06
1.009000000000000036e-01 4.746334326525472652e-07
1.062000000000000027e-01 1.307349524587352800e-07
1.116999999999999937e-01 1.604485986465869088e-08
1.174999999999999933e-01 5.361089675162405376e-09
1.236000000000000015e-01 3.200240537924727641e-10
1.300999999999999934e-01 1.218281574969509027e-10
1.368999999999999939e-01 4.578855928475294946e-12
1.439999999999999891e-01 1.957303205962095692e-12
1.514999999999999958e-01 2.930306340590735284e-14
1.593999999999999861e-01 1.370225187642216495e-14
1.676999999999999880e-01 1.526535549178484211e-16
1.764000000000000012e-01 7.713379846655134553e-17
1.855999999999999872e-01 2.931783724225647609e-19
1.952000000000000124e-01 1.581439304116947904e-19
2.053999999999999992e-01 1.469202125131787592e-20
2.160999999999999865e-01 2.236951728850608944e-22
2.273999999999999910e-01 4.198684518361142849e-23
2.391999999999999960e-01 1.217551222381909196e-25
2.516999999999999793e-01 3.265444843103777011e-26
2.647999999999999798e-01 2.985975860730949311e-29
2.785000000000000253e-01 1.015048244457455435e-29
2.929999999999999827e-01 3.122244564712456878e-33
3.083000000000000185e-01 1.224803911117991831e-33
3.244000000000000217e-01 9.256011591259343887e-38
3.412000000000000033e-01 4.094114785213148759e-38
3.589999999999999858e-01 8.389030059212998154e-43
3.776999999999999802e-01 4.034610846059784882e-43
3.973999999999999755e-01 2.106321810043878966e-48
4.181000000000000272e-01 1.086546474725327186e-48
4.398000000000000242e-01 1.751065310852120310e-50
4.627000000000000002e-01 6.788376670754262349e-55
4.868000000000000105e-01 8.907741058038580949e-56
5.121999999999999886e-01 8.558278093030339953e-62
5.387999999999999456e-01 1.915306317405164369e-62
5.668999999999999595e-01 1.617091524326209745e-69
5.964000000000000412e-01 4.812649717663928883e-70
6.274999999999999467e-01 3.367575694847242728e-78
6.601000000000000201e-01 1.213360840935901396e-78
6.945000000000000062e-01 8.724651937151910122e-88
7.307000000000000162e-01 3.586767402163991286e-88
7.687000000000000499e-01 1.738627712193130774e-98
8.087999999999999634e-01 7.918185099310382144e-99
8.508999999999999897e-01 1.901910136962498236e-110
8.951999999999999957e-01 9.408300483792265334e-111
9.417999999999999705e-01 7.988341303685916874e-124
9.908000000000000140e-01 4.224284200421939974e-124
1.042000000000000037e+00 2.912297276101748320e-125
1.096999999999999975e+00 6.673826119908294881e-139
1.153999999999999915e+00 1.101338577108938532e-139
1.213999999999999968e+00 1.765935310787673695e-155
1.276999999999999913e+00 4.475828043027505265e-156
1.344000000000000083e+00 6.798262017848503106e-174
1.413999999999999924e+00 2.165502154375845760e-174
1.487000000000000099e+00 1.881630141077676898e-194
1.564999999999999947e+00 7.074752951403662396e-195
1.645999999999999908e+00 2.451327278060557528e-217
1.731999999999999984e+00 1.047370422624326038e-217
1.822000000000000064e+00 6.348447515328000859e-243
1.917000000000000037e+00 2.985844463541035214e-243
2.016999999999999904e+00 2.369500340455003081e-271
2.121999999999999886e+00 1.201414515442748852e-271
2.232000000000000206e+00 4.476558961638420162e-303
2.347999999999999865e+00 2.422090533623955760e-303
2.470000000000000195e+00 2.613585218547542374e-304
2.599000000000000199e+00 0.000000000000000000e+00
2.733999999999999986e+00 0.000000000000000000e+00
2.876999999999999780e+00 0.000000000000000000e+00
3.027000000000000135e+00 0.000000000000000000e+00
3.184000000000000163e+00 0.000000000000000000e+00
3.350000000000000089e+00 0.000000000000000000e+00
3.524000000000000021e+00 0.000000000000000000e+00
3.708000000000000185e+00 0.000000000000000000e+00
3.900999999999999801e+00 0.000000000000000000e+00
4.104000000000000092e+00 0.000000000000000000e+00
4.317999999999999616e+00 0.000000000000000000e+00
4.543000000000000149e+00 0.000000000000000000e+00
4.778999999999999915e+00 0.000000000000000000e+00
5.027999999999999581e+00 0.000000000000000000e+00
5.290000000000000036e+00 0.000000000000000000e+00
5.565000000000000391e+00 0.000000000000000000e+00
5.855000000000000426e+00 0.000000000000000000e+00
6.160000000000000142e+00 0.000000000000000000e+00
6.480999999999999872e+00 0.000000000000000000e+00
6.817999999999999616e+00 0.000000000000000000e+00
7.173000000000000043e+00 0.000000000000000000e+00
7.546999999999999709e+00 0.000000000000000000e+00
7.940000000000000391e+00 0.000000000000000000e+00
8.352999999999999758e+00 0.000000000000000000e+00
8.788000000000000256e+00 0.000000000000000000e+00
9.246000000000000441e+00 0.000000000000000000e+00
9.727000000000000313e+00 0.000000000000000000e+00
1.023000000000000043e+01 0.000000000000000000e+00
1.076999999999999957e+01 0.000000000000000000e+00
1.133000000000000007e+01 0.000000000000000000e+00
1.191999999999999993e+01 0.000000000000000000e+00
1.253999999999999915e+01 0.000000000000000000e+00
1.318999999999999950e+01 0.000000000000000000e+00
1.388000000000000078e+01 0.000000000000000000e+00
1.459999999999999964e+01 0.000000000000000000e+00
1.535999999999999943e+01 0.000000000000000000e+00
1.616000000000000014e+01 0.000000000000000000e+00
1.700000000000000000e+01 0.000000000000000000e+00
1.789000000000000057e+01 0.000000000000000000e+00
1.882000000000000028e+01 0.000000000000000000e+00
1.980000000000000071e+01 0.000000000000000000e+00
2.082999999999999829e+01 0.000000000000000000e+00
2.191000000000000014e+01 0.000000000000000000e+00
2.305000000000000071e+01 0.000000000000000000e+00
2.425000000000000000e+01 0.000000000000000000e+00
2.551999999999999957e+01 0.000000000000000000e+00
2.683999999999999986e+01 0.000000000000000000e+00
2.823999999999999844e+01 0.000000000000000000e+00
2.971000000000000085e+01 0.000000000000000000e+00
3.126000000000000156e+01 0.000000000000000000e+00
3.289000000000000057e+01 0.000000000000000000e+00
3.460000000000000142e+01 0.000000000000000000e+00
3.639999999999999858e+01 0.000000000000000000e+00
3.829999999999999716e+01 0.000000000000000000e+00
4.028999999999999915e+01 0.000000000000000000e+00
4.239000000000000057e+01 0.000000000000000000e+00
4.460000000000000142e+01 0.000000000000000000e+00
4.692000000000000171e+01 0.000000000000000000e+00
4.935999999999999943e+01 0.000000000000000000e+00
5.192999999999999972e+01 0.000000000000000000e+00
5.464000000000000057e+01 0.000000000000000000e+00
5.747999999999999687e+01 0.000000000000000000e+00
6.046999999999999886e+01 0.000000000000000000e+00
6.361999999999999744e+01 0.000000000000000000e+00
6.693000000000000682e+01 0.000000000000000000e+00
7.042000000000000171e+01 0.000000000000000000e+00
7.409000000000000341e+01 0.000000000000000000e+00
7.793999999999999773e+01 0.000000000000000000e+00
8.200000000000000000e+01 0.000000000000000000e+00
8.626999999999999602e+01 0.000000000000000000e+00
9.076000000000000512e+01 0.000000000000000000e+00
9.548999999999999488e+01 0.000000000000000000e+00
1.005000000000000000e+02 0.000000000000000000e+00
1.057000000000000028e+02 0.000000000000000000e+00
1.112000000000000028e+02 0.000000000000000000e+00
1.170000000000000000e+02 0.000000000000000000e+00
1.230999999999999943e+02 0.000000000000000000e+00
1.295000000000000000e+02 0.000000000000000000e+00
1.361999999999999886e+02 0.000000000000000000e+00
1.433000000000000114e+02 0.000000000000000000e+00
1.508000000000000114e+02 0.000000000000000000e+00
1.585999999999999943e+02 0.000000000000000000e+00
1.669000000000000057e+02 0.000000000000000000e+00
1.755999999999999943e+02 0.000000000000000000e+00
1.846999999999999886e+02 0.000000000000000000e+00
1.943000000000000114e+02 0.000000000000000000e+00
2.045000000000000000e+02 0.000000000000000000e+00
2.150999999999999943e+02 0.000000000000000000e+00
2.263000000000000114e+02 0.000000000000000000e+00
2.380999999999999943e+02 0.000000000000000000e+00
2.505000000000000000e+02 0.000000000000000000e+00
2.635000000000000000e+02 0.000000000000000000e+00
2.773000000000000114e+02 0.000000000000000000e+00
2.916999999999999886e+02 0.000000000000000000e+00
3.068999999999999773e+02 0.000000000000000000e+00
3.228999999999999773e+02 0.000000000000000000e+00
3.396999999999999886e+02 0.000000000000000000e+00
3.573999999999999773e+02 0.000000000000000000e+00
3.760000000000000000e+02 0.000000000000000000e+00
3.955000000000000000e+02 0.000000000000000000e+00
4.161000000000000227e+02 0.000000000000000000e+00
4.378000000000000114e+02 0.000000000000000000e+00
4.606000000000000227e+02 0.000000000000000000e+00
4.846000000000000227e+02 0.000000000000000000e+00
5.098000000000000114e+02 0.000000000000000000e+00
5.363999999999999773e+02 0.000000000000000000e+00
5.642999999999999545e+02 0.000000000000000000e+00
5.937000000000000455e+02 0.000000000000000000e+00
6.246000000000000227e+02 0.000000000000000000e+00
6.571000000000000227e+02 0.000000000000000000e+00
6.912999999999999545e+02 0.000000000000000000e+00
7.272999999999999545e+02 0.000000000000000000e+00
7.652000000000000455e+02 0.000000000000000000e+00
8.050000000000000000e+02 0.000000000000000000e+00
8.468999999999999773e+02 0.000000000000000000e+00
8.910000000000000000e+02 0.000000000000000000e+00
9.373999999999999773e+02 0.000000000000000000e+00
9.862999999999999545e+02 0.000000000000000000e+00
1.038000000000000000e+03 0.000000000000000000e+00
1.092000000000000000e+03 0.000000000000000000e+00
1.148000000000000000e+03 0.000000000000000000e+00
1.208000000000000000e+03 0.000000000000000000e+00
1.271000000000000000e+03 0.000000000000000000e+00
1.337000000000000000e+03 0.000000000000000000e+00
1.407000000000000000e+03 0.000000000000000000e+00
1.480000000000000000e+03 0.000000000000000000e+00
1.557000000000000000e+03 0.000000000000000000e+00
1.638000000000000000e+03 0.000000000000000000e+00
1.724000000000000000e+03 0.000000000000000000e+00
1.814000000000000000e+03 0.000000000000000000e+00
1.908000000000000000e+03 0.000000000000000000e+00
2.007000000000000000e+03 0.000000000000000000e+00
2.112000000000000000e+03 0.000000000000000000e+00
2.222000000000000000e+03 0.000000000000000000e+00
2.337000000000000000e+03 0.000000000000000000e+00
2.459000000000000000e+03 0.000000000000000000e+00
2.587000000000000000e+03 0.000000000000000000e+00
2.722000000000000000e+03 0.000000000000000000e+00
2.864000000000000000e+03 0.000000000000000000e+00
3.013000000000000000e+03 0.000000000000000000e+00
3.170000000000000000e+03 0.000000000000000000e+00
3.335000000000000000e+03 0.000000000000000000e+00
3.508000000000000000e+03 0.000000000000000000e+00
3.691000000000000000e+03 0.000000000000000000e+00
3.883000000000000000e+03 0.000000000000000000e+00
4.085000000000000000e+03 0.000000000000000000e+00
4.298000000000000000e+03 0.000000000000000000e+00
4.522000000000000000e+03 0.000000000000000000e+00
4.757000000000000000e+03 0.000000000000000000e+00
5.005000000000000000e+03 0.000000000000000000e+00
5.266000000000000000e+03 0.000000000000000000e+00
5.540000000000000000e+03 0.000000000000000000e+00
5.828000000000000000e+03 0.000000000000000000e+00
6.132000000000000000e+03 0.000000000000000000e+00
6.451000000000000000e+03 0.000000000000000000e+00
6.787000000000000000e+03 0.000000000000000000e+00
7.140000000000000000e+03 0.000000000000000000e+00
7.512000000000000000e+03 0.000000000000000000e+00
7.903000000000000000e+03 0.000000000000000000e+00
8.315000000000000000e+03 0.000000000000000000e+00
8.748000000000000000e+03 0.000000000000000000e+00
9.203000000000000000e+03 0.000000000000000000e+00
9.682000000000000000e+03 0.000000000000000000e+00
1.019000000000000000e+04 0.000000000000000000e+00
1.072000000000000000e+04 0.000000000000000000e+00
1.127000000000000000e+04 0.000000000000000000e+00
1.186000000000000000e+04 0.000000000000000000e+00
1.248000000000000000e+04 0.000000000000000000e+00
1.313000000000000000e+04 0.000000000000000000e+00
1.381000000000000000e+04 0.000000000000000000e+00
1.453000000000000000e+04 0.000000000000000000e+00
1.529000000000000000e+04 0.000000000000000000e+00
1.608000000000000000e+04 0.000000000000000000e+00
1.692000000000000000e+04 0.000000000000000000e+00
1.780000000000000000e+04 0.000000000000000000e+00
1.873000000000000000e+04 0.000000000000000000e+00
1.971000000000000000e+04 0.000000000000000000e+00
2.073000000000000000e+04 0.000000000000000000e+00
2.181000000000000000e+04 0.000000000000000000e+00
2.295000000000000000e+04 0.000000000000000000e+00
2.414000000000000000e+04 0.000000000000000000e+00
2.540000000000000000e+04 0.000000000000000000e+00
2.672000000000000000e+04 0.000000000000000000e+00
2.811000000000000000e+04 0.000000000000000000e+00
2.958000000000000000e+04 0.000000000000000000e+00
3.112000000000000000e+04 0.000000000000000000e+00
3.274000000000000000e+04 0.000000000000000000e+00
3.444000000000000000e+04 0.000000000000000000e+00
3.623000000000000000e+04 0.000000000000000000e+00
3.812000000000000000e+04 0.000000000000000000e+00
4.011000000000000000e+04 0.000000000000000000e+00
4.219000000000000000e+04 0.000000000000000000e+00
4.439000000000000000e+04 0.000000000000000000e+00
4.670000000000000000e+04 0.000000000000000000e+00
4.913000000000000000e+04 0.000000000000000000e+00
5.169000000000000000e+04 0.000000000000000000e+00
5.438000000000000000e+04 0.000000000000000000e+00
5.722000000000000000e+04 0.000000000000000000e+00
6.019000000000000000e+04 0.000000000000000000e+00
6.333000000000000000e+04 0.000000000000000000e+00
6.663000000000000000e+04 0.000000000000000000e+00
7.010000000000000000e+04 0.000000000000000000e+00
7.375000000000000000e+04 0.000000000000000000e+00
7.759000000000000000e+04 0.000000000000000000e+00
8.163000000000000000e+04 0.000000000000000000e+00
8.588000000000000000e+04 0.000000000000000000e+00
9.035000000000000000e+04 0.000000000000000000e+00
9.505000000000000000e+04 0.000000000000000000e+00
1.000000000000000000e+05 0.000000000000000000e+00
