1.000000000000000021e-03 2.279628140178459716e+02
1.051999999999999984e-03 2.174284729181492253e+02
1.106999999999999911e-03 2.081671214704606427e+02
1.163999999999999887e-03 1.979889041654921584e+02
1.224999999999999960e-03 1.894058115138132621e+02
1.288999999999999998e-03 1.794171101021780146e+02
1.356000000000000000e-03 1.718641631573884183e+02
1.427000000000000100e-03 1.623817097415349053e+02
1.500999999999999947e-03 1.556839373347833089e+02
1.579000000000000108e-03 1.474021790427958081e+02
1.661000000000000150e-03 1.407412524431558154e+02
1.747999999999999988e-03 1.338690511211830199e+02
1.839000000000000140e-03 1.278137132380446133e+02
1.935000000000000088e-03 1.221441668651743839e+02
2.034999999999999917e-03 1.168975951408556284e+02
2.141000000000000108e-03 1.125266984049439714e+02
2.252999999999999794e-03 1.079121283853354782e+02
2.370000000000000145e-03 1.044684510130206831e+02
2.492999999999999990e-03 1.007270667897519445e+02
2.623000000000000331e-03 9.790048615226865536e+01
2.759999999999999867e-03 9.496493304547433922e+01
2.903999999999999897e-03 9.291516351153332209e+01
3.054999999999999990e-03 9.088557051407191523e+01
3.213999999999999843e-03 8.937848424827140548e+01
3.380999999999999891e-03 8.786889818325856538e+01
3.556999999999999832e-03 8.690812132026665893e+01
3.742000000000000100e-03 8.602662312141082168e+01
3.936999999999999528e-03 8.539067742518827231e+01
4.142000000000000716e-03 8.496546328051705643e+01
4.357999999999999895e-03 8.456245723934691227e+01
4.585000000000000533e-03 8.456100684355268982e+01
4.824000000000000163e-03 8.442326838497004360e+01
5.074999999999999650e-03 8.471718928151969408e+01
5.338999999999999996e-03 8.481844151279355515e+01
5.616999999999999597e-03 8.523836438564109130e+01
5.908999999999999322e-03 8.545007458045540716e+01
6.217000000000000304e-03 8.599536382647485766e+01
6.540999999999999939e-03 8.632310531261305186e+01
6.880999999999999964e-03 8.686083542974456861e+01
7.239999999999999908e-03 8.727147300224432058e+01
7.617000000000000506e-03 8.779624774596905468e+01
8.012999999999999290e-03 8.832155459432225086e+01
8.429999999999999993e-03 8.877857131615272124e+01
8.868999999999998413e-03 8.930805040915285531e+01
9.330999999999999017e-03 8.960135035869291187e+01
9.816999999999999338e-03 9.014145155744083127e+01
1.032999999999999891e-02 9.034217079510496262e+01
1.086999999999999945e-02 9.071148613379807557e+01
1.143000000000000092e-02 9.094161211611658757e+01
1.203000000000000076e-02 9.109356549205038789e+01
1.264999999999999979e-02 9.122326404035329972e+01
1.330999999999999892e-02 9.132161867672363087e+01
1.400999999999999988e-02 9.132088266110223174e+01
1.473000000000000004e-02 9.121260308800026451e+01
1.549999999999999989e-02 9.109607826505148864e+01
1.631000000000000158e-02 9.089236518346982052e+01
1.715999999999999817e-02 9.061036950182138128e+01
1.805000000000000007e-02 9.029580229562219529e+01
1.898999999999999994e-02 8.994512514068290443e+01
1.997999999999999776e-02 8.943458386166943797e+01
2.101999999999999702e-02 8.893826993051990826e+01
2.212000000000000077e-02 8.831638287000781418e+01
2.326999999999999902e-02 8.763082827891162196e+01
2.447999999999999829e-02 8.691302433940084882e+01
2.574999999999999858e-02 8.605897926965599254e+01
2.708999999999999950e-02 8.524716026839861627e+01
2.850000000000000103e-02 8.425504842861465704e+01
2.998999999999999930e-02 8.323919137005148627e+01
3.155000000000000165e-02 8.209412529595513774e+01
3.318999999999999728e-02 8.099356422689496071e+01
3.491999999999999965e-02 7.977931989953330572e+01
3.673999999999999488e-02 7.853810612364887334e+01
3.864999999999999686e-02 7.721696135763681923e+01
4.066000000000000170e-02 7.591781591271170271e+01
4.277999999999999858e-02 7.453990127845474944e+01
4.500999999999999446e-02 7.317630363071040733e+01
4.734999999999999626e-02 7.176037198754494284e+01
4.982000000000000317e-02 7.027991301469324981e+01
5.240999999999999825e-02 6.879468452797843270e+01
5.513999999999999457e-02 6.725183793163876089e+01
5.800999999999999907e-02 6.576850091961418343e+01
6.102999999999999398e-02 6.410709817268551092e+01
6.421000000000000318e-02 6.257607273450520324e+01
6.755999999999999506e-02 6.089916146153863963e+01
7.106999999999999429e-02 5.929245248414108715e+01
7.477000000000000313e-02 5.757440266856388433e+01
7.867000000000000381e-02 5.591867465364244083e+01
8.276000000000000023e-02 5.421729213464470831e+01
8.707000000000000850e-02 5.258287103911104765e+01
9.160999999999999699e-02 5.092896298335238470e+01
9.637999999999999345e-02 4.930792629389940629e+01
1.014000000000000040e-01 4.774444306113690573e+01
1.067000000000000032e-01 4.614571433116537236e+01
1.122000000000000081e-01 4.468359585608142481e+01
1.180999999999999966e-01 4.313053763144519337e+01
1.242000000000000048e-01 4.171583100170240499e+01
1.307000000000000106e-01 4.021604525733444291e+01
1.375000000000000111e-01 3.885370905411046749e+01
1.446999999999999953e-01 3.743321368443604769e+01
1.522000000000000020e-01 3.609228332047188559e+01
1.600999999999999923e-01 3.474002614653220178e+01
1.683999999999999941e-01 3.342071302940007627e+01
1.771999999999999964e-01 3.210572425830547161e+01
1.864000000000000101e-01 3.082242893600914613e+01
1.960999999999999965e-01 2.959557701880277847e+01
2.064000000000000001e-01 2.836571734915836629e+01
2.170999999999999874e-01 2.727135136538189641e+01
2.283999999999999919e-01 2.619599433048264103e+01
2.403000000000000136e-01 2.523101924643212612e+01
2.528000000000000247e-01 2.430842263945090309e+01
2.660000000000000142e-01 2.347480901156406929e+01
2.798000000000000487e-01 2.269667686341019675e+01
2.943999999999999950e-01 2.197252829893726300e+01
3.096999999999999753e-01 2.131675371188065427e+01
3.259000000000000230e-01 2.068608913712596475e+01
3.427999999999999936e-01 2.013280890162980086e+01
3.606999999999999651e-01 1.956876796435413368e+01
3.795000000000000040e-01 1.907453821580849507e+01
3.991999999999999993e-01 1.855240595355865807e+01
4.200000000000000400e-01 1.807522228115930929e+01
4.419000000000000150e-01 1.756962911138784378e+01
4.649000000000000354e-01 1.710699982123779250e+01
4.891000000000000347e-01 1.667078505419621948e+01
5.144999999999999574e-01 1.627175635696888989e+01
5.413000000000000034e-01 1.597403635608602457e+01
5.695000000000000062e-01 1.570928707831504489e+01
5.992000000000000659e-01 1.556545131171639795e+01
6.304000000000000714e-01 1.545210638401633929e+01
6.632000000000000117e-01 1.544239482125437846e+01
6.976999999999999869e-01 1.545254717608064787e+01
7.340999999999999748e-01 1.552994393762972436e+01
7.722999999999999865e-01 1.563392553907156568e+01
8.125000000000000000e-01 1.576882208674939889e+01
8.548000000000000043e-01 1.593329727233484761e+01
8.992999999999999883e-01 1.607716812016045793e+01
9.460999999999999410e-01 1.623828652276395346e+01
9.954000000000000625e-01 1.632868968123088749e+01
1.046999999999999931e+00 1.642099095315814949e+01
1.101999999999999869e+00 1.643149243934625758e+01
1.159000000000000030e+00 1.643170753658751337e+01
1.219000000000000083e+00 1.643391209007121034e+01
1.283000000000000140e+00 1.643596533489460398e+01
1.350000000000000089e+00 1.653534378083325862e+01
1.419999999999999929e+00 1.666204850022008799e+01
1.493999999999999995e+00 1.689630043094777889e+01
1.572000000000000064e+00 1.716863075379909986e+01
1.654000000000000137e+00 1.751378362256888721e+01
1.739999999999999991e+00 1.788559592114749108e+01
1.830000000000000071e+00 1.827130704262260252e+01
1.925999999999999934e+00 1.869692424267289965e+01
2.025999999999999801e+00 1.909085369699875656e+01
2.131000000000000227e+00 1.950605704020254549e+01
2.241999999999999993e+00 1.985399002275012492e+01
2.358999999999999986e+00 2.015995368993152326e+01
2.481999999999999762e+00 2.036233110654765710e+01
2.611000000000000210e+00 2.045471343077047521e+01
2.746999999999999886e+00 2.044908391056139152e+01
2.890000000000000124e+00 2.029629445530632026e+01
3.040999999999999925e+00 2.013855171065334559e+01
3.198999999999999844e+00 1.990859520717021169e+01
3.366000000000000103e+00 1.975068696073073937e+01
3.540999999999999925e+00 1.964654768064378132e+01
3.725000000000000089e+00 1.958846225407950925e+01
3.918999999999999595e+00 1.963675794608369785e+01
4.123000000000000220e+00 1.965993887906751780e+01
4.338000000000000078e+00 1.978121247954284456e+01
4.564000000000000057e+00 1.980624049262507214e+01
4.801000000000000156e+00 1.988121872006834678e+01
5.051000000000000156e+00 1.987848191768022943e+01
5.314000000000000057e+00 1.982418114114504348e+01
5.590999999999999304e+00 1.973252604496459028e+01
5.881999999999999673e+00 1.943550558836228959e+01
6.187999999999999723e+00 1.906740151715800735e+01
6.511000000000000121e+00 1.837501904311419310e+01
6.850000000000000533e+00 1.756574532167379488e+01
7.205999999999999517e+00 1.641030867117015646e+01
7.581999999999999851e+00 1.510637196858449371e+01
7.976000000000000867e+00 1.368898224671449526e+01
8.391999999999999460e+00 1.217097696902929016e+01
8.829000000000000625e+00 1.081217147850208704e+01
9.288000000000000256e+00 9.491822899876162012e+00
9.772000000000000242e+00 8.384387985014939204e+00
1.027999999999999936e+01 7.377171684215607428e+00
1.082000000000000028e+01 6.532402823976728001e+00
1.137999999999999901e+01 5.759310340695918740e+00
1.196999999999999886e+01 5.083561633956581005e+00
1.259999999999999964e+01 4.384816136637216033e+00
1.325000000000000000e+01 3.747360375281154177e+00
1.393999999999999950e+01 3.114320765239742883e+00
1.466999999999999993e+01 2.494320661589579657e+00
1.542999999999999972e+01 1.985814188131609370e+00
1.623000000000000043e+01 1.491355364605578160e+00
1.708000000000000185e+01 1.131950645927846111e+00
1.796999999999999886e+01 8.147459342765550616e-01
1.889999999999999858e+01 5.986739257555662164e-01
1.989000000000000057e+01 4.316832418131779647e-01
2.092000000000000171e+01 3.120899152389986497e-01
2.200999999999999801e+01 2.318967634136503975e-01
2.316000000000000014e+01 1.664200614351125651e-01
2.437000000000000099e+01 1.228517692923862814e-01
2.562999999999999901e+01 8.433055515781040512e-02
2.697000000000000242e+01 5.832166622240975151e-02
2.837000000000000099e+01 3.450387878999594538e-02
2.985000000000000142e+01 2.274838049769101200e-02
3.139999999999999858e+01 1.124324141024740653e-02
3.303999999999999915e+01 7.550702702934203314e-03
3.475999999999999801e+01 3.895261574541175609e-03
3.657000000000000028e+01 2.408309644348585743e-03
3.846999999999999886e+01 1.252891791356160189e-03
4.048000000000000398e+01 6.839269924739342643e-04
4.259000000000000341e+01 3.307996306765384475e-04
4.479999999999999716e+01 1.471263933385726780e-04
4.714000000000000057e+01 7.220927385621304234e-05
4.959000000000000341e+01 2.700957617592569457e-05
5.217000000000000171e+01 1.360770276081580202e-05
5.489000000000000057e+01 4.201192481706418538e-06
5.775000000000000000e+01 2.113600868457784620e-06
6.075000000000000000e+01 4.628852500156090295e-07
6.392000000000000171e+01 2.409454609707453309e-07
6.723999999999999488e+01 4.243815224909218810e-08
7.075000000000000000e+01 2.268668231089961292e-08
7.442999999999999261e+01 3.614790716045365696e-09
7.829999999999999716e+01 1.528315125614314418e-09
8.237999999999999545e+01 3.285687483450562829e-10
8.667000000000000171e+01 6.967733027650911639e-11
9.117999999999999261e+01 1.908283667194399779e-11
9.593000000000000682e+01 2.373563024372084254e-12
1.009000000000000057e+02 7.759016282474509899e-13
1.062000000000000028e+02 4.730394074112695242e-14
1.116999999999999886e+02 1.767197949986070822e-14
1.175000000000000000e+02 6.883522515112364382e-16
1.236000000000000085e+02 2.849056749182591389e-16
1.300999999999999943e+02 4.394920340394230051e-18
1.369000000000000057e+02 1.969400784551772261e-18
1.440000000000000000e+02 2.298865471152170251e-20
1.515000000000000000e+02 1.108069395615163780e-20
1.593999999999999773e+02 4.419895023043021479e-23
1.676999999999999886e+02 2.277111839987585254e-23
1.764000000000000057e+02 2.114265702690439717e-24
1.855999999999999943e+02 3.267947000777648027e-26
1.952000000000000171e+02 6.094258532231913867e-27
2.054000000000000057e+02 1.796967155932799140e-29
2.160999999999999943e+02 4.721377898109408623e-30
2.273999999999999773e+02 4.427296940664806469e-33
2.391999999999999886e+02 1.455954594384556530e-33
2.516999999999999886e+02 4.634311727251587557e-37
2.647999999999999545e+02 1.756560296852236144e-37
2.785000000000000000e+02 1.389577369005837654e-41
2.930000000000000000e+02 5.895465750154928276e-42
3.083000000000000114e+02 1.259613870660474734e-46
3.244000000000000341e+02 5.788528233653311576e-47
3.411999999999999886e+02 3.179250686267656122e-52
3.590000000000000000e+02 1.569477920452744276e-52
3.776999999999999886e+02 2.517029912540992607e-54
3.973999999999999773e+02 9.860753186278347995e-59
4.181000000000000227e+02 1.278318567372833385e-59
4.398000000000000114e+02 1.258811837389543633e-65
4.626999999999999886e+02 2.756157619454634416e-66
4.868000000000000114e+02 2.476162248116679163e-73
5.122000000000000455e+02 6.915342813673368942e-74
5.387999999999999545e+02 0.000000000000000000e+00
5.668999999999999773e+02 1.743828131298901396e-82
5.964000000000000909e+02 0.000000000000000000e+00
6.275000000000000000e+02 5.159394609924990244e-92
6.601000000000000227e+02 0.000000000000000000e+00
6.945000000000000000e+02 1.141487499380873071e-102
7.307000000000000455e+02 0.000000000000000000e+00
7.687000000000000455e+02 1.354626455667227773e-114
8.087999999999999545e+02 0.000000000000000000e+00
8.508999999999999773e+02 6.059142217921889106e-128
8.952000000000000455e+02 4.327958727087063647e-129
9.417999999999999545e+02 1.640106471573996277e-142
9.908000000000000682e+02 0.000000000000000000e+00
1.042000000000000000e+03 0.000000000000000000e+00
1.097000000000000000e+03 0.000000000000000000e+00
1.154000000000000000e+03 0.000000000000000000e+00
1.214000000000000000e+03 0.000000000000000000e+00
1.277000000000000000e+03 0.000000000000000000e+00
1.344000000000000000e+03 0.000000000000000000e+00
1.414000000000000000e+03 0.000000000000000000e+00
1.487000000000000000e+03 0.000000000000000000e+00
1.565000000000000000e+03 0.000000000000000000e+00
1.646000000000000000e+03 0.000000000000000000e+00
1.732000000000000000e+03 0.000000000000000000e+00
1.822000000000000000e+03 0.000000000000000000e+00
1.917000000000000000e+03 0.000000000000000000e+00
2.017000000000000000e+03 0.000000000000000000e+00
2.122000000000000000e+03 0.000000000000000000e+00
2.232000000000000000e+03 0.000000000000000000e+00
2.348000000000000000e+03 0.000000000000000000e+00
2.470000000000000000e+03 0.000000000000000000e+00
2.599000000000000000e+03 0.000000000000000000e+00
2.734000000000000000e+03 0.000000000000000000e+00
2.877000000000000000e+03 0.000000000000000000e+00
3.027000000000000000e+03 0.000000000000000000e+00
3.184000000000000000e+03 0.000000000000000000e+00
3.350000000000000000e+03 0.000000000000000000e+00
3.524000000000000000e+03 0.000000000000000000e+00
3.708000000000000000e+03 0.000000000000000000e+00
3.901000000000000000e+03 0.000000000000000000e+00
4.104000000000000000e+03 0.000000000000000000e+00
4.318000000000000000e+03 0.000000000000000000e+00
4.543000000000000000e+03 0.000000000000000000e+00
4.779000000000000000e+03 0.000000000000000000e+00
5.028000000000000000e+03 0.000000000000000000e+00
5.290000000000000000e+03 0.000000000000000000e+00
5.565000000000000000e+03 0.000000000000000000e+00
5.855000000000000000e+03 0.000000000000000000e+00
6.160000000000000000e+03 0.000000000000000000e+00
6.481000000000000000e+03 0.000000000000000000e+00
6.818000000000000000e+03 0.000000000000000000e+00
7.173000000000000000e+03 0.000000000000000000e+00
7.547000000000000000e+03 0.000000000000000000e+00
7.940000000000000000e+03 0.000000000000000000e+00
8.353000000000000000e+03 0.000000000000000000e+00
8.788000000000000000e+03 0.000000000000000000e+00
9.246000000000000000e+03 0.000000000000000000e+00
9.727000000000000000e+03 0.000000000000000000e+00
1.023000000000000000e+04 0.000000000000000000e+00
1.077000000000000000e+04 0.000000000000000000e+00
1.133000000000000000e+04 0.000000000000000000e+00
1.192000000000000000e+04 0.000000000000000000e+00
1.254000000000000000e+04 0.000000000000000000e+00
1.319000000000000000e+04 0.000000000000000000e+00
1.388000000000000000e+04 0.000000000000000000e+00
1.460000000000000000e+04 0.000000000000000000e+00
1.536000000000000000e+04 0.000000000000000000e+00
1.616000000000000000e+04 0.000000000000000000e+00
1.700000000000000000e+04 0.000000000000000000e+00
1.789000000000000000e+04 0.000000000000000000e+00
1.882000000000000000e+04 0.000000000000000000e+00
1.980000000000000000e+04 0.000000000000000000e+00
2.083000000000000000e+04 0.000000000000000000e+00
2.191000000000000000e+04 0.000000000000000000e+00
2.305000000000000000e+04 0.000000000000000000e+00
2.425000000000000000e+04 0.000000000000000000e+00
2.552000000000000000e+04 0.000000000000000000e+00
2.684000000000000000e+04 0.000000000000000000e+00
2.824000000000000000e+04 0.000000000000000000e+00
2.971000000000000000e+04 0.000000000000000000e+00
3.126000000000000000e+04 0.000000000000000000e+00
3.289000000000000000e+04 0.000000000000000000e+00
3.460000000000000000e+04 0.000000000000000000e+00
3.640000000000000000e+04 0.000000000000000000e+00
3.830000000000000000e+04 0.000000000000000000e+00
4.029000000000000000e+04 0.000000000000000000e+00
4.239000000000000000e+04 0.000000000000000000e+00
4.460000000000000000e+04 0.000000000000000000e+00
4.692000000000000000e+04 0.000000000000000000e+00
4.936000000000000000e+04 0.000000000000000000e+00
5.193000000000000000e+04 0.000000000000000000e+00
5.464000000000000000e+04 0.000000000000000000e+00
5.748000000000000000e+04 0.000000000000000000e+00
6.047000000000000000e+04 0.000000000000000000e+00
6.362000000000000000e+04 0.000000000000000000e+00
6.693000000000000000e+04 0.000000000000000000e+00
7.042000000000000000e+04 0.000000000000000000e+00
7.409000000000000000e+04 0.000000000000000000e+00
7.794000000000000000e+04 0.000000000000000000e+00
8.200000000000000000e+04 0.000000000000000000e+00
8.627000000000000000e+04 0.000000000000000000e+00
9.076000000000000000e+04 0.000000000000000000e+00
9.549000000000000000e+04 0.000000000000000000e+00
1.005000000000000000e+05 0.000000000000000000e+00
1.057000000000000000e+05 0.000000000000000000e+00
1.112000000000000000e+05 0.000000000000000000e+00
1.170000000000000000e+05 0.000000000000000000e+00
1.231000000000000000e+05 0.000000000000000000e+00
1.295000000000000000e+05 0.000000000000000000e+00
1.362000000000000000e+05 0.000000000000000000e+00
1.433000000000000000e+05 0.000000000000000000e+00
1.508000000000000000e+05 0.000000000000000000e+00
1.586000000000000000e+05 0.000000000000000000e+00
1.669000000000000000e+05 0.000000000000000000e+00
1.756000000000000000e+05 0.000000000000000000e+00
1.847000000000000000e+05 0.000000000000000000e+00
1.943000000000000000e+05 0.000000000000000000e+00
2.045000000000000000e+05 0.000000000000000000e+00
2.151000000000000000e+05 0.000000000000000000e+00
2.263000000000000000e+05 0.000000000000000000e+00
2.381000000000000000e+05 0.000000000000000000e+00
2.505000000000000000e+05 0.000000000000000000e+00
2.635000000000000000e+05 0.000000000000000000e+00
2.773000000000000000e+05 0.000000000000000000e+00
2.917000000000000000e+05 0.000000000000000000e+00
3.069000000000000000e+05 0.000000000000000000e+00
3.229000000000000000e+05 0.000000000000000000e+00
3.397000000000000000e+05 0.000000000000000000e+00
3.574000000000000000e+05 0.000000000000000000e+00
3.760000000000000000e+05 0.000000000000000000e+00
3.955000000000000000e+05 0.000000000000000000e+00
4.161000000000000000e+05 0.000000000000000000e+00
4.378000000000000000e+05 0.000000000000000000e+00
4.606000000000000000e+05 0.000000000000000000e+00
4.846000000000000000e+05 0.000000000000000000e+00
5.098000000000000000e+05 0.000000000000000000e+00
5.364000000000000000e+05 0.000000000000000000e+00
5.643000000000000000e+05 0.000000000000000000e+00
5.937000000000000000e+05 0.000000000000000000e+00
6.246000000000000000e+05 0.000000000000000000e+00
6.571000000000000000e+05 0.000000000000000000e+00
6.913000000000000000e+05 0.000000000000000000e+00
7.273000000000000000e+05 0.000000000000000000e+00
7.652000000000000000e+05 0.000000000000000000e+00
8.050000000000000000e+05 0.000000000000000000e+00
8.469000000000000000e+05 0.000000000000000000e+00
8.910000000000000000e+05 0.000000000000000000e+00
9.374000000000000000e+05 0.000000000000000000e+00
9.863000000000000000e+05 0.000000000000000000e+00
1.038000000000000000e+06 0.000000000000000000e+00
1.092000000000000000e+06 0.000000000000000000e+00
1.148000000000000000e+06 0.000000000000000000e+00
1.208000000000000000e+06 0.000000000000000000e+00
1.271000000000000000e+06 0.000000000000000000e+00
1.337000000000000000e+06 0.000000000000000000e+00
1.407000000000000000e+06 0.000000000000000000e+00
1.480000000000000000e+06 0.000000000000000000e+00
1.557000000000000000e+06 0.000000000000000000e+00
1.638000000000000000e+06 0.000000000000000000e+00
1.724000000000000000e+06 0.000000000000000000e+00
1.814000000000000000e+06 0.000000000000000000e+00
1.908000000000000000e+06 0.000000000000000000e+00
2.007000000000000000e+06 0.000000000000000000e+00
2.112000000000000000e+06 0.000000000000000000e+00
2.222000000000000000e+06 0.000000000000000000e+00
2.337000000000000000e+06 0.000000000000000000e+00
2.459000000000000000e+06 0.000000000000000000e+00
2.587000000000000000e+06 0.000000000000000000e+00
2.722000000000000000e+06 0.000000000000000000e+00
2.864000000000000000e+06 0.000000000000000000e+00
3.013000000000000000e+06 0.000000000000000000e+00
3.170000000000000000e+06 0.000000000000000000e+00
3.335000000000000000e+06 0.000000000000000000e+00
3.508000000000000000e+06 0.000000000000000000e+00
3.691000000000000000e+06 0.000000000000000000e+00
3.883000000000000000e+06 0.000000000000000000e+00
4.085000000000000000e+06 0.000000000000000000e+00
4.298000000000000000e+06 0.000000000000000000e+00
4.522000000000000000e+06 0.000000000000000000e+00
4.757000000000000000e+06 0.000000000000000000e+00
5.005000000000000000e+06 0.000000000000000000e+00
5.266000000000000000e+06 0.000000000000000000e+00
5.540000000000000000e+06 0.000000000000000000e+00
5.828000000000000000e+06 0.000000000000000000e+00
6.132000000000000000e+06 0.000000000000000000e+00
6.451000000000000000e+06 0.000000000000000000e+00
6.787000000000000000e+06 0.000000000000000000e+00
7.140000000000000000e+06 0.000000000000000000e+00
7.512000000000000000e+06 0.000000000000000000e+00
7.903000000000000000e+06 0.000000000000000000e+00
8.315000000000000000e+06 0.000000000000000000e+00
8.748000000000000000e+06 0.000000000000000000e+00
9.203000000000000000e+06 0.000000000000000000e+00
9.682000000000000000e+06 0.000000000000000000e+00
1.019000000000000000e+07 0.000000000000000000e+00
1.072000000000000000e+07 0.000000000000000000e+00
1.127000000000000000e+07 0.000000000000000000e+00
1.186000000000000000e+07 0.000000000000000000e+00
1.248000000000000000e+07 0.000000000000000000e+00
1.313000000000000000e+07 0.000000000000000000e+00
1.381000000000000000e+07 0.000000000000000000e+00
1.453000000000000000e+07 0.000000000000000000e+00
1.529000000000000000e+07 0.000000000000000000e+00
1.608000000000000000e+07 0.000000000000000000e+00
1.692000000000000000e+07 0.000000000000000000e+00
1.780000000000000000e+07 0.000000000000000000e+00
1.873000000000000000e+07 0.000000000000000000e+00
1.971000000000000000e+07 0.000000000000000000e+00
2.073000000000000000e+07 0.000000000000000000e+00
2.181000000000000000e+07 0.000000000000000000e+00
2.295000000000000000e+07 0.000000000000000000e+00
2.414000000000000000e+07 0.000000000000000000e+00
2.540000000000000000e+07 0.000000000000000000e+00
2.672000000000000000e+07 0.000000000000000000e+00
2.811000000000000000e+07 0.000000000000000000e+00
2.958000000000000000e+07 0.000000000000000000e+00
3.112000000000000000e+07 0.000000000000000000e+00
3.274000000000000000e+07 0.000000000000000000e+00
3.444000000000000000e+07 0.000000000000000000e+00
3.623000000000000000e+07 0.000000000000000000e+00
3.812000000000000000e+07 0.000000000000000000e+00
4.011000000000000000e+07 0.000000000000000000e+00
4.219000000000000000e+07 0.000000000000000000e+00
4.439000000000000000e+07 0.000000000000000000e+00
4.670000000000000000e+07 0.000000000000000000e+00
4.913000000000000000e+07 0.000000000000000000e+00
5.169000000000000000e+07 0.000000000000000000e+00
5.438000000000000000e+07 0.000000000000000000e+00
5.722000000000000000e+07 0.000000000000000000e+00
6.019000000000000000e+07 0.000000000000000000e+00
6.333000000000000000e+07 0.000000000000000000e+00
6.663000000000000000e+07 0.000000000000000000e+00
7.010000000000000000e+07 0.000000000000000000e+00
7.375000000000000000e+07 0.000000000000000000e+00
7.759000000000000000e+07 0.000000000000000000e+00
8.163000000000000000e+07 0.000000000000000000e+00
8.588000000000000000e+07 0.000000000000000000e+00
9.035000000000000000e+07 0.000000000000000000e+00
9.505000000000000000e+07 0.000000000000000000e+00
1.000000000000000000e+08 0.000000000000000000e+00
