1.000000000000000021e-03 5.409787323302452933e+02
1.051999999999999984e-03 5.303460368464183148e+02
1.106999999999999911e-03 5.152415123385217157e+02
1.163999999999999887e-03 5.024328123070411607e+02
1.224999999999999960e-03 4.851328696618535332e+02
1.288999999999999998e-03 4.723258851971826289e+02
1.356000000000000000e-03 4.529649700311572929e+02
1.427000000000000100e-03 4.391799998039405182e+02
1.500999999999999947e-03 4.169710656089536087e+02
1.579000000000000108e-03 4.050539380634427289e+02
1.661000000000000150e-03 3.819947082808583332e+02
1.747999999999999988e-03 3.686028284765778835e+02
1.839000000000000140e-03 3.485202496433749388e+02
1.935000000000000088e-03 3.323461005881159736e+02
2.034999999999999917e-03 3.143350519960069391e+02
2.141000000000000108e-03 2.974438402393984688e+02
2.252999999999999794e-03 2.816974827720332542e+02
2.370000000000000145e-03 2.654579318822626419e+02
2.492999999999999990e-03 2.516857365693227280e+02
2.623000000000000331e-03 2.366377223417705125e+02
2.759999999999999867e-03 2.240328994190216747e+02
2.903999999999999897e-03 2.104947854647438419e+02
3.054999999999999990e-03 2.003153819005866012e+02
3.213999999999999843e-03 1.881648103772372451e+02
3.380999999999999891e-03 1.791143138678628191e+02
3.556999999999999832e-03 1.695850449245904201e+02
3.742000000000000100e-03 1.618129635348500415e+02
3.936999999999999528e-03 1.540268206555884660e+02
4.142000000000000716e-03 1.477242078046984091e+02
4.357999999999999895e-03 1.422582097783366635e+02
4.585000000000000533e-03 1.365916057266235555e+02
4.824000000000000163e-03 1.331974671504792411e+02
5.074999999999999650e-03 1.286234013776664540e+02
5.338999999999999996e-03 1.261358985592278543e+02
5.616999999999999597e-03 1.231339682739753982e+02
5.908999999999999322e-03 1.214872929794487959e+02
6.217000000000000304e-03 1.198861059641937175e+02
6.540999999999999939e-03 1.187464465229461439e+02
6.880999999999999964e-03 1.178335073574179575e+02
7.239999999999999908e-03 1.174693399943397907e+02
7.617000000000000506e-03 1.172261679484266210e+02
8.012999999999999290e-03 1.174828296779154897e+02
8.429999999999999993e-03 1.175739015770478773e+02
8.868999999999998413e-03 1.181262137082042472e+02
9.330999999999999017e-03 1.188382414770000395e+02
9.816999999999999338e-03 1.194049365955255695e+02
1.032999999999999891e-02 1.205430618911792919e+02
1.086999999999999945e-02 1.210688863482224065e+02
1.143000000000000092e-02 1.226368160070927900e+02
1.203000000000000076e-02 1.231636639124747603e+02
1.264999999999999979e-02 1.246920457916374403e+02
1.330999999999999892e-02 1.255264540909684285e+02
1.400999999999999988e-02 1.268175660662215023e+02
1.473000000000000004e-02 1.275496769246647943e+02
1.549999999999999989e-02 1.288954976490420279e+02
1.631000000000000158e-02 1.297208067930367008e+02
1.715999999999999817e-02 1.308985631821450966e+02
1.805000000000000007e-02 1.316924548741085630e+02
1.898999999999999994e-02 1.326039758465140039e+02
1.997999999999999776e-02 1.333716406296152854e+02
2.101999999999999702e-02 1.339148097412146399e+02
2.212000000000000077e-02 1.345513512089034407e+02
2.326999999999999902e-02 1.350262674102880283e+02
2.447999999999999829e-02 1.353077276594456464e+02
2.574999999999999858e-02 1.357645833907729127e+02
2.708999999999999950e-02 1.358436147888436381e+02
2.850000000000000103e-02 1.360669744612718546e+02
2.998999999999999930e-02 1.357176550283393794e+02
3.155000000000000165e-02 1.357127716891131683e+02
3.318999999999999728e-02 1.353450760054469981e+02
3.491999999999999965e-02 1.348036185616957994e+02
3.673999999999999488e-02 1.344844778323286505e+02
3.864999999999999686e-02 1.337571995160676295e+02
4.066000000000000170e-02 1.331172736404446084e+02
4.277999999999999858e-02 1.322391388367495608e+02
4.500999999999999446e-02 1.312606762668032729e+02
4.734999999999999626e-02 1.302561649977980665e+02
4.982000000000000317e-02 1.290824207627383089e+02
5.240999999999999825e-02 1.277754270736442948e+02
5.513999999999999457e-02 1.265138746085933690e+02
5.800999999999999907e-02 1.249670743345167239e+02
6.102999999999999398e-02 1.234687225172504270e+02
6.421000000000000318e-02 1.215923672557124746e+02
6.755999999999999506e-02 1.200235028564583786e+02
7.106999999999999429e-02 1.179880639679286958e+02
7.477000000000000313e-02 1.160673334411764586e+02
7.867000000000000381e-02 1.139844086095230722e+02
8.276000000000000023e-02 1.118007885603945510e+02
8.707000000000000850e-02 1.096823992440362758e+02
9.160999999999999699e-02 1.074405884792004429e+02
9.637999999999999345e-02 1.052181054900924835e+02
1.014000000000000040e-01 1.028498224911655825e+02
1.067000000000000032e-01 1.004768031466401794e+02
1.122000000000000081e-01 9.812046937658672618e+01
1.180999999999999966e-01 9.577501325887251937e+01
1.242000000000000048e-01 9.316679646096889655e+01
1.307000000000000106e-01 9.089619911975228206e+01
1.375000000000000111e-01 8.825816974324368402e+01
1.446999999999999953e-01 8.590528659454172100e+01
1.522000000000000020e-01 8.319912092468402420e+01
1.600999999999999923e-01 8.078665728671488466e+01
1.683999999999999941e-01 7.811414415961445457e+01
1.771999999999999964e-01 7.563426558743955752e+01
1.864000000000000101e-01 7.300740825672487233e+01
1.960999999999999965e-01 7.047815785223971830e+01
2.064000000000000001e-01 6.791227130484543295e+01
2.170999999999999874e-01 6.545112243955122722e+01
2.283999999999999919e-01 6.306254467316742307e+01
2.403000000000000136e-01 6.067244052087223594e+01
2.528000000000000247e-01 5.843916115832954006e+01
2.660000000000000142e-01 5.615670380996176902e+01
2.798000000000000487e-01 5.409760596339262406e+01
2.943999999999999950e-01 5.197098291255339575e+01
3.096999999999999753e-01 4.997863342296729883e+01
3.259000000000000230e-01 4.802014395684583548e+01
3.427999999999999936e-01 4.614024765536086647e+01
3.606999999999999651e-01 4.430208187101151651e+01
3.795000000000000040e-01 4.252855999170327550e+01
3.991999999999999993e-01 4.079272385891748343e+01
4.200000000000000400e-01 3.907133344417974996e+01
4.419000000000000150e-01 3.741861837820876246e+01
4.649000000000000354e-01 3.581352515105660927e+01
4.891000000000000347e-01 3.424887282890168194e+01
5.144999999999999574e-01 3.280536130462132860e+01
5.413000000000000034e-01 3.145984689413477753e+01
5.695000000000000062e-01 3.022760644381740036e+01
5.992000000000000659e-01 2.910839674096613550e+01
6.304000000000000714e-01 2.812341328841110766e+01
6.632000000000000117e-01 2.721158636780010909e+01
6.976999999999999869e-01 2.644236027034074965e+01
7.340999999999999748e-01 2.570028037728943104e+01
7.722999999999999865e-01 2.510173619210950946e+01
8.125000000000000000e-01 2.451949001406419626e+01
8.548000000000000043e-01 2.405564958789240748e+01
8.992999999999999883e-01 2.357244060863760637e+01
9.460999999999999410e-01 2.319470658289079523e+01
9.954000000000000625e-01 2.274823562876698801e+01
1.046999999999999931e+00 2.237383886246194109e+01
1.101999999999999869e+00 2.194490678878709389e+01
1.159000000000000030e+00 2.154388077867796270e+01
1.219000000000000083e+00 2.119659345243699278e+01
1.283000000000000140e+00 2.087330259310494540e+01
1.350000000000000089e+00 2.069919385228160991e+01
1.419999999999999929e+00 2.058052769461257014e+01
1.493999999999999995e+00 2.061667915208931845e+01
1.572000000000000064e+00 2.071010985321520792e+01
1.654000000000000137e+00 2.093174254944731771e+01
1.739999999999999991e+00 2.119359954965770498e+01
1.830000000000000071e+00 2.152294426775703329e+01
1.925999999999999934e+00 2.191205501008380452e+01
2.025999999999999801e+00 2.231436702646244541e+01
2.131000000000000227e+00 2.276132309359439176e+01
2.241999999999999993e+00 2.318127763692945109e+01
2.358999999999999986e+00 2.359071500701322677e+01
2.481999999999999762e+00 2.393081496001287789e+01
2.611000000000000210e+00 2.419858186280542967e+01
2.746999999999999886e+00 2.439879798753276319e+01
2.890000000000000124e+00 2.449235947774704769e+01
3.040999999999999925e+00 2.461531108644240007e+01
3.198999999999999844e+00 2.470773887683376913e+01
3.366000000000000103e+00 2.490844792992478318e+01
3.540999999999999925e+00 2.521102237948895564e+01
3.725000000000000089e+00 2.559292462675301749e+01
3.918999999999999595e+00 2.613648033684829386e+01
4.123000000000000220e+00 2.669338410327100419e+01
4.338000000000000078e+00 2.740637789674848079e+01
4.564000000000000057e+00 2.806988166641637150e+01
4.801000000000000156e+00 2.883806193210595126e+01
5.051000000000000156e+00 2.958804094723481271e+01
5.314000000000000057e+00 3.034431354761325750e+01
5.590999999999999304e+00 3.113289787330946723e+01
5.881999999999999673e+00 3.177317927949284382e+01
6.187999999999999723e+00 3.242114074322008577e+01
6.511000000000000121e+00 3.280731258304681575e+01
6.850000000000000533e+00 3.315793144582238483e+01
7.205999999999999517e+00 3.322256050281043827e+01
7.581999999999999851e+00 3.321275192256034359e+01
7.976000000000000867e+00 3.315279651808337036e+01
8.391999999999999460e+00 3.301726198874285956e+01
8.829000000000000625e+00 3.310127768649729774e+01
9.288000000000000256e+00 3.314289209003585057e+01
9.772000000000000242e+00 3.340670275078559825e+01
1.027999999999999936e+01 3.355385898965037939e+01
1.082000000000000028e+01 3.371891685575765507e+01
1.137999999999999901e+01 3.356782474925423543e+01
1.196999999999999886e+01 3.301217700745881700e+01
1.259999999999999964e+01 3.203608902854379181e+01
1.325000000000000000e+01 3.024015753514866489e+01
1.393999999999999950e+01 2.817552111830998740e+01
1.466999999999999993e+01 2.510460915856531017e+01
1.542999999999999972e+01 2.203211493708143465e+01
1.623000000000000043e+01 1.860564972764679581e+01
1.708000000000000185e+01 1.513105079855370150e+01
1.796999999999999886e+01 1.221032739981044379e+01
1.889999999999999858e+01 9.330525785839316910e+00
1.989000000000000057e+01 7.203894376944458777e+00
2.092000000000000171e+01 5.286240293264677703e+00
2.200999999999999801e+01 3.933514671969077003e+00
2.316000000000000014e+01 2.866768284123535793e+00
2.437000000000000099e+01 2.084117148098593386e+00
2.562999999999999901e+01 1.559852587921731537e+00
2.697000000000000242e+01 1.121551682204851241e+00
2.837000000000000099e+01 8.294018327047253392e-01
2.985000000000000142e+01 5.685284084316032382e-01
3.139999999999999858e+01 3.943681165300957914e-01
3.303999999999999915e+01 2.324393814411052916e-01
3.475999999999999801e+01 1.548700953407363134e-01
3.657000000000000028e+01 7.574640643182507793e-02
3.846999999999999886e+01 5.138444250500313892e-02
4.048000000000000398e+01 2.626541934952338064e-02
4.259000000000000341e+01 1.629004803183719749e-02
4.479999999999999716e+01 8.432628050314538298e-03
4.714000000000000057e+01 4.621740273863037332e-03
4.959000000000000341e+01 2.239554131641155812e-03
5.217000000000000171e+01 9.915168928035927864e-04
5.489000000000000057e+01 4.900973124959463224e-04
5.775000000000000000e+01 1.813546150141379229e-04
6.075000000000000000e+01 9.249871886376059957e-05
6.392000000000000171e+01 2.811991871075544350e-05
6.723999999999999488e+01 1.447993797002925095e-05
7.075000000000000000e+01 3.086308075416681935e-06
7.442999999999999261e+01 1.653999058481436942e-06
7.829999999999999716e+01 2.822795456006217995e-07
8.237999999999999545e+01 1.560136337596336811e-07
8.667000000000000171e+01 2.425182001559295002e-08
9.117999999999999261e+01 1.043317525817254475e-08
9.593000000000000682e+01 2.243316103864498136e-09
1.009000000000000057e+02 4.746334326525472859e-10
1.062000000000000028e+02 1.307349524587353034e-10
1.116999999999999886e+02 1.604485986465868682e-11
1.175000000000000000e+02 5.361089675162405628e-12
1.236000000000000085e+02 3.200240537924727569e-13
1.300999999999999943e+02 1.218281574969509110e-13
1.369000000000000057e+02 4.578855928475293943e-15
1.440000000000000000e+02 1.957303205962095834e-15
1.515000000000000000e+02 2.930306340590734693e-17
1.593999999999999773e+02 1.370225187642216606e-17
1.676999999999999886e+02 1.526535549178484175e-19
1.764000000000000057e+02 7.713379846655135882e-20
1.855999999999999943e+02 2.931783724225647831e-22
1.952000000000000171e+02 1.581439304116948209e-22
2.054000000000000057e+02 1.469202125131787618e-23
2.160999999999999943e+02 2.236951728850609135e-25
2.273999999999999773e+02 4.198684518361142491e-26
2.391999999999999886e+02 1.217551222381909085e-28
2.516999999999999886e+02 3.265444843103776935e-29
2.647999999999999545e+02 2.985975860730949749e-32
2.785000000000000000e+02 1.015048244457455626e-32
2.930000000000000000e+02 3.122244564712456590e-36
3.083000000000000114e+02 1.224803911117991845e-36
3.244000000000000341e+02 9.256011591259344018e-41
3.411999999999999886e+02 4.094114785213148910e-41
3.590000000000000000e+02 8.389030059212998689e-46
3.776999999999999886e+02 4.034610846059785162e-46
3.973999999999999773e+02 2.106321810043879198e-51
4.181000000000000227e+02 1.086546474725327129e-51
4.398000000000000114e+02 1.751065310852120032e-53
4.626999999999999886e+02 6.788376670754261432e-58
4.868000000000000114e+02 8.907741058038582279e-59
5.122000000000000455e+02 8.558278093030340817e-65
5.387999999999999545e+02 1.915306317405164521e-65
5.668999999999999773e+02 1.617091524326209784e-72
5.964000000000000909e+02 4.812649717663928676e-73
6.275000000000000000e+02 3.367575694847242642e-81
6.601000000000000227e+02 1.213360840935901452e-81
6.945000000000000000e+02 8.724651937151908055e-91
7.307000000000000455e+02 3.586767402163991508e-91
7.687000000000000455e+02 1.738627712193130876e-101
8.087999999999999545e+02 7.918185099310380888e-102
8.508999999999999773e+02 1.901910136962497991e-113
8.952000000000000455e+02 9.408300483792265772e-114
9.417999999999999545e+02 7.988341303685917832e-127
9.908000000000000682e+02 4.224284200421940060e-127
1.042000000000000000e+03 2.912297276101748004e-128
1.097000000000000000e+03 6.673826119908293622e-142
1.154000000000000000e+03 1.101338577108938522e-142
1.214000000000000000e+03 1.765935310787674046e-158
1.277000000000000000e+03 4.475828043027505075e-159
1.344000000000000000e+03 6.798262017848503184e-177
1.414000000000000000e+03 2.165502154375845746e-177
1.487000000000000000e+03 1.881630141077677109e-197
1.565000000000000000e+03 7.074752951403662158e-198
1.646000000000000000e+03 2.451327278060557598e-220
1.732000000000000000e+03 1.047370422624326082e-220
1.822000000000000000e+03 6.348447515327999989e-246
1.917000000000000000e+03 2.985844463541035332e-246
2.017000000000000000e+03 2.369500340455003122e-274
2.122000000000000000e+03 1.201414515442749010e-274
2.232000000000000000e+03 4.476558961638420623e-306
2.348000000000000000e+03 2.422090533623955601e-306
2.470000000000000000e+03 2.613585218547541713e-307
2.599000000000000000e+03 0.000000000000000000e+00
2.734000000000000000e+03 0.000000000000000000e+00
2.877000000000000000e+03 0.000000000000000000e+00
3.027000000000000000e+03 0.000000000000000000e+00
3.184000000000000000e+03 0.000000000000000000e+00
3.350000000000000000e+03 0.000000000000000000e+00
3.524000000000000000e+03 0.000000000000000000e+00
3.708000000000000000e+03 0.000000000000000000e+00
3.901000000000000000e+03 0.000000000000000000e+00
4.104000000000000000e+03 0.000000000000000000e+00
4.318000000000000000e+03 0.000000000000000000e+00
4.543000000000000000e+03 0.000000000000000000e+00
4.779000000000000000e+03 0.000000000000000000e+00
5.028000000000000000e+03 0.000000000000000000e+00
5.290000000000000000e+03 0.000000000000000000e+00
5.565000000000000000e+03 0.000000000000000000e+00
5.855000000000000000e+03 0.000000000000000000e+00
6.160000000000000000e+03 0.000000000000000000e+00
6.481000000000000000e+03 0.000000000000000000e+00
6.818000000000000000e+03 0.000000000000000000e+00
7.173000000000000000e+03 0.000000000000000000e+00
7.547000000000000000e+03 0.000000000000000000e+00
7.940000000000000000e+03 0.000000000000000000e+00
8.353000000000000000e+03 0.000000000000000000e+00
8.788000000000000000e+03 0.000000000000000000e+00
9.246000000000000000e+03 0.000000000000000000e+00
9.727000000000000000e+03 0.000000000000000000e+00
1.023000000000000000e+04 0.000000000000000000e+00
1.077000000000000000e+04 0.000000000000000000e+00
1.133000000000000000e+04 0.000000000000000000e+00
1.192000000000000000e+04 0.000000000000000000e+00
1.254000000000000000e+04 0.000000000000000000e+00
1.319000000000000000e+04 0.000000000000000000e+00
1.388000000000000000e+04 0.000000000000000000e+00
1.460000000000000000e+04 0.000000000000000000e+00
1.536000000000000000e+04 0.000000000000000000e+00
1.616000000000000000e+04 0.000000000000000000e+00
1.700000000000000000e+04 0.000000000000000000e+00
1.789000000000000000e+04 0.000000000000000000e+00
1.882000000000000000e+04 0.000000000000000000e+00
1.980000000000000000e+04 0.000000000000000000e+00
2.083000000000000000e+04 0.000000000000000000e+00
2.191000000000000000e+04 0.000000000000000000e+00
2.305000000000000000e+04 0.000000000000000000e+00
2.425000000000000000e+04 0.000000000000000000e+00
2.552000000000000000e+04 0.000000000000000000e+00
2.684000000000000000e+04 0.000000000000000000e+00
2.824000000000000000e+04 0.000000000000000000e+00
2.971000000000000000e+04 0.000000000000000000e+00
3.126000000000000000e+04 0.000000000000000000e+00
3.289000000000000000e+04 0.000000000000000000e+00
3.460000000000000000e+04 0.000000000000000000e+00
3.640000000000000000e+04 0.000000000000000000e+00
3.830000000000000000e+04 0.000000000000000000e+00
4.029000000000000000e+04 0.000000000000000000e+00
4.239000000000000000e+04 0.000000000000000000e+00
4.460000000000000000e+04 0.000000000000000000e+00
4.692000000000000000e+04 0.000000000000000000e+00
4.936000000000000000e+04 0.000000000000000000e+00
5.193000000000000000e+04 0.000000000000000000e+00
5.464000000000000000e+04 0.000000000000000000e+00
5.748000000000000000e+04 0.000000000000000000e+00
6.047000000000000000e+04 0.000000000000000000e+00
6.362000000000000000e+04 0.000000000000000000e+00
6.693000000000000000e+04 0.000000000000000000e+00
7.042000000000000000e+04 0.000000000000000000e+00
7.409000000000000000e+04 0.000000000000000000e+00
7.794000000000000000e+04 0.000000000000000000e+00
8.200000000000000000e+04 0.000000000000000000e+00
8.627000000000000000e+04 0.000000000000000000e+00
9.076000000000000000e+04 0.000000000000000000e+00
9.549000000000000000e+04 0.000000000000000000e+00
1.005000000000000000e+05 0.000000000000000000e+00
1.057000000000000000e+05 0.000000000000000000e+00
1.112000000000000000e+05 0.000000000000000000e+00
1.170000000000000000e+05 0.000000000000000000e+00
1.231000000000000000e+05 0.000000000000000000e+00
1.295000000000000000e+05 0.000000000000000000e+00
1.362000000000000000e+05 0.000000000000000000e+00
1.433000000000000000e+05 0.000000000000000000e+00
1.508000000000000000e+05 0.000000000000000000e+00
1.586000000000000000e+05 0.000000000000000000e+00
1.669000000000000000e+05 0.000000000000000000e+00
1.756000000000000000e+05 0.000000000000000000e+00
1.847000000000000000e+05 0.000000000000000000e+00
1.943000000000000000e+05 0.000000000000000000e+00
2.045000000000000000e+05 0.000000000000000000e+00
2.151000000000000000e+05 0.000000000000000000e+00
2.263000000000000000e+05 0.000000000000000000e+00
2.381000000000000000e+05 0.000000000000000000e+00
2.505000000000000000e+05 0.000000000000000000e+00
2.635000000000000000e+05 0.000000000000000000e+00
2.773000000000000000e+05 0.000000000000000000e+00
2.917000000000000000e+05 0.000000000000000000e+00
3.069000000000000000e+05 0.000000000000000000e+00
3.229000000000000000e+05 0.000000000000000000e+00
3.397000000000000000e+05 0.000000000000000000e+00
3.574000000000000000e+05 0.000000000000000000e+00
3.760000000000000000e+05 0.000000000000000000e+00
3.955000000000000000e+05 0.000000000000000000e+00
4.161000000000000000e+05 0.000000000000000000e+00
4.378000000000000000e+05 0.000000000000000000e+00
4.606000000000000000e+05 0.000000000000000000e+00
4.846000000000000000e+05 0.000000000000000000e+00
5.098000000000000000e+05 0.000000000000000000e+00
5.364000000000000000e+05 0.000000000000000000e+00
5.643000000000000000e+05 0.000000000000000000e+00
5.937000000000000000e+05 0.000000000000000000e+00
6.246000000000000000e+05 0.000000000000000000e+00
6.571000000000000000e+05 0.000000000000000000e+00
6.913000000000000000e+05 0.000000000000000000e+00
7.273000000000000000e+05 0.000000000000000000e+00
7.652000000000000000e+05 0.000000000000000000e+00
8.050000000000000000e+05 0.000000000000000000e+00
8.469000000000000000e+05 0.000000000000000000e+00
8.910000000000000000e+05 0.000000000000000000e+00
9.374000000000000000e+05 0.000000000000000000e+00
9.863000000000000000e+05 0.000000000000000000e+00
1.038000000000000000e+06 0.000000000000000000e+00
1.092000000000000000e+06 0.000000000000000000e+00
1.148000000000000000e+06 0.000000000000000000e+00
1.208000000000000000e+06 0.000000000000000000e+00
1.271000000000000000e+06 0.000000000000000000e+00
1.337000000000000000e+06 0.000000000000000000e+00
1.407000000000000000e+06 0.000000000000000000e+00
1.480000000000000000e+06 0.000000000000000000e+00
1.557000000000000000e+06 0.000000000000000000e+00
1.638000000000000000e+06 0.000000000000000000e+00
1.724000000000000000e+06 0.000000000000000000e+00
1.814000000000000000e+06 0.000000000000000000e+00
1.908000000000000000e+06 0.000000000000000000e+00
2.007000000000000000e+06 0.000000000000000000e+00
2.112000000000000000e+06 0.000000000000000000e+00
2.222000000000000000e+06 0.000000000000000000e+00
2.337000000000000000e+06 0.000000000000000000e+00
2.459000000000000000e+06 0.000000000000000000e+00
2.587000000000000000e+06 0.000000000000000000e+00
2.722000000000000000e+06 0.000000000000000000e+00
2.864000000000000000e+06 0.000000000000000000e+00
3.013000000000000000e+06 0.000000000000000000e+00
3.170000000000000000e+06 0.000000000000000000e+00
3.335000000000000000e+06 0.000000000000000000e+00
3.508000000000000000e+06 0.000000000000000000e+00
3.691000000000000000e+06 0.000000000000000000e+00
3.883000000000000000e+06 0.000000000000000000e+00
4.085000000000000000e+06 0.000000000000000000e+00
4.298000000000000000e+06 0.000000000000000000e+00
4.522000000000000000e+06 0.000000000000000000e+00
4.757000000000000000e+06 0.000000000000000000e+00
5.005000000000000000e+06 0.000000000000000000e+00
5.266000000000000000e+06 0.000000000000000000e+00
5.540000000000000000e+06 0.000000000000000000e+00
5.828000000000000000e+06 0.000000000000000000e+00
6.132000000000000000e+06 0.000000000000000000e+00
6.451000000000000000e+06 0.000000000000000000e+00
6.787000000000000000e+06 0.000000000000000000e+00
7.140000000000000000e+06 0.000000000000000000e+00
7.512000000000000000e+06 0.000000000000000000e+00
7.903000000000000000e+06 0.000000000000000000e+00
8.315000000000000000e+06 0.000000000000000000e+00
8.748000000000000000e+06 0.000000000000000000e+00
9.203000000000000000e+06 0.000000000000000000e+00
9.682000000000000000e+06 0.000000000000000000e+00
1.019000000000000000e+07 0.000000000000000000e+00
1.072000000000000000e+07 0.000000000000000000e+00
1.127000000000000000e+07 0.000000000000000000e+00
1.186000000000000000e+07 0.000000000000000000e+00
1.248000000000000000e+07 0.000000000000000000e+00
1.313000000000000000e+07 0.000000000000000000e+00
1.381000000000000000e+07 0.000000000000000000e+00
1.453000000000000000e+07 0.000000000000000000e+00
1.529000000000000000e+07 0.000000000000000000e+00
1.608000000000000000e+07 0.000000000000000000e+00
1.692000000000000000e+07 0.000000000000000000e+00
1.780000000000000000e+07 0.000000000000000000e+00
1.873000000000000000e+07 0.000000000000000000e+00
1.971000000000000000e+07 0.000000000000000000e+00
2.073000000000000000e+07 0.000000000000000000e+00
2.181000000000000000e+07 0.000000000000000000e+00
2.295000000000000000e+07 0.000000000000000000e+00
2.414000000000000000e+07 0.000000000000000000e+00
2.540000000000000000e+07 0.000000000000000000e+00
2.672000000000000000e+07 0.000000000000000000e+00
2.811000000000000000e+07 0.000000000000000000e+00
2.958000000000000000e+07 0.000000000000000000e+00
3.112000000000000000e+07 0.000000000000000000e+00
3.274000000000000000e+07 0.000000000000000000e+00
3.444000000000000000e+07 0.000000000000000000e+00
3.623000000000000000e+07 0.000000000000000000e+00
3.812000000000000000e+07 0.000000000000000000e+00
4.011000000000000000e+07 0.000000000000000000e+00
4.219000000000000000e+07 0.000000000000000000e+00
4.439000000000000000e+07 0.000000000000000000e+00
4.670000000000000000e+07 0.000000000000000000e+00
4.913000000000000000e+07 0.000000000000000000e+00
5.169000000000000000e+07 0.000000000000000000e+00
5.438000000000000000e+07 0.000000000000000000e+00
5.722000000000000000e+07 0.000000000000000000e+00
6.019000000000000000e+07 0.000000000000000000e+00
6.333000000000000000e+07 0.000000000000000000e+00
6.663000000000000000e+07 0.000000000000000000e+00
7.010000000000000000e+07 0.000000000000000000e+00
7.375000000000000000e+07 0.000000000000000000e+00
7.759000000000000000e+07 0.000000000000000000e+00
8.163000000000000000e+07 0.000000000000000000e+00
8.588000000000000000e+07 0.000000000000000000e+00
9.035000000000000000e+07 0.000000000000000000e+00
9.505000000000000000e+07 0.000000000000000000e+00
1.000000000000000000e+08 0.000000000000000000e+00
