1.774127155601597394e+01 3.616376356387679958e-01
1.874127155601597394e+01 2.616029832700823010e-01
1.974127155601597394e+01 1.853785582657998254e-01
2.074127155601597394e+01 1.295679956595863214e-01
2.174127155601597394e+01 9.003620918269159001e-02
2.274127155601597394e+01 6.202039761944795615e-02
2.374127155601597394e+01 4.257992575514132905e-02
2.474127155601597394e+01 2.913300314889262152e-02
2.574127155601597394e+01 1.985391377858165135e-02
2.674127155601597394e+01 1.349798883701826616e-02
2.774127155601597394e+01 9.140029187183561221e-03
2.874127155601597394e+01 6.163760806424099271e-03
2.974127155601597394e+01 4.140112905909139850e-03
3.074127155601597394e+01 2.778536267529167075e-03
3.174127155601597394e+01 1.856591816872824909e-03
3.274127155601597394e+01 1.238870472261294296e-03
3.374127155601597394e+01 8.267158890553368391e-04
3.474127155601597394e+01 5.491668518421092410e-04
3.574127155601597394e+01 3.666274120366562169e-04
3.674127155601597394e+01 2.429328618391036207e-04
3.774127155601597394e+01 1.612202177085312205e-04
3.874127155601597394e+01 1.076325442027451526e-04
3.974127155601597394e+01 7.075796747545801005e-05
4.074127155601597394e+01 4.681888535793848378e-05
4.174127155601597394e+01 3.117626954936708074e-05
4.274127155601597394e+01 2.048288405359612112e-05
4.374127155601597394e+01 1.352570695946328582e-05
4.474127155601597394e+01 8.905001052184105447e-06
4.574127155601597394e+01 5.851088945571086345e-06
4.674127155601597394e+01 3.837603230203274748e-06
4.774127155601597394e+01 2.512897660293242903e-06
4.874127155601597394e+01 1.645449428979291739e-06
4.974127155601597394e+01 1.075640574118020627e-06
5.074127155601597394e+01 7.020196904786666526e-07
5.174127155601597394e+01 4.582082216213114023e-07
5.274127155601597394e+01 2.988555886635818638e-07
5.374127155601597394e+01 1.946916334321635148e-07
5.474127155601597394e+01 1.268410389280656210e-07
5.574127155601597394e+01 8.243633970300657179e-08
5.674127155601597394e+01 5.358162691509753988e-08
5.774127155601597394e+01 3.470534237956567628e-08
5.874127155601597394e+01 2.253371916496758250e-08
5.974127155601597394e+01 1.456655822069302694e-08
6.074127155601597394e+01 9.422107209430235539e-09
6.174127155601597394e+01 6.120315427473039667e-09
6.274127155601597394e+01 3.936944259509326601e-09
6.374127155601597394e+01 2.543271870102114933e-09
6.474127155601597394e+01 1.649990425702279377e-09
6.574127155601597394e+01 1.059352505611441527e-09
6.674127155601597394e+01 6.824985222236510084e-10
6.774127155601597394e+01 4.417234854498314827e-10
6.874127155601597394e+01 2.832867160045007439e-10
6.974127155601597394e+01 1.822140515602450369e-10
7.074127155601597394e+01 1.177562656703765315e-10
7.174127155601597394e+01 7.542398460397404962e-11
7.274127155601597394e+01 4.841809668232200240e-11
7.374127155601597394e+01 3.123667694055178431e-11
7.474127155601597394e+01 2.001803796249828771e-11
7.574127155601597394e+01 1.285503644754618213e-11
7.674127155601597394e+01 8.296872927031843198e-12
7.774127155601597394e+01 5.325761945621218082e-12
7.874127155601597394e+01 3.424427652624776195e-12
7.974127155601597394e+01 2.213362350483890475e-12
8.074127155601597394e+01 1.428682217615599939e-12
8.174127155601597394e+01 9.245795768683486100e-13
8.274127155601597394e+01 6.013208644227066125e-13
8.374127155601597394e+01 3.899768942984085227e-13
8.474127155601597394e+01 2.532470534656212749e-13
