1.473707518796992133e+01 6.468422633638084562e+00
1.573707518796992133e+01 4.923779587065058472e+00
1.673707518796992133e+01 3.673891964530819010e+00
1.773707518796992133e+01 2.723811907617552208e+00
1.873707518796992133e+01 1.968047929554635145e+00
1.973707518796992133e+01 1.396449032757225428e+00
2.073707518796992133e+01 9.787276431235207852e-01
2.173707518796992133e+01 6.791000477572383121e-01
2.273707518796992133e+01 4.677840164509305954e-01
2.373707518796992133e+01 3.209715893267424125e-01
2.473707518796992133e+01 2.194346302723375886e-01
2.573707518796992133e+01 1.495966976321845832e-01
2.673707518796992133e+01 1.016370766124410491e-01
2.773707518796992133e+01 6.853068374809292984e-02
2.873707518796992133e+01 4.633838891019449735e-02
2.973707518796992133e+01 3.120518622359519378e-02
3.073707518796992133e+01 2.094565235862176633e-02
3.173707518796992133e+01 1.399494470682095468e-02
3.273707518796992133e+01 9.359699309186954655e-03
3.373707518796992133e+01 6.240193234184199592e-03
3.473707518796992133e+01 4.161096153500807096e-03
3.573707518796992133e+01 2.772035907720087414e-03
3.673707518796992133e+01 1.845125412881239158e-03
3.773707518796992133e+01 1.226300822987524530e-03
3.873707518796992133e+01 8.135264384419217286e-04
3.973707518796992133e+01 5.388731319547832976e-04
4.073707518796992133e+01 3.567717526400687343e-04
4.173707518796992133e+01 2.354949367452988617e-04
4.273707518796992133e+01 1.552736305820005857e-04
4.373707518796992133e+01 1.022837597833057519e-04
4.473707518796992133e+01 6.723098049001942150e-05
4.573707518796992133e+01 4.413071884802008291e-05
4.673707518796992133e+01 2.894651071125374075e-05
4.773707518796992133e+01 1.895692275180753302e-05
4.873707518796992133e+01 1.240378208447825382e-05
4.973707518796992133e+01 8.112328632814291653e-06
5.073707518796992133e+01 5.296031992193699279e-06
5.173707518796992133e+01 3.457924873463823680e-06
5.273707518796992133e+01 2.253249142018052437e-06
5.373707518796992133e+01 1.468532076106185845e-06
5.473707518796992133e+01 9.562583137287843249e-07
5.573707518796992133e+01 6.218912764728088564e-07
5.673707518796992133e+01 4.040251886043198518e-07
5.773707518796992133e+01 2.622125344872082663e-07
5.873707518796992133e+01 1.699918623745461440e-07
5.973707518796992133e+01 1.102358148415939590e-07
6.073707518796992133e+01 7.148502979201815123e-08
6.173707518796992133e+01 4.621197350313903823e-08
6.273707518796992133e+01 2.986225732053795885e-08
6.373707518796992133e+01 1.928966621878707710e-08
6.473707518796992133e+01 1.247064603753887493e-08
6.573707518796992133e+01 8.047627257450303078e-09
6.673707518796992133e+01 5.175868073845115287e-09
6.773707518796992133e+01 3.333644413601644143e-09
6.873707518796992133e+01 2.146195011047857298e-09
6.973707518796992133e+01 1.381016915663993659e-09
7.073707518796992133e+01 8.887743755203675066e-10
7.173707518796992133e+01 5.713943133333303470e-10
7.273707518796992133e+01 3.660379565680486495e-10
7.373707518796992133e+01 2.355076468850953992e-10
7.473707518796992133e+01 1.514682427998180219e-10
7.573707518796992133e+01 9.736627489392447521e-11
7.673707518796992133e+01 6.257872689952860125e-11
7.773707518796992133e+01 4.030640757260436774e-11
7.873707518796992133e+01 2.594070336495723194e-11
7.973707518796992133e+01 1.677279694798837232e-11
8.073707518796992133e+01 1.079731440530422932e-11
8.173707518796992133e+01 6.990993646547261657e-12
8.273707518796992133e+01 4.537379469976700866e-12
8.373707518796992133e+01 2.942618502316619652e-12
8.473707518796992133e+01 1.907032147548971991e-12
8.573707518796992133e+01 1.241169024741543514e-12
8.673707518796992133e+01 8.113494705768575315e-13
