4.999999999999999237e-03 6.764287119871998516e-03
9.999999999999998473e-03 1.616955343730986977e-04
1.499999999999999771e-02 8.087637108608624310e-06
1.999999999999999695e-02 6.272568092325123821e-07
2.499999999999999445e-02 5.977497791420852321e-08
2.999999999999999195e-02 6.724132251557246412e-09
3.499999999999999639e-02 8.489499653243282113e-10
3.999999999999999389e-02 1.226194627963378378e-10
4.499999999999999140e-02 1.681948929138433136e-11
4.999999999999998890e-02 2.881996748567616590e-12
5.499999999999998640e-02 4.000791321544962525e-13
5.999999999999999084e-02 7.948316083144113510e-14
6.499999999999998834e-02 1.146972645356220807e-14
6.999999999999999278e-02 1.701596976731048004e-15
7.499999999999999722e-02 3.295225812253847855e-16
7.999999999999998779e-02 4.045757901999867068e-17
8.499999999999999223e-02 2.826092439167467509e-18
8.999999999999999667e-02 8.125932490586730538e-20
