9.999999999999999547e-07 1.347737618481112586e+05
1.052000000000000050e-06 1.274008784258197993e+05
1.106999999999999947e-06 1.227160789941365219e+05
1.163999999999999994e-06 1.152871059523057629e+05
1.224999999999999918e-06 1.104976185396460496e+05
1.289000000000000068e-06 1.034534964871965058e+05
1.356000000000000019e-06 9.883943730893050088e+04
1.427000000000000059e-06 9.225300943527484196e+04
1.500999999999999901e-06 8.780058876938404865e+04
1.579000000000000044e-06 8.225879950419026136e+04
1.661000000000000064e-06 7.772272017606740701e+04
1.748000000000000035e-06 7.321357437165574811e+04
1.839000000000000096e-06 6.889103271097874676e+04
1.935000000000000108e-06 6.514908310566299042e+04
2.034999999999999998e-06 6.141312710372814036e+04
2.140999999999999915e-06 5.840736142323406239e+04
2.252999999999999859e-06 5.536982567111092067e+04
2.370000000000000179e-06 5.278634035800522543e+04
2.493000000000000102e-06 5.035895467870297580e+04
2.623000000000000128e-06 4.834640240835129225e+04
2.759999999999999833e-06 4.647947910271849832e+04
2.904000000000000063e-06 4.491986357933590625e+04
3.054999999999999973e-06 4.356355138515108411e+04
3.214000000000000060e-06 4.243596374392980215e+04
3.380999999999999901e-06 4.154132614265975280e+04
3.556999999999999995e-06 4.073938392980478966e+04
3.741999999999999917e-06 4.028588500509561709e+04
3.936999999999999745e-06 3.966508661879753345e+04
4.142000000000000323e-06 3.960791933435360261e+04
4.357999999999999610e-06 3.919959801104699727e+04
4.585000000000000147e-06 3.935595550013003231e+04
4.823999999999999892e-06 3.921678899781966174e+04
5.074999999999999691e-06 3.944339385193899943e+04
5.339000000000000043e-06 3.948561336487481458e+04
5.616999999999999753e-06 3.977657048530952306e+04
5.908999999999999668e-06 3.997224916659711016e+04
6.216999999999999938e-06 4.034195991375600715e+04
6.540999999999999716e-06 4.065823913893737335e+04
6.880999999999999848e-06 4.102382819062005728e+04
7.240000000000000138e-06 4.146336157517426182e+04
7.617000000000000086e-06 4.174353636494791863e+04
8.012999999999999344e-06 4.226298746609780937e+04
8.430000000000000603e-06 4.252590157271778298e+04
8.868999999999999280e-06 4.302058971998158086e+04
9.330999999999999261e-06 4.333277321112973004e+04
9.816999999999999351e-06 4.383654290715703246e+04
1.032999999999999935e-05 4.413818094147159718e+04
1.086999999999999926e-05 4.453416875663153041e+04
1.143000000000000068e-05 4.485280694539296383e+04
1.203000000000000002e-05 4.518922566099670803e+04
1.264999999999999916e-05 4.540602750814318279e+04
1.330999999999999962e-05 4.575846838244741957e+04
1.400999999999999969e-05 4.589285947343018779e+04
1.472999999999999958e-05 4.615689737972459989e+04
1.550000000000000068e-05 4.625493456131150015e+04
1.631000000000000139e-05 4.640661235852156824e+04
1.715999999999999833e-05 4.643626178802743379e+04
1.805000000000000167e-05 4.649018760985321569e+04
1.898999999999999945e-05 4.645585302120380220e+04
1.997999999999999844e-05 4.644795789424612303e+04
2.101999999999999865e-05 4.632348749865913851e+04
2.212000000000000167e-05 4.624033203047698771e+04
2.326999999999999913e-05 4.603492747837805655e+04
2.447999999999999940e-05 4.592882687584024097e+04
2.574999999999999910e-05 4.565230599424309185e+04
2.708999999999999982e-05 4.543728283366355026e+04
2.850000000000000157e-05 4.511873019827129610e+04
2.998999999999999916e-05 4.478440100396699563e+04
3.155000000000000117e-05 4.445437118396545702e+04
3.318999999999999902e-05 4.404740085858281964e+04
3.491999999999999770e-05 4.363700018193401047e+04
3.673999999999999722e-05 4.313903114935106714e+04
3.864999999999999756e-05 4.262283757446288655e+04
4.066000000000000034e-05 4.207763518754960387e+04
4.278000000000000037e-05 4.148177850284321903e+04
4.500999999999999766e-05 4.082051553483048338e+04
4.734999999999999897e-05 4.020498218635414378e+04
4.982000000000000073e-05 3.949700705008872319e+04
5.241000000000000134e-05 3.883959368736534816e+04
5.513999999999999723e-05 3.807201244820222928e+04
5.801000000000000194e-05 3.739791425234069175e+04
6.102999999999999674e-05 3.663147053394571412e+04
6.420999999999999679e-05 3.592104912645542936e+04
6.755999999999999690e-05 3.516197040818180540e+04
7.106999999999999548e-05 3.439881434134437586e+04
7.477000000000000410e-05 3.364540808113848470e+04
7.867000000000000403e-05 3.285493975527672592e+04
8.276000000000000045e-05 3.209597807321143773e+04
8.707000000000000492e-05 3.125957266355797765e+04
9.160999999999999872e-05 3.048203398676337383e+04
9.637999999999999541e-05 2.960550470562902046e+04
1.013999999999999982e-04 2.882824932095174881e+04
1.067000000000000050e-04 2.791984308352748121e+04
1.122000000000000032e-04 2.712407256607099407e+04
1.180999999999999975e-04 2.622990032558582971e+04
1.242000000000000103e-04 2.543851773147208951e+04
1.307000000000000056e-04 2.458843274672947882e+04
1.375000000000000083e-04 2.383272167700136924e+04
1.446999999999999936e-04 2.305473758355162863e+04
1.522000000000000132e-04 2.234044980352925631e+04
1.600999999999999884e-04 2.163709980387282485e+04
1.684000000000000004e-04 2.097602126015922840e+04
1.771999999999999975e-04 2.032089979233230042e+04
1.864000000000000043e-04 1.970988186832977954e+04
1.960999999999999961e-04 1.910804958413386339e+04
2.064000000000000025e-04 1.852915534091405425e+04
2.170999999999999916e-04 1.796132440085623966e+04
2.283999999999999952e-04 1.740799836318458983e+04
2.403000000000000134e-04 1.685542901336938667e+04
2.528000000000000191e-04 1.631263145102208910e+04
2.660000000000000146e-04 1.577241791159401691e+04
2.798000000000000248e-04 1.524721157553862759e+04
2.944000000000000002e-04 1.474968516652531616e+04
3.096999999999999927e-04 1.428086431574858034e+04
3.259000000000000070e-04 1.385830903176379252e+04
3.427999999999999841e-04 1.349281336928313067e+04
3.606999999999999855e-04 1.316793493467107692e+04
3.795000000000000088e-04 1.290662891561636025e+04
3.991999999999999997e-04 1.267866919826242520e+04
4.200000000000000174e-04 1.250162140104083301e+04
4.419000000000000076e-04 1.235763354211017577e+04
4.649000000000000246e-04 1.225032654978043138e+04
4.891000000000000165e-04 1.216431840590155480e+04
5.144999999999999834e-04 1.209886196796843615e+04
5.412999999999999843e-04 1.204741901034119292e+04
5.695000000000000192e-04 1.198319055064104214e+04
5.992000000000000364e-04 1.193122360562222093e+04
6.304000000000000358e-04 1.183752206932408262e+04
6.631999999999999658e-04 1.176814312471363155e+04
6.976999999999999912e-04 1.166173536247596348e+04
7.341000000000000086e-04 1.159838584278337112e+04
7.722999999999999613e-04 1.154105243535747104e+04
8.124999999999999627e-04 1.153897088605466706e+04
8.547999999999999609e-04 1.158999156000201947e+04
8.993000000000000126e-04 1.168540656032059997e+04
9.460999999999999575e-04 1.185227070573649326e+04
9.954000000000000174e-04 1.203800204693163687e+04
1.046999999999999971e-03 1.228883518205997279e+04
1.101999999999999898e-03 1.255264701192178109e+04
1.159000000000000091e-03 1.284976815749663001e+04
1.219000000000000031e-03 1.315448729677204938e+04
1.283000000000000069e-03 1.346287280214722341e+04
1.350000000000000071e-03 1.376978713220344071e+04
1.420000000000000038e-03 1.403044834399142565e+04
1.494000000000000102e-03 1.427452869790284785e+04
1.572000000000000047e-03 1.444539219462944311e+04
1.654000000000000088e-03 1.458853354385638340e+04
1.740000000000000010e-03 1.468599020607716375e+04
1.830000000000000029e-03 1.476080938566400437e+04
1.925999999999999978e-03 1.487428814973102089e+04
2.026000000000000023e-03 1.498720891723600289e+04
2.131000000000000082e-03 1.519884110999503901e+04
2.242000000000000069e-03 1.543573165784844423e+04
2.358999999999999986e-03 1.576441819751164985e+04
2.481999999999999831e-03 1.612711876832315102e+04
2.611000000000000040e-03 1.652673528239907682e+04
2.746999999999999876e-03 1.699007763298770806e+04
2.890000000000000208e-03 1.742130068127435879e+04
3.040999999999999866e-03 1.793374893183592212e+04
3.199000000000000021e-03 1.836843647186362796e+04
3.366000000000000068e-03 1.885255728700024702e+04
3.540999999999999877e-03 1.924386929449468880e+04
3.725000000000000012e-03 1.959632731436392714e+04
3.918999999999999741e-03 1.985772233365767534e+04
4.122999999999999929e-03 1.999613037845783037e+04
4.337999999999999842e-03 2.008672345905693510e+04
4.564000000000000348e-03 2.004952371784007119e+04
4.800999999999999712e-03 2.002355024834451251e+04
5.050999999999999934e-03 1.998507731100733872e+04
5.314000000000000147e-03 1.998399807238968060e+04
5.590999999999999616e-03 2.009059835009782910e+04
5.882000000000000076e-03 2.015293474350785255e+04
6.187999999999999924e-03 2.036518083096331247e+04
6.511000000000000294e-03 2.029651026321753670e+04
6.850000000000000186e-03 2.032504677379009445e+04
7.205999999999999732e-03 1.984349058465614507e+04
7.582000000000000198e-03 1.927867046890964775e+04
7.976000000000000451e-03 1.815017108624457614e+04
8.392000000000000154e-03 1.677029544576901390e+04
8.829000000000000042e-03 1.503950455625331597e+04
9.287999999999999381e-03 1.304173448547293083e+04
9.771999999999999437e-03 1.103626809950408642e+04
1.027999999999999921e-02 9.003461739274000138e+03
1.081999999999999976e-02 7.117094063358415042e+03
1.137999999999999949e-02 5.564536147485080619e+03
1.196999999999999974e-02 4.125526494121569158e+03
1.260000000000000009e-02 3.145199649999820849e+03
1.324999999999999963e-02 2.200812182113960262e+03
1.393999999999999927e-02 1.699487151088970222e+03
1.467000000000000075e-02 1.184061793218143521e+03
1.542999999999999927e-02 9.129573085237518626e+02
1.623000000000000137e-02 6.560879937051211073e+02
1.708000000000000143e-02 4.829070817923581558e+02
1.796999999999999986e-02 3.323728472765389483e+02
1.890000000000000013e-02 2.268688525079580245e+02
1.989000000000000143e-02 1.417028694588499320e+02
2.092000000000000109e-02 8.454699494777048585e+01
2.200999999999999832e-02 5.126992628686893738e+01
2.316000000000000003e-02 2.689943133637401829e+01
2.436999999999999930e-02 1.678641231486525598e+01
2.563000000000000000e-02 8.502482163580921792e+00
2.697000000000000092e-02 5.210431277269839789e+00
2.836999999999999938e-02 2.225354001824119798e+00
2.985000000000000153e-02 1.341273577173911047e+00
3.139999999999999736e-02 4.361511844067751942e-01
3.303999999999999992e-02 2.690286501176520906e-01
3.475999999999999923e-02 9.689926809190568813e-02
3.656999999999999834e-02 4.860036398195315133e-02
3.846999999999999725e-02 1.773855878850272641e-02
4.048000000000000209e-02 6.604198099349733661e-03
4.259000000000000286e-02 2.546731020388632617e-03
4.479999999999999954e-02 6.971947053028994647e-04
4.714000000000000135e-02 2.888983796609605453e-04
4.959000000000000213e-02 5.677919150673424415e-05
5.217000000000000109e-02 2.517908665884824307e-05
5.489000000000000129e-02 3.248524759701237010e-06
5.775000000000000272e-02 1.540370354632969016e-06
6.074999999999999845e-02 1.391005852810977032e-07
6.392000000000000459e-02 6.976096793328187646e-08
6.723999999999999422e-02 3.600229229168418546e-09
7.074999999999999345e-02 1.911384434833689214e-09
7.442999999999999616e-02 1.445881720493346477e-10
7.829999999999999460e-02 3.667922765957719534e-11
8.237999999999999490e-02 6.192384387657538752e-12
8.666999999999999704e-02 4.211169073710152784e-13
9.117999999999999716e-02 1.044707375602167238e-13
9.593000000000000138e-02 2.577866149960349209e-15
1.009000000000000036e-01 8.237931082285139864e-16
1.062000000000000027e-01 1.029582916395953455e-17
1.116999999999999937e-01 3.863646426654263369e-18
1.174999999999999933e-01 1.810210100217987178e-20
1.236000000000000015e-01 7.716291745694068179e-21
1.300999999999999934e-01 1.650397582968601393e-23
1.368999999999999939e-01 7.642384349888584293e-24
1.439999999999999891e-01 7.826646762314726130e-27
1.514999999999999958e-01 3.931408665711292236e-27
1.593999999999999861e-01 1.203675538190152218e-30
1.676999999999999880e-01 6.436959796336926483e-31
1.764000000000000012e-01 5.673572840199445217e-32
1.855999999999999872e-01 4.787749649637339266e-35
1.952000000000000124e-01 9.216413098745130103e-36
2.053999999999999992e-01 1.153439321847897347e-39
2.160999999999999865e-01 3.109874697034477845e-40
2.273999999999999910e-01 7.357720412682710724e-45
2.391999999999999960e-01 2.477079687913895048e-45
2.516999999999999793e-01 1.185020137337866345e-50
2.647999999999999798e-01 4.629803277714035375e-51
2.785000000000000253e-01 4.179527776201429098e-57
2.929999999999999827e-01 1.840641813484443301e-57
3.083000000000000185e-01 2.439699622533015852e-64
3.244000000000000217e-01 1.168028513798772575e-64
3.412000000000000033e-01 2.098572595914792744e-72
3.589999999999999858e-01 1.081779064861870242e-72
3.776999999999999802e-01 1.357522626461715652e-74
3.973999999999999755e-01 1.438653252733756745e-81
4.181000000000000272e-01 1.828674982803036019e-82
4.398000000000000242e-01 1.520691882171033343e-91
4.627000000000000002e-01 3.371593046263364907e-92
4.868000000000000105e-01 1.118348802247350221e-102
5.121999999999999886e-01 3.299285606221056095e-103
5.387999999999999456e-01 4.813719139818814710e-115
5.668999999999999595e-01 1.722539902584840794e-115
5.964000000000000412e-01 7.707608460223312862e-129
6.274999999999999467e-01 3.160107892555470060e-129
6.601000000000000201e-01 2.936236273232963511e-144
6.945000000000000062e-01 1.337228212881700091e-144
7.307000000000000162e-01 1.951342232372510222e-161
7.687000000000000499e-01 9.652435498503557839e-162
8.087999999999999634e-01 1.628187158379143018e-180
8.508999999999999897e-01 8.594195782895367069e-181
8.951999999999999957e-01 5.047810316781879366e-182
9.417999999999999705e-01 3.844362444114537331e-202
9.908000000000000140e-01 6.380187405134023932e-203
1.042000000000000037e+00 7.147359648968944383e-226
1.096999999999999975e+00 1.751726235697775959e-226
1.153999999999999915e+00 2.910407019585670514e-252
1.213999999999999968e+00 9.309962747412636173e-253
1.276999999999999913e+00 9.568580862713047816e-282
1.344000000000000083e+00 3.584608420460448021e-282
1.413999999999999924e+00 1.130641211550851413e-314
1.487000000000000099e+00 4.871455119143116036e-315
1.564999999999999947e+00 0.000000000000000000e+00
1.645999999999999908e+00 0.000000000000000000e+00
1.731999999999999984e+00 0.000000000000000000e+00
1.822000000000000064e+00 0.000000000000000000e+00
1.917000000000000037e+00 0.000000000000000000e+00
2.016999999999999904e+00 0.000000000000000000e+00
2.121999999999999886e+00 0.000000000000000000e+00
2.232000000000000206e+00 0.000000000000000000e+00
2.347999999999999865e+00 0.000000000000000000e+00
2.470000000000000195e+00 0.000000000000000000e+00
2.599000000000000199e+00 0.000000000000000000e+00
2.733999999999999986e+00 0.000000000000000000e+00
2.876999999999999780e+00 0.000000000000000000e+00
3.027000000000000135e+00 0.000000000000000000e+00
3.184000000000000163e+00 0.000000000000000000e+00
3.350000000000000089e+00 0.000000000000000000e+00
3.524000000000000021e+00 0.000000000000000000e+00
3.708000000000000185e+00 0.000000000000000000e+00
3.900999999999999801e+00 0.000000000000000000e+00
4.104000000000000092e+00 0.000000000000000000e+00
4.317999999999999616e+00 0.000000000000000000e+00
4.543000000000000149e+00 0.000000000000000000e+00
4.778999999999999915e+00 0.000000000000000000e+00
5.027999999999999581e+00 0.000000000000000000e+00
5.290000000000000036e+00 0.000000000000000000e+00
5.565000000000000391e+00 0.000000000000000000e+00
5.855000000000000426e+00 0.000000000000000000e+00
6.160000000000000142e+00 0.000000000000000000e+00
6.480999999999999872e+00 0.000000000000000000e+00
6.817999999999999616e+00 0.000000000000000000e+00
7.173000000000000043e+00 0.000000000000000000e+00
7.546999999999999709e+00 0.000000000000000000e+00
7.940000000000000391e+00 0.000000000000000000e+00
8.352999999999999758e+00 0.000000000000000000e+00
8.788000000000000256e+00 0.000000000000000000e+00
9.246000000000000441e+00 0.000000000000000000e+00
9.727000000000000313e+00 0.000000000000000000e+00
1.023000000000000043e+01 0.000000000000000000e+00
1.076999999999999957e+01 0.000000000000000000e+00
1.133000000000000007e+01 0.000000000000000000e+00
1.191999999999999993e+01 0.000000000000000000e+00
1.253999999999999915e+01 0.000000000000000000e+00
1.318999999999999950e+01 0.000000000000000000e+00
1.388000000000000078e+01 0.000000000000000000e+00
1.459999999999999964e+01 0.000000000000000000e+00
1.535999999999999943e+01 0.000000000000000000e+00
1.616000000000000014e+01 0.000000000000000000e+00
1.700000000000000000e+01 0.000000000000000000e+00
1.789000000000000057e+01 0.000000000000000000e+00
1.882000000000000028e+01 0.000000000000000000e+00
1.980000000000000071e+01 0.000000000000000000e+00
2.082999999999999829e+01 0.000000000000000000e+00
2.191000000000000014e+01 0.000000000000000000e+00
2.305000000000000071e+01 0.000000000000000000e+00
2.425000000000000000e+01 0.000000000000000000e+00
2.551999999999999957e+01 0.000000000000000000e+00
2.683999999999999986e+01 0.000000000000000000e+00
2.823999999999999844e+01 0.000000000000000000e+00
2.971000000000000085e+01 0.000000000000000000e+00
3.126000000000000156e+01 0.000000000000000000e+00
3.289000000000000057e+01 0.000000000000000000e+00
3.460000000000000142e+01 0.000000000000000000e+00
3.639999999999999858e+01 0.000000000000000000e+00
3.829999999999999716e+01 0.000000000000000000e+00
4.028999999999999915e+01 0.000000000000000000e+00
4.239000000000000057e+01 0.000000000000000000e+00
4.460000000000000142e+01 0.000000000000000000e+00
4.692000000000000171e+01 0.000000000000000000e+00
4.935999999999999943e+01 0.000000000000000000e+00
5.192999999999999972e+01 0.000000000000000000e+00
5.464000000000000057e+01 0.000000000000000000e+00
5.747999999999999687e+01 0.000000000000000000e+00
6.046999999999999886e+01 0.000000000000000000e+00
6.361999999999999744e+01 0.000000000000000000e+00
6.693000000000000682e+01 0.000000000000000000e+00
7.042000000000000171e+01 0.000000000000000000e+00
7.409000000000000341e+01 0.000000000000000000e+00
7.793999999999999773e+01 0.000000000000000000e+00
8.200000000000000000e+01 0.000000000000000000e+00
8.626999999999999602e+01 0.000000000000000000e+00
9.076000000000000512e+01 0.000000000000000000e+00
9.548999999999999488e+01 0.000000000000000000e+00
1.005000000000000000e+02 0.000000000000000000e+00
1.057000000000000028e+02 0.000000000000000000e+00
1.112000000000000028e+02 0.000000000000000000e+00
1.170000000000000000e+02 0.000000000000000000e+00
1.230999999999999943e+02 0.000000000000000000e+00
1.295000000000000000e+02 0.000000000000000000e+00
1.361999999999999886e+02 0.000000000000000000e+00
1.433000000000000114e+02 0.000000000000000000e+00
1.508000000000000114e+02 0.000000000000000000e+00
1.585999999999999943e+02 0.000000000000000000e+00
1.669000000000000057e+02 0.000000000000000000e+00
1.755999999999999943e+02 0.000000000000000000e+00
1.846999999999999886e+02 0.000000000000000000e+00
1.943000000000000114e+02 0.000000000000000000e+00
2.045000000000000000e+02 0.000000000000000000e+00
2.150999999999999943e+02 0.000000000000000000e+00
2.263000000000000114e+02 0.000000000000000000e+00
2.380999999999999943e+02 0.000000000000000000e+00
2.505000000000000000e+02 0.000000000000000000e+00
2.635000000000000000e+02 0.000000000000000000e+00
2.773000000000000114e+02 0.000000000000000000e+00
2.916999999999999886e+02 0.000000000000000000e+00
3.068999999999999773e+02 0.000000000000000000e+00
3.228999999999999773e+02 0.000000000000000000e+00
3.396999999999999886e+02 0.000000000000000000e+00
3.573999999999999773e+02 0.000000000000000000e+00
3.760000000000000000e+02 0.000000000000000000e+00
3.955000000000000000e+02 0.000000000000000000e+00
4.161000000000000227e+02 0.000000000000000000e+00
4.378000000000000114e+02 0.000000000000000000e+00
4.606000000000000227e+02 0.000000000000000000e+00
4.846000000000000227e+02 0.000000000000000000e+00
5.098000000000000114e+02 0.000000000000000000e+00
5.363999999999999773e+02 0.000000000000000000e+00
5.642999999999999545e+02 0.000000000000000000e+00
5.937000000000000455e+02 0.000000000000000000e+00
6.246000000000000227e+02 0.000000000000000000e+00
6.571000000000000227e+02 0.000000000000000000e+00
6.912999999999999545e+02 0.000000000000000000e+00
7.272999999999999545e+02 0.000000000000000000e+00
7.652000000000000455e+02 0.000000000000000000e+00
8.050000000000000000e+02 0.000000000000000000e+00
8.468999999999999773e+02 0.000000000000000000e+00
8.910000000000000000e+02 0.000000000000000000e+00
9.373999999999999773e+02 0.000000000000000000e+00
9.862999999999999545e+02 0.000000000000000000e+00
1.038000000000000000e+03 0.000000000000000000e+00
1.092000000000000000e+03 0.000000000000000000e+00
1.148000000000000000e+03 0.000000000000000000e+00
1.208000000000000000e+03 0.000000000000000000e+00
1.271000000000000000e+03 0.000000000000000000e+00
1.337000000000000000e+03 0.000000000000000000e+00
1.407000000000000000e+03 0.000000000000000000e+00
1.480000000000000000e+03 0.000000000000000000e+00
1.557000000000000000e+03 0.000000000000000000e+00
1.638000000000000000e+03 0.000000000000000000e+00
1.724000000000000000e+03 0.000000000000000000e+00
1.814000000000000000e+03 0.000000000000000000e+00
1.908000000000000000e+03 0.000000000000000000e+00
2.007000000000000000e+03 0.000000000000000000e+00
2.112000000000000000e+03 0.000000000000000000e+00
2.222000000000000000e+03 0.000000000000000000e+00
2.337000000000000000e+03 0.000000000000000000e+00
2.459000000000000000e+03 0.000000000000000000e+00
2.587000000000000000e+03 0.000000000000000000e+00
2.722000000000000000e+03 0.000000000000000000e+00
2.864000000000000000e+03 0.000000000000000000e+00
3.013000000000000000e+03 0.000000000000000000e+00
3.170000000000000000e+03 0.000000000000000000e+00
3.335000000000000000e+03 0.000000000000000000e+00
3.508000000000000000e+03 0.000000000000000000e+00
3.691000000000000000e+03 0.000000000000000000e+00
3.883000000000000000e+03 0.000000000000000000e+00
4.085000000000000000e+03 0.000000000000000000e+00
4.298000000000000000e+03 0.000000000000000000e+00
4.522000000000000000e+03 0.000000000000000000e+00
4.757000000000000000e+03 0.000000000000000000e+00
5.005000000000000000e+03 0.000000000000000000e+00
5.266000000000000000e+03 0.000000000000000000e+00
5.540000000000000000e+03 0.000000000000000000e+00
5.828000000000000000e+03 0.000000000000000000e+00
6.132000000000000000e+03 0.000000000000000000e+00
6.451000000000000000e+03 0.000000000000000000e+00
6.787000000000000000e+03 0.000000000000000000e+00
7.140000000000000000e+03 0.000000000000000000e+00
7.512000000000000000e+03 0.000000000000000000e+00
7.903000000000000000e+03 0.000000000000000000e+00
8.315000000000000000e+03 0.000000000000000000e+00
8.748000000000000000e+03 0.000000000000000000e+00
9.203000000000000000e+03 0.000000000000000000e+00
9.682000000000000000e+03 0.000000000000000000e+00
1.019000000000000000e+04 0.000000000000000000e+00
1.072000000000000000e+04 0.000000000000000000e+00
1.127000000000000000e+04 0.000000000000000000e+00
1.186000000000000000e+04 0.000000000000000000e+00
1.248000000000000000e+04 0.000000000000000000e+00
1.313000000000000000e+04 0.000000000000000000e+00
1.381000000000000000e+04 0.000000000000000000e+00
1.453000000000000000e+04 0.000000000000000000e+00
1.529000000000000000e+04 0.000000000000000000e+00
1.608000000000000000e+04 0.000000000000000000e+00
1.692000000000000000e+04 0.000000000000000000e+00
1.780000000000000000e+04 0.000000000000000000e+00
1.873000000000000000e+04 0.000000000000000000e+00
1.971000000000000000e+04 0.000000000000000000e+00
2.073000000000000000e+04 0.000000000000000000e+00
2.181000000000000000e+04 0.000000000000000000e+00
2.295000000000000000e+04 0.000000000000000000e+00
2.414000000000000000e+04 0.000000000000000000e+00
2.540000000000000000e+04 0.000000000000000000e+00
2.672000000000000000e+04 0.000000000000000000e+00
2.811000000000000000e+04 0.000000000000000000e+00
2.958000000000000000e+04 0.000000000000000000e+00
3.112000000000000000e+04 0.000000000000000000e+00
3.274000000000000000e+04 0.000000000000000000e+00
3.444000000000000000e+04 0.000000000000000000e+00
3.623000000000000000e+04 0.000000000000000000e+00
3.812000000000000000e+04 0.000000000000000000e+00
4.011000000000000000e+04 0.000000000000000000e+00
4.219000000000000000e+04 0.000000000000000000e+00
4.439000000000000000e+04 0.000000000000000000e+00
4.670000000000000000e+04 0.000000000000000000e+00
4.913000000000000000e+04 0.000000000000000000e+00
5.169000000000000000e+04 0.000000000000000000e+00
5.438000000000000000e+04 0.000000000000000000e+00
5.722000000000000000e+04 0.000000000000000000e+00
6.019000000000000000e+04 0.000000000000000000e+00
6.333000000000000000e+04 0.000000000000000000e+00
6.663000000000000000e+04 0.000000000000000000e+00
7.010000000000000000e+04 0.000000000000000000e+00
7.375000000000000000e+04 0.000000000000000000e+00
7.759000000000000000e+04 0.000000000000000000e+00
8.163000000000000000e+04 0.000000000000000000e+00
8.588000000000000000e+04 0.000000000000000000e+00
9.035000000000000000e+04 0.000000000000000000e+00
9.505000000000000000e+04 0.000000000000000000e+00
1.000000000000000000e+05 0.000000000000000000e+00
