9.999999999999999547e-07 1.027199612892914437e+22
1.052000000000000050e-06 9.828114287379244646e+21
1.106999999999999947e-06 9.322651488881392746e+21
1.163999999999999994e-06 8.939499192908602409e+21
1.224999999999999918e-06 8.499824718133986329e+21
1.289000000000000068e-06 8.174038382703919759e+21
1.356000000000000019e-06 7.826447635337473688e+21
1.427000000000000059e-06 7.544562871321992626e+21
1.500999999999999901e-06 7.275702694335403262e+21
1.579000000000000044e-06 7.041539111679601672e+21
1.661000000000000064e-06 6.843094535651351069e+21
1.748000000000000035e-06 6.654592701887805391e+21
1.839000000000000096e-06 6.523120334457455772e+21
1.935000000000000108e-06 6.382502265866944512e+21
2.034999999999999998e-06 6.293610660106947527e+21
2.140999999999999915e-06 6.195146509528223187e+21
2.252999999999999859e-06 6.144866845451696996e+21
2.370000000000000179e-06 6.082287905971817677e+21
2.493000000000000102e-06 6.058751631911151469e+21
2.623000000000000128e-06 6.028338022305280033e+21
2.759999999999999833e-06 6.022300038989008077e+21
2.904000000000000063e-06 6.019050596217980453e+21
3.054999999999999973e-06 6.030519817859892249e+21
3.214000000000000060e-06 6.049624050831908143e+21
3.380999999999999901e-06 6.062731334325170602e+21
3.556999999999999995e-06 6.104689492496855597e+21
3.741999999999999917e-06 6.121502210894931689e+21
3.936999999999999745e-06 6.170222039336003568e+21
4.142000000000000323e-06 6.197872476705345503e+21
4.357999999999999610e-06 6.243937307094066135e+21
4.585000000000000147e-06 6.279124268759631528e+21
4.823999999999999892e-06 6.327916494613384266e+21
5.074999999999999691e-06 6.364564541224928674e+21
5.339000000000000043e-06 6.404641778036932346e+21
5.616999999999999753e-06 6.441795894840063427e+21
5.908999999999999668e-06 6.477229265519334392e+21
6.216999999999999938e-06 6.509604348576685621e+21
6.540999999999999716e-06 6.538158141528060461e+21
6.880999999999999848e-06 6.566899167434257727e+21
7.240000000000000138e-06 6.582662681745305895e+21
7.617000000000000086e-06 6.604562357304217829e+21
8.012999999999999344e-06 6.611050491993157272e+21
8.430000000000000603e-06 6.620160628364357403e+21
8.868999999999999280e-06 6.619164931010738520e+21
9.330999999999999261e-06 6.619370148011846926e+21
9.816999999999999351e-06 6.615787689205819245e+21
1.032999999999999935e-05 6.603730501731105112e+21
1.086999999999999926e-05 6.589924623994238009e+21
1.143000000000000068e-05 6.569927859439713386e+21
1.203000000000000002e-05 6.548233945334764536e+21
1.264999999999999916e-05 6.520642001265117626e+21
1.330999999999999962e-05 6.486195953591986946e+21
1.400999999999999969e-05 6.445526036219179303e+21
1.472999999999999958e-05 6.400953150973823418e+21
1.550000000000000068e-05 6.352597815520177160e+21
1.631000000000000139e-05 6.297973743007175803e+21
1.715999999999999833e-05 6.237585616030952063e+21
1.805000000000000167e-05 6.170566224962468708e+21
1.898999999999999945e-05 6.098794626466614084e+21
1.997999999999999844e-05 6.022391056095282987e+21
2.101999999999999865e-05 5.944863867154247713e+21
2.212000000000000167e-05 5.856904301502483399e+21
2.326999999999999913e-05 5.776744302152537604e+21
2.447999999999999940e-05 5.686241197780118798e+21
2.574999999999999910e-05 5.600433460660002619e+21
2.708999999999999982e-05 5.504803248769327956e+21
2.850000000000000157e-05 5.414096850928743219e+21
2.998999999999999916e-05 5.315808184347303870e+21
3.155000000000000117e-05 5.220232081215941771e+21
3.318999999999999902e-05 5.118281372926946050e+21
3.491999999999999770e-05 5.015277458196318388e+21
3.673999999999999722e-05 4.909369937627069809e+21
3.864999999999999756e-05 4.799921337243586789e+21
4.066000000000000034e-05 4.691425999607175840e+21
4.278000000000000037e-05 4.574163209428186169e+21
4.500999999999999766e-05 4.461390618217123676e+21
4.734999999999999897e-05 4.339946399606774956e+21
4.982000000000000073e-05 4.228445287630069301e+21
5.241000000000000134e-05 4.109540932483802464e+21
5.513999999999999723e-05 3.999949501077807170e+21
5.801000000000000194e-05 3.887586158432792084e+21
6.102999999999999674e-05 3.781752787892886831e+21
6.420999999999999679e-05 3.676151693217751892e+21
6.755999999999999690e-05 3.575196872121474089e+21
7.106999999999999548e-05 3.476738435604462174e+21
7.477000000000000410e-05 3.379530390580374274e+21
7.867000000000000403e-05 3.285466081629794992e+21
8.276000000000000045e-05 3.191507490527523635e+21
8.707000000000000492e-05 3.101284894706637472e+21
9.160999999999999872e-05 3.008140674158398800e+21
9.637999999999999541e-05 2.919265665130637558e+21
1.013999999999999982e-04 2.826679843412317307e+21
1.067000000000000050e-04 2.737980316658637996e+21
1.122000000000000032e-04 2.648094330180897604e+21
1.180999999999999975e-04 2.562777468598148399e+21
1.242000000000000103e-04 2.481166716515452977e+21
1.307000000000000056e-04 2.404599557252334486e+21
1.375000000000000083e-04 2.335954834016564412e+21
1.446999999999999936e-04 2.272053816228742955e+21
1.522000000000000132e-04 2.217731066564407460e+21
1.600999999999999884e-04 2.166627679823549956e+21
1.684000000000000004e-04 2.125084935353671614e+21
1.771999999999999975e-04 2.084581431695539175e+21
1.864000000000000043e-04 2.052680338078239556e+21
1.960999999999999961e-04 2.020576648499705676e+21
2.064000000000000025e-04 1.994047314108153332e+21
2.170999999999999916e-04 1.967244173850796098e+21
2.283999999999999952e-04 1.941896941200203317e+21
2.403000000000000134e-04 1.915797302903557063e+21
2.528000000000000191e-04 1.887284803001359270e+21
2.660000000000000146e-04 1.860723284079132541e+21
2.798000000000000248e-04 1.831050663770077528e+21
2.944000000000000002e-04 1.807749620257780662e+21
3.096999999999999927e-04 1.785528652574862868e+21
3.259000000000000070e-04 1.772187398081207075e+21
3.427999999999999841e-04 1.765872955795928252e+21
3.606999999999999855e-04 1.766729369734028460e+21
3.795000000000000088e-04 1.777332950257248764e+21
3.991999999999999997e-04 1.790919414521081364e+21
4.200000000000000174e-04 1.815000551922554896e+21
4.419000000000000076e-04 1.838811764188843868e+21
4.649000000000000246e-04 1.871557888387931177e+21
4.891000000000000165e-04 1.901012026486488564e+21
5.144999999999999834e-04 1.935835633254648250e+21
5.412999999999999843e-04 1.965653310176642204e+21
5.695000000000000192e-04 1.994426876823195353e+21
5.992000000000000364e-04 2.017343439422232461e+21
6.304000000000000358e-04 2.032952624981677179e+21
6.631999999999999658e-04 2.045846177596030583e+21
6.976999999999999912e-04 2.051337434135878697e+21
7.341000000000000086e-04 2.059379511285591835e+21
7.722999999999999613e-04 2.068226315099647246e+21
8.124999999999999627e-04 2.083201524773879022e+21
8.547999999999999609e-04 2.107966661369706316e+21
8.993000000000000126e-04 2.137803843383785685e+21
9.460999999999999575e-04 2.179927584421875286e+21
9.954000000000000174e-04 2.223018003231239569e+21
1.046999999999999971e-03 2.276371270949307679e+21
1.101999999999999898e-03 2.329540094725185864e+21
1.159000000000000091e-03 2.386125236673855357e+21
1.219000000000000031e-03 2.441642141061700649e+21
1.283000000000000069e-03 2.493303577159741735e+21
1.350000000000000071e-03 2.542366254316406178e+21
1.420000000000000038e-03 2.577106389686308307e+21
1.494000000000000102e-03 2.605566976583861797e+21
1.572000000000000047e-03 2.613612350722749759e+21
1.654000000000000088e-03 2.612676720588607717e+21
1.740000000000000010e-03 2.597380582251106402e+21
1.830000000000000029e-03 2.573653368201230156e+21
1.925999999999999978e-03 2.552747515461185307e+21
2.026000000000000023e-03 2.527505760186347815e+21
2.131000000000000082e-03 2.518616699385978290e+21
2.242000000000000069e-03 2.508889122353824399e+21
2.358999999999999986e-03 2.513933997367547658e+21
2.481999999999999831e-03 2.519191987985497719e+21
2.611000000000000040e-03 2.527990756972150391e+21
2.746999999999999876e-03 2.541505650440922464e+21
2.890000000000000208e-03 2.543319563848635646e+21
3.040999999999999866e-03 2.552891638065334845e+21
3.199000000000000021e-03 2.540550574738575458e+21
3.366000000000000068e-03 2.528661653804036915e+21
3.540999999999999877e-03 2.490202804737184104e+21
3.725000000000000012e-03 2.434125858224668672e+21
3.918999999999999741e-03 2.349753693087895912e+21
4.122999999999999929e-03 2.230351254734690583e+21
4.337999999999999842e-03 2.091087073015887561e+21
4.564000000000000348e-03 1.916983240883067683e+21
4.800999999999999712e-03 1.738041866815726682e+21
5.050999999999999934e-03 1.549794952555236426e+21
5.314000000000000147e-03 1.370052277651436208e+21
5.590999999999999616e-03 1.207372300879847227e+21
5.882000000000000076e-03 1.060079347734977577e+21
6.187999999999999924e-03 9.362635428981474591e+20
6.511000000000000294e-03 8.232281912559849964e+20
6.850000000000000186e-03 7.283220823308225741e+20
7.205999999999999732e-03 6.384649661625907282e+20
7.582000000000000198e-03 5.544657612718987674e+20
7.976000000000000451e-03 4.704916992653618053e+20
8.392000000000000154e-03 3.912136625166337966e+20
8.829000000000000042e-03 3.148123098074858783e+20
9.287999999999999381e-03 2.457551594930185175e+20
9.771999999999999437e-03 1.889066446818786017e+20
1.027999999999999921e-02 1.376208073979482276e+20
1.081999999999999976e-02 1.030896428341775237e+20
1.137999999999999949e-02 7.123844301666906931e+19
1.196999999999999974e-02 5.424167104823710515e+19
1.260000000000000009e-02 3.754556479622832947e+19
1.324999999999999963e-02 2.878628301221723750e+19
1.393999999999999927e-02 2.061866099973948211e+19
1.467000000000000075e-02 1.515125104789908480e+19
1.542999999999999927e-02 1.045790608474837197e+19
1.623000000000000137e-02 7.114425496745709568e+18
1.708000000000000143e-02 4.448381893705607168e+18
1.796999999999999986e-02 2.644887867959563264e+18
1.890000000000000013e-02 1.603009719826124544e+18
1.989000000000000143e-02 8.439885508004051200e+17
2.092000000000000109e-02 5.275179092464943360e+17
2.200999999999999832e-02 2.679328013984659840e+17
2.316000000000000003e-02 1.631763004105290560e+17
2.436999999999999930e-02 7.024773005588986400e+16
2.563000000000000000e-02 4.177050056489193600e+16
2.697000000000000092e-02 1.381422690127843600e+16
2.836999999999999938e-02 8.409939098342860000e+15
2.985000000000000153e-02 3.061771365789437500e+15
3.139999999999999736e-02 1.523571821963902500e+15
3.303999999999999992e-02 5.557569378914101875e+14
3.475999999999999923e-02 2.075095829990692500e+14
3.656999999999999834e-02 7.952035080744909375e+13
3.846999999999999725e-02 2.198585862812594922e+13
4.048000000000000209e-02 8.964831449990218750e+12
4.259000000000000286e-02 1.793795962579447266e+12
4.479999999999999954e-02 7.773289842715040283e+11
4.714000000000000135e-02 1.030469328873037872e+11
4.959000000000000213e-02 4.743098989592315674e+10
5.217000000000000109e-02 4.430337127127813339e+09
5.489000000000000129e-02 2.139370315079794407e+09
5.775000000000000272e-02 1.148932094185956568e+08
6.074999999999999845e-02 5.883687627252566069e+07
6.392000000000000459e-02 4.509331896772895008e+06
6.723999999999999422e-02 1.136442236061928794e+06
7.074999999999999345e-02 1.898602721769275086e+05
7.442999999999999616e-02 1.313411603652201666e+04
7.829999999999999460e-02 3.196977939565055749e+03
8.237999999999999490e-02 8.092880582643529408e+01
8.666999999999999704e-02 2.506284617953052063e+01
9.117999999999999716e-02 3.257295628466106985e-01
9.593000000000000138e-02 1.177648885792718231e-01
1.009000000000000036e-01 5.740272309072855456e-04
1.062000000000000027e-01 2.331047873230748552e-04
1.116999999999999937e-01 5.262124768678033401e-07
1.174999999999999933e-01 2.358607668915897341e-07
1.236000000000000015e-01 2.510098558600143786e-10
1.300999999999999934e-01 1.200408671403479376e-10
1.368999999999999939e-01 3.848459938180598575e-14
1.439999999999999891e-01 1.983292465618490417e-14
1.514999999999999958e-01 1.728339109835715141e-15
1.593999999999999861e-01 1.483788191353995592e-18
1.676999999999999880e-01 2.788999703974142632e-19
1.764000000000000012e-01 3.603249102657934699e-23
1.855999999999999872e-01 9.470987860082254432e-24
1.952000000000000124e-01 2.326948831151681638e-28
2.053999999999999992e-01 7.574015643776664392e-29
2.160999999999999865e-01 3.755602342236664631e-34
2.273999999999999910e-01 1.412072489109526288e-34
2.391999999999999960e-01 1.324406817514877331e-40
2.516999999999999793e-01 5.579779898087797496e-41
2.647999999999999798e-01 7.761768384868716652e-48
2.785000000000000253e-01 3.585008505077109068e-48
2.929999999999999827e-01 6.891312359471722137e-56
3.083000000000000185e-01 3.304153041927374338e-56
3.244000000000000217e-01 4.131151084374013332e-58
3.412000000000000033e-01 4.458247209343895608e-65
3.589999999999999858e-01 5.594794497471217297e-66
3.776999999999999802e-01 1.830621449121719879e-74
3.973999999999999755e-01 1.026169233810360878e-75
4.181000000000000272e-01 1.829024814430608532e-82
4.398000000000000242e-01 1.009411642449757321e-86
4.627000000000000002e-01 3.371594563271369672e-92
4.868000000000000105e-01 5.264805799158307395e-99
5.121999999999999886e-01 3.299285608659159166e-103
5.387999999999999456e-01 9.717453585014687007e-113
5.668999999999999595e-01 1.722539902585773559e-115
5.964000000000000412e-01 4.853429027247953245e-128
6.274999999999999467e-01 3.160107892555470701e-129
6.601000000000000201e-01 3.231133202044752363e-144
6.945000000000000062e-01 1.337228212881700091e-144
7.307000000000000162e-01 1.953980368494632077e-161
7.687000000000000499e-01 9.653978586875387801e-162
8.087999999999999634e-01 1.628199062074336640e-180
8.508999999999999897e-01 8.594215221037260451e-181
8.951999999999999957e-01 5.047810316781879366e-182
9.417999999999999705e-01 3.844362497875035338e-202
9.908000000000000140e-01 6.380187405134023932e-203
1.042000000000000037e+00 7.147359649256059838e-226
1.096999999999999975e+00 1.751726235697775959e-226
1.153999999999999915e+00 2.910407019585780029e-252
1.213999999999999968e+00 9.309962747412636173e-253
1.276999999999999913e+00 9.568580862713047816e-282
1.344000000000000083e+00 3.584608420460448021e-282
1.413999999999999924e+00 1.130641211550851413e-314
1.487000000000000099e+00 4.871455119143116036e-315
1.564999999999999947e+00 0.000000000000000000e+00
1.645999999999999908e+00 0.000000000000000000e+00
1.731999999999999984e+00 0.000000000000000000e+00
1.822000000000000064e+00 0.000000000000000000e+00
1.917000000000000037e+00 0.000000000000000000e+00
2.016999999999999904e+00 0.000000000000000000e+00
2.121999999999999886e+00 0.000000000000000000e+00
2.232000000000000206e+00 0.000000000000000000e+00
2.347999999999999865e+00 0.000000000000000000e+00
2.470000000000000195e+00 0.000000000000000000e+00
2.599000000000000199e+00 0.000000000000000000e+00
2.733999999999999986e+00 0.000000000000000000e+00
2.876999999999999780e+00 0.000000000000000000e+00
3.027000000000000135e+00 0.000000000000000000e+00
3.184000000000000163e+00 0.000000000000000000e+00
3.350000000000000089e+00 0.000000000000000000e+00
3.524000000000000021e+00 0.000000000000000000e+00
3.708000000000000185e+00 0.000000000000000000e+00
3.900999999999999801e+00 0.000000000000000000e+00
4.104000000000000092e+00 0.000000000000000000e+00
4.317999999999999616e+00 0.000000000000000000e+00
4.543000000000000149e+00 0.000000000000000000e+00
4.778999999999999915e+00 0.000000000000000000e+00
5.027999999999999581e+00 0.000000000000000000e+00
5.290000000000000036e+00 0.000000000000000000e+00
5.565000000000000391e+00 0.000000000000000000e+00
5.855000000000000426e+00 0.000000000000000000e+00
6.160000000000000142e+00 0.000000000000000000e+00
6.480999999999999872e+00 0.000000000000000000e+00
6.817999999999999616e+00 0.000000000000000000e+00
7.173000000000000043e+00 0.000000000000000000e+00
7.546999999999999709e+00 0.000000000000000000e+00
7.940000000000000391e+00 0.000000000000000000e+00
8.352999999999999758e+00 0.000000000000000000e+00
8.788000000000000256e+00 0.000000000000000000e+00
9.246000000000000441e+00 0.000000000000000000e+00
9.727000000000000313e+00 0.000000000000000000e+00
1.023000000000000043e+01 0.000000000000000000e+00
1.076999999999999957e+01 0.000000000000000000e+00
1.133000000000000007e+01 0.000000000000000000e+00
1.191999999999999993e+01 0.000000000000000000e+00
1.253999999999999915e+01 0.000000000000000000e+00
1.318999999999999950e+01 0.000000000000000000e+00
1.388000000000000078e+01 0.000000000000000000e+00
1.459999999999999964e+01 0.000000000000000000e+00
1.535999999999999943e+01 0.000000000000000000e+00
1.616000000000000014e+01 0.000000000000000000e+00
1.700000000000000000e+01 0.000000000000000000e+00
1.789000000000000057e+01 0.000000000000000000e+00
1.882000000000000028e+01 0.000000000000000000e+00
1.980000000000000071e+01 0.000000000000000000e+00
2.082999999999999829e+01 0.000000000000000000e+00
2.191000000000000014e+01 0.000000000000000000e+00
2.305000000000000071e+01 0.000000000000000000e+00
2.425000000000000000e+01 0.000000000000000000e+00
2.551999999999999957e+01 0.000000000000000000e+00
2.683999999999999986e+01 0.000000000000000000e+00
2.823999999999999844e+01 0.000000000000000000e+00
2.971000000000000085e+01 0.000000000000000000e+00
3.126000000000000156e+01 0.000000000000000000e+00
3.289000000000000057e+01 0.000000000000000000e+00
3.460000000000000142e+01 0.000000000000000000e+00
3.639999999999999858e+01 0.000000000000000000e+00
3.829999999999999716e+01 0.000000000000000000e+00
4.028999999999999915e+01 0.000000000000000000e+00
4.239000000000000057e+01 0.000000000000000000e+00
4.460000000000000142e+01 0.000000000000000000e+00
4.692000000000000171e+01 0.000000000000000000e+00
4.935999999999999943e+01 0.000000000000000000e+00
5.192999999999999972e+01 0.000000000000000000e+00
5.464000000000000057e+01 0.000000000000000000e+00
5.747999999999999687e+01 0.000000000000000000e+00
6.046999999999999886e+01 0.000000000000000000e+00
6.361999999999999744e+01 0.000000000000000000e+00
6.693000000000000682e+01 0.000000000000000000e+00
7.042000000000000171e+01 0.000000000000000000e+00
7.409000000000000341e+01 0.000000000000000000e+00
7.793999999999999773e+01 0.000000000000000000e+00
8.200000000000000000e+01 0.000000000000000000e+00
8.626999999999999602e+01 0.000000000000000000e+00
9.076000000000000512e+01 0.000000000000000000e+00
9.548999999999999488e+01 0.000000000000000000e+00
1.005000000000000000e+02 0.000000000000000000e+00
1.057000000000000028e+02 0.000000000000000000e+00
1.112000000000000028e+02 0.000000000000000000e+00
1.170000000000000000e+02 0.000000000000000000e+00
1.230999999999999943e+02 0.000000000000000000e+00
1.295000000000000000e+02 0.000000000000000000e+00
1.361999999999999886e+02 0.000000000000000000e+00
1.433000000000000114e+02 0.000000000000000000e+00
1.508000000000000114e+02 0.000000000000000000e+00
1.585999999999999943e+02 0.000000000000000000e+00
1.669000000000000057e+02 0.000000000000000000e+00
1.755999999999999943e+02 0.000000000000000000e+00
1.846999999999999886e+02 0.000000000000000000e+00
1.943000000000000114e+02 0.000000000000000000e+00
2.045000000000000000e+02 0.000000000000000000e+00
2.150999999999999943e+02 0.000000000000000000e+00
2.263000000000000114e+02 0.000000000000000000e+00
2.380999999999999943e+02 0.000000000000000000e+00
2.505000000000000000e+02 0.000000000000000000e+00
2.635000000000000000e+02 0.000000000000000000e+00
2.773000000000000114e+02 0.000000000000000000e+00
2.916999999999999886e+02 0.000000000000000000e+00
3.068999999999999773e+02 0.000000000000000000e+00
3.228999999999999773e+02 0.000000000000000000e+00
3.396999999999999886e+02 0.000000000000000000e+00
3.573999999999999773e+02 0.000000000000000000e+00
3.760000000000000000e+02 0.000000000000000000e+00
3.955000000000000000e+02 0.000000000000000000e+00
4.161000000000000227e+02 0.000000000000000000e+00
4.378000000000000114e+02 0.000000000000000000e+00
4.606000000000000227e+02 0.000000000000000000e+00
4.846000000000000227e+02 0.000000000000000000e+00
5.098000000000000114e+02 0.000000000000000000e+00
5.363999999999999773e+02 0.000000000000000000e+00
5.642999999999999545e+02 0.000000000000000000e+00
5.937000000000000455e+02 0.000000000000000000e+00
6.246000000000000227e+02 0.000000000000000000e+00
6.571000000000000227e+02 0.000000000000000000e+00
6.912999999999999545e+02 0.000000000000000000e+00
7.272999999999999545e+02 0.000000000000000000e+00
7.652000000000000455e+02 0.000000000000000000e+00
8.050000000000000000e+02 0.000000000000000000e+00
8.468999999999999773e+02 0.000000000000000000e+00
8.910000000000000000e+02 0.000000000000000000e+00
9.373999999999999773e+02 0.000000000000000000e+00
9.862999999999999545e+02 0.000000000000000000e+00
1.038000000000000000e+03 0.000000000000000000e+00
1.092000000000000000e+03 0.000000000000000000e+00
1.148000000000000000e+03 0.000000000000000000e+00
1.208000000000000000e+03 0.000000000000000000e+00
1.271000000000000000e+03 0.000000000000000000e+00
1.337000000000000000e+03 0.000000000000000000e+00
1.407000000000000000e+03 0.000000000000000000e+00
1.480000000000000000e+03 0.000000000000000000e+00
1.557000000000000000e+03 0.000000000000000000e+00
1.638000000000000000e+03 0.000000000000000000e+00
1.724000000000000000e+03 0.000000000000000000e+00
1.814000000000000000e+03 0.000000000000000000e+00
1.908000000000000000e+03 0.000000000000000000e+00
2.007000000000000000e+03 0.000000000000000000e+00
2.112000000000000000e+03 0.000000000000000000e+00
2.222000000000000000e+03 0.000000000000000000e+00
2.337000000000000000e+03 0.000000000000000000e+00
2.459000000000000000e+03 0.000000000000000000e+00
2.587000000000000000e+03 0.000000000000000000e+00
2.722000000000000000e+03 0.000000000000000000e+00
2.864000000000000000e+03 0.000000000000000000e+00
3.013000000000000000e+03 0.000000000000000000e+00
3.170000000000000000e+03 0.000000000000000000e+00
3.335000000000000000e+03 0.000000000000000000e+00
3.508000000000000000e+03 0.000000000000000000e+00
3.691000000000000000e+03 0.000000000000000000e+00
3.883000000000000000e+03 0.000000000000000000e+00
4.085000000000000000e+03 0.000000000000000000e+00
4.298000000000000000e+03 0.000000000000000000e+00
4.522000000000000000e+03 0.000000000000000000e+00
4.757000000000000000e+03 0.000000000000000000e+00
5.005000000000000000e+03 0.000000000000000000e+00
5.266000000000000000e+03 0.000000000000000000e+00
5.540000000000000000e+03 0.000000000000000000e+00
5.828000000000000000e+03 0.000000000000000000e+00
6.132000000000000000e+03 0.000000000000000000e+00
6.451000000000000000e+03 0.000000000000000000e+00
6.787000000000000000e+03 0.000000000000000000e+00
7.140000000000000000e+03 0.000000000000000000e+00
7.512000000000000000e+03 0.000000000000000000e+00
7.903000000000000000e+03 0.000000000000000000e+00
8.315000000000000000e+03 0.000000000000000000e+00
8.748000000000000000e+03 0.000000000000000000e+00
9.203000000000000000e+03 0.000000000000000000e+00
9.682000000000000000e+03 0.000000000000000000e+00
1.019000000000000000e+04 0.000000000000000000e+00
1.072000000000000000e+04 0.000000000000000000e+00
1.127000000000000000e+04 0.000000000000000000e+00
1.186000000000000000e+04 0.000000000000000000e+00
1.248000000000000000e+04 0.000000000000000000e+00
1.313000000000000000e+04 0.000000000000000000e+00
1.381000000000000000e+04 0.000000000000000000e+00
1.453000000000000000e+04 0.000000000000000000e+00
1.529000000000000000e+04 0.000000000000000000e+00
1.608000000000000000e+04 0.000000000000000000e+00
1.692000000000000000e+04 0.000000000000000000e+00
1.780000000000000000e+04 0.000000000000000000e+00
1.873000000000000000e+04 0.000000000000000000e+00
1.971000000000000000e+04 0.000000000000000000e+00
2.073000000000000000e+04 0.000000000000000000e+00
2.181000000000000000e+04 0.000000000000000000e+00
2.295000000000000000e+04 0.000000000000000000e+00
2.414000000000000000e+04 0.000000000000000000e+00
2.540000000000000000e+04 0.000000000000000000e+00
2.672000000000000000e+04 0.000000000000000000e+00
2.811000000000000000e+04 0.000000000000000000e+00
2.958000000000000000e+04 0.000000000000000000e+00
3.112000000000000000e+04 0.000000000000000000e+00
3.274000000000000000e+04 0.000000000000000000e+00
3.444000000000000000e+04 0.000000000000000000e+00
3.623000000000000000e+04 0.000000000000000000e+00
3.812000000000000000e+04 0.000000000000000000e+00
4.011000000000000000e+04 0.000000000000000000e+00
4.219000000000000000e+04 0.000000000000000000e+00
4.439000000000000000e+04 0.000000000000000000e+00
4.670000000000000000e+04 0.000000000000000000e+00
4.913000000000000000e+04 0.000000000000000000e+00
5.169000000000000000e+04 0.000000000000000000e+00
5.438000000000000000e+04 0.000000000000000000e+00
5.722000000000000000e+04 0.000000000000000000e+00
6.019000000000000000e+04 0.000000000000000000e+00
6.333000000000000000e+04 0.000000000000000000e+00
6.663000000000000000e+04 0.000000000000000000e+00
7.010000000000000000e+04 0.000000000000000000e+00
7.375000000000000000e+04 0.000000000000000000e+00
7.759000000000000000e+04 0.000000000000000000e+00
8.163000000000000000e+04 0.000000000000000000e+00
8.588000000000000000e+04 0.000000000000000000e+00
9.035000000000000000e+04 0.000000000000000000e+00
9.505000000000000000e+04 0.000000000000000000e+00
1.000000000000000000e+05 0.000000000000000000e+00
