4.999999999999999237e-03 2.420436005041880890e+03
9.999999999999998473e-03 1.565053208156669143e+03
1.499999999999999771e-02 1.021461444600766981e+03
1.999999999999999695e-02 6.662573524574358999e+02
2.499999999999999445e-02 4.320312088950322504e+02
2.999999999999999195e-02 2.775117911415654248e+02
3.499999999999999639e-02 1.760322310127569949e+02
3.999999999999999389e-02 1.099053125486113203e+02
4.499999999999999140e-02 6.728043976807887816e+01
4.999999999999998890e-02 4.018752176262803033e+01
5.499999999999998640e-02 2.326962030536877890e+01
5.999999999999999084e-02 1.293621689741880054e+01
6.499999999999998834e-02 6.806667725497741017e+00
6.999999999999999278e-02 3.305609373272382356e+00
7.499999999999999722e-02 1.416922457660878987e+00
7.999999999999998779e-02 4.849553592345958175e-01
8.499999999999999223e-02 9.765303692263842261e-02
8.999999999999999667e-02 6.479955799151683980e-03
