1.473707518796992133e+01 1.176503882817952899e+03
1.573707518796992133e+01 1.326611218039169898e+03
1.673707518796992133e+01 1.489578822759052628e+03
1.773707518796992133e+01 1.664019132964326673e+03
1.873707518796992133e+01 1.851562326138078333e+03
1.973707518796992133e+01 2.051549493816073209e+03
2.073707518796992133e+01 2.263634098164616262e+03
2.173707518796992133e+01 2.487678145462837165e+03
2.273707518796992133e+01 2.723538667060387525e+03
2.373707518796992133e+01 2.971156482363004216e+03
2.473707518796992133e+01 3.230693691598867190e+03
2.573707518796992133e+01 3.502311278848761049e+03
2.673707518796992133e+01 3.786243868922431375e+03
2.773707518796992133e+01 4.082822913559971767e+03
2.873707518796992133e+01 4.391621737974371172e+03
2.973707518796992133e+01 4.713060976286681580e+03
3.073707518796992133e+01 5.047134390064888066e+03
3.173707518796992133e+01 5.393875956870738264e+03
3.273707518796992133e+01 5.753029132223511624e+03
3.373707518796992133e+01 6.124533717645822435e+03
3.473707518796992133e+01 6.508200249880654155e+03
3.573707518796992133e+01 6.903855643077943569e+03
3.673707518796992133e+01 7.311286337360200378e+03
3.773707518796992133e+01 7.730155663571586956e+03
3.873707518796992133e+01 8.159819815966476199e+03
3.973707518796992133e+01 8.599254818654071642e+03
4.073707518796992133e+01 9.047375781923539762e+03
4.173707518796992133e+01 9.501774810534343487e+03
4.273707518796992133e+01 9.961460465781561652e+03
4.373707518796992133e+01 1.042333888177748850e+04
4.473707518796992133e+01 1.088539730077081549e+04
4.573707518796992133e+01 1.134526124116377832e+04
4.673707518796992133e+01 1.180042400559612724e+04
4.773707518796992133e+01 1.224858862625310030e+04
4.873707518796992133e+01 1.268699940900119509e+04
4.973707518796992133e+01 1.311391657319187470e+04
5.073707518796992133e+01 1.352614534366071166e+04
5.173707518796992133e+01 1.392150266638825451e+04
5.273707518796992133e+01 1.429659425111752716e+04
5.373707518796992133e+01 1.465035847965431640e+04
5.473707518796992133e+01 1.497774035670274316e+04
5.573707518796992133e+01 1.527701043035565453e+04
5.673707518796992133e+01 1.554622711486301523e+04
5.773707518796992133e+01 1.578264626032080923e+04
5.873707518796992133e+01 1.598364723121085626e+04
5.973707518796992133e+01 1.615148495164831002e+04
6.073707518796992133e+01 1.628179653779969885e+04
6.173707518796992133e+01 1.637325506851457430e+04
6.273707518796992133e+01 1.642816276055985873e+04
6.373707518796992133e+01 1.644141016029417369e+04
6.473707518796992133e+01 1.641848871359453551e+04
6.573707518796992133e+01 1.635545153078097610e+04
6.673707518796992133e+01 1.625620651265269953e+04
6.773707518796992133e+01 1.612144108115699419e+04
6.873707518796992133e+01 1.595124889334998807e+04
6.973707518796992133e+01 1.575252323795406119e+04
7.073707518796992133e+01 1.552339403550568204e+04
7.173707518796992133e+01 1.526365334136540514e+04
7.273707518796992133e+01 1.497968495955005892e+04
7.373707518796992133e+01 1.467329097354672194e+04
7.473707518796992133e+01 1.434557796297600544e+04
7.573707518796992133e+01 1.400060753530428337e+04
7.673707518796992133e+01 1.363405571932374914e+04
7.773707518796992133e+01 1.326526637893732550e+04
7.873707518796992133e+01 1.288092505921735210e+04
7.973707518796992133e+01 1.248773462951993497e+04
8.073707518796992133e+01 1.208779988454151862e+04
8.173707518796992133e+01 1.168444609230694368e+04
8.273707518796992133e+01 1.127924986580026052e+04
8.373707518796992133e+01 1.087469243254259345e+04
8.473707518796992133e+01 1.047050885829369145e+04
8.573707518796992133e+01 1.007044084482253129e+04
8.673707518796992133e+01 9.674974100099872885e+03
