1.774127155601597394e+01 2.212309678076708792e+02
1.874127155601597394e+01 2.461505071681522168e+02
1.974127155601597394e+01 2.727457415324265639e+02
2.074127155601597394e+01 3.009529027843934159e+02
2.174127155601597394e+01 3.307236619213526296e+02
2.274127155601597394e+01 3.620754905047685952e+02
2.374127155601597394e+01 3.949834275805010293e+02
2.474127155601597394e+01 4.294761449042578079e+02
2.574127155601597394e+01 4.655812938010705011e+02
2.674127155601597394e+01 5.033164750621613166e+02
2.774127155601597394e+01 5.427074112000782407e+02
2.874127155601597394e+01 5.837700590888662191e+02
2.974127155601597394e+01 6.265093811249068949e+02
3.074127155601597394e+01 6.709120948861930174e+02
3.174127155601597394e+01 7.169979910123624904e+02
3.274127155601597394e+01 7.647335143434177098e+02
3.374127155601597394e+01 8.141114737911941575e+02
3.474127155601597394e+01 8.650872560590321427e+02
3.574127155601597394e+01 9.176788053441299553e+02
3.674127155601597394e+01 9.717607942742569094e+02
3.774127155601597394e+01 1.027403595648184364e+03
3.874127155601597394e+01 1.084529816216584095e+03
3.974127155601597394e+01 1.142566385196648298e+03
4.074127155601597394e+01 1.202073513105323855e+03
4.174127155601597394e+01 1.262850718034498868e+03
4.274127155601597394e+01 1.323484586113767364e+03
4.374127155601597394e+01 1.385202742909731114e+03
4.474127155601597394e+01 1.446655492072503876e+03
4.574127155601597394e+01 1.507848444301994277e+03
4.674127155601597394e+01 1.568407608868683383e+03
4.774127155601597394e+01 1.627849012456269293e+03
4.874127155601597394e+01 1.686244491937093926e+03
4.974127155601597394e+01 1.742959672904843956e+03
5.074127155601597394e+01 1.797739678678691234e+03
5.174127155601597394e+01 1.850235505262110337e+03
5.274127155601597394e+01 1.900108736660986779e+03
5.374127155601597394e+01 1.947090763593352449e+03
5.474127155601597394e+01 1.990570097729173085e+03
5.574127155601597394e+01 2.030197347873776607e+03
5.674127155601597394e+01 2.066194107933080886e+03
5.774127155601597394e+01 2.096274329554235010e+03
5.874127155601597394e+01 2.123870597877829368e+03
5.974127155601597394e+01 2.144124817146342593e+03
6.074127155601597394e+01 2.160677528570103732e+03
6.174127155601597394e+01 2.174984208257341379e+03
6.274127155601597394e+01 2.178499208072724741e+03
6.374127155601597394e+01 2.180484086754298005e+03
6.474127155601597394e+01 2.180462568409614505e+03
6.574127155601597394e+01 2.168863564485231109e+03
6.674127155601597394e+01 2.155623355051647650e+03
6.774127155601597394e+01 2.141044040141784535e+03
6.874127155601597394e+01 2.115633465019279356e+03
6.974127155601597394e+01 2.088770237759743850e+03
7.074127155601597394e+01 2.061380871479066627e+03
7.174127155601597394e+01 2.024442312266042336e+03
7.274127155601597394e+01 1.986380625729682833e+03
7.374127155601597394e+01 1.948639269544420131e+03
7.474127155601597394e+01 1.902977008854519227e+03
7.574127155601597394e+01 1.856605549531258930e+03
7.674127155601597394e+01 1.811334744198382168e+03
7.774127155601597394e+01 1.759930560643023000e+03
7.874127155601597394e+01 1.708268650312884347e+03
7.974127155601597394e+01 1.658349536515940372e+03
8.074127155601597394e+01 1.604014899549911661e+03
8.174127155601597394e+01 1.549844701603813519e+03
8.274127155601597394e+01 1.497921958527997276e+03
8.374127155601597394e+01 1.443829633212951876e+03
8.474127155601597394e+01 1.390484394735902697e+03
