1.000000000000000021e-03 9.011135162786829824e+03
1.051999999999999984e-03 9.139655179952722392e+03
1.106999999999999911e-03 9.364893737060709100e+03
1.163999999999999887e-03 9.485487690647138152e+03
1.224999999999999960e-03 9.697472927686714684e+03
1.288999999999999998e-03 9.837775549065325322e+03
1.356000000000000000e-03 1.001172975245250200e+04
1.427000000000000100e-03 1.019667572976564043e+04
1.500999999999999947e-03 1.035257861558494551e+04
1.579000000000000108e-03 1.050991764786253407e+04
1.661000000000000150e-03 1.064649465120897003e+04
1.747999999999999988e-03 1.080325658110121913e+04
1.839000000000000140e-03 1.106086972485719889e+04
1.935000000000000088e-03 1.101902912648118399e+04
2.034999999999999917e-03 1.135964449903443528e+04
2.141000000000000108e-03 1.125473936810938358e+04
2.252999999999999794e-03 1.151014991909593664e+04
2.370000000000000145e-03 1.157604751586342900e+04
2.492999999999999990e-03 1.165536338227226952e+04
2.623000000000000331e-03 1.182050004584519411e+04
2.759999999999999867e-03 1.174044363469536620e+04
2.903999999999999897e-03 1.196893916653613269e+04
3.054999999999999990e-03 1.184721681588093270e+04
3.213999999999999843e-03 1.198525813167698288e+04
3.380999999999999891e-03 1.193039884210547098e+04
3.556999999999999832e-03 1.194143810210940501e+04
3.742000000000000100e-03 1.188249110437197305e+04
3.936999999999999528e-03 1.180193670762668989e+04
4.142000000000000716e-03 1.172458100758964065e+04
4.357999999999999895e-03 1.166316284343098414e+04
4.585000000000000533e-03 1.149865747176456898e+04
4.824000000000000163e-03 1.137939094068103441e+04
5.074999999999999650e-03 1.115658565339193046e+04
5.338999999999999996e-03 1.102407337044367341e+04
5.616999999999999597e-03 1.073219372605164972e+04
5.908999999999999322e-03 1.056625069836714829e+04
6.217000000000000304e-03 1.018595028841171006e+04
6.540999999999999939e-03 1.002455058469860523e+04
6.880999999999999964e-03 9.606143942131766380e+03
7.239999999999999908e-03 9.388312350413512831e+03
7.617000000000000506e-03 9.012002372324759563e+03
8.012999999999999290e-03 8.698523610981419552e+03
8.429999999999999993e-03 8.333634437847455047e+03
8.868999999999998413e-03 7.954759754909344338e+03
9.330999999999999017e-03 7.639054093713394650e+03
9.816999999999999338e-03 7.240108538608074014e+03
1.032999999999999891e-02 6.929449164321657008e+03
1.086999999999999945e-02 6.543539337894460914e+03
1.143000000000000092e-02 6.233428849190914661e+03
1.203000000000000076e-02 5.864410276659406009e+03
1.264999999999999979e-02 5.582816960555090191e+03
1.330999999999999892e-02 5.230177131043286863e+03
1.400999999999999988e-02 4.958222334650823541e+03
1.473000000000000004e-02 4.649753454350620814e+03
1.549999999999999989e-02 4.395715907980161319e+03
1.631000000000000158e-02 4.127641634235711535e+03
1.715999999999999817e-02 3.899835328498084891e+03
1.805000000000000007e-02 3.689476658938290711e+03
1.898999999999999994e-02 3.474588491433298259e+03
1.997999999999999776e-02 3.317396005689066442e+03
2.101999999999999702e-02 3.124321296539204013e+03
2.212000000000000077e-02 3.000693748825933653e+03
2.326999999999999902e-02 2.849653743417679379e+03
2.447999999999999829e-02 2.753441000071093185e+03
2.574999999999999858e-02 2.648709085797821899e+03
2.708999999999999950e-02 2.564909192266884475e+03
2.850000000000000103e-02 2.487767944237331449e+03
2.998999999999999930e-02 2.429800107559848584e+03
3.155000000000000165e-02 2.377898814368622425e+03
3.318999999999999728e-02 2.340022447340480994e+03
3.491999999999999965e-02 2.303110285393860977e+03
3.673999999999999488e-02 2.283817563569958565e+03
3.864999999999999686e-02 2.272854867942330657e+03
4.066000000000000170e-02 2.258810788389143454e+03
4.277999999999999858e-02 2.265076876430342054e+03
4.500999999999999446e-02 2.255669122899176273e+03
4.734999999999999626e-02 2.276125202842840736e+03
4.982000000000000317e-02 2.273420358380452853e+03
5.240999999999999825e-02 2.297702787556819203e+03
5.513999999999999457e-02 2.306622438355788745e+03
5.800999999999999907e-02 2.327499187913758760e+03
6.102999999999999398e-02 2.341528100931643166e+03
6.421000000000000318e-02 2.363860771825379743e+03
6.755999999999999506e-02 2.384497169331808436e+03
7.106999999999999429e-02 2.409047757604957042e+03
7.477000000000000313e-02 2.430898336017329257e+03
7.867000000000000381e-02 2.450492595286126289e+03
8.276000000000000023e-02 2.476694847827617650e+03
8.707000000000000850e-02 2.490655449774896624e+03
9.160999999999999699e-02 2.517876492894415151e+03
9.637999999999999345e-02 2.533834853512832069e+03
1.014000000000000040e-01 2.553145424102671313e+03
1.067000000000000032e-01 2.571343167005995838e+03
1.122000000000000081e-01 2.586581384067407271e+03
1.180999999999999966e-01 2.601372789381952316e+03
1.242000000000000048e-01 2.609234687269250117e+03
1.307000000000000106e-01 2.622861374937765049e+03
1.375000000000000111e-01 2.628149084499745186e+03
1.446999999999999953e-01 2.630066002589678646e+03
1.522000000000000020e-01 2.640262583862092470e+03
1.600999999999999923e-01 2.637500781340319008e+03
1.683999999999999941e-01 2.641082564673799425e+03
1.771999999999999964e-01 2.634583799285731402e+03
1.864000000000000101e-01 2.631210121850474025e+03
1.960999999999999965e-01 2.621922346521511827e+03
2.064000000000000001e-01 2.613226731886215020e+03
2.170999999999999874e-01 2.600597199430191722e+03
2.283999999999999919e-01 2.588652420859590165e+03
2.403000000000000136e-01 2.570407730589488892e+03
2.528000000000000247e-01 2.554102819902382635e+03
2.660000000000000142e-01 2.527680690671429602e+03
2.798000000000000487e-01 2.510694850841820426e+03
2.943999999999999950e-01 2.479871619130835825e+03
3.096999999999999753e-01 2.454938635989386512e+03
3.259000000000000230e-01 2.424113175644224611e+03
3.427999999999999936e-01 2.391506708454097407e+03
3.606999999999999651e-01 2.359094945760583869e+03
3.795000000000000040e-01 2.323911215139138221e+03
3.991999999999999993e-01 2.287640901814403151e+03
4.200000000000000400e-01 2.247001414269254838e+03
4.419000000000000150e-01 2.205427607019984407e+03
4.649000000000000354e-01 2.163792203704430904e+03
4.891000000000000347e-01 2.122162683980896873e+03
5.144999999999999574e-01 2.072750654351842968e+03
5.413000000000000034e-01 2.031992712191025021e+03
5.695000000000000062e-01 1.980343450684437585e+03
5.992000000000000659e-01 1.936838694598367056e+03
6.304000000000000714e-01 1.882939790198962555e+03
6.632000000000000117e-01 1.836602740756086405e+03
6.976999999999999869e-01 1.782441608881765887e+03
7.340999999999999748e-01 1.734026182776565520e+03
7.722999999999999865e-01 1.681066802957856680e+03
8.125000000000000000e-01 1.628582289963544781e+03
8.548000000000000043e-01 1.576983045894227871e+03
8.992999999999999883e-01 1.523360408663388625e+03
9.460999999999999410e-01 1.472704988850925020e+03
9.954000000000000625e-01 1.417555853314333945e+03
1.046999999999999931e+00 1.367572728327609411e+03
1.101999999999999869e+00 1.312748549911768805e+03
1.159000000000000030e+00 1.264237121453898453e+03
1.219000000000000083e+00 1.210710668941700987e+03
1.283000000000000140e+00 1.161710514878033791e+03
1.350000000000000089e+00 1.110495064823046505e+03
1.419999999999999929e+00 1.062356058673568896e+03
1.493999999999999995e+00 1.013951562072259776e+03
1.572000000000000064e+00 9.672386703938944947e+02
1.654000000000000137e+00 9.214563121250256472e+02
1.739999999999999991e+00 8.755931518327134881e+02
1.830000000000000071e+00 8.328732294725937209e+02
1.925999999999999934e+00 7.896620284502861296e+02
2.025999999999999801e+00 7.481728877441898931e+02
2.131000000000000227e+00 7.083891751524048459e+02
2.241999999999999993e+00 6.697636723909440661e+02
2.358999999999999986e+00 6.326757680968855766e+02
2.481999999999999762e+00 5.968091629747511888e+02
2.611000000000000210e+00 5.629848369689436822e+02
2.746999999999999886e+00 5.295126633957715967e+02
2.890000000000000124e+00 4.989309777313985137e+02
3.040999999999999925e+00 4.679747106020918181e+02
3.198999999999999844e+00 4.400451312397545962e+02
3.366000000000000103e+00 4.124834519778136155e+02
3.540999999999999925e+00 3.870235897182359395e+02
3.725000000000000089e+00 3.623658287157767290e+02
3.918999999999999595e+00 3.398748623611795097e+02
4.123000000000000220e+00 3.182204325675481869e+02
4.338000000000000078e+00 2.982087228791963298e+02
4.564000000000000057e+00 2.794492668121528141e+02
4.801000000000000156e+00 2.617351445960028400e+02
5.051000000000000156e+00 2.457164517538368216e+02
5.314000000000000057e+00 2.302688599383315591e+02
5.590999999999999304e+00 2.166628049116591797e+02
5.881999999999999673e+00 2.036861181499090208e+02
6.187999999999999723e+00 1.921804377907640742e+02
6.511000000000000121e+00 1.812228181809043122e+02
6.850000000000000533e+00 1.717397331860885288e+02
7.205999999999999517e+00 1.626477825030353870e+02
7.581999999999999851e+00 1.550103692828926114e+02
7.976000000000000867e+00 1.475870216235643682e+02
8.391999999999999460e+00 1.414310709618776229e+02
8.829000000000000625e+00 1.356081980713725557e+02
9.288000000000000256e+00 1.306988981665543292e+02
9.772000000000000242e+00 1.262861742380282237e+02
1.027999999999999936e+01 1.224764682908475635e+02
1.082000000000000028e+01 1.192803971243027377e+02
1.137999999999999901e+01 1.164373850708976619e+02
1.196999999999999886e+01 1.141016253816085850e+02
1.259999999999999964e+01 1.121997544437479348e+02
1.325000000000000000e+01 1.105971494145552896e+02
1.393999999999999950e+01 1.094375252361386117e+02
1.466999999999999993e+01 1.085517751202780801e+02
1.542999999999999972e+01 1.079241508875786906e+02
1.623000000000000043e+01 1.076126542553767109e+02
1.708000000000000185e+01 1.074437675468478091e+02
1.796999999999999886e+01 1.075803160343299396e+02
1.889999999999999858e+01 1.078121924735351342e+02
1.989000000000000057e+01 1.083062712287087663e+02
2.092000000000000171e+01 1.088842106876292490e+02
2.200999999999999801e+01 1.096803276729259551e+02
2.316000000000000014e+01 1.105802782732715457e+02
2.437000000000000099e+01 1.116529728155197176e+02
2.562999999999999901e+01 1.128291230499525426e+02
2.697000000000000242e+01 1.141432188486344472e+02
2.837000000000000099e+01 1.156027276203885208e+02
2.985000000000000142e+01 1.171638640164018454e+02
3.139999999999999858e+01 1.189239277274526216e+02
3.303999999999999915e+01 1.207859998673595641e+02
3.475999999999999801e+01 1.228170517805660324e+02
3.657000000000000028e+01 1.249613203510969015e+02
3.846999999999999886e+01 1.272323690839584884e+02
4.048000000000000398e+01 1.296419981581557295e+02
4.259000000000000341e+01 1.320549908393002738e+02
4.479999999999999716e+01 1.345139444174383812e+02
4.714000000000000057e+01 1.367639615526489933e+02
4.959000000000000341e+01 1.387259117147522716e+02
5.217000000000000171e+01 1.402413359828699413e+02
5.489000000000000057e+01 1.406307284923021541e+02
5.775000000000000000e+01 1.404406606841812959e+02
6.075000000000000000e+01 1.374372165532370218e+02
6.392000000000000171e+01 1.341561206850398946e+02
6.723999999999999488e+01 1.262890206425261113e+02
7.075000000000000000e+01 1.183617883339683630e+02
7.442999999999999261e+01 1.062027565953318060e+02
7.829999999999999716e+01 9.363109231165222468e+01
8.237999999999999545e+01 7.997262050777153775e+01
8.667000000000000171e+01 6.587933717668454392e+01
9.117999999999999261e+01 5.336791039994550090e+01
9.593000000000000682e+01 4.149042428679972261e+01
1.009000000000000057e+02 3.179797953938793498e+01
1.062000000000000028e+02 2.381427737750924933e+01
1.116999999999999886e+02 1.733734912641077841e+01
1.175000000000000000e+02 1.295167505791632756e+01
1.236000000000000085e+02 9.130839158776163700e+00
1.300999999999999943e+02 6.947605512940557837e+00
1.369000000000000057e+02 4.898375159368766774e+00
1.440000000000000000e+02 3.716968588159989206e+00
1.515000000000000000e+02 2.518502557562730448e+00
1.593999999999999773e+02 1.811424783828454288e+00
1.676999999999999886e+02 1.089581525004820417e+00
1.764000000000000057e+02 7.257511808143262133e-01
1.855999999999999943e+02 3.960271945697262930e-01
1.952000000000000171e+02 2.395143882036772920e-01
2.054000000000000057e+02 1.356404934251037031e-01
2.160999999999999943e+02 7.621510392815962487e-02
2.273999999999999773e+02 4.347620454987596861e-02
2.391999999999999886e+02 2.195863913286071056e-02
2.516999999999999886e+02 1.191095492314559606e-02
2.647999999999999545e+02 4.695238435811096428e-03
2.785000000000000000e+02 2.608315186394876469e-03
2.930000000000000000e+02 8.687902108502190473e-04
3.083000000000000114e+02 4.884441959712475722e-04
3.244000000000000341e+02 1.339172662138244209e-04
3.411999999999999886e+02 7.621168651742925521e-05
3.590000000000000000e+02 1.643753644889616407e-05
3.776999999999999886e+02 8.713245833099409049e-06
3.973999999999999773e+02 2.289506514841698730e-06
4.181000000000000227e+02 8.033413321917484666e-07
4.398000000000000114e+02 2.458450375684293491e-07
4.626999999999999886e+02 5.454346253204897813e-08
4.868000000000000114e+02 1.871209785385506333e-08
5.122000000000000455e+02 2.389420319286606337e-09
5.387999999999999545e+02 9.339352075571372789e-10
5.668999999999999773e+02 8.358144953876934499e-11
5.964000000000000909e+02 3.563834776845283903e-11
6.275000000000000000e+02 1.588267559837981593e-12
6.601000000000000227e+02 7.401800399650815331e-13
6.945000000000000000e+02 2.377523304107269684e-14
7.307000000000000455e+02 1.182674243827702496e-14
7.687000000000000455e+02 1.444541494308336301e-16
8.087999999999999545e+02 7.640858033220068177e-17
8.508999999999999773e+02 6.161742231386804505e-18
8.952000000000000455e+02 4.380402219135387476e-19
9.417999999999999545e+02 7.774953601927775458e-20
9.908000000000000682e+02 7.798370193932488574e-22
1.042000000000000000e+03 2.071956785960965903e-22
1.097000000000000000e+03 1.278492412555789879e-24
1.154000000000000000e+03 4.163078948573491926e-25
1.214000000000000000e+03 6.930420468850796047e-28
1.277000000000000000e+03 2.665794973718767812e-28
1.344000000000000000e+03 1.734545425452002513e-31
1.414000000000000000e+03 7.448987478735314140e-32
1.487000000000000000e+03 1.822899874306529666e-35
1.565000000000000000e+03 8.566149516917863963e-36
1.646000000000000000e+03 5.460223762134191484e-40
1.732000000000000000e+03 2.772719442305149386e-40
1.822000000000000000e+03 5.053748958792439396e-45
1.917000000000000000e+03 2.732242125469696303e-45
2.017000000000000000e+03 3.013971465776554902e-46
2.122000000000000000e+03 7.419624535103938575e-51
2.232000000000000000e+03 1.557091499194248909e-51
2.348000000000000000e+03 4.690114100735711826e-57
2.470000000000000000e+03 1.353791612983261761e-57
2.599000000000000000e+03 6.023543765772051507e-64
2.734000000000000000e+03 2.119623587216928491e-64
2.877000000000000000e+03 1.198870621921201634e-71
3.027000000000000000e+03 4.823721708971493297e-72
3.184000000000000000e+03 2.553743155980839640e-80
3.350000000000000000e+03 1.146652234831398588e-80
3.524000000000000000e+03 7.108501462345341426e-90
3.708000000000000000e+03 3.469637482342885467e-90
3.901000000000000000e+03 1.468823410457294262e-100
4.104000000000000000e+03 7.690523493974013494e-101
4.318000000000000000e+03 3.239640041507841154e-102
4.543000000000000000e+03 9.500165282657596958e-113
4.779000000000000000e+03 1.457818859548626862e-113
5.028000000000000000e+03 4.586205597047236929e-126
5.290000000000000000e+03 1.099498139677026928e-126
5.565000000000000000e+03 7.379885501411437560e-141
5.855000000000000000e+03 2.300956061664488562e-141
6.160000000000000000e+03 2.120850183900008968e-157
6.481000000000000000e+03 7.866505197175596396e-158
6.818000000000000000e+03 8.867134924606431332e-176
7.173000000000000000e+03 3.742670603688646113e-176
7.547000000000000000e+03 2.944029133786505076e-196
7.940000000000000000e+03 1.368499878537235092e-196
8.353000000000000000e+03 4.282261408992436105e-219
8.788000000000000000e+03 2.151996611520419169e-219
9.246000000000000000e+03 1.283300698287828459e-244
9.727000000000000000e+03 6.872624513972100684e-245
1.023000000000000000e+04 6.411336932386669219e-246
1.077000000000000000e+04 3.249926492758047301e-273
1.133000000000000000e+04 5.983352680035170232e-274
1.192000000000000000e+04 7.046251372805676865e-305
1.254000000000000000e+04 1.877227232817096853e-305
1.319000000000000000e+04 0.000000000000000000e+00
1.388000000000000000e+04 0.000000000000000000e+00
1.460000000000000000e+04 0.000000000000000000e+00
1.536000000000000000e+04 0.000000000000000000e+00
1.616000000000000000e+04 0.000000000000000000e+00
1.700000000000000000e+04 0.000000000000000000e+00
1.789000000000000000e+04 0.000000000000000000e+00
1.882000000000000000e+04 0.000000000000000000e+00
1.980000000000000000e+04 0.000000000000000000e+00
2.083000000000000000e+04 0.000000000000000000e+00
2.191000000000000000e+04 0.000000000000000000e+00
2.305000000000000000e+04 0.000000000000000000e+00
2.425000000000000000e+04 0.000000000000000000e+00
2.552000000000000000e+04 0.000000000000000000e+00
2.684000000000000000e+04 0.000000000000000000e+00
2.824000000000000000e+04 0.000000000000000000e+00
2.971000000000000000e+04 0.000000000000000000e+00
3.126000000000000000e+04 0.000000000000000000e+00
3.289000000000000000e+04 0.000000000000000000e+00
3.460000000000000000e+04 0.000000000000000000e+00
3.640000000000000000e+04 0.000000000000000000e+00
3.830000000000000000e+04 0.000000000000000000e+00
4.029000000000000000e+04 0.000000000000000000e+00
4.239000000000000000e+04 0.000000000000000000e+00
4.460000000000000000e+04 0.000000000000000000e+00
4.692000000000000000e+04 0.000000000000000000e+00
4.936000000000000000e+04 0.000000000000000000e+00
5.193000000000000000e+04 0.000000000000000000e+00
5.464000000000000000e+04 0.000000000000000000e+00
5.748000000000000000e+04 0.000000000000000000e+00
6.047000000000000000e+04 0.000000000000000000e+00
6.362000000000000000e+04 0.000000000000000000e+00
6.693000000000000000e+04 0.000000000000000000e+00
7.042000000000000000e+04 0.000000000000000000e+00
7.409000000000000000e+04 0.000000000000000000e+00
7.794000000000000000e+04 0.000000000000000000e+00
8.200000000000000000e+04 0.000000000000000000e+00
8.627000000000000000e+04 0.000000000000000000e+00
9.076000000000000000e+04 0.000000000000000000e+00
9.549000000000000000e+04 0.000000000000000000e+00
1.005000000000000000e+05 0.000000000000000000e+00
1.057000000000000000e+05 0.000000000000000000e+00
1.112000000000000000e+05 0.000000000000000000e+00
1.170000000000000000e+05 0.000000000000000000e+00
1.231000000000000000e+05 0.000000000000000000e+00
1.295000000000000000e+05 0.000000000000000000e+00
1.362000000000000000e+05 0.000000000000000000e+00
1.433000000000000000e+05 0.000000000000000000e+00
1.508000000000000000e+05 0.000000000000000000e+00
1.586000000000000000e+05 0.000000000000000000e+00
1.669000000000000000e+05 0.000000000000000000e+00
1.756000000000000000e+05 0.000000000000000000e+00
1.847000000000000000e+05 0.000000000000000000e+00
1.943000000000000000e+05 0.000000000000000000e+00
2.045000000000000000e+05 0.000000000000000000e+00
2.151000000000000000e+05 0.000000000000000000e+00
2.263000000000000000e+05 0.000000000000000000e+00
2.381000000000000000e+05 0.000000000000000000e+00
2.505000000000000000e+05 0.000000000000000000e+00
2.635000000000000000e+05 0.000000000000000000e+00
2.773000000000000000e+05 0.000000000000000000e+00
2.917000000000000000e+05 0.000000000000000000e+00
3.069000000000000000e+05 0.000000000000000000e+00
3.229000000000000000e+05 0.000000000000000000e+00
3.397000000000000000e+05 0.000000000000000000e+00
3.574000000000000000e+05 0.000000000000000000e+00
3.760000000000000000e+05 0.000000000000000000e+00
3.955000000000000000e+05 0.000000000000000000e+00
4.161000000000000000e+05 0.000000000000000000e+00
4.378000000000000000e+05 0.000000000000000000e+00
4.606000000000000000e+05 0.000000000000000000e+00
4.846000000000000000e+05 0.000000000000000000e+00
5.098000000000000000e+05 0.000000000000000000e+00
5.364000000000000000e+05 0.000000000000000000e+00
5.643000000000000000e+05 0.000000000000000000e+00
5.937000000000000000e+05 0.000000000000000000e+00
6.246000000000000000e+05 0.000000000000000000e+00
6.571000000000000000e+05 0.000000000000000000e+00
6.913000000000000000e+05 0.000000000000000000e+00
7.273000000000000000e+05 0.000000000000000000e+00
7.652000000000000000e+05 0.000000000000000000e+00
8.050000000000000000e+05 0.000000000000000000e+00
8.469000000000000000e+05 0.000000000000000000e+00
8.910000000000000000e+05 0.000000000000000000e+00
9.374000000000000000e+05 0.000000000000000000e+00
9.863000000000000000e+05 0.000000000000000000e+00
1.038000000000000000e+06 0.000000000000000000e+00
1.092000000000000000e+06 0.000000000000000000e+00
1.148000000000000000e+06 0.000000000000000000e+00
1.208000000000000000e+06 0.000000000000000000e+00
1.271000000000000000e+06 0.000000000000000000e+00
1.337000000000000000e+06 0.000000000000000000e+00
1.407000000000000000e+06 0.000000000000000000e+00
1.480000000000000000e+06 0.000000000000000000e+00
1.557000000000000000e+06 0.000000000000000000e+00
1.638000000000000000e+06 0.000000000000000000e+00
1.724000000000000000e+06 0.000000000000000000e+00
1.814000000000000000e+06 0.000000000000000000e+00
1.908000000000000000e+06 0.000000000000000000e+00
2.007000000000000000e+06 0.000000000000000000e+00
2.112000000000000000e+06 0.000000000000000000e+00
2.222000000000000000e+06 0.000000000000000000e+00
2.337000000000000000e+06 0.000000000000000000e+00
2.459000000000000000e+06 0.000000000000000000e+00
2.587000000000000000e+06 0.000000000000000000e+00
2.722000000000000000e+06 0.000000000000000000e+00
2.864000000000000000e+06 0.000000000000000000e+00
3.013000000000000000e+06 0.000000000000000000e+00
3.170000000000000000e+06 0.000000000000000000e+00
3.335000000000000000e+06 0.000000000000000000e+00
3.508000000000000000e+06 0.000000000000000000e+00
3.691000000000000000e+06 0.000000000000000000e+00
3.883000000000000000e+06 0.000000000000000000e+00
4.085000000000000000e+06 0.000000000000000000e+00
4.298000000000000000e+06 0.000000000000000000e+00
4.522000000000000000e+06 0.000000000000000000e+00
4.757000000000000000e+06 0.000000000000000000e+00
5.005000000000000000e+06 0.000000000000000000e+00
5.266000000000000000e+06 0.000000000000000000e+00
5.540000000000000000e+06 0.000000000000000000e+00
5.828000000000000000e+06 0.000000000000000000e+00
6.132000000000000000e+06 0.000000000000000000e+00
6.451000000000000000e+06 0.000000000000000000e+00
6.787000000000000000e+06 0.000000000000000000e+00
7.140000000000000000e+06 0.000000000000000000e+00
7.512000000000000000e+06 0.000000000000000000e+00
7.903000000000000000e+06 0.000000000000000000e+00
8.315000000000000000e+06 0.000000000000000000e+00
8.748000000000000000e+06 0.000000000000000000e+00
9.203000000000000000e+06 0.000000000000000000e+00
9.682000000000000000e+06 0.000000000000000000e+00
1.019000000000000000e+07 0.000000000000000000e+00
1.072000000000000000e+07 0.000000000000000000e+00
1.127000000000000000e+07 0.000000000000000000e+00
1.186000000000000000e+07 0.000000000000000000e+00
1.248000000000000000e+07 0.000000000000000000e+00
1.313000000000000000e+07 0.000000000000000000e+00
1.381000000000000000e+07 0.000000000000000000e+00
1.453000000000000000e+07 0.000000000000000000e+00
1.529000000000000000e+07 0.000000000000000000e+00
1.608000000000000000e+07 0.000000000000000000e+00
1.692000000000000000e+07 0.000000000000000000e+00
1.780000000000000000e+07 0.000000000000000000e+00
1.873000000000000000e+07 0.000000000000000000e+00
1.971000000000000000e+07 0.000000000000000000e+00
2.073000000000000000e+07 0.000000000000000000e+00
2.181000000000000000e+07 0.000000000000000000e+00
2.295000000000000000e+07 0.000000000000000000e+00
2.414000000000000000e+07 0.000000000000000000e+00
2.540000000000000000e+07 0.000000000000000000e+00
2.672000000000000000e+07 0.000000000000000000e+00
2.811000000000000000e+07 0.000000000000000000e+00
2.958000000000000000e+07 0.000000000000000000e+00
3.112000000000000000e+07 0.000000000000000000e+00
3.274000000000000000e+07 0.000000000000000000e+00
3.444000000000000000e+07 0.000000000000000000e+00
3.623000000000000000e+07 0.000000000000000000e+00
3.812000000000000000e+07 0.000000000000000000e+00
4.011000000000000000e+07 0.000000000000000000e+00
4.219000000000000000e+07 0.000000000000000000e+00
4.439000000000000000e+07 0.000000000000000000e+00
4.670000000000000000e+07 0.000000000000000000e+00
4.913000000000000000e+07 0.000000000000000000e+00
5.169000000000000000e+07 0.000000000000000000e+00
5.438000000000000000e+07 0.000000000000000000e+00
5.722000000000000000e+07 0.000000000000000000e+00
6.019000000000000000e+07 0.000000000000000000e+00
6.333000000000000000e+07 0.000000000000000000e+00
6.663000000000000000e+07 0.000000000000000000e+00
7.010000000000000000e+07 0.000000000000000000e+00
7.375000000000000000e+07 0.000000000000000000e+00
7.759000000000000000e+07 0.000000000000000000e+00
8.163000000000000000e+07 0.000000000000000000e+00
8.588000000000000000e+07 0.000000000000000000e+00
9.035000000000000000e+07 0.000000000000000000e+00
9.505000000000000000e+07 0.000000000000000000e+00
1.000000000000000000e+08 0.000000000000000000e+00
