1.000000000000000021e-03 2.092629084379101641e+03
1.051999999999999984e-03 2.188566693023654807e+03
1.106999999999999911e-03 2.387673205274524207e+03
1.163999999999999887e-03 2.489439937589008878e+03
1.224999999999999960e-03 2.688038503976636093e+03
1.288999999999999998e-03 2.822331755402723047e+03
1.356000000000000000e-03 2.998635427319097744e+03
1.427000000000000100e-03 3.192137181975581825e+03
1.500999999999999947e-03 3.366067329306292777e+03
1.579000000000000108e-03 3.547339946596428945e+03
1.661000000000000150e-03 3.717783534698725816e+03
1.747999999999999988e-03 3.915103195211476304e+03
1.839000000000000140e-03 4.224533367618270859e+03
1.935000000000000088e-03 4.241272683592434078e+03
2.034999999999999917e-03 4.648346110610542382e+03
2.141000000000000108e-03 4.619164859843262093e+03
2.252999999999999794e-03 4.956498007695024171e+03
2.370000000000000145e-03 5.115107322190961895e+03
2.492999999999999990e-03 5.292523098049324290e+03
2.623000000000000331e-03 5.566472565573658358e+03
2.759999999999999867e-03 5.601307871698411873e+03
2.903999999999999897e-03 5.952387107458273931e+03
3.054999999999999990e-03 5.959524681781400432e+03
3.213999999999999843e-03 6.232748553897512465e+03
3.380999999999999891e-03 6.319198112570755256e+03
3.556999999999999832e-03 6.477307953125533459e+03
3.742000000000000100e-03 6.569696396345107132e+03
3.936999999999999528e-03 6.644310793307645326e+03
4.142000000000000716e-03 6.725069184297647553e+03
4.357999999999999895e-03 6.826254710738627182e+03
4.585000000000000533e-03 6.825009887615962725e+03
4.824000000000000163e-03 6.871304837095483890e+03
5.074999999999999650e-03 6.813633799083208942e+03
5.338999999999999996e-03 6.846685927616961635e+03
5.616999999999999597e-03 6.718729626935510169e+03
5.908999999999999322e-03 6.715759617584533771e+03
6.217000000000000304e-03 6.494648780858467944e+03
6.540999999999999939e-03 6.489914276240783693e+03
6.880999999999999964e-03 6.223709228276175054e+03
7.239999999999999908e-03 6.153641093741114673e+03
7.617000000000000506e-03 5.920736785474799035e+03
8.012999999999999290e-03 5.744625866964596753e+03
8.429999999999999993e-03 5.511055514106140436e+03
8.868999999999998413e-03 5.256727725631843896e+03
9.330999999999999017e-03 5.058929087252751742e+03
9.816999999999999338e-03 4.771015339490675615e+03
1.032999999999999891e-02 4.564656344452064332e+03
1.086999999999999945e-02 4.275894974817868388e+03
1.143000000000000092e-02 4.054553052251323152e+03
1.203000000000000076e-02 3.768410610615149380e+03
1.264999999999999979e-02 3.561987962565693124e+03
1.330999999999999892e-02 3.277883152888174664e+03
1.400999999999999988e-02 3.068475486785308931e+03
1.473000000000000004e-02 2.814301667490663931e+03
1.549999999999999989e-02 2.609468744525420334e+03
1.631000000000000158e-02 2.384451871673083133e+03
1.715999999999999817e-02 2.193780037285916933e+03
1.805000000000000007e-02 2.015122407129615567e+03
1.898999999999999994e-02 1.827418402269605394e+03
1.997999999999999776e-02 1.692717307800641720e+03
2.101999999999999702e-02 1.518151406599740085e+03
2.212000000000000077e-02 1.408930663919803692e+03
2.326999999999999902e-02 1.268858441406040811e+03
2.447999999999999829e-02 1.180861321649970478e+03
2.574999999999999858e-02 1.081531089450635136e+03
2.708999999999999950e-02 1.001113899936422740e+03
2.850000000000000103e-02 9.248738374098062422e+02
2.998999999999999930e-02 8.666147909984474609e+02
3.155000000000000165e-02 8.125745236714919884e+02
3.318999999999999728e-02 7.718133853432196929e+02
3.491999999999999965e-02 7.306634411337888650e+02
3.673999999999999488e-02 7.065498484076766772e+02
3.864999999999999686e-02 6.906299057731033599e+02
4.066000000000000170e-02 6.711544614701265346e+02
4.277999999999999858e-02 6.720235224739165005e+02
4.500999999999999446e-02 6.573230702572117252e+02
4.734999999999999626e-02 6.727218510679385872e+02
4.982000000000000317e-02 6.653569942384381193e+02
5.240999999999999825e-02 6.856381514331028484e+02
5.513999999999999457e-02 6.910444932505664610e+02
5.800999999999999907e-02 7.091425053247033929e+02
6.102999999999999398e-02 7.211820099279995020e+02
6.421000000000000318e-02 7.422940679921119909e+02
6.755999999999999506e-02 7.626724926314578852e+02
7.106999999999999429e-02 7.879891125167174550e+02
7.477000000000000313e-02 8.117067638106701679e+02
7.867000000000000381e-02 8.341189217547037060e+02
8.276000000000000023e-02 8.644034759008077344e+02
8.707000000000000850e-02 8.834673041261555682e+02
9.160999999999999699e-02 9.169563915903362386e+02
9.637999999999999345e-02 9.404291946491775889e+02
1.014000000000000040e-01 9.683708894724237553e+02
1.067000000000000032e-01 9.965239212089518333e+02
1.122000000000000081e-01 1.022761178317737063e+03
1.180999999999999966e-01 1.049966354483298574e+03
1.242000000000000048e-01 1.071169315017890540e+03
1.307000000000000106e-01 1.099508097243334760e+03
1.375000000000000111e-01 1.120483456399286752e+03
1.446999999999999953e-01 1.139268447086997867e+03
1.522000000000000020e-01 1.167230161735695447e+03
1.600999999999999923e-01 1.183393787265032643e+03
1.683999999999999941e-01 1.206811375836858588e+03
1.771999999999999964e-01 1.221386807733835440e+03
1.864000000000000101e-01 1.239789814975182026e+03
1.960999999999999965e-01 1.253278945952329877e+03
2.064000000000000001e-01 1.268367050057524011e+03
2.170999999999999874e-01 1.280048266513132830e+03
2.283999999999999919e-01 1.293313403711957108e+03
2.403000000000000136e-01 1.300949946380954998e+03
2.528000000000000247e-01 1.311186615854656111e+03
2.660000000000000142e-01 1.311975206314999468e+03
2.798000000000000487e-01 1.322575565188202745e+03
2.943999999999999950e-01 1.320018074767065855e+03
3.096999999999999753e-01 1.323673537832730972e+03
3.259000000000000230e-01 1.321950194319596676e+03
3.427999999999999936e-01 1.318494112490175212e+03
3.606999999999999651e-01 1.315708495828273954e+03
3.795000000000000040e-01 1.310291024887955928e+03
3.991999999999999993e-01 1.303823275793267385e+03
4.200000000000000400e-01 1.293211534013623577e+03
4.419000000000000150e-01 1.281656613257043318e+03
4.649000000000000354e-01 1.269984271032951256e+03
4.891000000000000347e-01 1.258286483115737155e+03
5.144999999999999574e-01 1.238499696701984476e+03
5.413000000000000034e-01 1.227324020290317776e+03
5.695000000000000062e-01 1.204959416998246297e+03
5.992000000000000659e-01 1.190512687685522451e+03
6.304000000000000714e-01 1.165241938301287746e+03
6.632000000000000117e-01 1.147180114271716093e+03
6.976999999999999869e-01 1.120831469969565205e+03
7.340999999999999748e-01 1.099896331984324888e+03
7.722999999999999865e-01 1.073856825181004979e+03
8.125000000000000000e-01 1.047683507718292049e+03
8.548000000000000043e-01 1.021871903120456295e+03
8.992999999999999883e-01 9.933172346371645745e+02
9.460999999999999410e-01 9.671417637318505740e+02
9.954000000000000625e-01 9.357446358925616323e+02
1.046999999999999931e+00 9.088169848147284711e+02
1.101999999999999869e+00 8.765607342272194273e+02
1.159000000000000030e+00 8.496501684125857992e+02
1.219000000000000083e+00 8.169931136680919508e+02
1.283000000000000140e+00 7.883460205318625640e+02
1.350000000000000089e+00 7.566344364553984860e+02
1.419999999999999929e+00 7.269813510055574852e+02
1.493999999999999995e+00 6.964461800126496200e+02
1.572000000000000064e+00 6.667643892986071705e+02
1.654000000000000137e+00 6.373676810546030538e+02
1.739999999999999991e+00 6.069956138157082250e+02
1.830000000000000071e+00 5.790224451620799755e+02
1.925999999999999934e+00 5.499743253841882051e+02
2.025999999999999801e+00 5.216844910803960147e+02
2.131000000000000227e+00 4.943558102586876544e+02
2.241999999999999993e+00 4.673434761658280649e+02
2.358999999999999986e+00 4.412316205919850631e+02
2.481999999999999762e+00 4.154978175505648892e+02
2.611000000000000210e+00 3.912407828956834805e+02
2.746999999999999886e+00 3.666566000589545524e+02
2.890000000000000124e+00 3.444436425700022824e+02
3.040999999999999925e+00 3.213333832069772598e+02
3.198999999999999844e+00 3.006015404301130047e+02
3.366000000000000103e+00 2.798252268815976436e+02
3.540999999999999925e+00 2.604650800911686588e+02
3.725000000000000089e+00 2.414540632885629350e+02
3.918999999999999595e+00 2.240410001915223575e+02
4.123000000000000220e+00 2.070071534321562012e+02
4.338000000000000078e+00 1.911316782353008250e+02
4.564000000000000057e+00 1.760615915574121289e+02
4.801000000000000156e+00 1.616323481764277972e+02
5.051000000000000156e+00 1.484983295165718289e+02
5.314000000000000057e+00 1.356263858002927520e+02
5.590999999999999304e+00 1.242633902656370424e+02
5.881999999999999673e+00 1.132065107091376319e+02
6.187999999999999723e+00 1.034049087134019089e+02
6.511000000000000121e+00 9.383654612739495349e+01
6.850000000000000533e+00 8.555851225740721588e+01
7.205999999999999517e+00 7.745664738282786743e+01
7.581999999999999851e+00 7.061047361420686741e+01
7.976000000000000867e+00 6.386584528054551413e+01
8.391999999999999460e+00 5.820645206443933262e+01
8.829000000000000625e+00 5.279081145060948188e+01
9.288000000000000256e+00 4.818019852121933866e+01
9.772000000000000242e+00 4.397383035107316118e+01
1.027999999999999936e+01 4.032293050441410287e+01
1.082000000000000028e+01 3.722397603398651711e+01
1.137999999999999901e+01 3.445970157455606397e+01
1.196999999999999886e+01 3.218011513444456995e+01
1.259999999999999964e+01 3.033863640261556682e+01
1.325000000000000000e+01 2.881714397879275324e+01
1.393999999999999950e+01 2.776559178957549179e+01
1.466999999999999993e+01 2.704641588817803566e+01
1.542999999999999972e+01 2.663459310456131135e+01
1.623000000000000043e+01 2.661884992662936256e+01
1.708000000000000185e+01 2.683252756185372689e+01
1.796999999999999886e+01 2.744735175406708194e+01
1.889999999999999858e+01 2.825919784581582661e+01
1.989000000000000057e+01 2.945928093201903053e+01
2.092000000000000171e+01 3.086110786953425489e+01
2.200999999999999801e+01 3.262269291570866159e+01
2.316000000000000014e+01 3.463633517392207750e+01
2.437000000000000099e+01 3.696354746014404924e+01
2.562999999999999901e+01 3.953655244886402897e+01
2.697000000000000242e+01 4.242729908578901643e+01
2.837000000000000099e+01 4.561743966861906330e+01
2.985000000000000142e+01 4.908458320355632765e+01
3.139999999999999858e+01 5.290067679918580268e+01
3.303999999999999915e+01 5.700153287930741186e+01
3.475999999999999801e+01 6.143838811146201806e+01
3.657000000000000028e+01 6.615774209217057944e+01
3.846999999999999886e+01 7.115822511638234005e+01
4.048000000000000398e+01 7.647132624920094202e+01
4.259000000000000341e+01 8.193533182065479537e+01
4.479999999999999716e+01 8.757107153733559812e+01
4.714000000000000057e+01 9.316144293860868686e+01
4.959000000000000341e+01 9.855366930139078363e+01
5.217000000000000171e+01 1.035961766337261594e+02
5.489000000000000057e+01 1.075831967183843716e+02
5.775000000000000000e+01 1.110222954228963914e+02
6.075000000000000000e+01 1.116064653180126243e+02
6.392000000000000171e+01 1.118589633995482160e+02
6.723999999999999488e+01 1.073634360615728411e+02
7.075000000000000000e+01 1.026132094193158508e+02
7.442999999999999261e+01 9.335181807094265594e+01
7.829999999999999716e+01 8.334551844662813380e+01
8.237999999999999545e+01 7.191375406774703549e+01
8.667000000000000171e+01 5.968058199622511495e+01
9.117999999999999261e+01 4.868353197210984007e+01
9.593000000000000682e+01 3.800804063052338932e+01
1.009000000000000057e+02 2.923535118374979191e+01
1.062000000000000028e+02 2.195982894309619482e+01
1.116999999999999886e+02 1.599676893199196215e+01
1.175000000000000000e+02 1.199146241142260472e+01
1.236000000000000085e+02 8.447694171284535258e+00
1.300999999999999943e+02 6.469620938732968618e+00
1.369000000000000057e+02 4.569978296667287054e+00
1.440000000000000000e+02 3.496212757573220031e+00
1.515000000000000000e+02 2.375366100084556731e+00
1.593999999999999773e+02 1.722157294193359389e+00
1.676999999999999886e+02 1.035878432010627792e+00
1.764000000000000057e+02 6.940584602917462265e-01
1.855999999999999943e+02 3.780990510547733718e-01
1.952000000000000171e+02 2.293028133641072108e-01
2.054000000000000057e+02 1.300596291719207098e-01
2.160999999999999943e+02 7.321080970927797138e-02
2.273999999999999773e+02 4.192501223119447090e-02
2.391999999999999886e+02 2.119466755462430865e-02
2.516999999999999886e+02 1.155779255504856690e-02
2.647999999999999545e+02 4.540446670282510117e-03
2.785000000000000000e+02 2.538688258160098649e-03
2.930000000000000000e+02 8.413452584525913215e-04
3.083000000000000114e+02 4.770817837716159358e-04
3.244000000000000341e+02 1.299794186399740427e-04
3.411999999999999886e+02 7.462583159264108692e-05
3.590000000000000000e+02 1.597735783844408017e-05
3.776999999999999886e+02 8.533079367446894472e-06
3.973999999999999773e+02 2.238252520706513097e-06
4.181000000000000227e+02 7.866745204283197071e-07
4.398000000000000114e+02 2.412414848733564464e-07
4.626999999999999886e+02 5.343905957762794618e-08
4.868000000000000114e+02 1.841351732707334878e-08
5.122000000000000455e+02 2.338678341391778201e-09
5.387999999999999545e+02 9.198622700638126888e-10
5.668999999999999773e+02 8.197527813675340102e-11
5.964000000000000909e+02 3.517707575704831084e-11
6.275000000000000000e+02 1.554366725063006785e-12
6.601000000000000227e+02 7.301277809425775695e-13
6.945000000000000000e+02 2.334012444554231692e-14
7.307000000000000455e+02 1.168894628393185061e-14
7.687000000000000455e+02 1.412724284085519184e-16
8.087999999999999545e+02 7.531984480484106289e-17
8.508999999999999773e+02 6.078127452012537745e-18
8.952000000000000455e+02 4.323179884933207329e-19
9.417999999999999545e+02 7.687682126881320968e-20
9.908000000000000682e+02 7.672967896484540416e-22
1.042000000000000000e+03 2.045762108953959098e-22
1.097000000000000000e+03 1.260911290371233691e-24
1.154000000000000000e+03 4.119505220206423468e-25
1.214000000000000000e+03 6.833346111172428473e-28
1.277000000000000000e+03 2.638208788144762667e-28
1.344000000000000000e+03 1.711959966939675656e-31
1.414000000000000000e+03 7.377748671308723984e-32
1.487000000000000000e+03 1.799833159152898339e-35
1.565000000000000000e+03 8.486827796329976744e-36
1.646000000000000000e+03 5.393029050411250288e-40
1.732000000000000000e+03 2.747798650692779023e-40
1.822000000000000000e+03 4.995385361528846702e-45
1.917000000000000000e+03 2.707322534829319338e-45
2.017000000000000000e+03 2.988354749589998928e-46
2.122000000000000000e+03 7.353089154894572335e-51
2.232000000000000000e+03 1.544646705765067704e-51
2.348000000000000000e+03 4.649193549945938386e-57
2.470000000000000000e+03 1.343519472131405990e-57
2.599000000000000000e+03 5.973594108379375647e-64
2.734000000000000000e+03 2.104475243273364308e-64
2.877000000000000000e+03 1.189957066659848343e-71
3.027000000000000000e+03 4.792741172220728871e-72
3.184000000000000000e+03 2.535376927179633103e-80
3.350000000000000000e+03 1.139576404504874815e-80
3.524000000000000000e+03 7.063429704070635105e-90
3.708000000000000000e+03 3.450463063500647381e-90
3.901000000000000000e+03 1.460111774617434159e-100
4.104000000000000000e+03 7.650033827283042151e-101
4.318000000000000000e+03 3.222775925064456282e-102
4.543000000000000000e+03 9.453006341781183390e-113
4.779000000000000000e+03 1.450827910031581869e-113
5.028000000000000000e+03 4.565125927418397931e-126
5.290000000000000000e+03 1.094683623067918938e-126
5.565000000000000000e+03 7.346930266927190907e-141
5.855000000000000000e+03 2.291247714679546839e-141
6.160000000000000000e+03 2.112095968462576426e-157
6.481000000000000000e+03 7.835926799901664747e-158
6.818000000000000000e+03 8.833211324269846633e-176
7.173000000000000000e+03 3.729170717433169960e-176
7.547000000000000000e+03 2.934170914203804600e-196
7.940000000000000000e+03 1.364152945049368253e-196
8.353000000000000000e+03 4.268900191368533188e-219
8.788000000000000000e+03 2.145605591204953726e-219
9.246000000000000000e+03 1.279565291903570491e-244
9.727000000000000000e+03 6.853380470474886036e-245
1.023000000000000000e+04 6.393500859213913287e-246
1.077000000000000000e+04 3.241468269868185335e-273
1.133000000000000000e+04 5.967986404938256527e-274
1.192000000000000000e+04 7.028417504380573180e-305
1.254000000000000000e+04 1.872560759166176120e-305
1.319000000000000000e+04 0.000000000000000000e+00
1.388000000000000000e+04 0.000000000000000000e+00
1.460000000000000000e+04 0.000000000000000000e+00
1.536000000000000000e+04 0.000000000000000000e+00
1.616000000000000000e+04 0.000000000000000000e+00
1.700000000000000000e+04 0.000000000000000000e+00
1.789000000000000000e+04 0.000000000000000000e+00
1.882000000000000000e+04 0.000000000000000000e+00
1.980000000000000000e+04 0.000000000000000000e+00
2.083000000000000000e+04 0.000000000000000000e+00
2.191000000000000000e+04 0.000000000000000000e+00
2.305000000000000000e+04 0.000000000000000000e+00
2.425000000000000000e+04 0.000000000000000000e+00
2.552000000000000000e+04 0.000000000000000000e+00
2.684000000000000000e+04 0.000000000000000000e+00
2.824000000000000000e+04 0.000000000000000000e+00
2.971000000000000000e+04 0.000000000000000000e+00
3.126000000000000000e+04 0.000000000000000000e+00
3.289000000000000000e+04 0.000000000000000000e+00
3.460000000000000000e+04 0.000000000000000000e+00
3.640000000000000000e+04 0.000000000000000000e+00
3.830000000000000000e+04 0.000000000000000000e+00
4.029000000000000000e+04 0.000000000000000000e+00
4.239000000000000000e+04 0.000000000000000000e+00
4.460000000000000000e+04 0.000000000000000000e+00
4.692000000000000000e+04 0.000000000000000000e+00
4.936000000000000000e+04 0.000000000000000000e+00
5.193000000000000000e+04 0.000000000000000000e+00
5.464000000000000000e+04 0.000000000000000000e+00
5.748000000000000000e+04 0.000000000000000000e+00
6.047000000000000000e+04 0.000000000000000000e+00
6.362000000000000000e+04 0.000000000000000000e+00
6.693000000000000000e+04 0.000000000000000000e+00
7.042000000000000000e+04 0.000000000000000000e+00
7.409000000000000000e+04 0.000000000000000000e+00
7.794000000000000000e+04 0.000000000000000000e+00
8.200000000000000000e+04 0.000000000000000000e+00
8.627000000000000000e+04 0.000000000000000000e+00
9.076000000000000000e+04 0.000000000000000000e+00
9.549000000000000000e+04 0.000000000000000000e+00
1.005000000000000000e+05 0.000000000000000000e+00
1.057000000000000000e+05 0.000000000000000000e+00
1.112000000000000000e+05 0.000000000000000000e+00
1.170000000000000000e+05 0.000000000000000000e+00
1.231000000000000000e+05 0.000000000000000000e+00
1.295000000000000000e+05 0.000000000000000000e+00
1.362000000000000000e+05 0.000000000000000000e+00
1.433000000000000000e+05 0.000000000000000000e+00
1.508000000000000000e+05 0.000000000000000000e+00
1.586000000000000000e+05 0.000000000000000000e+00
1.669000000000000000e+05 0.000000000000000000e+00
1.756000000000000000e+05 0.000000000000000000e+00
1.847000000000000000e+05 0.000000000000000000e+00
1.943000000000000000e+05 0.000000000000000000e+00
2.045000000000000000e+05 0.000000000000000000e+00
2.151000000000000000e+05 0.000000000000000000e+00
2.263000000000000000e+05 0.000000000000000000e+00
2.381000000000000000e+05 0.000000000000000000e+00
2.505000000000000000e+05 0.000000000000000000e+00
2.635000000000000000e+05 0.000000000000000000e+00
2.773000000000000000e+05 0.000000000000000000e+00
2.917000000000000000e+05 0.000000000000000000e+00
3.069000000000000000e+05 0.000000000000000000e+00
3.229000000000000000e+05 0.000000000000000000e+00
3.397000000000000000e+05 0.000000000000000000e+00
3.574000000000000000e+05 0.000000000000000000e+00
3.760000000000000000e+05 0.000000000000000000e+00
3.955000000000000000e+05 0.000000000000000000e+00
4.161000000000000000e+05 0.000000000000000000e+00
4.378000000000000000e+05 0.000000000000000000e+00
4.606000000000000000e+05 0.000000000000000000e+00
4.846000000000000000e+05 0.000000000000000000e+00
5.098000000000000000e+05 0.000000000000000000e+00
5.364000000000000000e+05 0.000000000000000000e+00
5.643000000000000000e+05 0.000000000000000000e+00
5.937000000000000000e+05 0.000000000000000000e+00
6.246000000000000000e+05 0.000000000000000000e+00
6.571000000000000000e+05 0.000000000000000000e+00
6.913000000000000000e+05 0.000000000000000000e+00
7.273000000000000000e+05 0.000000000000000000e+00
7.652000000000000000e+05 0.000000000000000000e+00
8.050000000000000000e+05 0.000000000000000000e+00
8.469000000000000000e+05 0.000000000000000000e+00
8.910000000000000000e+05 0.000000000000000000e+00
9.374000000000000000e+05 0.000000000000000000e+00
9.863000000000000000e+05 0.000000000000000000e+00
1.038000000000000000e+06 0.000000000000000000e+00
1.092000000000000000e+06 0.000000000000000000e+00
1.148000000000000000e+06 0.000000000000000000e+00
1.208000000000000000e+06 0.000000000000000000e+00
1.271000000000000000e+06 0.000000000000000000e+00
1.337000000000000000e+06 0.000000000000000000e+00
1.407000000000000000e+06 0.000000000000000000e+00
1.480000000000000000e+06 0.000000000000000000e+00
1.557000000000000000e+06 0.000000000000000000e+00
1.638000000000000000e+06 0.000000000000000000e+00
1.724000000000000000e+06 0.000000000000000000e+00
1.814000000000000000e+06 0.000000000000000000e+00
1.908000000000000000e+06 0.000000000000000000e+00
2.007000000000000000e+06 0.000000000000000000e+00
2.112000000000000000e+06 0.000000000000000000e+00
2.222000000000000000e+06 0.000000000000000000e+00
2.337000000000000000e+06 0.000000000000000000e+00
2.459000000000000000e+06 0.000000000000000000e+00
2.587000000000000000e+06 0.000000000000000000e+00
2.722000000000000000e+06 0.000000000000000000e+00
2.864000000000000000e+06 0.000000000000000000e+00
3.013000000000000000e+06 0.000000000000000000e+00
3.170000000000000000e+06 0.000000000000000000e+00
3.335000000000000000e+06 0.000000000000000000e+00
3.508000000000000000e+06 0.000000000000000000e+00
3.691000000000000000e+06 0.000000000000000000e+00
3.883000000000000000e+06 0.000000000000000000e+00
4.085000000000000000e+06 0.000000000000000000e+00
4.298000000000000000e+06 0.000000000000000000e+00
4.522000000000000000e+06 0.000000000000000000e+00
4.757000000000000000e+06 0.000000000000000000e+00
5.005000000000000000e+06 0.000000000000000000e+00
5.266000000000000000e+06 0.000000000000000000e+00
5.540000000000000000e+06 0.000000000000000000e+00
5.828000000000000000e+06 0.000000000000000000e+00
6.132000000000000000e+06 0.000000000000000000e+00
6.451000000000000000e+06 0.000000000000000000e+00
6.787000000000000000e+06 0.000000000000000000e+00
7.140000000000000000e+06 0.000000000000000000e+00
7.512000000000000000e+06 0.000000000000000000e+00
7.903000000000000000e+06 0.000000000000000000e+00
8.315000000000000000e+06 0.000000000000000000e+00
8.748000000000000000e+06 0.000000000000000000e+00
9.203000000000000000e+06 0.000000000000000000e+00
9.682000000000000000e+06 0.000000000000000000e+00
1.019000000000000000e+07 0.000000000000000000e+00
1.072000000000000000e+07 0.000000000000000000e+00
1.127000000000000000e+07 0.000000000000000000e+00
1.186000000000000000e+07 0.000000000000000000e+00
1.248000000000000000e+07 0.000000000000000000e+00
1.313000000000000000e+07 0.000000000000000000e+00
1.381000000000000000e+07 0.000000000000000000e+00
1.453000000000000000e+07 0.000000000000000000e+00
1.529000000000000000e+07 0.000000000000000000e+00
1.608000000000000000e+07 0.000000000000000000e+00
1.692000000000000000e+07 0.000000000000000000e+00
1.780000000000000000e+07 0.000000000000000000e+00
1.873000000000000000e+07 0.000000000000000000e+00
1.971000000000000000e+07 0.000000000000000000e+00
2.073000000000000000e+07 0.000000000000000000e+00
2.181000000000000000e+07 0.000000000000000000e+00
2.295000000000000000e+07 0.000000000000000000e+00
2.414000000000000000e+07 0.000000000000000000e+00
2.540000000000000000e+07 0.000000000000000000e+00
2.672000000000000000e+07 0.000000000000000000e+00
2.811000000000000000e+07 0.000000000000000000e+00
2.958000000000000000e+07 0.000000000000000000e+00
3.112000000000000000e+07 0.000000000000000000e+00
3.274000000000000000e+07 0.000000000000000000e+00
3.444000000000000000e+07 0.000000000000000000e+00
3.623000000000000000e+07 0.000000000000000000e+00
3.812000000000000000e+07 0.000000000000000000e+00
4.011000000000000000e+07 0.000000000000000000e+00
4.219000000000000000e+07 0.000000000000000000e+00
4.439000000000000000e+07 0.000000000000000000e+00
4.670000000000000000e+07 0.000000000000000000e+00
4.913000000000000000e+07 0.000000000000000000e+00
5.169000000000000000e+07 0.000000000000000000e+00
5.438000000000000000e+07 0.000000000000000000e+00
5.722000000000000000e+07 0.000000000000000000e+00
6.019000000000000000e+07 0.000000000000000000e+00
6.333000000000000000e+07 0.000000000000000000e+00
6.663000000000000000e+07 0.000000000000000000e+00
7.010000000000000000e+07 0.000000000000000000e+00
7.375000000000000000e+07 0.000000000000000000e+00
7.759000000000000000e+07 0.000000000000000000e+00
8.163000000000000000e+07 0.000000000000000000e+00
8.588000000000000000e+07 0.000000000000000000e+00
9.035000000000000000e+07 0.000000000000000000e+00
9.505000000000000000e+07 0.000000000000000000e+00
1.000000000000000000e+08 0.000000000000000000e+00
