1.000000000000000021e-03 6.918506078407728637e+03
1.051999999999999984e-03 6.951088486929067585e+03
1.106999999999999911e-03 6.977220531786184438e+03
1.163999999999999887e-03 6.996047753058129274e+03
1.224999999999999960e-03 7.009434423710078590e+03
1.288999999999999998e-03 7.015443793662601820e+03
1.356000000000000000e-03 7.013094325133404709e+03
1.427000000000000100e-03 7.004538547790058146e+03
1.500999999999999947e-03 6.986511286278652733e+03
1.579000000000000108e-03 6.962577701266105578e+03
1.661000000000000150e-03 6.928711116510244210e+03
1.747999999999999988e-03 6.888153385889742822e+03
1.839000000000000140e-03 6.836336357238928031e+03
1.935000000000000088e-03 6.777756442888749916e+03
2.034999999999999917e-03 6.711298388423892902e+03
2.141000000000000108e-03 6.635574508266121484e+03
2.252999999999999794e-03 6.553651911400912468e+03
2.370000000000000145e-03 6.460940193672467103e+03
2.492999999999999990e-03 6.362840284222945229e+03
2.623000000000000331e-03 6.254027480271535751e+03
2.759999999999999867e-03 6.139135762996954327e+03
2.903999999999999897e-03 6.016552059077858758e+03
3.054999999999999990e-03 5.887692134099532268e+03
3.213999999999999843e-03 5.752509577779470419e+03
3.380999999999999891e-03 5.611200729534715720e+03
3.556999999999999832e-03 5.464130148983871550e+03
3.742000000000000100e-03 5.312794708026865919e+03
3.936999999999999528e-03 5.157625914319044568e+03
4.142000000000000716e-03 4.999511823291993096e+03
4.357999999999999895e-03 4.836908132692356958e+03
4.585000000000000533e-03 4.673647584148606256e+03
4.824000000000000163e-03 4.508086103585550518e+03
5.074999999999999650e-03 4.342951854308721522e+03
5.338999999999999996e-03 4.177387442826711776e+03
5.616999999999999597e-03 4.013464099116139550e+03
5.908999999999999322e-03 3.850491080782614517e+03
6.217000000000000304e-03 3.691301507553242118e+03
6.540999999999999939e-03 3.534636308457821542e+03
6.880999999999999964e-03 3.382434713855591326e+03
7.239999999999999908e-03 3.234671256672398158e+03
7.617000000000000506e-03 3.091265586849960528e+03
8.012999999999999290e-03 2.953897744016822799e+03
8.429999999999999993e-03 2.822578923741314611e+03
8.868999999999998413e-03 2.698032029277500442e+03
9.330999999999999017e-03 2.580125006460642908e+03
9.816999999999999338e-03 2.469093199117398399e+03
1.032999999999999891e-02 2.364792819869592677e+03
1.086999999999999945e-02 2.267644363076592526e+03
1.143000000000000092e-02 2.178875796939591510e+03
1.203000000000000076e-02 2.095999666044256628e+03
1.264999999999999979e-02 2.020828997989397067e+03
1.330999999999999892e-02 1.952293978155112200e+03
1.400999999999999988e-02 1.889746847865514610e+03
1.473000000000000004e-02 1.835451786859956883e+03
1.549999999999999989e-02 1.786247163454740985e+03
1.631000000000000158e-02 1.743189762562628403e+03
1.715999999999999817e-02 1.706055291212167958e+03
1.805000000000000007e-02 1.674354251808675144e+03
1.898999999999999994e-02 1.647170089163692865e+03
1.997999999999999776e-02 1.624678697888424722e+03
2.101999999999999702e-02 1.606169889939463928e+03
2.212000000000000077e-02 1.591763084906129961e+03
2.326999999999999902e-02 1.580795302011638569e+03
2.447999999999999829e-02 1.572579678421122708e+03
2.574999999999999858e-02 1.567177996347186763e+03
2.708999999999999950e-02 1.563795292330461734e+03
2.850000000000000103e-02 1.562894106827525320e+03
2.998999999999999930e-02 1.563185316561401123e+03
3.155000000000000165e-02 1.565324290697130436e+03
3.318999999999999728e-02 1.568209061997261415e+03
3.491999999999999965e-02 1.572446844260072112e+03
3.673999999999999488e-02 1.577267715162282002e+03
3.864999999999999686e-02 1.582224962169227183e+03
4.066000000000000170e-02 1.587656326919016919e+03
4.277999999999999858e-02 1.593053353956425553e+03
4.500999999999999446e-02 1.598346052641964434e+03
4.734999999999999626e-02 1.603403351774902148e+03
4.982000000000000317e-02 1.608063364142014734e+03
5.240999999999999825e-02 1.612064636123716355e+03
5.513999999999999457e-02 1.615577945105222170e+03
5.800999999999999907e-02 1.618356682589055254e+03
6.102999999999999398e-02 1.620346091003643778e+03
6.421000000000000318e-02 1.621566703833267638e+03
6.755999999999999506e-02 1.621824676700350665e+03
7.106999999999999429e-02 1.621058645088239700e+03
7.477000000000000313e-02 1.619191572206659202e+03
7.867000000000000381e-02 1.616373673531422583e+03
8.276000000000000023e-02 1.612291371926809916e+03
8.707000000000000850e-02 1.607188145648741056e+03
9.160999999999999699e-02 1.600920101304078798e+03
9.637999999999999345e-02 1.593405658863654480e+03
1.014000000000000040e-01 1.584774534630247672e+03
1.067000000000000032e-01 1.574819245797044005e+03
1.122000000000000081e-01 1.563820205749670095e+03
1.180999999999999966e-01 1.551406434898653742e+03
1.242000000000000048e-01 1.538065372251359577e+03
1.307000000000000106e-01 1.523353277694430290e+03
1.375000000000000111e-01 1.507665628100458434e+03
1.446999999999999953e-01 1.490797555502680780e+03
1.522000000000000020e-01 1.473032422126397023e+03
1.600999999999999923e-01 1.454106994075286366e+03
1.683999999999999941e-01 1.434271188836940837e+03
1.771999999999999964e-01 1.413196991551895962e+03
1.864000000000000101e-01 1.391420306875291999e+03
1.960999999999999965e-01 1.368643400569181949e+03
2.064000000000000001e-01 1.344859681828691009e+03
2.170999999999999874e-01 1.320548932917058892e+03
2.283999999999999919e-01 1.295339017147633058e+03
2.403000000000000136e-01 1.269457784208533894e+03
2.528000000000000247e-01 1.242916204047726524e+03
2.660000000000000142e-01 1.215705484356430134e+03
2.798000000000000487e-01 1.188119285653617681e+03
2.943999999999999950e-01 1.159853544363769970e+03
3.096999999999999753e-01 1.131265098156655540e+03
3.259000000000000230e-01 1.102162981324627935e+03
3.427999999999999936e-01 1.073012595963922195e+03
3.606999999999999651e-01 1.043386449932309915e+03
3.795000000000000040e-01 1.013620190251182294e+03
3.991999999999999993e-01 9.838176260211357658e+02
4.200000000000000400e-01 9.537898802556312603e+02
4.419000000000000150e-01 9.237709937629410888e+02
4.649000000000000354e-01 8.938079326714796480e+02
4.891000000000000347e-01 8.638762008651597171e+02
5.144999999999999574e-01 8.342509576498584920e+02
5.413000000000000034e-01 8.046686919007072447e+02
5.695000000000000062e-01 7.753840336861912874e+02
5.992000000000000659e-01 7.463260069128446048e+02
6.304000000000000714e-01 7.176978518976748092e+02
6.632000000000000117e-01 6.894226264843703120e+02
6.976999999999999869e-01 6.616101389122006822e+02
7.340999999999999748e-01 6.341298507922406316e+02
7.722999999999999865e-01 6.072099777768517015e+02
8.125000000000000000e-01 5.808987822452527325e+02
8.548000000000000043e-01 5.551111427737715758e+02
8.992999999999999883e-01 5.300431740262240510e+02
9.460999999999999410e-01 5.055632251190744455e+02
9.954000000000000625e-01 4.818112174217723123e+02
1.046999999999999931e+00 4.587557435128809402e+02
1.101999999999999869e+00 4.361878156845493777e+02
1.159000000000000030e+00 4.145869530413126540e+02
1.219000000000000083e+00 3.937175552736090367e+02
1.283000000000000140e+00 3.733644943461712273e+02
1.350000000000000089e+00 3.538606283676480189e+02
1.419999999999999929e+00 3.353747076680114105e+02
1.493999999999999995e+00 3.175053820596101559e+02
1.572000000000000064e+00 3.004742810952873242e+02
1.654000000000000137e+00 2.840886310704225934e+02
1.739999999999999991e+00 2.685975380170052631e+02
1.830000000000000071e+00 2.538507843105137454e+02
1.925999999999999934e+00 2.396877030660979244e+02
2.025999999999999801e+00 2.264883966637938784e+02
2.131000000000000227e+00 2.140333648937171915e+02
2.241999999999999993e+00 2.024201962251160012e+02
2.358999999999999986e+00 1.914441475049005135e+02
2.481999999999999762e+00 1.813113454241862996e+02
2.611000000000000210e+00 1.717440540732602017e+02
2.746999999999999886e+00 1.628560633368170443e+02
2.890000000000000124e+00 1.544873351613962313e+02
3.040999999999999925e+00 1.466413273951145584e+02
3.198999999999999844e+00 1.394435908096415915e+02
3.366000000000000103e+00 1.326582250962159719e+02
3.540999999999999925e+00 1.265585096270672807e+02
3.725000000000000089e+00 1.209117654272137941e+02
3.918999999999999595e+00 1.158338621696571522e+02
4.123000000000000220e+00 1.112132791353919856e+02
4.338000000000000078e+00 1.070770446438955048e+02
4.564000000000000057e+00 1.033876752547406852e+02
4.801000000000000156e+00 1.001027964195750428e+02
5.051000000000000156e+00 9.721812223726499269e+01
5.314000000000000057e+00 9.464247413803880704e+01
5.590999999999999304e+00 9.239941464602213728e+01
5.881999999999999673e+00 9.047960744077138884e+01
6.187999999999999723e+00 8.877552907736216525e+01
6.511000000000000121e+00 8.738627205350935867e+01
6.850000000000000533e+00 8.618122092868131290e+01
7.205999999999999517e+00 8.519113512020751955e+01
7.581999999999999851e+00 8.439989566868574400e+01
7.976000000000000867e+00 8.372117634301885403e+01
8.391999999999999460e+00 8.322461889743829033e+01
8.829000000000000625e+00 8.281738662076307378e+01
9.288000000000000256e+00 8.251869964533499058e+01
9.772000000000000242e+00 8.231234388695506254e+01
1.027999999999999936e+01 8.215353778643346061e+01
1.082000000000000028e+01 8.205642109031622056e+01
1.137999999999999901e+01 8.197768349634159790e+01
1.196999999999999886e+01 8.192151024716400798e+01
1.259999999999999964e+01 8.186111804113237156e+01
1.325000000000000000e+01 8.178000543576253278e+01
1.393999999999999950e+01 8.167193344656311638e+01
1.466999999999999993e+01 8.150535923210004796e+01
1.542999999999999972e+01 8.128955778301738633e+01
1.623000000000000043e+01 8.099380432874734481e+01
1.708000000000000185e+01 8.061123998499408572e+01
1.796999999999999886e+01 8.013296428026285412e+01
1.889999999999999858e+01 7.955299462771930052e+01
1.989000000000000057e+01 7.884699029668973935e+01
2.092000000000000171e+01 7.802310281809499770e+01
2.200999999999999801e+01 7.705763475721730060e+01
2.316000000000000014e+01 7.594394309934946818e+01
2.437000000000000099e+01 7.468942535537567551e+01
2.562999999999999901e+01 7.329257060108851363e+01
2.697000000000000242e+01 7.171591976284543080e+01
2.837000000000000099e+01 6.998528795176946460e+01
2.985000000000000142e+01 6.807928081284552491e+01
3.139999999999999858e+01 6.602325092826681896e+01
3.303999999999999915e+01 6.378446698805215220e+01
3.475999999999999801e+01 6.137866366910401439e+01
3.657000000000000028e+01 5.880357825892632206e+01
3.846999999999999886e+01 5.607414396757614838e+01
4.048000000000000398e+01 5.317067190895478745e+01
4.259000000000000341e+01 5.011965901864547845e+01
4.479999999999999716e+01 4.694287288010278303e+01
4.714000000000000057e+01 4.360251861404030649e+01
4.959000000000000341e+01 4.017224241336148793e+01
5.217000000000000171e+01 3.664515934914378192e+01
5.489000000000000057e+01 3.304753177391778252e+01
5.775000000000000000e+01 2.941836526128490448e+01
6.075000000000000000e+01 2.583075123522439753e+01
6.392000000000000171e+01 2.229715728549167864e+01
6.723999999999999488e+01 1.892558458095327012e+01
7.075000000000000000e+01 1.574857891465251214e+01
7.442999999999999261e+01 1.285093852438915007e+01
7.829999999999999716e+01 1.028557386502409088e+01
8.237999999999999545e+01 8.058866440024502253e+00
8.667000000000000171e+01 6.198755180459428971e+00
9.117999999999999261e+01 4.684378427835660830e+00
9.593000000000000682e+01 3.482383656276333284e+00
1.009000000000000057e+02 2.562628355638143063e+00
1.062000000000000028e+02 1.854448434413054514e+00
1.116999999999999886e+02 1.340580194418816262e+00
1.175000000000000000e+02 9.602126464937228434e-01
1.236000000000000085e+02 6.831449874916284415e-01
1.300999999999999943e+02 4.779845742075892190e-01
1.369000000000000057e+02 3.283968627014797192e-01
1.440000000000000000e+02 2.207558305867691750e-01
1.515000000000000000e+02 1.431364574781737176e-01
1.593999999999999773e+02 8.926748963509489876e-02
1.676999999999999886e+02 5.370309299419262494e-02
1.764000000000000057e+02 3.169272052257998684e-02
1.855999999999999943e+02 1.792814351495292113e-02
1.952000000000000171e+02 1.021157483957008116e-02
2.054000000000000057e+02 5.580864253182993284e-03
2.160999999999999943e+02 3.004294218881653489e-03
2.273999999999999773e+02 1.551192318681497706e-03
2.391999999999999886e+02 7.639715782364019103e-04
2.516999999999999886e+02 3.531623680970291668e-04
2.647999999999999545e+02 1.547917655285863114e-04
2.785000000000000000e+02 6.962692823477781984e-05
2.930000000000000000e+02 2.744495239762772577e-05
3.083000000000000114e+02 1.136241219963163643e-05
3.244000000000000341e+02 3.937847573850378202e-06
3.411999999999999886e+02 1.585854924788168284e-06
3.590000000000000000e+02 4.601786104520838995e-07
3.776999999999999886e+02 1.801664656525145766e-07
3.973999999999999773e+02 5.125399413518563283e-08
4.181000000000000227e+02 1.666681176342875943e-08
4.398000000000000114e+02 4.603552695072902737e-09
4.626999999999999886e+02 1.104402954421031952e-09
4.868000000000000114e+02 2.985805267817145505e-10
5.122000000000000455e+02 5.074197789482813586e-11
5.387999999999999545e+02 1.407293749332459004e-11
5.668999999999999773e+02 1.606171402015943976e-12
5.964000000000000909e+02 4.612720114045281854e-13
6.275000000000000000e+02 3.390083477497480833e-14
6.601000000000000227e+02 1.005225902250396358e-14
6.945000000000000000e+02 4.351085955303799215e-16
7.307000000000000455e+02 1.377961543451743455e-16
7.687000000000000455e+02 3.181721022281711708e-18
8.087999999999999545e+02 1.088735527359618883e-18
8.508999999999999773e+02 8.361477937426676035e-20
8.952000000000000455e+02 5.722233420218014713e-21
9.417999999999999545e+02 8.727147504645449029e-22
9.908000000000000682e+02 1.254022974479481575e-23
1.042000000000000000e+03 2.619467700700680565e-24
1.097000000000000000e+03 1.758112218455618811e-26
1.154000000000000000e+03 4.357372836706845779e-27
1.214000000000000000e+03 9.707435767836757378e-30
1.277000000000000000e+03 2.758618557400514592e-30
1.344000000000000000e+03 2.258545851232685678e-33
1.414000000000000000e+03 7.123880742659015628e-34
1.487000000000000000e+03 2.306671515363132708e-37
1.565000000000000000e+03 7.932172058788721951e-38
1.646000000000000000e+03 6.719471172294119550e-42
1.732000000000000000e+03 2.492079161237036240e-42
1.822000000000000000e+03 5.836359726359269385e-47
1.917000000000000000e+03 2.491959064037696549e-47
2.017000000000000000e+03 2.561671618655597317e-48
2.122000000000000000e+03 6.653538020936623999e-53
2.232000000000000000e+03 1.244479342918120465e-53
2.348000000000000000e+03 4.092055078977344046e-59
2.470000000000000000e+03 1.027214085185577020e-59
2.599000000000000000e+03 4.994965739267585970e-66
2.734000000000000000e+03 1.514834394356418283e-66
2.877000000000000000e+03 8.913555261353290398e-74
3.027000000000000000e+03 3.098053675076442612e-74
3.184000000000000000e+03 1.836622880120653669e-82
3.350000000000000000e+03 7.075830326523773358e-83
3.524000000000000000e+03 4.507175827470632074e-92
3.708000000000000000e+03 1.917441884223808618e-92
3.901000000000000000e+03 8.711635839860102964e-103
4.104000000000000000e+03 4.048966669097134285e-103
4.318000000000000000e+03 1.686411644338487192e-104
4.543000000000000000e+03 4.715894087641356792e-115
4.779000000000000000e+03 6.990949517044993321e-116
5.028000000000000000e+03 2.107966962883899799e-128
5.290000000000000000e+03 4.814516609107990505e-129
5.565000000000000000e+03 3.295523448424665239e-143
5.855000000000000000e+03 9.708346984941723041e-144
6.160000000000000000e+03 8.754215437432541843e-160
6.481000000000000000e+03 3.057839727393164905e-160
6.818000000000000000e+03 3.392360033658469819e-178
7.173000000000000000e+03 1.349988625547615217e-178
7.547000000000000000e+03 9.858219582700476231e-199
7.940000000000000000e+03 4.346933487866838830e-199
8.353000000000000000e+03 1.336121762390291659e-221
8.788000000000000000e+03 6.391020315465442873e-222
9.246000000000000000e+03 3.735406384257967934e-247
9.727000000000000000e+03 1.924404349721464744e-247
1.023000000000000000e+04 1.783607317275593191e-248
1.077000000000000000e+04 8.458222889861965128e-276
1.133000000000000000e+04 1.536627509691370417e-276
1.192000000000000000e+04 1.783386842510368532e-307
1.254000000000000000e+04 4.666473650920733065e-308
1.319000000000000000e+04 0.000000000000000000e+00
1.388000000000000000e+04 0.000000000000000000e+00
1.460000000000000000e+04 0.000000000000000000e+00
1.536000000000000000e+04 0.000000000000000000e+00
1.616000000000000000e+04 0.000000000000000000e+00
1.700000000000000000e+04 0.000000000000000000e+00
1.789000000000000000e+04 0.000000000000000000e+00
1.882000000000000000e+04 0.000000000000000000e+00
1.980000000000000000e+04 0.000000000000000000e+00
2.083000000000000000e+04 0.000000000000000000e+00
2.191000000000000000e+04 0.000000000000000000e+00
2.305000000000000000e+04 0.000000000000000000e+00
2.425000000000000000e+04 0.000000000000000000e+00
2.552000000000000000e+04 0.000000000000000000e+00
2.684000000000000000e+04 0.000000000000000000e+00
2.824000000000000000e+04 0.000000000000000000e+00
2.971000000000000000e+04 0.000000000000000000e+00
3.126000000000000000e+04 0.000000000000000000e+00
3.289000000000000000e+04 0.000000000000000000e+00
3.460000000000000000e+04 0.000000000000000000e+00
3.640000000000000000e+04 0.000000000000000000e+00
3.830000000000000000e+04 0.000000000000000000e+00
4.029000000000000000e+04 0.000000000000000000e+00
4.239000000000000000e+04 0.000000000000000000e+00
4.460000000000000000e+04 0.000000000000000000e+00
4.692000000000000000e+04 0.000000000000000000e+00
4.936000000000000000e+04 0.000000000000000000e+00
5.193000000000000000e+04 0.000000000000000000e+00
5.464000000000000000e+04 0.000000000000000000e+00
5.748000000000000000e+04 0.000000000000000000e+00
6.047000000000000000e+04 0.000000000000000000e+00
6.362000000000000000e+04 0.000000000000000000e+00
6.693000000000000000e+04 0.000000000000000000e+00
7.042000000000000000e+04 0.000000000000000000e+00
7.409000000000000000e+04 0.000000000000000000e+00
7.794000000000000000e+04 0.000000000000000000e+00
8.200000000000000000e+04 0.000000000000000000e+00
8.627000000000000000e+04 0.000000000000000000e+00
9.076000000000000000e+04 0.000000000000000000e+00
9.549000000000000000e+04 0.000000000000000000e+00
1.005000000000000000e+05 0.000000000000000000e+00
1.057000000000000000e+05 0.000000000000000000e+00
1.112000000000000000e+05 0.000000000000000000e+00
1.170000000000000000e+05 0.000000000000000000e+00
1.231000000000000000e+05 0.000000000000000000e+00
1.295000000000000000e+05 0.000000000000000000e+00
1.362000000000000000e+05 0.000000000000000000e+00
1.433000000000000000e+05 0.000000000000000000e+00
1.508000000000000000e+05 0.000000000000000000e+00
1.586000000000000000e+05 0.000000000000000000e+00
1.669000000000000000e+05 0.000000000000000000e+00
1.756000000000000000e+05 0.000000000000000000e+00
1.847000000000000000e+05 0.000000000000000000e+00
1.943000000000000000e+05 0.000000000000000000e+00
2.045000000000000000e+05 0.000000000000000000e+00
2.151000000000000000e+05 0.000000000000000000e+00
2.263000000000000000e+05 0.000000000000000000e+00
2.381000000000000000e+05 0.000000000000000000e+00
2.505000000000000000e+05 0.000000000000000000e+00
2.635000000000000000e+05 0.000000000000000000e+00
2.773000000000000000e+05 0.000000000000000000e+00
2.917000000000000000e+05 0.000000000000000000e+00
3.069000000000000000e+05 0.000000000000000000e+00
3.229000000000000000e+05 0.000000000000000000e+00
3.397000000000000000e+05 0.000000000000000000e+00
3.574000000000000000e+05 0.000000000000000000e+00
3.760000000000000000e+05 0.000000000000000000e+00
3.955000000000000000e+05 0.000000000000000000e+00
4.161000000000000000e+05 0.000000000000000000e+00
4.378000000000000000e+05 0.000000000000000000e+00
4.606000000000000000e+05 0.000000000000000000e+00
4.846000000000000000e+05 0.000000000000000000e+00
5.098000000000000000e+05 0.000000000000000000e+00
5.364000000000000000e+05 0.000000000000000000e+00
5.643000000000000000e+05 0.000000000000000000e+00
5.937000000000000000e+05 0.000000000000000000e+00
6.246000000000000000e+05 0.000000000000000000e+00
6.571000000000000000e+05 0.000000000000000000e+00
6.913000000000000000e+05 0.000000000000000000e+00
7.273000000000000000e+05 0.000000000000000000e+00
7.652000000000000000e+05 0.000000000000000000e+00
8.050000000000000000e+05 0.000000000000000000e+00
8.469000000000000000e+05 0.000000000000000000e+00
8.910000000000000000e+05 0.000000000000000000e+00
9.374000000000000000e+05 0.000000000000000000e+00
9.863000000000000000e+05 0.000000000000000000e+00
1.038000000000000000e+06 0.000000000000000000e+00
1.092000000000000000e+06 0.000000000000000000e+00
1.148000000000000000e+06 0.000000000000000000e+00
1.208000000000000000e+06 0.000000000000000000e+00
1.271000000000000000e+06 0.000000000000000000e+00
1.337000000000000000e+06 0.000000000000000000e+00
1.407000000000000000e+06 0.000000000000000000e+00
1.480000000000000000e+06 0.000000000000000000e+00
1.557000000000000000e+06 0.000000000000000000e+00
1.638000000000000000e+06 0.000000000000000000e+00
1.724000000000000000e+06 0.000000000000000000e+00
1.814000000000000000e+06 0.000000000000000000e+00
1.908000000000000000e+06 0.000000000000000000e+00
2.007000000000000000e+06 0.000000000000000000e+00
2.112000000000000000e+06 0.000000000000000000e+00
2.222000000000000000e+06 0.000000000000000000e+00
2.337000000000000000e+06 0.000000000000000000e+00
2.459000000000000000e+06 0.000000000000000000e+00
2.587000000000000000e+06 0.000000000000000000e+00
2.722000000000000000e+06 0.000000000000000000e+00
2.864000000000000000e+06 0.000000000000000000e+00
3.013000000000000000e+06 0.000000000000000000e+00
3.170000000000000000e+06 0.000000000000000000e+00
3.335000000000000000e+06 0.000000000000000000e+00
3.508000000000000000e+06 0.000000000000000000e+00
3.691000000000000000e+06 0.000000000000000000e+00
3.883000000000000000e+06 0.000000000000000000e+00
4.085000000000000000e+06 0.000000000000000000e+00
4.298000000000000000e+06 0.000000000000000000e+00
4.522000000000000000e+06 0.000000000000000000e+00
4.757000000000000000e+06 0.000000000000000000e+00
5.005000000000000000e+06 0.000000000000000000e+00
5.266000000000000000e+06 0.000000000000000000e+00
5.540000000000000000e+06 0.000000000000000000e+00
5.828000000000000000e+06 0.000000000000000000e+00
6.132000000000000000e+06 0.000000000000000000e+00
6.451000000000000000e+06 0.000000000000000000e+00
6.787000000000000000e+06 0.000000000000000000e+00
7.140000000000000000e+06 0.000000000000000000e+00
7.512000000000000000e+06 0.000000000000000000e+00
7.903000000000000000e+06 0.000000000000000000e+00
8.315000000000000000e+06 0.000000000000000000e+00
8.748000000000000000e+06 0.000000000000000000e+00
9.203000000000000000e+06 0.000000000000000000e+00
9.682000000000000000e+06 0.000000000000000000e+00
1.019000000000000000e+07 0.000000000000000000e+00
1.072000000000000000e+07 0.000000000000000000e+00
1.127000000000000000e+07 0.000000000000000000e+00
1.186000000000000000e+07 0.000000000000000000e+00
1.248000000000000000e+07 0.000000000000000000e+00
1.313000000000000000e+07 0.000000000000000000e+00
1.381000000000000000e+07 0.000000000000000000e+00
1.453000000000000000e+07 0.000000000000000000e+00
1.529000000000000000e+07 0.000000000000000000e+00
1.608000000000000000e+07 0.000000000000000000e+00
1.692000000000000000e+07 0.000000000000000000e+00
1.780000000000000000e+07 0.000000000000000000e+00
1.873000000000000000e+07 0.000000000000000000e+00
1.971000000000000000e+07 0.000000000000000000e+00
2.073000000000000000e+07 0.000000000000000000e+00
2.181000000000000000e+07 0.000000000000000000e+00
2.295000000000000000e+07 0.000000000000000000e+00
2.414000000000000000e+07 0.000000000000000000e+00
2.540000000000000000e+07 0.000000000000000000e+00
2.672000000000000000e+07 0.000000000000000000e+00
2.811000000000000000e+07 0.000000000000000000e+00
2.958000000000000000e+07 0.000000000000000000e+00
3.112000000000000000e+07 0.000000000000000000e+00
3.274000000000000000e+07 0.000000000000000000e+00
3.444000000000000000e+07 0.000000000000000000e+00
3.623000000000000000e+07 0.000000000000000000e+00
3.812000000000000000e+07 0.000000000000000000e+00
4.011000000000000000e+07 0.000000000000000000e+00
4.219000000000000000e+07 0.000000000000000000e+00
4.439000000000000000e+07 0.000000000000000000e+00
4.670000000000000000e+07 0.000000000000000000e+00
4.913000000000000000e+07 0.000000000000000000e+00
5.169000000000000000e+07 0.000000000000000000e+00
5.438000000000000000e+07 0.000000000000000000e+00
5.722000000000000000e+07 0.000000000000000000e+00
6.019000000000000000e+07 0.000000000000000000e+00
6.333000000000000000e+07 0.000000000000000000e+00
6.663000000000000000e+07 0.000000000000000000e+00
7.010000000000000000e+07 0.000000000000000000e+00
7.375000000000000000e+07 0.000000000000000000e+00
7.759000000000000000e+07 0.000000000000000000e+00
8.163000000000000000e+07 0.000000000000000000e+00
8.588000000000000000e+07 0.000000000000000000e+00
9.035000000000000000e+07 0.000000000000000000e+00
9.505000000000000000e+07 0.000000000000000000e+00
1.000000000000000000e+08 0.000000000000000000e+00
