9.999999999999999547e-07 9.011135162786830217e+06
1.052000000000000050e-06 9.139655179952722043e+06
1.106999999999999947e-06 9.364893737060708925e+06
1.163999999999999994e-06 9.485487690647138283e+06
1.224999999999999918e-06 9.697472927686713636e+06
1.289000000000000068e-06 9.837775549065325409e+06
1.356000000000000019e-06 1.001172975245250203e+07
1.427000000000000059e-06 1.019667572976564057e+07
1.500999999999999901e-06 1.035257861558494344e+07
1.579000000000000044e-06 1.050991764786253311e+07
1.661000000000000064e-06 1.064649465120897070e+07
1.748000000000000035e-06 1.080325658110121824e+07
1.839000000000000096e-06 1.106086972485719994e+07
1.935000000000000108e-06 1.101902912648118287e+07
2.034999999999999998e-06 1.135964449903443642e+07
2.140999999999999915e-06 1.125473936810938269e+07
2.252999999999999859e-06 1.151014991909593530e+07
2.370000000000000179e-06 1.157604751586342975e+07
2.493000000000000102e-06 1.165536338227226958e+07
2.623000000000000128e-06 1.182050004584519193e+07
2.759999999999999833e-06 1.174044363469536416e+07
2.904000000000000063e-06 1.196893916653613374e+07
3.054999999999999973e-06 1.184721681588093378e+07
3.214000000000000060e-06 1.198525813167698309e+07
3.380999999999999901e-06 1.193039884210547060e+07
3.556999999999999995e-06 1.194143810210940614e+07
3.741999999999999917e-06 1.188249110437197238e+07
3.936999999999999745e-06 1.180193670762668923e+07
4.142000000000000323e-06 1.172458100758964196e+07
4.357999999999999610e-06 1.166316284343098477e+07
4.585000000000000147e-06 1.149865747176456824e+07
4.823999999999999892e-06 1.137939094068103470e+07
5.074999999999999691e-06 1.115658565339193121e+07
5.339000000000000043e-06 1.102407337044367380e+07
5.616999999999999753e-06 1.073219372605165094e+07
5.908999999999999668e-06 1.056625069836714864e+07
6.216999999999999938e-06 1.018595028841171041e+07
6.540999999999999716e-06 1.002455058469860628e+07
6.880999999999999848e-06 9.606143942131767049e+06
7.240000000000000138e-06 9.388312350413512439e+06
7.617000000000000086e-06 9.012002372324759141e+06
8.012999999999999344e-06 8.698523610981419683e+06
8.430000000000000603e-06 8.333634437847455032e+06
8.868999999999999280e-06 7.954759754909343086e+06
9.330999999999999261e-06 7.639054093713393435e+06
9.816999999999999351e-06 7.240108538608074188e+06
1.032999999999999935e-05 6.929449164321657270e+06
1.086999999999999926e-05 6.543539337894461118e+06
1.143000000000000068e-05 6.233428849190915003e+06
1.203000000000000002e-05 5.864410276659406722e+06
1.264999999999999916e-05 5.582816960555089638e+06
1.330999999999999962e-05 5.230177131043286994e+06
1.400999999999999969e-05 4.958222334650823846e+06
1.472999999999999958e-05 4.649753454350620508e+06
1.550000000000000068e-05 4.395715907980160788e+06
1.631000000000000139e-05 4.127641634235712234e+06
1.715999999999999833e-05 3.899835328498085029e+06
1.805000000000000167e-05 3.689476658938290551e+06
1.898999999999999945e-05 3.474588491433298215e+06
1.997999999999999844e-05 3.317396005689066369e+06
2.101999999999999865e-05 3.124321296539204195e+06
2.212000000000000167e-05 3.000693748825933784e+06
2.326999999999999913e-05 2.849653743417679332e+06
2.447999999999999940e-05 2.753441000071092509e+06
2.574999999999999910e-05 2.648709085797822103e+06
2.708999999999999982e-05 2.564909192266884260e+06
2.850000000000000157e-05 2.487767944237331860e+06
2.998999999999999916e-05 2.429800107559848577e+06
3.155000000000000117e-05 2.377898814368622378e+06
3.318999999999999902e-05 2.340022447340480983e+06
3.491999999999999770e-05 2.303110285393861122e+06
3.673999999999999722e-05 2.283817563569958787e+06
3.864999999999999756e-05 2.272854867942330893e+06
4.066000000000000034e-05 2.258810788389143534e+06
4.278000000000000037e-05 2.265076876430341974e+06
4.500999999999999766e-05 2.255669122899176553e+06
4.734999999999999897e-05 2.276125202842840925e+06
4.982000000000000073e-05 2.273420358380452730e+06
5.241000000000000134e-05 2.297702787556819152e+06
5.513999999999999723e-05 2.306622438355788589e+06
5.801000000000000194e-05 2.327499187913758680e+06
6.102999999999999674e-05 2.341528100931643508e+06
6.420999999999999679e-05 2.363860771825379692e+06
6.755999999999999690e-05 2.384497169331808574e+06
7.106999999999999548e-05 2.409047757604957558e+06
7.477000000000000410e-05 2.430898336017329246e+06
7.867000000000000403e-05 2.450492595286126249e+06
8.276000000000000045e-05 2.476694847827617545e+06
8.707000000000000492e-05 2.490655449774896726e+06
9.160999999999999872e-05 2.517876492894415278e+06
9.637999999999999541e-05 2.533834853512832429e+06
1.013999999999999982e-04 2.553145424102671444e+06
1.067000000000000050e-04 2.571343167005995754e+06
1.122000000000000032e-04 2.586581384067406878e+06
1.180999999999999975e-04 2.601372789381952025e+06
1.242000000000000103e-04 2.609234687269249931e+06
1.307000000000000056e-04 2.622861374937764835e+06
1.375000000000000083e-04 2.628149084499745164e+06
1.446999999999999936e-04 2.630066002589678392e+06
1.522000000000000132e-04 2.640262583862092812e+06
1.600999999999999884e-04 2.637500781340318732e+06
1.684000000000000004e-04 2.641082564673799090e+06
1.771999999999999975e-04 2.634583799285731278e+06
1.864000000000000043e-04 2.631210121850473806e+06
1.960999999999999961e-04 2.621922346521512140e+06
2.064000000000000025e-04 2.613226731886215042e+06
2.170999999999999916e-04 2.600597199430191889e+06
2.283999999999999952e-04 2.588652420859590173e+06
2.403000000000000134e-04 2.570407730589488521e+06
2.528000000000000191e-04 2.554102819902382791e+06
2.660000000000000146e-04 2.527680690671429969e+06
2.798000000000000248e-04 2.510694850841820240e+06
2.944000000000000002e-04 2.479871619130835868e+06
3.096999999999999927e-04 2.454938635989386588e+06
3.259000000000000070e-04 2.424113175644224975e+06
3.427999999999999841e-04 2.391506708454097621e+06
3.606999999999999855e-04 2.359094945760583971e+06
3.795000000000000088e-04 2.323911215139138047e+06
3.991999999999999997e-04 2.287640901814403012e+06
4.200000000000000174e-04 2.247001414269255009e+06
4.419000000000000076e-04 2.205427607019984629e+06
4.649000000000000246e-04 2.163792203704430722e+06
4.891000000000000165e-04 2.122162683980897069e+06
5.144999999999999834e-04 2.072750654351843055e+06
5.412999999999999843e-04 2.031992712191024795e+06
5.695000000000000192e-04 1.980343450684437528e+06
5.992000000000000364e-04 1.936838694598366972e+06
6.304000000000000358e-04 1.882939790198962670e+06
6.631999999999999658e-04 1.836602740756086539e+06
6.976999999999999912e-04 1.782441608881765977e+06
7.341000000000000086e-04 1.734026182776565431e+06
7.722999999999999613e-04 1.681066802957856562e+06
8.124999999999999627e-04 1.628582289963544812e+06
8.547999999999999609e-04 1.576983045894227922e+06
8.993000000000000126e-04 1.523360408663388574e+06
9.460999999999999575e-04 1.472704988850925118e+06
9.954000000000000174e-04 1.417555853314334061e+06
1.046999999999999971e-03 1.367572728327609599e+06
1.101999999999999898e-03 1.312748549911769107e+06
1.159000000000000091e-03 1.264237121453898493e+06
1.219000000000000031e-03 1.210710668941701064e+06
1.283000000000000069e-03 1.161710514878033893e+06
1.350000000000000071e-03 1.110495064823046327e+06
1.420000000000000038e-03 1.062356058673568768e+06
1.494000000000000102e-03 1.013951562072259840e+06
1.572000000000000047e-03 9.672386703938945429e+05
1.654000000000000088e-03 9.214563121250257827e+05
1.740000000000000010e-03 8.755931518327135127e+05
1.830000000000000029e-03 8.328732294725936372e+05
1.925999999999999978e-03 7.896620284502861323e+05
2.026000000000000023e-03 7.481728877441899385e+05
2.131000000000000082e-03 7.083891751524046995e+05
2.242000000000000069e-03 6.697636723909439752e+05
2.358999999999999986e-03 6.326757680968856439e+05
2.481999999999999831e-03 5.968091629747510888e+05
2.611000000000000040e-03 5.629848369689437095e+05
2.746999999999999876e-03 5.295126633957715239e+05
2.890000000000000208e-03 4.989309777313985396e+05
3.040999999999999866e-03 4.679747106020917417e+05
3.199000000000000021e-03 4.400451312397546135e+05
3.366000000000000068e-03 4.124834519778136164e+05
3.540999999999999877e-03 3.870235897182359477e+05
3.725000000000000012e-03 3.623658287157767336e+05
3.918999999999999741e-03 3.398748623611794901e+05
4.122999999999999929e-03 3.182204325675481814e+05
4.337999999999999842e-03 2.982087228791963425e+05
4.564000000000000348e-03 2.794492668121528113e+05
4.800999999999999712e-03 2.617351445960027922e+05
5.050999999999999934e-03 2.457164517538367945e+05
5.314000000000000147e-03 2.302688599383315886e+05
5.590999999999999616e-03 2.166628049116591574e+05
5.882000000000000076e-03 2.036861181499090162e+05
6.187999999999999924e-03 1.921804377907640301e+05
6.511000000000000294e-03 1.812228181809042871e+05
6.850000000000000186e-03 1.717397331860885315e+05
7.205999999999999732e-03 1.626477825030353852e+05
7.582000000000000198e-03 1.550103692828926141e+05
7.976000000000000451e-03 1.475870216235643602e+05
8.392000000000000154e-03 1.414310709618776455e+05
8.829000000000000042e-03 1.356081980713725497e+05
9.287999999999999381e-03 1.306988981665543397e+05
9.771999999999999437e-03 1.262861742380282230e+05
1.027999999999999921e-02 1.224764682908475515e+05
1.081999999999999976e-02 1.192803971243027336e+05
1.137999999999999949e-02 1.164373850708976679e+05
1.196999999999999974e-02 1.141016253816085955e+05
1.260000000000000009e-02 1.121997544437479373e+05
1.324999999999999963e-02 1.105971494145552861e+05
1.393999999999999927e-02 1.094375252361386083e+05
1.467000000000000075e-02 1.085517751202780782e+05
1.542999999999999927e-02 1.079241508875786822e+05
1.623000000000000137e-02 1.076126542553767067e+05
1.708000000000000143e-02 1.074437675468478119e+05
1.796999999999999986e-02 1.075803160343299387e+05
1.890000000000000013e-02 1.078121924735351349e+05
1.989000000000000143e-02 1.083062712287087634e+05
2.092000000000000109e-02 1.088842106876292528e+05
2.200999999999999832e-02 1.096803276729259669e+05
2.316000000000000003e-02 1.105802782732715423e+05
2.436999999999999930e-02 1.116529728155196935e+05
2.563000000000000000e-02 1.128291230499525554e+05
2.697000000000000092e-02 1.141432188486344385e+05
2.836999999999999938e-02 1.156027276203885267e+05
2.985000000000000153e-02 1.171638640164018434e+05
3.139999999999999736e-02 1.189239277274526248e+05
3.303999999999999992e-02 1.207859998673595692e+05
3.475999999999999923e-02 1.228170517805660347e+05
3.656999999999999834e-02 1.249613203510968888e+05
3.846999999999999725e-02 1.272323690839584888e+05
4.048000000000000209e-02 1.296419981581557367e+05
4.259000000000000286e-02 1.320549908393002988e+05
4.479999999999999954e-02 1.345139444174383825e+05
4.714000000000000135e-02 1.367639615526489797e+05
4.959000000000000213e-02 1.387259117147522629e+05
5.217000000000000109e-02 1.402413359828699322e+05
5.489000000000000129e-02 1.406307284923021216e+05
5.775000000000000272e-02 1.404406606841812900e+05
6.074999999999999845e-02 1.374372165532369982e+05
6.392000000000000459e-02 1.341561206850399030e+05
6.723999999999999422e-02 1.262890206425260840e+05
7.074999999999999345e-02 1.183617883339683467e+05
7.442999999999999616e-02 1.062027565953318117e+05
7.829999999999999460e-02 9.363109231165223173e+04
8.237999999999999490e-02 7.997262050777152763e+04
8.666999999999999704e-02 6.587933717668455211e+04
9.117999999999999716e-02 5.336791039994549647e+04
9.593000000000000138e-02 4.149042428679972363e+04
1.009000000000000036e-01 3.179797953938793580e+04
1.062000000000000027e-01 2.381427737750924643e+04
1.116999999999999937e-01 1.733734912641077972e+04
1.174999999999999933e-01 1.295167505791632902e+04
1.236000000000000015e-01 9.130839158776163458e+03
1.300999999999999934e-01 6.947605512940556764e+03
1.368999999999999939e-01 4.898375159368766617e+03
1.439999999999999891e-01 3.716968588159989849e+03
1.514999999999999958e-01 2.518502557562730544e+03
1.593999999999999861e-01 1.811424783828454338e+03
1.676999999999999880e-01 1.089581525004820378e+03
1.764000000000000012e-01 7.257511808143261760e+02
1.855999999999999872e-01 3.960271945697263050e+02
1.952000000000000124e-01 2.395143882036772993e+02
2.053999999999999992e-01 1.356404934251036991e+02
2.160999999999999865e-01 7.621510392815963542e+01
2.273999999999999910e-01 4.347620454987595906e+01
2.391999999999999960e-01 2.195863913286070712e+01
2.516999999999999793e-01 1.191095492314559756e+01
2.647999999999999798e-01 4.695238435811097233e+00
2.785000000000000253e-01 2.608315186394876584e+00
2.929999999999999827e-01 8.687902108502190135e-01
3.083000000000000185e-01 4.884441959712476633e-01
3.244000000000000217e-01 1.339172662138244374e-01
3.412000000000000033e-01 7.621168651742925293e-02
3.589999999999999858e-01 1.643753644889616589e-02
3.776999999999999802e-01 8.713245833099410309e-03
3.973999999999999755e-01 2.289506514841698967e-03
4.181000000000000272e-01 8.033413321917485606e-04
4.398000000000000242e-01 2.458450375684293940e-04
4.627000000000000002e-01 5.454346253204896665e-05
4.868000000000000105e-01 1.871209785385506081e-05
5.121999999999999886e-01 2.389420319286606366e-06
5.387999999999999456e-01 9.339352075571373914e-07
5.668999999999999595e-01 8.358144953876934830e-08
5.964000000000000412e-01 3.563834776845283319e-08
6.274999999999999467e-01 1.588267559837981399e-09
6.601000000000000201e-01 7.401800399650814951e-10
6.945000000000000062e-01 2.377523304107269888e-11
7.307000000000000162e-01 1.182674243827702304e-11
7.687000000000000499e-01 1.444541494308336287e-13
8.087999999999999634e-01 7.640858033220070218e-14
8.508999999999999897e-01 6.161742231386804265e-15
8.951999999999999957e-01 4.380402219135387384e-16
9.417999999999999705e-01 7.774953601927774986e-17
9.908000000000000140e-01 7.798370193932489552e-19
1.042000000000000037e+00 2.071956785960966095e-19
1.096999999999999975e+00 1.278492412555789770e-21
1.153999999999999915e+00 4.163078948573491433e-22
1.213999999999999968e+00 6.930420468850796355e-25
1.276999999999999913e+00 2.665794973718767884e-25
1.344000000000000083e+00 1.734545425452002649e-28
1.413999999999999924e+00 7.448987478735314631e-29
1.487000000000000099e+00 1.822899874306529505e-32
1.564999999999999947e+00 8.566149516917863108e-33
1.645999999999999908e+00 5.460223762134191112e-37
1.731999999999999984e+00 2.772719442305148900e-37
1.822000000000000064e+00 5.053748958792439341e-42
1.917000000000000037e+00 2.732242125469696331e-42
2.016999999999999904e+00 3.013971465776554793e-43
2.121999999999999886e+00 7.419624535103940018e-48
2.232000000000000206e+00 1.557091499194249149e-48
2.347999999999999865e+00 4.690114100735711627e-54
2.470000000000000195e+00 1.353791612983261813e-54
2.599000000000000199e+00 6.023543765772051582e-61
2.733999999999999986e+00 2.119623587216928391e-61
2.876999999999999780e+00 1.198870621921201819e-68
3.027000000000000135e+00 4.823721708971492493e-69
3.184000000000000163e+00 2.553743155980839610e-77
3.350000000000000089e+00 1.146652234831398397e-77
3.524000000000000021e+00 7.108501462345341007e-87
3.708000000000000185e+00 3.469637482342884699e-87
3.900999999999999801e+00 1.468823410457294071e-97
4.104000000000000092e+00 7.690523493974014022e-98
4.317999999999999616e+00 3.239640041507841332e-99
4.543000000000000149e+00 9.500165282657597309e-110
4.778999999999999915e+00 1.457818859548627167e-110
5.027999999999999581e+00 4.586205597047235863e-123
5.290000000000000036e+00 1.099498139677027145e-123
5.565000000000000391e+00 7.379885501411437569e-138
5.855000000000000426e+00 2.300956061664488772e-138
6.160000000000000142e+00 2.120850183900009698e-154
6.480999999999999872e+00 7.866505197175595788e-155
6.817999999999999616e+00 8.867134924606430434e-173
7.173000000000000043e+00 3.742670603688646387e-173
7.546999999999999709e+00 2.944029133786504992e-193
7.940000000000000391e+00 1.368499878537235117e-193
8.352999999999999758e+00 4.282261408992436870e-216
8.788000000000000256e+00 2.151996611520419171e-216
9.246000000000000441e+00 1.283300698287828584e-241
9.727000000000000313e+00 6.872624513972101412e-242
1.023000000000000043e+01 6.411336932386668414e-243
1.076999999999999957e+01 3.249926492758047235e-270
1.133000000000000007e+01 5.983352680035170954e-271
1.191999999999999993e+01 7.046251372805676971e-302
1.253999999999999915e+01 1.877227232817097023e-302
1.318999999999999950e+01 0.000000000000000000e+00
1.388000000000000078e+01 0.000000000000000000e+00
1.459999999999999964e+01 0.000000000000000000e+00
1.535999999999999943e+01 0.000000000000000000e+00
1.616000000000000014e+01 0.000000000000000000e+00
1.700000000000000000e+01 0.000000000000000000e+00
1.789000000000000057e+01 0.000000000000000000e+00
1.882000000000000028e+01 0.000000000000000000e+00
1.980000000000000071e+01 0.000000000000000000e+00
2.082999999999999829e+01 0.000000000000000000e+00
2.191000000000000014e+01 0.000000000000000000e+00
2.305000000000000071e+01 0.000000000000000000e+00
2.425000000000000000e+01 0.000000000000000000e+00
2.551999999999999957e+01 0.000000000000000000e+00
2.683999999999999986e+01 0.000000000000000000e+00
2.823999999999999844e+01 0.000000000000000000e+00
2.971000000000000085e+01 0.000000000000000000e+00
3.126000000000000156e+01 0.000000000000000000e+00
3.289000000000000057e+01 0.000000000000000000e+00
3.460000000000000142e+01 0.000000000000000000e+00
3.639999999999999858e+01 0.000000000000000000e+00
3.829999999999999716e+01 0.000000000000000000e+00
4.028999999999999915e+01 0.000000000000000000e+00
4.239000000000000057e+01 0.000000000000000000e+00
4.460000000000000142e+01 0.000000000000000000e+00
4.692000000000000171e+01 0.000000000000000000e+00
4.935999999999999943e+01 0.000000000000000000e+00
5.192999999999999972e+01 0.000000000000000000e+00
5.464000000000000057e+01 0.000000000000000000e+00
5.747999999999999687e+01 0.000000000000000000e+00
6.046999999999999886e+01 0.000000000000000000e+00
6.361999999999999744e+01 0.000000000000000000e+00
6.693000000000000682e+01 0.000000000000000000e+00
7.042000000000000171e+01 0.000000000000000000e+00
7.409000000000000341e+01 0.000000000000000000e+00
7.793999999999999773e+01 0.000000000000000000e+00
8.200000000000000000e+01 0.000000000000000000e+00
8.626999999999999602e+01 0.000000000000000000e+00
9.076000000000000512e+01 0.000000000000000000e+00
9.548999999999999488e+01 0.000000000000000000e+00
1.005000000000000000e+02 0.000000000000000000e+00
1.057000000000000028e+02 0.000000000000000000e+00
1.112000000000000028e+02 0.000000000000000000e+00
1.170000000000000000e+02 0.000000000000000000e+00
1.230999999999999943e+02 0.000000000000000000e+00
1.295000000000000000e+02 0.000000000000000000e+00
1.361999999999999886e+02 0.000000000000000000e+00
1.433000000000000114e+02 0.000000000000000000e+00
1.508000000000000114e+02 0.000000000000000000e+00
1.585999999999999943e+02 0.000000000000000000e+00
1.669000000000000057e+02 0.000000000000000000e+00
1.755999999999999943e+02 0.000000000000000000e+00
1.846999999999999886e+02 0.000000000000000000e+00
1.943000000000000114e+02 0.000000000000000000e+00
2.045000000000000000e+02 0.000000000000000000e+00
2.150999999999999943e+02 0.000000000000000000e+00
2.263000000000000114e+02 0.000000000000000000e+00
2.380999999999999943e+02 0.000000000000000000e+00
2.505000000000000000e+02 0.000000000000000000e+00
2.635000000000000000e+02 0.000000000000000000e+00
2.773000000000000114e+02 0.000000000000000000e+00
2.916999999999999886e+02 0.000000000000000000e+00
3.068999999999999773e+02 0.000000000000000000e+00
3.228999999999999773e+02 0.000000000000000000e+00
3.396999999999999886e+02 0.000000000000000000e+00
3.573999999999999773e+02 0.000000000000000000e+00
3.760000000000000000e+02 0.000000000000000000e+00
3.955000000000000000e+02 0.000000000000000000e+00
4.161000000000000227e+02 0.000000000000000000e+00
4.378000000000000114e+02 0.000000000000000000e+00
4.606000000000000227e+02 0.000000000000000000e+00
4.846000000000000227e+02 0.000000000000000000e+00
5.098000000000000114e+02 0.000000000000000000e+00
5.363999999999999773e+02 0.000000000000000000e+00
5.642999999999999545e+02 0.000000000000000000e+00
5.937000000000000455e+02 0.000000000000000000e+00
6.246000000000000227e+02 0.000000000000000000e+00
6.571000000000000227e+02 0.000000000000000000e+00
6.912999999999999545e+02 0.000000000000000000e+00
7.272999999999999545e+02 0.000000000000000000e+00
7.652000000000000455e+02 0.000000000000000000e+00
8.050000000000000000e+02 0.000000000000000000e+00
8.468999999999999773e+02 0.000000000000000000e+00
8.910000000000000000e+02 0.000000000000000000e+00
9.373999999999999773e+02 0.000000000000000000e+00
9.862999999999999545e+02 0.000000000000000000e+00
1.038000000000000000e+03 0.000000000000000000e+00
1.092000000000000000e+03 0.000000000000000000e+00
1.148000000000000000e+03 0.000000000000000000e+00
1.208000000000000000e+03 0.000000000000000000e+00
1.271000000000000000e+03 0.000000000000000000e+00
1.337000000000000000e+03 0.000000000000000000e+00
1.407000000000000000e+03 0.000000000000000000e+00
1.480000000000000000e+03 0.000000000000000000e+00
1.557000000000000000e+03 0.000000000000000000e+00
1.638000000000000000e+03 0.000000000000000000e+00
1.724000000000000000e+03 0.000000000000000000e+00
1.814000000000000000e+03 0.000000000000000000e+00
1.908000000000000000e+03 0.000000000000000000e+00
2.007000000000000000e+03 0.000000000000000000e+00
2.112000000000000000e+03 0.000000000000000000e+00
2.222000000000000000e+03 0.000000000000000000e+00
2.337000000000000000e+03 0.000000000000000000e+00
2.459000000000000000e+03 0.000000000000000000e+00
2.587000000000000000e+03 0.000000000000000000e+00
2.722000000000000000e+03 0.000000000000000000e+00
2.864000000000000000e+03 0.000000000000000000e+00
3.013000000000000000e+03 0.000000000000000000e+00
3.170000000000000000e+03 0.000000000000000000e+00
3.335000000000000000e+03 0.000000000000000000e+00
3.508000000000000000e+03 0.000000000000000000e+00
3.691000000000000000e+03 0.000000000000000000e+00
3.883000000000000000e+03 0.000000000000000000e+00
4.085000000000000000e+03 0.000000000000000000e+00
4.298000000000000000e+03 0.000000000000000000e+00
4.522000000000000000e+03 0.000000000000000000e+00
4.757000000000000000e+03 0.000000000000000000e+00
5.005000000000000000e+03 0.000000000000000000e+00
5.266000000000000000e+03 0.000000000000000000e+00
5.540000000000000000e+03 0.000000000000000000e+00
5.828000000000000000e+03 0.000000000000000000e+00
6.132000000000000000e+03 0.000000000000000000e+00
6.451000000000000000e+03 0.000000000000000000e+00
6.787000000000000000e+03 0.000000000000000000e+00
7.140000000000000000e+03 0.000000000000000000e+00
7.512000000000000000e+03 0.000000000000000000e+00
7.903000000000000000e+03 0.000000000000000000e+00
8.315000000000000000e+03 0.000000000000000000e+00
8.748000000000000000e+03 0.000000000000000000e+00
9.203000000000000000e+03 0.000000000000000000e+00
9.682000000000000000e+03 0.000000000000000000e+00
1.019000000000000000e+04 0.000000000000000000e+00
1.072000000000000000e+04 0.000000000000000000e+00
1.127000000000000000e+04 0.000000000000000000e+00
1.186000000000000000e+04 0.000000000000000000e+00
1.248000000000000000e+04 0.000000000000000000e+00
1.313000000000000000e+04 0.000000000000000000e+00
1.381000000000000000e+04 0.000000000000000000e+00
1.453000000000000000e+04 0.000000000000000000e+00
1.529000000000000000e+04 0.000000000000000000e+00
1.608000000000000000e+04 0.000000000000000000e+00
1.692000000000000000e+04 0.000000000000000000e+00
1.780000000000000000e+04 0.000000000000000000e+00
1.873000000000000000e+04 0.000000000000000000e+00
1.971000000000000000e+04 0.000000000000000000e+00
2.073000000000000000e+04 0.000000000000000000e+00
2.181000000000000000e+04 0.000000000000000000e+00
2.295000000000000000e+04 0.000000000000000000e+00
2.414000000000000000e+04 0.000000000000000000e+00
2.540000000000000000e+04 0.000000000000000000e+00
2.672000000000000000e+04 0.000000000000000000e+00
2.811000000000000000e+04 0.000000000000000000e+00
2.958000000000000000e+04 0.000000000000000000e+00
3.112000000000000000e+04 0.000000000000000000e+00
3.274000000000000000e+04 0.000000000000000000e+00
3.444000000000000000e+04 0.000000000000000000e+00
3.623000000000000000e+04 0.000000000000000000e+00
3.812000000000000000e+04 0.000000000000000000e+00
4.011000000000000000e+04 0.000000000000000000e+00
4.219000000000000000e+04 0.000000000000000000e+00
4.439000000000000000e+04 0.000000000000000000e+00
4.670000000000000000e+04 0.000000000000000000e+00
4.913000000000000000e+04 0.000000000000000000e+00
5.169000000000000000e+04 0.000000000000000000e+00
5.438000000000000000e+04 0.000000000000000000e+00
5.722000000000000000e+04 0.000000000000000000e+00
6.019000000000000000e+04 0.000000000000000000e+00
6.333000000000000000e+04 0.000000000000000000e+00
6.663000000000000000e+04 0.000000000000000000e+00
7.010000000000000000e+04 0.000000000000000000e+00
7.375000000000000000e+04 0.000000000000000000e+00
7.759000000000000000e+04 0.000000000000000000e+00
8.163000000000000000e+04 0.000000000000000000e+00
8.588000000000000000e+04 0.000000000000000000e+00
9.035000000000000000e+04 0.000000000000000000e+00
9.505000000000000000e+04 0.000000000000000000e+00
1.000000000000000000e+05 0.000000000000000000e+00
