1.900000000000000000e+01 6.298439207499106907e-02
2.000000000000000000e+01 4.473305652294063545e-02
2.100000000000000000e+01 3.136243107253409990e-02
2.200000000000000000e+01 2.163308979938978471e-02
2.300000000000000000e+01 1.516571793450798705e-02
2.400000000000000000e+01 1.047017723991281943e-02
2.500000000000000000e+01 7.093601808218261140e-03
2.600000000000000000e+01 4.878676969523131242e-03
2.700000000000000000e+01 3.308159823593843918e-03
2.800000000000000000e+01 2.203927679643500823e-03
2.900000000000000000e+01 1.489041917034739353e-03
3.000000000000000000e+01 9.949050407733854573e-04
3.100000000000000000e+01 6.552462660417061966e-04
3.200000000000000000e+01 4.372295057679720159e-04
3.300000000000000000e+01 2.868790853678770221e-04
3.400000000000000000e+01 1.843567162338416801e-04
3.500000000000000000e+01 1.199827277902390488e-04
3.600000000000000000e+01 7.902629621650638671e-05
3.700000000000000000e+01 5.264244526378571002e-05
3.800000000000000000e+01 3.441709587393906996e-05
3.900000000000000000e+01 2.199629499077991536e-05
4.000000000000000000e+01 1.421658838576165973e-05
4.100000000000000000e+01 9.286958362451818095e-06
4.200000000000000000e+01 5.982258710291385078e-06
4.300000000000000000e+01 3.786537972578737987e-06
4.400000000000000000e+01 2.421821134915273363e-06
4.500000000000000000e+01 1.564454318380208423e-06
4.600000000000000000e+01 1.020273064514857662e-06
4.700000000000000000e+01 6.570978777687549824e-07
4.800000000000000000e+01 4.166038453459802783e-07
4.900000000000000000e+01 2.666012122962469883e-07
5.000000000000000000e+01 1.721410255086057415e-07
5.100000000000000000e+01 1.121082125562458501e-07
5.200000000000000000e+01 7.361688481134736262e-08
5.300000000000000000e+01 4.771362936440725596e-08
5.400000000000000000e+01 3.043104293617991891e-08
5.500000000000000000e+01 1.956805928956305620e-08
5.600000000000000000e+01 1.268258908627322711e-08
5.700000000000000000e+01 8.282792187248208878e-09
5.800000000000000000e+01 5.449290608809508775e-09
5.900000000000000000e+01 3.610680367181451111e-09
6.000000000000000000e+01 2.351304500888952108e-09
6.100000000000000000e+01 1.499755390011707437e-09
6.200000000000000000e+01 9.635756764913218196e-10
6.300000000000000000e+01 6.234544915226341571e-10
6.400000000000000000e+01 4.061454802318808166e-10
6.500000000000000000e+01 2.663331681871447727e-10
6.600000000000000000e+01 1.757715696448702368e-10
6.700000000000000000e+01 1.140378583611640310e-10
6.800000000000000000e+01 7.249026390844675520e-11
6.900000000000000000e+01 4.638369237728504968e-11
7.000000000000000000e+01 2.986924564414993808e-11
7.100000000000000000e+01 1.935433449309001524e-11
7.200000000000000000e+01 1.261688952271967399e-11
7.300000000000000000e+01 8.273219256002935062e-12
7.400000000000000000e+01 5.456020216271138356e-12
7.500000000000000000e+01 3.536807294103730384e-12
7.600000000000000000e+01 2.246249703787661514e-12
7.700000000000000000e+01 1.435052299683206733e-12
7.800000000000000000e+01 9.220928780251200688e-13
7.900000000000000000e+01 5.958206280475933216e-13
8.000000000000000000e+01 3.871055479731765302e-13
8.100000000000000000e+01 2.528468663796301844e-13
8.200000000000000000e+01 1.660135556522098893e-13
8.300000000000000000e+01 1.095551620872425027e-13
8.400000000000000000e+01 7.090148459679300637e-14
8.500000000000000000e+01 4.484062615336178181e-14
8.600000000000000000e+01 2.851043901369010007e-14
8.700000000000000000e+01 1.822211263917437040e-14
8.800000000000000000e+01 1.170589554159663117e-14
8.900000000000000000e+01 7.557391230985557947e-15
9.000000000000000000e+01 4.902893044690556416e-15
9.100000000000000000e+01 3.195947847077118281e-15
9.200000000000000000e+01 2.092997524491383846e-15
9.300000000000000000e+01 1.376943061434471856e-15
9.400000000000000000e+01 8.895460441479132253e-16
9.500000000000000000e+01 5.624498618454003845e-16
9.600000000000000000e+01 3.573342955926934796e-16
9.700000000000000000e+01 2.280857979169881195e-16
9.800000000000000000e+01 1.462557383065486088e-16
9.900000000000000000e+01 9.420597305016475135e-17
1.000000000000000000e+02 6.094748067289202351e-17
1.010000000000000000e+02 3.960107457866526999e-17
1.020000000000000000e+02 2.584016566717358776e-17
1.030000000000000000e+02 1.693109384642066150e-17
1.040000000000000000e+02 1.113887836882236214e-17
