1.473707518796992133e+01 1.850993517249142739e+00
1.573707518796992133e+01 1.287323848880832955e+00
1.673707518796992133e+01 8.704108989314106593e-01
1.773707518796992133e+01 5.862702046285421797e-01
1.873707518796992133e+01 3.873117067964991778e-01
1.973707518796992133e+01 2.539470822584205534e-01
2.073707518796992133e+01 1.660496318357562173e-01
2.173707518796992133e+01 1.082352154459631788e-01
2.273707518796992133e+01 7.025304324520383059e-02
2.373707518796992133e+01 4.539775910398261005e-02
2.473707518796992133e+01 2.915160289170202687e-02
2.573707518796992133e+01 1.861183625091496902e-02
2.673707518796992133e+01 1.181562675359000732e-02
2.773707518796992133e+01 7.436701945802755113e-03
2.873707518796992133e+01 4.696527905080688167e-03
2.973707518796992133e+01 2.956643318605994570e-03
3.073707518796992133e+01 1.855936228662351077e-03
3.173707518796992133e+01 1.158681458176708109e-03
3.273707518796992133e+01 7.237910646933533180e-04
3.373707518796992133e+01 4.498928068495462902e-04
3.473707518796992133e+01 2.792065135764211330e-04
3.573707518796992133e+01 1.725559101934953795e-04
3.673707518796992133e+01 1.063065358510563251e-04
3.773707518796992133e+01 6.534293951043571578e-05
3.873707518796992133e+01 4.001316338983897607e-05
3.973707518796992133e+01 2.446068570356116164e-05
4.073707518796992133e+01 1.494947128137497734e-05
4.173707518796992133e+01 9.110282743371542975e-06
4.273707518796992133e+01 5.551455134610404346e-06
4.373707518796992133e+01 3.384404648793571692e-06
4.473707518796992133e+01 2.061098769746289953e-06
4.573707518796992133e+01 1.258375085512234950e-06
4.673707518796992133e+01 7.687459483481345287e-07
4.773707518796992133e+01 4.700622024683973702e-07
4.873707518796992133e+01 2.875508488178470602e-07
4.973707518796992133e+01 1.764727605367749407e-07
5.073707518796992133e+01 1.082310671357946972e-07
5.173707518796992133e+01 6.658474934830199905e-08
5.273707518796992133e+01 4.099427514428412295e-08
5.373707518796992133e+01 2.527155126347600928e-08
5.473707518796992133e+01 1.559566331580422829e-08
5.573707518796992133e+01 9.623120503407937710e-09
5.673707518796992133e+01 5.947411942153377987e-09
5.773707518796992133e+01 3.673542515207042737e-09
5.873707518796992133e+01 2.267436998307155907e-09
5.973707518796992133e+01 1.401487858234893008e-09
6.073707518796992133e+01 8.678810863566250909e-10
6.173707518796992133e+01 5.358177298278473122e-10
6.273707518796992133e+01 3.306520394626250925e-10
6.373707518796992133e+01 2.039878617687336179e-10
6.473707518796992133e+01 1.259865657193216086e-10
6.573707518796992133e+01 7.767882855560380704e-11
6.673707518796992133e+01 4.780367228155328035e-11
6.773707518796992133e+01 2.942893342310462816e-11
6.873707518796992133e+01 1.810794490529280773e-11
6.973707518796992133e+01 1.115549493604600973e-11
7.073707518796992133e+01 6.870832873859854068e-12
7.173707518796992133e+01 4.222441488560823169e-12
7.273707518796992133e+01 2.594288663421769888e-12
7.373707518796992133e+01 1.593349578142665365e-12
7.473707518796992133e+01 9.819184200886262403e-13
7.573707518796992133e+01 6.027347592806103501e-13
7.673707518796992133e+01 3.696744620319019853e-13
7.773707518796992133e+01 2.276279606383629296e-13
7.873707518796992133e+01 1.399456638954421517e-13
7.973707518796992133e+01 8.615861026948527926e-14
8.073707518796992133e+01 5.293532177948178086e-14
8.173707518796992133e+01 3.244552001539288065e-14
8.273707518796992133e+01 2.002700482021640717e-14
8.373707518796992133e+01 1.231073941111824292e-14
8.473707518796992133e+01 7.555529506206661380e-15
8.573707518796992133e+01 4.641382954089025751e-15
8.673707518796992133e+01 2.855701990886607748e-15
