1.000000000000000021e-03 2.973786652237677686e+01
1.051999999999999984e-03 2.842030882715255302e+01
1.106999999999999911e-03 2.729963957623604642e+01
1.163999999999999887e-03 2.612091794420931024e+01
1.224999999999999960e-03 2.520862325390856995e+01
1.288999999999999998e-03 2.420773334209881256e+01
1.356000000000000000e-03 2.349133435803035752e+01
1.427000000000000100e-03 2.268894249120905471e+01
1.500999999999999947e-03 2.216158108126162674e+01
1.579000000000000108e-03 2.158881566982078937e+01
1.661000000000000150e-03 2.118354547012025435e+01
1.747999999999999988e-03 2.073188508468449243e+01
1.839000000000000140e-03 2.045961076378761945e+01
1.935000000000000088e-03 2.018510026430472237e+01
2.034999999999999917e-03 1.998781367055448044e+01
2.141000000000000108e-03 1.984667559177727725e+01
2.252999999999999794e-03 1.971214565186012635e+01
2.370000000000000145e-03 1.969325690301503684e+01
2.492999999999999990e-03 1.963480307654545243e+01
2.623000000000000331e-03 1.969357753037378345e+01
2.759999999999999867e-03 1.970308462008875949e+01
2.903999999999999897e-03 1.978898536926255503e+01
3.054999999999999990e-03 1.983061210260270002e+01
3.213999999999999843e-03 1.995706858070144563e+01
3.380999999999999891e-03 2.003972713782159332e+01
3.556999999999999832e-03 2.017045202382576718e+01
3.742000000000000100e-03 2.027962955741183393e+01
3.936999999999999528e-03 2.041329642187098514e+01
4.142000000000000716e-03 2.056029560435277403e+01
4.357999999999999895e-03 2.068172113724561356e+01
4.585000000000000533e-03 2.083244638495909484e+01
4.824000000000000163e-03 2.091100982848112366e+01
5.074999999999999650e-03 2.106805535295897158e+01
5.338999999999999996e-03 2.113460859293321548e+01
5.616999999999999597e-03 2.125489772539927813e+01
5.908999999999999322e-03 2.133710528788705574e+01
6.217000000000000304e-03 2.141044526961769989e+01
6.540999999999999939e-03 2.147811131102317717e+01
6.880999999999999964e-03 2.154170884011912079e+01
7.239999999999999908e-03 2.157958413659869024e+01
7.617000000000000506e-03 2.159949170548311770e+01
8.012999999999999290e-03 2.161691537503036642e+01
8.429999999999999993e-03 2.161131045803181649e+01
8.868999999999998413e-03 2.158686306434231739e+01
9.330999999999999017e-03 2.154527429740095457e+01
9.816999999999999338e-03 2.150953339443082513e+01
1.032999999999999891e-02 2.142048016333332328e+01
1.086999999999999945e-02 2.134597931539273930e+01
1.143000000000000092e-02 2.124425205994654320e+01
1.203000000000000076e-02 2.112272653176398052e+01
1.264999999999999979e-02 2.099982081363026509e+01
1.330999999999999892e-02 2.084081643448549315e+01
1.400999999999999988e-02 2.069499192361728745e+01
1.473000000000000004e-02 2.050667577889884541e+01
1.549999999999999989e-02 2.031274337686263110e+01
1.631000000000000158e-02 2.009795076372390454e+01
1.715999999999999817e-02 1.988547542143973956e+01
1.805000000000000007e-02 1.964999264085194142e+01
1.898999999999999994e-02 1.941089650662765820e+01
1.997999999999999776e-02 1.914124865053918256e+01
2.101999999999999702e-02 1.888484350029237646e+01
2.212000000000000077e-02 1.859478838697349801e+01
2.326999999999999902e-02 1.831530652524599745e+01
2.447999999999999829e-02 1.801397086556392324e+01
2.574999999999999858e-02 1.770282687028574742e+01
2.708999999999999950e-02 1.738634771565025972e+01
2.850000000000000103e-02 1.706237337227948458e+01
2.998999999999999930e-02 1.674642164165716451e+01
3.155000000000000165e-02 1.639925276939769816e+01
3.318999999999999728e-02 1.607940389677759896e+01
3.491999999999999965e-02 1.572954288393041011e+01
3.673999999999999488e-02 1.539278182447366028e+01
3.864999999999999686e-02 1.503259459349966320e+01
4.066000000000000170e-02 1.469541785016846447e+01
4.277999999999999858e-02 1.433752696024903273e+01
4.500999999999999446e-02 1.400299885983073800e+01
4.734999999999999626e-02 1.365569848621659865e+01
4.982000000000000317e-02 1.331845727801200852e+01
5.240999999999999825e-02 1.298477408528633781e+01
5.513999999999999457e-02 1.264365546671470497e+01
5.800999999999999907e-02 1.232396722412104317e+01
6.102999999999999398e-02 1.198521144438410069e+01
6.421000000000000318e-02 1.167525945001420951e+01
6.755999999999999506e-02 1.134410985645972758e+01
7.106999999999999429e-02 1.105936669751211099e+01
7.477000000000000313e-02 1.075603065205240227e+01
7.867000000000000381e-02 1.048199844272513204e+01
8.276000000000000023e-02 1.020138237562951566e+01
8.707000000000000850e-02 9.939401007393358967e+00
9.160999999999999699e-02 9.677765163369400625e+00
9.637999999999999345e-02 9.426434601119831669e+00
1.014000000000000040e-01 9.193613269422813872e+00
1.067000000000000032e-01 8.956839885463688589e+00
1.122000000000000081e-01 8.760224568016147018e+00
1.180999999999999966e-01 8.554818316274996448e+00
1.242000000000000048e-01 8.385960183630674081e+00
1.307000000000000106e-01 8.207421932403427434e+00
1.375000000000000111e-01 8.055368715915292910e+00
1.446999999999999953e-01 7.898914461852862168e+00
1.522000000000000020e-01 7.759638140771416559e+00
1.600999999999999923e-01 7.633048149342602784e+00
1.683999999999999941e-01 7.513596805624387365e+00
1.771999999999999964e-01 7.425384466053962740e+00
1.864000000000000101e-01 7.335694060185634413e+00
1.960999999999999965e-01 7.280067178182813237e+00
2.064000000000000001e-01 7.214472795194135202e+00
2.170999999999999874e-01 7.176135838664657207e+00
2.283999999999999919e-01 7.129485725027300269e+00
2.403000000000000136e-01 7.100521964856087997e+00
2.528000000000000247e-01 7.079926508897705695e+00
2.660000000000000142e-01 7.067870155183701542e+00
2.798000000000000487e-01 7.087345301589459190e+00
2.943999999999999950e-01 7.103588215212628398e+00
3.096999999999999753e-01 7.154368004222456001e+00
3.259000000000000230e-01 7.188602999552870187e+00
3.427999999999999936e-01 7.250725192064984448e+00
3.606999999999999651e-01 7.296084301560952667e+00
3.795000000000000040e-01 7.357237538412516820e+00
3.991999999999999993e-01 7.422098400050368916e+00
4.200000000000000400e-01 7.493291949801697882e+00
4.419000000000000150e-01 7.594494433013475820e+00
4.649000000000000354e-01 7.691035991304008057e+00
4.891000000000000347e-01 7.817812944139236997e+00
5.144999999999999574e-01 7.924745491564644695e+00
5.413000000000000034e-01 8.053240086096124628e+00
5.695000000000000062e-01 8.160641776521693203e+00
5.992000000000000659e-01 8.273857813400299577e+00
6.304000000000000714e-01 8.392249962657995610e+00
6.632000000000000117e-01 8.505610165684716506e+00
6.976999999999999869e-01 8.652433514805936809e+00
7.340999999999999748e-01 8.788566519283961043e+00
7.722999999999999865e-01 8.951611871955392985e+00
8.125000000000000000e-01 9.091668033395031046e+00
8.548000000000000043e-01 9.241112316687297934e+00
8.992999999999999883e-01 9.368821410912218539e+00
9.460999999999999410e-01 9.484834151234732502e+00
9.954000000000000625e-01 9.607369402533691982e+00
1.046999999999999931e+00 9.711319156862757040e+00
1.101999999999999869e+00 9.850398274554606814e+00
1.159000000000000030e+00 9.972802045593924802e+00
1.219000000000000083e+00 1.011171224481515729e+01
1.283000000000000140e+00 1.023216289158660075e+01
1.350000000000000089e+00 1.033596965044671556e+01
1.419999999999999929e+00 1.042406625860441949e+01
1.493999999999999995e+00 1.046880750581906838e+01
1.572000000000000064e+00 1.052385239144584617e+01
1.654000000000000137e+00 1.054201985224041493e+01
1.739999999999999991e+00 1.058483481856079678e+01
1.830000000000000071e+00 1.061734946801869484e+01
1.925999999999999934e+00 1.063735078180667060e+01
2.025999999999999801e+00 1.065462751134083952e+01
2.131000000000000227e+00 1.060334740152952193e+01
2.241999999999999993e+00 1.055736523586254094e+01
2.358999999999999986e+00 1.040984151048062500e+01
2.481999999999999762e+00 1.026725900414274761e+01
2.611000000000000210e+00 1.007050588875554453e+01
2.746999999999999886e+00 9.851770752253148800e+00
2.890000000000000124e+00 9.647232465451068606e+00
3.040999999999999925e+00 9.368313093932492563e+00
3.198999999999999844e+00 9.103863917489942281e+00
3.366000000000000103e+00 8.717299429742286776e+00
3.540999999999999925e+00 8.320975421741124478e+00
3.725000000000000089e+00 7.800315647946126418e+00
3.918999999999999595e+00 7.240741063333375749e+00
4.123000000000000220e+00 6.648829337918947147e+00
4.338000000000000078e+00 6.024820873413373690e+00
4.564000000000000057e+00 5.478374610895613728e+00
4.801000000000000156e+00 4.940278442549585591e+00
5.051000000000000156e+00 4.491554832172029776e+00
5.314000000000000057e+00 4.061014312818929994e+00
5.590999999999999304e+00 3.696382159146210711e+00
5.881999999999999673e+00 3.323152104115406402e+00
6.187999999999999723e+00 2.980408774185702825e+00
6.511000000000000121e+00 2.598934357219963687e+00
6.850000000000000533e+00 2.230169044680966550e+00
7.205999999999999517e+00 1.860979649403374125e+00
7.581999999999999851e+00 1.492878144001140939e+00
7.976000000000000867e+00 1.190414570922634141e+00
8.391999999999999460e+00 8.941182616616583090e-01
8.829000000000000625e+00 6.811737712919638810e-01
9.288000000000000256e+00 4.916375655385749610e-01
9.772000000000000242e+00 3.622314377391413487e-01
1.027999999999999936e+01 2.633919211162880636e-01
1.082000000000000028e+01 1.905628104099941211e-01
1.137999999999999901e+01 1.420025105959967782e-01
1.196999999999999886e+01 1.022138758268220649e-01
1.259999999999999964e+01 7.513831342643906286e-02
1.325000000000000000e+01 5.146063114112120473e-02
1.393999999999999950e+01 3.521551659737198747e-02
1.466999999999999993e+01 2.051336395611680352e-02
1.542999999999999972e+01 1.346827094466690466e-02
1.623000000000000043e+01 6.800888942763816392e-03
1.708000000000000185e+01 4.476967462919992369e-03
1.796999999999999886e+01 2.326726480670004982e-03
1.889999999999999858e+01 1.419724742720611388e-03
1.989000000000000057e+01 7.394030099532218625e-04
2.092000000000000171e+01 4.006503466580310646e-04
2.200999999999999801e+01 1.914278288374657647e-04
2.316000000000000014e+01 8.311138401962629013e-05
2.437000000000000099e+01 4.054529329417357400e-05
2.562999999999999901e+01 1.548969832203066742e-05
2.697000000000000242e+01 7.525371325307612762e-06
2.837000000000000099e+01 2.314503413474973750e-06
2.985000000000000142e+01 1.110632387021432332e-06
3.139999999999999858e+01 2.518106163561589718e-07
3.303999999999999915e+01 1.227322907715052791e-07
3.475999999999999801e+01 2.275356420775232662e-08
3.657000000000000028e+01 1.136813685502135795e-08
3.846999999999999886e+01 1.937398570414393901e-09
4.048000000000000398e+01 7.300558692863506157e-10
4.259000000000000341e+01 1.634948833117702442e-10
4.479999999999999716e+01 3.554049428712199200e-11
4.714000000000000057e+01 9.048880365515044169e-12
4.959000000000000341e+01 1.010930229301689509e-12
5.217000000000000171e+01 3.007007609628966320e-13
5.489000000000000057e+01 2.392777563959176928e-14
5.775000000000000000e+01 7.390756982498587511e-15
6.075000000000000000e+01 2.780706215514402064e-16
6.392000000000000171e+01 9.137555772560783796e-17
6.723999999999999488e+01 2.213462213091543398e-18
7.075000000000000000e+01 7.367531022052537824e-19
7.442999999999999261e+01 8.975790514122314700e-21
7.829999999999999716e+01 3.023565475215537772e-21
8.237999999999999545e+01 1.819879268279440560e-23
8.667000000000000171e+01 8.451182027641941954e-24
9.117999999999999261e+01 7.215776221938677050e-25
9.593000000000000682e+01 1.177265081693393729e-26
1.009000000000000057e+02 1.654722407625737763e-27
1.062000000000000028e+02 6.382731942306692003e-30
1.116999999999999886e+02 1.114077459969588803e-30
1.175000000000000000e+02 1.458037725579789454e-33
1.236000000000000085e+02 2.924404593856220214e-34
1.300999999999999943e+02 1.438558948452260027e-37
1.369000000000000057e+02 2.676595441483112590e-38
1.440000000000000000e+02 4.107492148256019272e-42
1.515000000000000000e+02 7.571800446429790168e-43
1.593999999999999773e+02 3.404638683028050638e-47
1.676999999999999886e+02 5.623805935945274659e-48
1.764000000000000057e+02 7.756191002215902454e-53
1.855999999999999943e+02 3.068115724102794260e-53
1.952000000000000171e+02 4.323967070369599500e-55
2.054000000000000057e+02 2.029774898133489513e-59
2.160999999999999943e+02 1.053741068212672687e-60
2.273999999999999773e+02 2.348970707615018574e-66
2.391999999999999886e+02 1.439567153662521798e-67
2.516999999999999886e+02 3.537374640166684519e-74
2.647999999999999545e+02 2.318617280600702940e-75
2.785000000000000000e+02 0.000000000000000000e+00
2.930000000000000000e+02 4.726176715505961024e-84
3.083000000000000114e+02 0.000000000000000000e+00
3.244000000000000341e+02 7.808450950082250285e-94
3.411999999999999886e+02 0.000000000000000000e+00
3.590000000000000000e+02 1.256268471196004788e-104
3.776999999999999886e+02 0.000000000000000000e+00
3.973999999999999773e+02 7.732791535571118727e-117
4.181000000000000227e+02 0.000000000000000000e+00
4.398000000000000114e+02 3.245969045315297735e-129
4.626999999999999886e+02 0.000000000000000000e+00
4.868000000000000114e+02 5.125332723668738367e-144
5.122000000000000455e+02 0.000000000000000000e+00
5.387999999999999545e+02 0.000000000000000000e+00
5.668999999999999773e+02 0.000000000000000000e+00
5.964000000000000909e+02 0.000000000000000000e+00
6.275000000000000000e+02 0.000000000000000000e+00
6.601000000000000227e+02 0.000000000000000000e+00
6.945000000000000000e+02 0.000000000000000000e+00
7.307000000000000455e+02 0.000000000000000000e+00
7.687000000000000455e+02 0.000000000000000000e+00
8.087999999999999545e+02 0.000000000000000000e+00
8.508999999999999773e+02 0.000000000000000000e+00
8.952000000000000455e+02 0.000000000000000000e+00
9.417999999999999545e+02 0.000000000000000000e+00
9.908000000000000682e+02 0.000000000000000000e+00
1.042000000000000000e+03 0.000000000000000000e+00
1.097000000000000000e+03 0.000000000000000000e+00
1.154000000000000000e+03 0.000000000000000000e+00
1.214000000000000000e+03 0.000000000000000000e+00
1.277000000000000000e+03 0.000000000000000000e+00
1.344000000000000000e+03 0.000000000000000000e+00
1.414000000000000000e+03 0.000000000000000000e+00
1.487000000000000000e+03 0.000000000000000000e+00
1.565000000000000000e+03 0.000000000000000000e+00
1.646000000000000000e+03 0.000000000000000000e+00
1.732000000000000000e+03 0.000000000000000000e+00
1.822000000000000000e+03 0.000000000000000000e+00
1.917000000000000000e+03 0.000000000000000000e+00
2.017000000000000000e+03 0.000000000000000000e+00
2.122000000000000000e+03 0.000000000000000000e+00
2.232000000000000000e+03 0.000000000000000000e+00
2.348000000000000000e+03 0.000000000000000000e+00
2.470000000000000000e+03 0.000000000000000000e+00
2.599000000000000000e+03 0.000000000000000000e+00
2.734000000000000000e+03 0.000000000000000000e+00
2.877000000000000000e+03 0.000000000000000000e+00
3.027000000000000000e+03 0.000000000000000000e+00
3.184000000000000000e+03 0.000000000000000000e+00
3.350000000000000000e+03 0.000000000000000000e+00
3.524000000000000000e+03 0.000000000000000000e+00
3.708000000000000000e+03 0.000000000000000000e+00
3.901000000000000000e+03 0.000000000000000000e+00
4.104000000000000000e+03 0.000000000000000000e+00
4.318000000000000000e+03 0.000000000000000000e+00
4.543000000000000000e+03 0.000000000000000000e+00
4.779000000000000000e+03 0.000000000000000000e+00
5.028000000000000000e+03 0.000000000000000000e+00
5.290000000000000000e+03 0.000000000000000000e+00
5.565000000000000000e+03 0.000000000000000000e+00
5.855000000000000000e+03 0.000000000000000000e+00
6.160000000000000000e+03 0.000000000000000000e+00
6.481000000000000000e+03 0.000000000000000000e+00
6.818000000000000000e+03 0.000000000000000000e+00
7.173000000000000000e+03 0.000000000000000000e+00
7.547000000000000000e+03 0.000000000000000000e+00
7.940000000000000000e+03 0.000000000000000000e+00
8.353000000000000000e+03 0.000000000000000000e+00
8.788000000000000000e+03 0.000000000000000000e+00
9.246000000000000000e+03 0.000000000000000000e+00
9.727000000000000000e+03 0.000000000000000000e+00
1.023000000000000000e+04 0.000000000000000000e+00
1.077000000000000000e+04 0.000000000000000000e+00
1.133000000000000000e+04 0.000000000000000000e+00
1.192000000000000000e+04 0.000000000000000000e+00
1.254000000000000000e+04 0.000000000000000000e+00
1.319000000000000000e+04 0.000000000000000000e+00
1.388000000000000000e+04 0.000000000000000000e+00
1.460000000000000000e+04 0.000000000000000000e+00
1.536000000000000000e+04 0.000000000000000000e+00
1.616000000000000000e+04 0.000000000000000000e+00
1.700000000000000000e+04 0.000000000000000000e+00
1.789000000000000000e+04 0.000000000000000000e+00
1.882000000000000000e+04 0.000000000000000000e+00
1.980000000000000000e+04 0.000000000000000000e+00
2.083000000000000000e+04 0.000000000000000000e+00
2.191000000000000000e+04 0.000000000000000000e+00
2.305000000000000000e+04 0.000000000000000000e+00
2.425000000000000000e+04 0.000000000000000000e+00
2.552000000000000000e+04 0.000000000000000000e+00
2.684000000000000000e+04 0.000000000000000000e+00
2.824000000000000000e+04 0.000000000000000000e+00
2.971000000000000000e+04 0.000000000000000000e+00
3.126000000000000000e+04 0.000000000000000000e+00
3.289000000000000000e+04 0.000000000000000000e+00
3.460000000000000000e+04 0.000000000000000000e+00
3.640000000000000000e+04 0.000000000000000000e+00
3.830000000000000000e+04 0.000000000000000000e+00
4.029000000000000000e+04 0.000000000000000000e+00
4.239000000000000000e+04 0.000000000000000000e+00
4.460000000000000000e+04 0.000000000000000000e+00
4.692000000000000000e+04 0.000000000000000000e+00
4.936000000000000000e+04 0.000000000000000000e+00
5.193000000000000000e+04 0.000000000000000000e+00
5.464000000000000000e+04 0.000000000000000000e+00
5.748000000000000000e+04 0.000000000000000000e+00
6.047000000000000000e+04 0.000000000000000000e+00
6.362000000000000000e+04 0.000000000000000000e+00
6.693000000000000000e+04 0.000000000000000000e+00
7.042000000000000000e+04 0.000000000000000000e+00
7.409000000000000000e+04 0.000000000000000000e+00
7.794000000000000000e+04 0.000000000000000000e+00
8.200000000000000000e+04 0.000000000000000000e+00
8.627000000000000000e+04 0.000000000000000000e+00
9.076000000000000000e+04 0.000000000000000000e+00
9.549000000000000000e+04 0.000000000000000000e+00
1.005000000000000000e+05 0.000000000000000000e+00
1.057000000000000000e+05 0.000000000000000000e+00
1.112000000000000000e+05 0.000000000000000000e+00
1.170000000000000000e+05 0.000000000000000000e+00
1.231000000000000000e+05 0.000000000000000000e+00
1.295000000000000000e+05 0.000000000000000000e+00
1.362000000000000000e+05 0.000000000000000000e+00
1.433000000000000000e+05 0.000000000000000000e+00
1.508000000000000000e+05 0.000000000000000000e+00
1.586000000000000000e+05 0.000000000000000000e+00
1.669000000000000000e+05 0.000000000000000000e+00
1.756000000000000000e+05 0.000000000000000000e+00
1.847000000000000000e+05 0.000000000000000000e+00
1.943000000000000000e+05 0.000000000000000000e+00
2.045000000000000000e+05 0.000000000000000000e+00
2.151000000000000000e+05 0.000000000000000000e+00
2.263000000000000000e+05 0.000000000000000000e+00
2.381000000000000000e+05 0.000000000000000000e+00
2.505000000000000000e+05 0.000000000000000000e+00
2.635000000000000000e+05 0.000000000000000000e+00
2.773000000000000000e+05 0.000000000000000000e+00
2.917000000000000000e+05 0.000000000000000000e+00
3.069000000000000000e+05 0.000000000000000000e+00
3.229000000000000000e+05 0.000000000000000000e+00
3.397000000000000000e+05 0.000000000000000000e+00
3.574000000000000000e+05 0.000000000000000000e+00
3.760000000000000000e+05 0.000000000000000000e+00
3.955000000000000000e+05 0.000000000000000000e+00
4.161000000000000000e+05 0.000000000000000000e+00
4.378000000000000000e+05 0.000000000000000000e+00
4.606000000000000000e+05 0.000000000000000000e+00
4.846000000000000000e+05 0.000000000000000000e+00
5.098000000000000000e+05 0.000000000000000000e+00
5.364000000000000000e+05 0.000000000000000000e+00
5.643000000000000000e+05 0.000000000000000000e+00
5.937000000000000000e+05 0.000000000000000000e+00
6.246000000000000000e+05 0.000000000000000000e+00
6.571000000000000000e+05 0.000000000000000000e+00
6.913000000000000000e+05 0.000000000000000000e+00
7.273000000000000000e+05 0.000000000000000000e+00
7.652000000000000000e+05 0.000000000000000000e+00
8.050000000000000000e+05 0.000000000000000000e+00
8.469000000000000000e+05 0.000000000000000000e+00
8.910000000000000000e+05 0.000000000000000000e+00
9.374000000000000000e+05 0.000000000000000000e+00
9.863000000000000000e+05 0.000000000000000000e+00
1.038000000000000000e+06 0.000000000000000000e+00
1.092000000000000000e+06 0.000000000000000000e+00
1.148000000000000000e+06 0.000000000000000000e+00
1.208000000000000000e+06 0.000000000000000000e+00
1.271000000000000000e+06 0.000000000000000000e+00
1.337000000000000000e+06 0.000000000000000000e+00
1.407000000000000000e+06 0.000000000000000000e+00
1.480000000000000000e+06 0.000000000000000000e+00
1.557000000000000000e+06 0.000000000000000000e+00
1.638000000000000000e+06 0.000000000000000000e+00
1.724000000000000000e+06 0.000000000000000000e+00
1.814000000000000000e+06 0.000000000000000000e+00
1.908000000000000000e+06 0.000000000000000000e+00
2.007000000000000000e+06 0.000000000000000000e+00
2.112000000000000000e+06 0.000000000000000000e+00
2.222000000000000000e+06 0.000000000000000000e+00
2.337000000000000000e+06 0.000000000000000000e+00
2.459000000000000000e+06 0.000000000000000000e+00
2.587000000000000000e+06 0.000000000000000000e+00
2.722000000000000000e+06 0.000000000000000000e+00
2.864000000000000000e+06 0.000000000000000000e+00
3.013000000000000000e+06 0.000000000000000000e+00
3.170000000000000000e+06 0.000000000000000000e+00
3.335000000000000000e+06 0.000000000000000000e+00
3.508000000000000000e+06 0.000000000000000000e+00
3.691000000000000000e+06 0.000000000000000000e+00
3.883000000000000000e+06 0.000000000000000000e+00
4.085000000000000000e+06 0.000000000000000000e+00
4.298000000000000000e+06 0.000000000000000000e+00
4.522000000000000000e+06 0.000000000000000000e+00
4.757000000000000000e+06 0.000000000000000000e+00
5.005000000000000000e+06 0.000000000000000000e+00
5.266000000000000000e+06 0.000000000000000000e+00
5.540000000000000000e+06 0.000000000000000000e+00
5.828000000000000000e+06 0.000000000000000000e+00
6.132000000000000000e+06 0.000000000000000000e+00
6.451000000000000000e+06 0.000000000000000000e+00
6.787000000000000000e+06 0.000000000000000000e+00
7.140000000000000000e+06 0.000000000000000000e+00
7.512000000000000000e+06 0.000000000000000000e+00
7.903000000000000000e+06 0.000000000000000000e+00
8.315000000000000000e+06 0.000000000000000000e+00
8.748000000000000000e+06 0.000000000000000000e+00
9.203000000000000000e+06 0.000000000000000000e+00
9.682000000000000000e+06 0.000000000000000000e+00
1.019000000000000000e+07 0.000000000000000000e+00
1.072000000000000000e+07 0.000000000000000000e+00
1.127000000000000000e+07 0.000000000000000000e+00
1.186000000000000000e+07 0.000000000000000000e+00
1.248000000000000000e+07 0.000000000000000000e+00
1.313000000000000000e+07 0.000000000000000000e+00
1.381000000000000000e+07 0.000000000000000000e+00
1.453000000000000000e+07 0.000000000000000000e+00
1.529000000000000000e+07 0.000000000000000000e+00
1.608000000000000000e+07 0.000000000000000000e+00
1.692000000000000000e+07 0.000000000000000000e+00
1.780000000000000000e+07 0.000000000000000000e+00
1.873000000000000000e+07 0.000000000000000000e+00
1.971000000000000000e+07 0.000000000000000000e+00
2.073000000000000000e+07 0.000000000000000000e+00
2.181000000000000000e+07 0.000000000000000000e+00
2.295000000000000000e+07 0.000000000000000000e+00
2.414000000000000000e+07 0.000000000000000000e+00
2.540000000000000000e+07 0.000000000000000000e+00
2.672000000000000000e+07 0.000000000000000000e+00
2.811000000000000000e+07 0.000000000000000000e+00
2.958000000000000000e+07 0.000000000000000000e+00
3.112000000000000000e+07 0.000000000000000000e+00
3.274000000000000000e+07 0.000000000000000000e+00
3.444000000000000000e+07 0.000000000000000000e+00
3.623000000000000000e+07 0.000000000000000000e+00
3.812000000000000000e+07 0.000000000000000000e+00
4.011000000000000000e+07 0.000000000000000000e+00
4.219000000000000000e+07 0.000000000000000000e+00
4.439000000000000000e+07 0.000000000000000000e+00
4.670000000000000000e+07 0.000000000000000000e+00
4.913000000000000000e+07 0.000000000000000000e+00
5.169000000000000000e+07 0.000000000000000000e+00
5.438000000000000000e+07 0.000000000000000000e+00
5.722000000000000000e+07 0.000000000000000000e+00
6.019000000000000000e+07 0.000000000000000000e+00
6.333000000000000000e+07 0.000000000000000000e+00
6.663000000000000000e+07 0.000000000000000000e+00
7.010000000000000000e+07 0.000000000000000000e+00
7.375000000000000000e+07 0.000000000000000000e+00
7.759000000000000000e+07 0.000000000000000000e+00
8.163000000000000000e+07 0.000000000000000000e+00
8.588000000000000000e+07 0.000000000000000000e+00
9.035000000000000000e+07 0.000000000000000000e+00
9.505000000000000000e+07 0.000000000000000000e+00
1.000000000000000000e+08 0.000000000000000000e+00
