1.000000000000000021e-03 8.125707523361091944e+01
1.051999999999999984e-03 7.680450981288903733e+01
1.106999999999999911e-03 7.269651171352592200e+01
1.163999999999999887e-03 6.877558291266646506e+01
1.224999999999999960e-03 6.482394362981847280e+01
1.288999999999999998e-03 6.138958986717875632e+01
1.356000000000000000e-03 5.761991845298881287e+01
1.427000000000000100e-03 5.450186537456793445e+01
1.500999999999999947e-03 5.104706916470639300e+01
1.579000000000000108e-03 4.855495313005167901e+01
1.661000000000000150e-03 4.541055161952235153e+01
1.747999999999999988e-03 4.315849571191880329e+01
1.839000000000000140e-03 4.072074083303391490e+01
1.935000000000000088e-03 3.871122486719295352e+01
2.034999999999999917e-03 3.669023117247699162e+01
2.141000000000000108e-03 3.507093123890251007e+01
2.252999999999999794e-03 3.366272531825465109e+01
2.370000000000000145e-03 3.219148092151111484e+01
2.492999999999999990e-03 3.128134303455426846e+01
2.623000000000000331e-03 3.010827375523563276e+01
2.759999999999999867e-03 2.944529468818589635e+01
2.903999999999999897e-03 2.864182522870427050e+01
3.054999999999999990e-03 2.820028070571441248e+01
3.213999999999999843e-03 2.775413791849202028e+01
3.380999999999999891e-03 2.745363771876111159e+01
3.556999999999999832e-03 2.717624099504451962e+01
3.742000000000000100e-03 2.707050965047808333e+01
3.936999999999999528e-03 2.697218874496826757e+01
4.142000000000000716e-03 2.701147804356108395e+01
4.357999999999999895e-03 2.702009773715558083e+01
4.585000000000000533e-03 2.715198566874911990e+01
4.824000000000000163e-03 2.732790184023921043e+01
5.074999999999999650e-03 2.745058354772240961e+01
5.338999999999999996e-03 2.775479969803376079e+01
5.616999999999999597e-03 2.785160263393157365e+01
5.908999999999999322e-03 2.824736365651041581e+01
6.217000000000000304e-03 2.836069618122942515e+01
6.540999999999999939e-03 2.876423392468277740e+01
6.880999999999999964e-03 2.898176214523232375e+01
7.239999999999999908e-03 2.931111505545833040e+01
7.617000000000000506e-03 2.954861194638940347e+01
8.012999999999999290e-03 2.988809428407466839e+01
8.429999999999999993e-03 3.012919160837184052e+01
8.868999999999998413e-03 3.044754957108879267e+01
9.330999999999999017e-03 3.067930960546284425e+01
9.816999999999999338e-03 3.094901527363118987e+01
1.032999999999999891e-02 3.116510573098847914e+01
1.086999999999999945e-02 3.136705287595341574e+01
1.143000000000000092e-02 3.157697353936158535e+01
1.203000000000000076e-02 3.173470523723020875e+01
1.264999999999999979e-02 3.185882961013556169e+01
1.330999999999999892e-02 3.203294351526977835e+01
1.400999999999999988e-02 3.211445202469803206e+01
1.473000000000000004e-02 3.221309260236562011e+01
1.549999999999999989e-02 3.218952523822551370e+01
1.631000000000000158e-02 3.225503084762480910e+01
1.715999999999999817e-02 3.222655082137209348e+01
1.805000000000000007e-02 3.215388268485146739e+01
1.898999999999999994e-02 3.214835662050131759e+01
1.997999999999999776e-02 3.204631456309133597e+01
2.101999999999999702e-02 3.195355075001133116e+01
2.212000000000000077e-02 3.181996327041626671e+01
2.326999999999999902e-02 3.166321089247268716e+01
2.447999999999999829e-02 3.149390034562481944e+01
2.574999999999999858e-02 3.130217860419792686e+01
2.708999999999999950e-02 3.106763277250592381e+01
2.850000000000000103e-02 3.084949795996761068e+01
2.998999999999999930e-02 3.053619830693379811e+01
3.155000000000000165e-02 3.025388809189731631e+01
3.318999999999999728e-02 2.988341080619427004e+01
3.491999999999999965e-02 2.956419818264482302e+01
3.673999999999999488e-02 2.914451128542832947e+01
3.864999999999999686e-02 2.874330248611440197e+01
4.066000000000000170e-02 2.830680409615800386e+01
4.277999999999999858e-02 2.784239179881482329e+01
4.500999999999999446e-02 2.738668428511526542e+01
4.734999999999999626e-02 2.692348576960285556e+01
4.982000000000000317e-02 2.645481687904351276e+01
5.240999999999999825e-02 2.596267928077185161e+01
5.513999999999999457e-02 2.547168535385597465e+01
5.800999999999999907e-02 2.497956155236401088e+01
6.102999999999999398e-02 2.449715832378083391e+01
6.421000000000000318e-02 2.394954945787162615e+01
6.755999999999999506e-02 2.347716607873851657e+01
7.106999999999999429e-02 2.292682344078943402e+01
7.477000000000000313e-02 2.242798707861715712e+01
7.867000000000000381e-02 2.184706566302512698e+01
8.276000000000000023e-02 2.132827385419847133e+01
8.707000000000000850e-02 2.073549291090429492e+01
9.160999999999999699e-02 2.019123910145110301e+01
9.637999999999999345e-02 1.959562884542017258e+01
1.014000000000000040e-01 1.903510087347408586e+01
1.067000000000000032e-01 1.845631674922375964e+01
1.122000000000000081e-01 1.792128862484442919e+01
1.180999999999999966e-01 1.739464418834119641e+01
1.242000000000000048e-01 1.688530204445903493e+01
1.307000000000000106e-01 1.641276698022139513e+01
1.375000000000000111e-01 1.593629788686173931e+01
1.446999999999999953e-01 1.551577369579366561e+01
1.522000000000000020e-01 1.508081035665483682e+01
1.600999999999999923e-01 1.468363138868907924e+01
1.683999999999999941e-01 1.428725751533948696e+01
1.771999999999999964e-01 1.391594764264230477e+01
1.864000000000000101e-01 1.354413926971959015e+01
1.960999999999999965e-01 1.318872419719248157e+01
2.064000000000000001e-01 1.282370538661212400e+01
2.170999999999999874e-01 1.246141875659605169e+01
2.283999999999999919e-01 1.210214676368871167e+01
2.403000000000000136e-01 1.175065117336872866e+01
2.528000000000000247e-01 1.140858709250222169e+01
2.660000000000000142e-01 1.109591108125075642e+01
2.798000000000000487e-01 1.082591070583123205e+01
2.943999999999999950e-01 1.058564091823764031e+01
3.096999999999999753e-01 1.039516114926852453e+01
3.259000000000000230e-01 1.023781714778695928e+01
3.427999999999999936e-01 1.011491156641399414e+01
3.606999999999999651e-01 1.003048432923737465e+01
3.795000000000000040e-01 9.961135952388346482e+00
3.991999999999999993e-01 9.928113813041672842e+00
4.200000000000000400e-01 9.898937332347983897e+00
4.419000000000000150e-01 9.904039259036949261e+00
4.649000000000000354e-01 9.891121636777505444e+00
4.891000000000000347e-01 9.905608495204983655e+00
5.144999999999999574e-01 9.876187245918956137e+00
5.413000000000000034e-01 9.863010246111272750e+00
5.695000000000000062e-01 9.812971554195629054e+00
5.992000000000000659e-01 9.764401523206169387e+00
6.304000000000000714e-01 9.730855163160789800e+00
6.632000000000000117e-01 9.700943555312894873e+00
6.976999999999999869e-01 9.736018904283284314e+00
7.340999999999999748e-01 9.793023755175383371e+00
7.722999999999999865e-01 9.917102195400959275e+00
8.125000000000000000e-01 1.006331091398785560e+01
8.548000000000000043e-01 1.026159189062987309e+01
8.992999999999999883e-01 1.048025667441794617e+01
9.460999999999999410e-01 1.072191448186835849e+01
9.954000000000000625e-01 1.098744126332979754e+01
1.046999999999999931e+00 1.124959362431459198e+01
1.101999999999999869e+00 1.153556770799217901e+01
1.159000000000000030e+00 1.179456012309401913e+01
1.219000000000000083e+00 1.204300339425186017e+01
1.283000000000000140e+00 1.225119498935788265e+01
1.350000000000000089e+00 1.241479234539630028e+01
1.419999999999999929e+00 1.254159091099757539e+01
1.493999999999999995e+00 1.261291385562198464e+01
1.572000000000000064e+00 1.269698260870562123e+01
1.654000000000000137e+00 1.276796647732043866e+01
1.739999999999999991e+00 1.289054214228574402e+01
1.830000000000000071e+00 1.306871300186622875e+01
1.925999999999999934e+00 1.328687192276397688e+01
2.025999999999999801e+00 1.358435014370803096e+01
2.131000000000000227e+00 1.388315369202520699e+01
2.241999999999999993e+00 1.426417259245758729e+01
2.358999999999999986e+00 1.462036682802382970e+01
2.481999999999999762e+00 1.502758094608367756e+01
2.611000000000000210e+00 1.542301069561817783e+01
2.746999999999999886e+00 1.581621364104777783e+01
2.890000000000000124e+00 1.622725396263631836e+01
3.040999999999999925e+00 1.655925746644661345e+01
3.198999999999999844e+00 1.689297220251253151e+01
3.366000000000000103e+00 1.708144155054149493e+01
3.540999999999999925e+00 1.725308461286585882e+01
3.725000000000000089e+00 1.728129213769126693e+01
3.918999999999999595e+00 1.726910479030534873e+01
4.123000000000000220e+00 1.724030900176340708e+01
4.338000000000000078e+00 1.717220958233419026e+01
4.564000000000000057e+00 1.722163228675137958e+01
4.801000000000000156e+00 1.724965923147731317e+01
5.051000000000000156e+00 1.738785163837190595e+01
5.314000000000000057e+00 1.745802392965401140e+01
5.590999999999999304e+00 1.752157929479914600e+01
5.881999999999999673e+00 1.742279056724710529e+01
6.187999999999999723e+00 1.709706382868380814e+01
6.511000000000000121e+00 1.656066347986877219e+01
6.850000000000000533e+00 1.556313368865104962e+01
7.205999999999999517e+00 1.444871577886082115e+01
7.581999999999999851e+00 1.282662830621194772e+01
7.976000000000000867e+00 1.119749866647600989e+01
8.391999999999999460e+00 9.412544438718223105e+00
8.829000000000000625e+00 7.622256301318288685e+00
9.288000000000000256e+00 6.135309948757087462e+00
9.772000000000000242e+00 4.664041286113756790e+00
1.027999999999999936e+01 3.595573709735371715e+00
1.082000000000000028e+01 2.617828873648238464e+00
1.137999999999999901e+01 1.947983345002721300e+00
1.196999999999999886e+01 1.427934087335432256e+00
1.259999999999999964e+01 1.035793107806823654e+00
1.325000000000000000e+01 7.754304579145513410e-01
1.393999999999999950e+01 5.564820452162012598e-01
1.466999999999999993e+01 4.096422236673217254e-01
1.542999999999999972e+01 2.800255394975914580e-01
1.623000000000000043e+01 1.932738550216966111e-01
1.708000000000000185e+01 1.116573979792390425e-01
1.796999999999999886e+01 7.457700180857373962e-02
1.889999999999999858e+01 3.694205601874055167e-02
1.989000000000000057e+01 2.472863497928124571e-02
2.092000000000000171e+01 1.270874186909239090e-02
2.200999999999999801e+01 7.797961696972428511e-03
2.316000000000000014e+01 4.038380526981548944e-03
2.437000000000000099e+01 2.194335896072313521e-03
2.562999999999999901e+01 1.061083352619507586e-03
2.697000000000000242e+01 4.552700791857219138e-04
2.837000000000000099e+01 2.281161495374834660e-04
2.985000000000000142e+01 8.436175147300872584e-05
3.139999999999999858e+01 4.299306460769687107e-05
3.303999999999999915e+01 1.256206922890414684e-05
3.475999999999999801e+01 6.485084444954313766e-06
3.657000000000000028e+01 1.359817262618552616e-06
3.846999999999999886e+01 7.328054252203187583e-07
4.048000000000000398e+01 1.224613581248699963e-07
4.259000000000000341e+01 6.768359007151821521e-08
4.479999999999999716e+01 1.070282806518034968e-08
4.714000000000000057e+01 4.227121722310156620e-09
4.959000000000000341e+01 9.551416658135469652e-10
5.217000000000000171e+01 2.020753823478534858e-10
5.489000000000000057e+01 5.627480246739394896e-11
5.775000000000000000e+01 5.647428346208701427e-12
6.075000000000000000e+01 1.926122975998494621e-12
6.392000000000000171e+01 1.322518767272187662e-13
6.723999999999999488e+01 5.124709278912441227e-14
7.075000000000000000e+01 1.520128328126486527e-15
7.442999999999999261e+01 6.575706773852983723e-16
7.829999999999999716e+01 1.202777635354580971e-17
8.237999999999999545e+01 5.677616801964777352e-18
8.667000000000000171e+01 4.848711565499124572e-20
9.117999999999999261e+01 2.463591443306283939e-20
9.593000000000000682e+01 9.775269733741570703e-23
1.009000000000000057e+02 5.297473594006478749e-23
1.062000000000000028e+02 5.230366315735832846e-24
1.116999999999999886e+02 6.893961157817508188e-26
1.175000000000000000e+02 1.394792095725215426e-26
1.236000000000000085e+02 3.678352315834509569e-29
1.300999999999999943e+02 1.009577397666400332e-29
1.369000000000000057e+02 8.051350384677158362e-33
1.440000000000000000e+02 2.758883610247306800e-33
1.515000000000000000e+02 7.932036650567256124e-37
1.593999999999999773e+02 3.139032328634441990e-37
1.676999999999999886e+02 2.240251464538554759e-41
1.764000000000000057e+02 9.968519998695667639e-42
1.855999999999999943e+02 1.848067609779568272e-46
1.952000000000000171e+02 9.005475813303511354e-47
2.054000000000000057e+02 4.183404653478777328e-52
2.160999999999999943e+02 2.173114218441213451e-52
2.273999999999999773e+02 5.008951046735276917e-54
2.391999999999999886e+02 1.221786512274001011e-58
2.516999999999999886e+02 1.667676310567800987e-59
2.647999999999999545e+02 1.356759045146224112e-65
2.785000000000000000e+02 3.158181123012107386e-66
2.930000000000000000e+02 2.067238485037820682e-73
3.083000000000000114e+02 6.261655852188678694e-74
3.244000000000000341e+02 3.993691295046967909e-82
3.411999999999999886e+02 1.464574542218791973e-82
3.590000000000000000e+02 7.864736895462244449e-92
3.776999999999999886e+02 3.271610487123011805e-92
3.973999999999999773e+02 1.308799876106643576e-102
4.181000000000000227e+02 6.012659249170589007e-103
4.398000000000000114e+02 1.137070994740306751e-114
4.626999999999999886e+02 5.668603670409818546e-115
4.868000000000000114e+02 3.813163308967907623e-128
5.122000000000000455e+02 2.023753596021739543e-128
5.387999999999999545e+02 1.498083376052488049e-129
5.668999999999999773e+02 2.640375920164573358e-143
5.964000000000000909e+02 4.660723210275323558e-144
6.275000000000000000e+02 5.502336087551673082e-160
6.601000000000000227e+02 1.433033519478098793e-160
6.945000000000000000e+02 1.473660100398194286e-178
7.307000000000000455e+02 4.821541949125945802e-179
7.687000000000000455e+02 2.434549729811805601e-199
8.087999999999999545e+02 9.347414054277931497e-200
8.508999999999999773e+02 1.995279494050994962e-222
8.952000000000000455e+02 8.641897732183784197e-223
9.417999999999999545e+02 4.049456321385598310e-248
9.908000000000000682e+02 1.924640680337460294e-248
1.042000000000000000e+03 7.982307381010192885e-277
1.097000000000000000e+03 4.042948844828042380e-277
1.154000000000000000e+03 9.836689109902072024e-309
1.214000000000000000e+03 5.338839631074496447e-309
1.277000000000000000e+03 6.161334849947279872e-310
1.344000000000000000e+03 0.000000000000000000e+00
1.414000000000000000e+03 0.000000000000000000e+00
1.487000000000000000e+03 0.000000000000000000e+00
1.565000000000000000e+03 0.000000000000000000e+00
1.646000000000000000e+03 0.000000000000000000e+00
1.732000000000000000e+03 0.000000000000000000e+00
1.822000000000000000e+03 0.000000000000000000e+00
1.917000000000000000e+03 0.000000000000000000e+00
2.017000000000000000e+03 0.000000000000000000e+00
2.122000000000000000e+03 0.000000000000000000e+00
2.232000000000000000e+03 0.000000000000000000e+00
2.348000000000000000e+03 0.000000000000000000e+00
2.470000000000000000e+03 0.000000000000000000e+00
2.599000000000000000e+03 0.000000000000000000e+00
2.734000000000000000e+03 0.000000000000000000e+00
2.877000000000000000e+03 0.000000000000000000e+00
3.027000000000000000e+03 0.000000000000000000e+00
3.184000000000000000e+03 0.000000000000000000e+00
3.350000000000000000e+03 0.000000000000000000e+00
3.524000000000000000e+03 0.000000000000000000e+00
3.708000000000000000e+03 0.000000000000000000e+00
3.901000000000000000e+03 0.000000000000000000e+00
4.104000000000000000e+03 0.000000000000000000e+00
4.318000000000000000e+03 0.000000000000000000e+00
4.543000000000000000e+03 0.000000000000000000e+00
4.779000000000000000e+03 0.000000000000000000e+00
5.028000000000000000e+03 0.000000000000000000e+00
5.290000000000000000e+03 0.000000000000000000e+00
5.565000000000000000e+03 0.000000000000000000e+00
5.855000000000000000e+03 0.000000000000000000e+00
6.160000000000000000e+03 0.000000000000000000e+00
6.481000000000000000e+03 0.000000000000000000e+00
6.818000000000000000e+03 0.000000000000000000e+00
7.173000000000000000e+03 0.000000000000000000e+00
7.547000000000000000e+03 0.000000000000000000e+00
7.940000000000000000e+03 0.000000000000000000e+00
8.353000000000000000e+03 0.000000000000000000e+00
8.788000000000000000e+03 0.000000000000000000e+00
9.246000000000000000e+03 0.000000000000000000e+00
9.727000000000000000e+03 0.000000000000000000e+00
1.023000000000000000e+04 0.000000000000000000e+00
1.077000000000000000e+04 0.000000000000000000e+00
1.133000000000000000e+04 0.000000000000000000e+00
1.192000000000000000e+04 0.000000000000000000e+00
1.254000000000000000e+04 0.000000000000000000e+00
1.319000000000000000e+04 0.000000000000000000e+00
1.388000000000000000e+04 0.000000000000000000e+00
1.460000000000000000e+04 0.000000000000000000e+00
1.536000000000000000e+04 0.000000000000000000e+00
1.616000000000000000e+04 0.000000000000000000e+00
1.700000000000000000e+04 0.000000000000000000e+00
1.789000000000000000e+04 0.000000000000000000e+00
1.882000000000000000e+04 0.000000000000000000e+00
1.980000000000000000e+04 0.000000000000000000e+00
2.083000000000000000e+04 0.000000000000000000e+00
2.191000000000000000e+04 0.000000000000000000e+00
2.305000000000000000e+04 0.000000000000000000e+00
2.425000000000000000e+04 0.000000000000000000e+00
2.552000000000000000e+04 0.000000000000000000e+00
2.684000000000000000e+04 0.000000000000000000e+00
2.824000000000000000e+04 0.000000000000000000e+00
2.971000000000000000e+04 0.000000000000000000e+00
3.126000000000000000e+04 0.000000000000000000e+00
3.289000000000000000e+04 0.000000000000000000e+00
3.460000000000000000e+04 0.000000000000000000e+00
3.640000000000000000e+04 0.000000000000000000e+00
3.830000000000000000e+04 0.000000000000000000e+00
4.029000000000000000e+04 0.000000000000000000e+00
4.239000000000000000e+04 0.000000000000000000e+00
4.460000000000000000e+04 0.000000000000000000e+00
4.692000000000000000e+04 0.000000000000000000e+00
4.936000000000000000e+04 0.000000000000000000e+00
5.193000000000000000e+04 0.000000000000000000e+00
5.464000000000000000e+04 0.000000000000000000e+00
5.748000000000000000e+04 0.000000000000000000e+00
6.047000000000000000e+04 0.000000000000000000e+00
6.362000000000000000e+04 0.000000000000000000e+00
6.693000000000000000e+04 0.000000000000000000e+00
7.042000000000000000e+04 0.000000000000000000e+00
7.409000000000000000e+04 0.000000000000000000e+00
7.794000000000000000e+04 0.000000000000000000e+00
8.200000000000000000e+04 0.000000000000000000e+00
8.627000000000000000e+04 0.000000000000000000e+00
9.076000000000000000e+04 0.000000000000000000e+00
9.549000000000000000e+04 0.000000000000000000e+00
1.005000000000000000e+05 0.000000000000000000e+00
1.057000000000000000e+05 0.000000000000000000e+00
1.112000000000000000e+05 0.000000000000000000e+00
1.170000000000000000e+05 0.000000000000000000e+00
1.231000000000000000e+05 0.000000000000000000e+00
1.295000000000000000e+05 0.000000000000000000e+00
1.362000000000000000e+05 0.000000000000000000e+00
1.433000000000000000e+05 0.000000000000000000e+00
1.508000000000000000e+05 0.000000000000000000e+00
1.586000000000000000e+05 0.000000000000000000e+00
1.669000000000000000e+05 0.000000000000000000e+00
1.756000000000000000e+05 0.000000000000000000e+00
1.847000000000000000e+05 0.000000000000000000e+00
1.943000000000000000e+05 0.000000000000000000e+00
2.045000000000000000e+05 0.000000000000000000e+00
2.151000000000000000e+05 0.000000000000000000e+00
2.263000000000000000e+05 0.000000000000000000e+00
2.381000000000000000e+05 0.000000000000000000e+00
2.505000000000000000e+05 0.000000000000000000e+00
2.635000000000000000e+05 0.000000000000000000e+00
2.773000000000000000e+05 0.000000000000000000e+00
2.917000000000000000e+05 0.000000000000000000e+00
3.069000000000000000e+05 0.000000000000000000e+00
3.229000000000000000e+05 0.000000000000000000e+00
3.397000000000000000e+05 0.000000000000000000e+00
3.574000000000000000e+05 0.000000000000000000e+00
3.760000000000000000e+05 0.000000000000000000e+00
3.955000000000000000e+05 0.000000000000000000e+00
4.161000000000000000e+05 0.000000000000000000e+00
4.378000000000000000e+05 0.000000000000000000e+00
4.606000000000000000e+05 0.000000000000000000e+00
4.846000000000000000e+05 0.000000000000000000e+00
5.098000000000000000e+05 0.000000000000000000e+00
5.364000000000000000e+05 0.000000000000000000e+00
5.643000000000000000e+05 0.000000000000000000e+00
5.937000000000000000e+05 0.000000000000000000e+00
6.246000000000000000e+05 0.000000000000000000e+00
6.571000000000000000e+05 0.000000000000000000e+00
6.913000000000000000e+05 0.000000000000000000e+00
7.273000000000000000e+05 0.000000000000000000e+00
7.652000000000000000e+05 0.000000000000000000e+00
8.050000000000000000e+05 0.000000000000000000e+00
8.469000000000000000e+05 0.000000000000000000e+00
8.910000000000000000e+05 0.000000000000000000e+00
9.374000000000000000e+05 0.000000000000000000e+00
9.863000000000000000e+05 0.000000000000000000e+00
1.038000000000000000e+06 0.000000000000000000e+00
1.092000000000000000e+06 0.000000000000000000e+00
1.148000000000000000e+06 0.000000000000000000e+00
1.208000000000000000e+06 0.000000000000000000e+00
1.271000000000000000e+06 0.000000000000000000e+00
1.337000000000000000e+06 0.000000000000000000e+00
1.407000000000000000e+06 0.000000000000000000e+00
1.480000000000000000e+06 0.000000000000000000e+00
1.557000000000000000e+06 0.000000000000000000e+00
1.638000000000000000e+06 0.000000000000000000e+00
1.724000000000000000e+06 0.000000000000000000e+00
1.814000000000000000e+06 0.000000000000000000e+00
1.908000000000000000e+06 0.000000000000000000e+00
2.007000000000000000e+06 0.000000000000000000e+00
2.112000000000000000e+06 0.000000000000000000e+00
2.222000000000000000e+06 0.000000000000000000e+00
2.337000000000000000e+06 0.000000000000000000e+00
2.459000000000000000e+06 0.000000000000000000e+00
2.587000000000000000e+06 0.000000000000000000e+00
2.722000000000000000e+06 0.000000000000000000e+00
2.864000000000000000e+06 0.000000000000000000e+00
3.013000000000000000e+06 0.000000000000000000e+00
3.170000000000000000e+06 0.000000000000000000e+00
3.335000000000000000e+06 0.000000000000000000e+00
3.508000000000000000e+06 0.000000000000000000e+00
3.691000000000000000e+06 0.000000000000000000e+00
3.883000000000000000e+06 0.000000000000000000e+00
4.085000000000000000e+06 0.000000000000000000e+00
4.298000000000000000e+06 0.000000000000000000e+00
4.522000000000000000e+06 0.000000000000000000e+00
4.757000000000000000e+06 0.000000000000000000e+00
5.005000000000000000e+06 0.000000000000000000e+00
5.266000000000000000e+06 0.000000000000000000e+00
5.540000000000000000e+06 0.000000000000000000e+00
5.828000000000000000e+06 0.000000000000000000e+00
6.132000000000000000e+06 0.000000000000000000e+00
6.451000000000000000e+06 0.000000000000000000e+00
6.787000000000000000e+06 0.000000000000000000e+00
7.140000000000000000e+06 0.000000000000000000e+00
7.512000000000000000e+06 0.000000000000000000e+00
7.903000000000000000e+06 0.000000000000000000e+00
8.315000000000000000e+06 0.000000000000000000e+00
8.748000000000000000e+06 0.000000000000000000e+00
9.203000000000000000e+06 0.000000000000000000e+00
9.682000000000000000e+06 0.000000000000000000e+00
1.019000000000000000e+07 0.000000000000000000e+00
1.072000000000000000e+07 0.000000000000000000e+00
1.127000000000000000e+07 0.000000000000000000e+00
1.186000000000000000e+07 0.000000000000000000e+00
1.248000000000000000e+07 0.000000000000000000e+00
1.313000000000000000e+07 0.000000000000000000e+00
1.381000000000000000e+07 0.000000000000000000e+00
1.453000000000000000e+07 0.000000000000000000e+00
1.529000000000000000e+07 0.000000000000000000e+00
1.608000000000000000e+07 0.000000000000000000e+00
1.692000000000000000e+07 0.000000000000000000e+00
1.780000000000000000e+07 0.000000000000000000e+00
1.873000000000000000e+07 0.000000000000000000e+00
1.971000000000000000e+07 0.000000000000000000e+00
2.073000000000000000e+07 0.000000000000000000e+00
2.181000000000000000e+07 0.000000000000000000e+00
2.295000000000000000e+07 0.000000000000000000e+00
2.414000000000000000e+07 0.000000000000000000e+00
2.540000000000000000e+07 0.000000000000000000e+00
2.672000000000000000e+07 0.000000000000000000e+00
2.811000000000000000e+07 0.000000000000000000e+00
2.958000000000000000e+07 0.000000000000000000e+00
3.112000000000000000e+07 0.000000000000000000e+00
3.274000000000000000e+07 0.000000000000000000e+00
3.444000000000000000e+07 0.000000000000000000e+00
3.623000000000000000e+07 0.000000000000000000e+00
3.812000000000000000e+07 0.000000000000000000e+00
4.011000000000000000e+07 0.000000000000000000e+00
4.219000000000000000e+07 0.000000000000000000e+00
4.439000000000000000e+07 0.000000000000000000e+00
4.670000000000000000e+07 0.000000000000000000e+00
4.913000000000000000e+07 0.000000000000000000e+00
5.169000000000000000e+07 0.000000000000000000e+00
5.438000000000000000e+07 0.000000000000000000e+00
5.722000000000000000e+07 0.000000000000000000e+00
6.019000000000000000e+07 0.000000000000000000e+00
6.333000000000000000e+07 0.000000000000000000e+00
6.663000000000000000e+07 0.000000000000000000e+00
7.010000000000000000e+07 0.000000000000000000e+00
7.375000000000000000e+07 0.000000000000000000e+00
7.759000000000000000e+07 0.000000000000000000e+00
8.163000000000000000e+07 0.000000000000000000e+00
8.588000000000000000e+07 0.000000000000000000e+00
9.035000000000000000e+07 0.000000000000000000e+00
9.505000000000000000e+07 0.000000000000000000e+00
1.000000000000000000e+08 0.000000000000000000e+00
