1.000000000000000021e-03 5.198329840431941307e+01
1.051999999999999984e-03 4.885509432199133073e+01
1.106999999999999911e-03 4.586455825618467941e+01
1.163999999999999887e-03 4.311560375804697287e+01
1.224999999999999960e-03 4.006635515089982391e+01
1.288999999999999998e-03 3.760852132254056102e+01
1.356000000000000000e-03 3.454972860616898345e+01
1.427000000000000100e-03 3.219975939341316007e+01
1.500999999999999947e-03 2.925837948588699433e+01
1.579000000000000108e-03 2.730085121751177724e+01
1.661000000000000150e-03 2.454651075304613173e+01
1.747999999999999988e-03 2.270583604229803854e+01
1.839000000000000140e-03 2.052623052331830777e+01
1.935000000000000088e-03 1.875945916937732250e+01
2.034999999999999917e-03 1.691406326232667823e+01
2.141000000000000108e-03 1.541288890514339549e+01
2.252999999999999794e-03 1.411441524870955355e+01
2.370000000000000145e-03 1.264279677066894081e+01
2.492999999999999990e-03 1.177534061306804780e+01
2.623000000000000331e-03 1.052149251076874847e+01
2.759999999999999867e-03 9.843721817035724797e+00
2.903999999999999897e-03 8.934884298748718479e+00
3.054999999999999990e-03 8.445414748537041660e+00
3.213999999999999843e-03 7.859025976309690797e+00
3.380999999999999891e-03 7.468347888288698222e+00
3.556999999999999832e-03 7.051524057592043704e+00
3.742000000000000100e-03 6.821858106608389427e+00
3.936999999999999528e-03 6.576557599980305646e+00
4.142000000000000716e-03 6.465038512338303178e+00
4.357999999999999895e-03 6.333979206789755345e+00
4.585000000000000533e-03 6.309996014618973526e+00
4.824000000000000163e-03 6.387980847546130825e+00
5.074999999999999650e-03 6.351313760789226492e+00
5.338999999999999996e-03 6.573782239473907829e+00
5.616999999999999597e-03 6.546101641540338356e+00
5.908999999999999322e-03 6.859544502417667111e+00
6.217000000000000304e-03 6.901100728143595653e+00
6.540999999999999939e-03 7.234157084040313990e+00
6.880999999999999964e-03 7.391776987226650775e+00
7.239999999999999908e-03 7.683528759585476209e+00
7.617000000000000506e-03 7.908330488509890621e+00
8.012999999999999290e-03 8.232102206328457683e+00
8.429999999999999993e-03 8.478911544597737660e+00
8.868999999999998413e-03 8.825374689914616155e+00
9.330999999999999017e-03 9.085913440948885977e+00
9.816999999999999338e-03 9.387945378662768903e+00
1.032999999999999891e-02 9.680327570005578863e+00
1.086999999999999945e-02 9.950609237474829172e+00
1.143000000000000092e-02 1.025321227151821901e+01
1.203000000000000076e-02 1.052609251439662152e+01
1.264999999999999979e-02 1.076925042431112445e+01
1.330999999999999892e-02 1.109681171216206153e+01
1.400999999999999988e-02 1.132900788405224368e+01
1.473000000000000004e-02 1.162298987716831533e+01
1.549999999999999989e-02 1.180307290015700872e+01
1.631000000000000158e-02 1.209686110074372678e+01
1.715999999999999817e-02 1.229245141690865850e+01
1.805000000000000007e-02 1.246691618410429925e+01
1.898999999999999994e-02 1.271107940080611343e+01
1.997999999999999776e-02 1.288032209384802051e+01
2.101999999999999702e-02 1.305035025195461174e+01
2.212000000000000077e-02 1.320010709765949208e+01
2.326999999999999902e-02 1.331724456201080642e+01
2.447999999999999829e-02 1.343472237946622272e+01
2.574999999999999858e-02 1.354303642140490460e+01
2.708999999999999950e-02 1.361152500661875742e+01
2.850000000000000103e-02 1.370707841704603425e+01
2.998999999999999930e-02 1.370294170501905207e+01
3.155000000000000165e-02 1.376799593483882589e+01
3.318999999999999728e-02 1.372161492072525490e+01
3.491999999999999965e-02 1.376416683532025687e+01
3.673999999999999488e-02 1.369712038320675696e+01
3.864999999999999686e-02 1.367795318588878573e+01
4.066000000000000170e-02 1.360091909837747082e+01
4.277999999999999858e-02 1.351692938824788470e+01
4.500999999999999446e-02 1.341476335425104516e+01
4.734999999999999626e-02 1.331060850862605527e+01
4.982000000000000317e-02 1.318689146723449923e+01
5.240999999999999825e-02 1.302581854476937728e+01
5.513999999999999457e-02 1.286637457733594658e+01
5.800999999999999907e-02 1.267804812328284747e+01
6.102999999999999398e-02 1.251240510341837187e+01
6.421000000000000318e-02 1.225324224899393499e+01
6.755999999999999506e-02 1.208771387999735580e+01
7.106999999999999429e-02 1.180693955220715452e+01
7.477000000000000313e-02 1.159984677054353597e+01
7.867000000000000381e-02 1.129313942784803615e+01
8.276000000000000023e-02 1.106417382826252371e+01
8.707000000000000850e-02 1.075193703979618753e+01
9.160999999999999699e-02 1.049711989656996280e+01
9.637999999999999345e-02 1.018535579938229141e+01
1.014000000000000040e-01 9.892587723538069255e+00
1.067000000000000032e-01 9.583532114144409420e+00
1.122000000000000081e-01 9.272731697826985808e+00
1.180999999999999966e-01 8.967475209353974464e+00
1.242000000000000048e-01 8.635509127270948326e+00
1.307000000000000106e-01 8.332102677854948070e+00
1.375000000000000111e-01 7.990220235810508775e+00
1.446999999999999953e-01 7.693163314368846706e+00
1.522000000000000020e-01 7.359854345784539120e+00
1.600999999999999923e-01 7.047943557962762284e+00
1.683999999999999941e-01 6.730488036248764239e+00
1.771999999999999964e-01 6.417185839886215604e+00
1.864000000000000101e-01 6.113384182701937064e+00
1.960999999999999965e-01 5.808805087220498820e+00
2.064000000000000001e-01 5.520124614988672462e+00
2.170999999999999874e-01 5.221356495447007084e+00
2.283999999999999919e-01 4.949399151321331125e+00
2.403000000000000136e-01 4.675781346697044150e+00
2.528000000000000247e-01 4.405728937626293806e+00
2.660000000000000142e-01 4.155712103056888651e+00
2.798000000000000487e-01 3.905264983454961758e+00
2.943999999999999950e-01 3.673020049190013570e+00
3.096999999999999753e-01 3.439815086748859052e+00
3.259000000000000230e-01 3.230933931829324646e+00
3.427999999999999936e-01 3.014679935170264891e+00
3.606999999999999651e-01 2.829617345830573782e+00
3.795000000000000040e-01 2.635259683482273907e+00
3.991999999999999993e-01 2.469097854736294728e+00
4.200000000000000400e-01 2.300748288714016709e+00
4.419000000000000150e-01 2.154318330678553828e+00
4.649000000000000354e-01 2.008627364397605142e+00
4.891000000000000347e-01 1.886542403573764126e+00
5.144999999999999574e-01 1.765428626547784541e+00
5.413000000000000034e-01 1.663456959105307886e+00
5.695000000000000062e-01 1.569442394742407876e+00
5.992000000000000659e-01 1.486212945030137345e+00
6.304000000000000714e-01 1.417908115437781058e+00
6.632000000000000117e-01 1.356491409077176913e+00
6.976999999999999869e-01 1.311230434906864861e+00
7.340999999999999748e-01 1.274492008589998671e+00
7.722999999999999865e-01 1.252817024460001871e+00
8.125000000000000000e-01 1.237233558562549796e+00
8.548000000000000043e-01 1.239602955016728014e+00
8.992999999999999883e-01 1.248048611246417305e+00
9.460999999999999410e-01 1.273786280594326081e+00
9.954000000000000625e-01 1.308065308497349477e+00
1.046999999999999931e+00 1.357322250446097334e+00
1.101999999999999869e+00 1.418745783205655586e+00
1.159000000000000030e+00 1.492730819563781619e+00
1.219000000000000083e+00 1.580569067110860093e+00
1.283000000000000140e+00 1.683224176657766691e+00
1.350000000000000089e+00 1.802791206646678246e+00
1.419999999999999929e+00 1.933435710603750968e+00
1.493999999999999995e+00 2.084556279723472016e+00
1.572000000000000064e+00 2.249122877428473721e+00
1.654000000000000137e+00 2.436382474339938931e+00
1.739999999999999991e+00 2.637217454839198894e+00
1.830000000000000071e+00 2.861853595455443600e+00
1.925999999999999934e+00 3.105890587101603817e+00
2.025999999999999801e+00 3.374072272951776696e+00
2.131000000000000227e+00 3.661143584550290431e+00
2.241999999999999993e+00 3.977709979624534320e+00
2.358999999999999986e+00 4.319551922321267945e+00
2.481999999999999762e+00 4.689471265208502437e+00
2.611000000000000210e+00 5.088078884539712909e+00
2.746999999999999886e+00 5.516727084539971848e+00
2.890000000000000124e+00 5.981440959903649990e+00
3.040999999999999925e+00 6.477405714039139006e+00
3.198999999999999844e+00 7.011831742222043751e+00
3.366000000000000103e+00 7.578891309067476101e+00
3.540999999999999925e+00 8.187468473382537582e+00
3.725000000000000089e+00 8.827845665228890581e+00
3.918999999999999595e+00 9.504246443170062619e+00
4.123000000000000220e+00 1.021585851869949479e+01
4.338000000000000078e+00 1.093576233137298281e+01
4.564000000000000057e+00 1.168615560534210829e+01
4.801000000000000156e+00 1.239062670713790659e+01
5.051000000000000156e+00 1.309677546955034622e+01
5.314000000000000057e+00 1.368336588191699832e+01
5.590999999999999304e+00 1.417671641234175084e+01
5.881999999999999673e+00 1.447757060359605852e+01
6.187999999999999723e+00 1.450194912985610252e+01
6.511000000000000121e+00 1.432552342566052062e+01
6.850000000000000533e+00 1.366323076532441760e+01
7.205999999999999517e+00 1.287400922355925026e+01
7.581999999999999851e+00 1.157055011270523259e+01
7.976000000000000867e+00 1.020127118174030656e+01
8.391999999999999460e+00 8.668748156667732019e+00
8.829000000000000625e+00 7.058873922724307803e+00
9.288000000000000256e+00 5.730912797462146102e+00
9.772000000000000242e+00 4.367762220179387533e+00
1.027999999999999936e+01 3.380680776027896517e+00
1.082000000000000028e+01 2.463080098585196165e+00
1.137999999999999901e+01 1.832823537158741134e+00
1.196999999999999886e+01 1.345320134243331855e+00
1.259999999999999964e+01 9.750401796858881864e-01
1.325000000000000000e+01 7.339131322219847320e-01
1.393999999999999950e+01 5.279244845757922189e-01
1.466999999999999993e+01 3.930982884536301514e-01
1.542999999999999972e+01 2.690568106322505648e-01
1.623000000000000043e+01 1.877948757630704124e-01
1.708000000000000185e+01 1.080185063301758314e-01
1.796999999999999886e+01 7.269754266083473804e-02
1.889999999999999858e+01 3.578925289147338179e-02
1.989000000000000057e+01 2.412910035039069617e-02
2.092000000000000171e+01 1.238288721024061005e-02
2.200999999999999801e+01 7.641178609887749017e-03
2.316000000000000014e+01 3.970806150168430110e-03
2.437000000000000099e+01 2.160812261374412801e-03
2.562999999999999901e+01 1.048503927429442813e-03
2.697000000000000242e+01 4.489660644690556066e-04
2.837000000000000099e+01 2.262372486424356702e-04
2.985000000000000142e+01 8.341339496728786165e-05
3.139999999999999858e+01 4.278899358479546411e-05
3.303999999999999915e+01 1.245543467616934836e-05
3.475999999999999801e+01 6.466656931877449902e-06
3.657000000000000028e+01 1.349940205175938728e-06
3.846999999999999886e+01 7.312130704336271488e-07
4.048000000000000398e+01 1.218414451709762062e-07
4.259000000000000341e+01 6.754387031726163401e-08
4.479999999999999716e+01 1.067303996067972493e-08
4.714000000000000057e+01 4.218962074396787965e-09
4.959000000000000341e+01 9.543043122273759861e-10
5.217000000000000171e+01 2.017965366873175873e-10
5.489000000000000057e+01 5.625511098373175162e-11
5.775000000000000000e+01 5.640051727810394771e-12
6.075000000000000000e+01 1.925895471271764012e-12
6.392000000000000171e+01 1.321571966460197677e-13
6.723999999999999488e+01 5.124528812195727006e-14
7.075000000000000000e+01 1.519312072305800049e-15
7.442999999999999261e+01 6.575633812027919626e-16
7.829999999999999716e+01 1.202422872953967422e-17
8.237999999999999545e+01 5.677602047085099378e-18
8.667000000000000171e+01 4.847945490373832394e-20
9.117999999999999261e+01 2.463515784555800420e-20
9.593000000000000682e+01 9.774260925701588550e-23
1.009000000000000057e+02 5.297272735359957461e-23
1.062000000000000028e+02 5.230360930947568382e-24
1.116999999999999886e+02 6.893815165815821279e-26
1.175000000000000000e+02 1.394791975420724929e-26
1.236000000000000085e+02 3.678312203844567684e-29
1.300999999999999943e+02 1.009577385839694929e-29
1.369000000000000057e+02 8.051305314271177635e-33
1.440000000000000000e+02 2.758883606890489486e-33
1.515000000000000000e+02 7.932022334883618647e-37
1.593999999999999773e+02 3.139032328357095878e-37
1.676999999999999886e+02 2.240250179753811358e-41
1.764000000000000057e+02 9.968519998632669138e-42
1.855999999999999943e+02 1.848067297093444937e-46
1.952000000000000171e+02 9.005475740617226610e-47
2.054000000000000057e+02 4.183404475216262222e-52
2.160999999999999943e+02 2.173114194330826735e-52
2.273999999999999773e+02 5.008951046733284378e-54
2.391999999999999886e+02 1.221786507744132610e-58
2.516999999999999886e+02 1.667676310567797891e-59
2.647999999999999545e+02 1.356759044248211227e-65
2.785000000000000000e+02 3.158181123012107386e-66
2.930000000000000000e+02 2.067238484826924456e-73
3.083000000000000114e+02 6.261655852188678694e-74
3.244000000000000341e+02 3.993691295000029422e-82
3.411999999999999886e+02 1.464574542218791973e-82
3.590000000000000000e+02 7.864736895453571836e-92
3.776999999999999886e+02 3.271610487123011805e-92
3.973999999999999773e+02 1.308799876106562282e-102
4.181000000000000227e+02 6.012659249170589007e-103
4.398000000000000114e+02 1.137070994740303865e-114
4.626999999999999886e+02 5.668603670409816743e-115
4.868000000000000114e+02 3.813163308967907110e-128
5.122000000000000455e+02 2.023753596021739543e-128
5.387999999999999545e+02 1.498083376052488049e-129
5.668999999999999773e+02 2.640375920164573358e-143
5.964000000000000909e+02 4.660723210275323558e-144
6.275000000000000000e+02 5.502336087551673082e-160
6.601000000000000227e+02 1.433033519478098793e-160
6.945000000000000000e+02 1.473660100398194286e-178
7.307000000000000455e+02 4.821541949125945802e-179
7.687000000000000455e+02 2.434549729811805601e-199
8.087999999999999545e+02 9.347414054277931497e-200
8.508999999999999773e+02 1.995279494050994962e-222
8.952000000000000455e+02 8.641897732183784197e-223
9.417999999999999545e+02 4.049456321385598310e-248
9.908000000000000682e+02 1.924640680337460294e-248
1.042000000000000000e+03 7.982307381010192885e-277
1.097000000000000000e+03 4.042948844828042380e-277
1.154000000000000000e+03 9.836689109902072024e-309
1.214000000000000000e+03 5.338839631074496447e-309
1.277000000000000000e+03 6.161334849947279872e-310
1.344000000000000000e+03 0.000000000000000000e+00
1.414000000000000000e+03 0.000000000000000000e+00
1.487000000000000000e+03 0.000000000000000000e+00
1.565000000000000000e+03 0.000000000000000000e+00
1.646000000000000000e+03 0.000000000000000000e+00
1.732000000000000000e+03 0.000000000000000000e+00
1.822000000000000000e+03 0.000000000000000000e+00
1.917000000000000000e+03 0.000000000000000000e+00
2.017000000000000000e+03 0.000000000000000000e+00
2.122000000000000000e+03 0.000000000000000000e+00
2.232000000000000000e+03 0.000000000000000000e+00
2.348000000000000000e+03 0.000000000000000000e+00
2.470000000000000000e+03 0.000000000000000000e+00
2.599000000000000000e+03 0.000000000000000000e+00
2.734000000000000000e+03 0.000000000000000000e+00
2.877000000000000000e+03 0.000000000000000000e+00
3.027000000000000000e+03 0.000000000000000000e+00
3.184000000000000000e+03 0.000000000000000000e+00
3.350000000000000000e+03 0.000000000000000000e+00
3.524000000000000000e+03 0.000000000000000000e+00
3.708000000000000000e+03 0.000000000000000000e+00
3.901000000000000000e+03 0.000000000000000000e+00
4.104000000000000000e+03 0.000000000000000000e+00
4.318000000000000000e+03 0.000000000000000000e+00
4.543000000000000000e+03 0.000000000000000000e+00
4.779000000000000000e+03 0.000000000000000000e+00
5.028000000000000000e+03 0.000000000000000000e+00
5.290000000000000000e+03 0.000000000000000000e+00
5.565000000000000000e+03 0.000000000000000000e+00
5.855000000000000000e+03 0.000000000000000000e+00
6.160000000000000000e+03 0.000000000000000000e+00
6.481000000000000000e+03 0.000000000000000000e+00
6.818000000000000000e+03 0.000000000000000000e+00
7.173000000000000000e+03 0.000000000000000000e+00
7.547000000000000000e+03 0.000000000000000000e+00
7.940000000000000000e+03 0.000000000000000000e+00
8.353000000000000000e+03 0.000000000000000000e+00
8.788000000000000000e+03 0.000000000000000000e+00
9.246000000000000000e+03 0.000000000000000000e+00
9.727000000000000000e+03 0.000000000000000000e+00
1.023000000000000000e+04 0.000000000000000000e+00
1.077000000000000000e+04 0.000000000000000000e+00
1.133000000000000000e+04 0.000000000000000000e+00
1.192000000000000000e+04 0.000000000000000000e+00
1.254000000000000000e+04 0.000000000000000000e+00
1.319000000000000000e+04 0.000000000000000000e+00
1.388000000000000000e+04 0.000000000000000000e+00
1.460000000000000000e+04 0.000000000000000000e+00
1.536000000000000000e+04 0.000000000000000000e+00
1.616000000000000000e+04 0.000000000000000000e+00
1.700000000000000000e+04 0.000000000000000000e+00
1.789000000000000000e+04 0.000000000000000000e+00
1.882000000000000000e+04 0.000000000000000000e+00
1.980000000000000000e+04 0.000000000000000000e+00
2.083000000000000000e+04 0.000000000000000000e+00
2.191000000000000000e+04 0.000000000000000000e+00
2.305000000000000000e+04 0.000000000000000000e+00
2.425000000000000000e+04 0.000000000000000000e+00
2.552000000000000000e+04 0.000000000000000000e+00
2.684000000000000000e+04 0.000000000000000000e+00
2.824000000000000000e+04 0.000000000000000000e+00
2.971000000000000000e+04 0.000000000000000000e+00
3.126000000000000000e+04 0.000000000000000000e+00
3.289000000000000000e+04 0.000000000000000000e+00
3.460000000000000000e+04 0.000000000000000000e+00
3.640000000000000000e+04 0.000000000000000000e+00
3.830000000000000000e+04 0.000000000000000000e+00
4.029000000000000000e+04 0.000000000000000000e+00
4.239000000000000000e+04 0.000000000000000000e+00
4.460000000000000000e+04 0.000000000000000000e+00
4.692000000000000000e+04 0.000000000000000000e+00
4.936000000000000000e+04 0.000000000000000000e+00
5.193000000000000000e+04 0.000000000000000000e+00
5.464000000000000000e+04 0.000000000000000000e+00
5.748000000000000000e+04 0.000000000000000000e+00
6.047000000000000000e+04 0.000000000000000000e+00
6.362000000000000000e+04 0.000000000000000000e+00
6.693000000000000000e+04 0.000000000000000000e+00
7.042000000000000000e+04 0.000000000000000000e+00
7.409000000000000000e+04 0.000000000000000000e+00
7.794000000000000000e+04 0.000000000000000000e+00
8.200000000000000000e+04 0.000000000000000000e+00
8.627000000000000000e+04 0.000000000000000000e+00
9.076000000000000000e+04 0.000000000000000000e+00
9.549000000000000000e+04 0.000000000000000000e+00
1.005000000000000000e+05 0.000000000000000000e+00
1.057000000000000000e+05 0.000000000000000000e+00
1.112000000000000000e+05 0.000000000000000000e+00
1.170000000000000000e+05 0.000000000000000000e+00
1.231000000000000000e+05 0.000000000000000000e+00
1.295000000000000000e+05 0.000000000000000000e+00
1.362000000000000000e+05 0.000000000000000000e+00
1.433000000000000000e+05 0.000000000000000000e+00
1.508000000000000000e+05 0.000000000000000000e+00
1.586000000000000000e+05 0.000000000000000000e+00
1.669000000000000000e+05 0.000000000000000000e+00
1.756000000000000000e+05 0.000000000000000000e+00
1.847000000000000000e+05 0.000000000000000000e+00
1.943000000000000000e+05 0.000000000000000000e+00
2.045000000000000000e+05 0.000000000000000000e+00
2.151000000000000000e+05 0.000000000000000000e+00
2.263000000000000000e+05 0.000000000000000000e+00
2.381000000000000000e+05 0.000000000000000000e+00
2.505000000000000000e+05 0.000000000000000000e+00
2.635000000000000000e+05 0.000000000000000000e+00
2.773000000000000000e+05 0.000000000000000000e+00
2.917000000000000000e+05 0.000000000000000000e+00
3.069000000000000000e+05 0.000000000000000000e+00
3.229000000000000000e+05 0.000000000000000000e+00
3.397000000000000000e+05 0.000000000000000000e+00
3.574000000000000000e+05 0.000000000000000000e+00
3.760000000000000000e+05 0.000000000000000000e+00
3.955000000000000000e+05 0.000000000000000000e+00
4.161000000000000000e+05 0.000000000000000000e+00
4.378000000000000000e+05 0.000000000000000000e+00
4.606000000000000000e+05 0.000000000000000000e+00
4.846000000000000000e+05 0.000000000000000000e+00
5.098000000000000000e+05 0.000000000000000000e+00
5.364000000000000000e+05 0.000000000000000000e+00
5.643000000000000000e+05 0.000000000000000000e+00
5.937000000000000000e+05 0.000000000000000000e+00
6.246000000000000000e+05 0.000000000000000000e+00
6.571000000000000000e+05 0.000000000000000000e+00
6.913000000000000000e+05 0.000000000000000000e+00
7.273000000000000000e+05 0.000000000000000000e+00
7.652000000000000000e+05 0.000000000000000000e+00
8.050000000000000000e+05 0.000000000000000000e+00
8.469000000000000000e+05 0.000000000000000000e+00
8.910000000000000000e+05 0.000000000000000000e+00
9.374000000000000000e+05 0.000000000000000000e+00
9.863000000000000000e+05 0.000000000000000000e+00
1.038000000000000000e+06 0.000000000000000000e+00
1.092000000000000000e+06 0.000000000000000000e+00
1.148000000000000000e+06 0.000000000000000000e+00
1.208000000000000000e+06 0.000000000000000000e+00
1.271000000000000000e+06 0.000000000000000000e+00
1.337000000000000000e+06 0.000000000000000000e+00
1.407000000000000000e+06 0.000000000000000000e+00
1.480000000000000000e+06 0.000000000000000000e+00
1.557000000000000000e+06 0.000000000000000000e+00
1.638000000000000000e+06 0.000000000000000000e+00
1.724000000000000000e+06 0.000000000000000000e+00
1.814000000000000000e+06 0.000000000000000000e+00
1.908000000000000000e+06 0.000000000000000000e+00
2.007000000000000000e+06 0.000000000000000000e+00
2.112000000000000000e+06 0.000000000000000000e+00
2.222000000000000000e+06 0.000000000000000000e+00
2.337000000000000000e+06 0.000000000000000000e+00
2.459000000000000000e+06 0.000000000000000000e+00
2.587000000000000000e+06 0.000000000000000000e+00
2.722000000000000000e+06 0.000000000000000000e+00
2.864000000000000000e+06 0.000000000000000000e+00
3.013000000000000000e+06 0.000000000000000000e+00
3.170000000000000000e+06 0.000000000000000000e+00
3.335000000000000000e+06 0.000000000000000000e+00
3.508000000000000000e+06 0.000000000000000000e+00
3.691000000000000000e+06 0.000000000000000000e+00
3.883000000000000000e+06 0.000000000000000000e+00
4.085000000000000000e+06 0.000000000000000000e+00
4.298000000000000000e+06 0.000000000000000000e+00
4.522000000000000000e+06 0.000000000000000000e+00
4.757000000000000000e+06 0.000000000000000000e+00
5.005000000000000000e+06 0.000000000000000000e+00
5.266000000000000000e+06 0.000000000000000000e+00
5.540000000000000000e+06 0.000000000000000000e+00
5.828000000000000000e+06 0.000000000000000000e+00
6.132000000000000000e+06 0.000000000000000000e+00
6.451000000000000000e+06 0.000000000000000000e+00
6.787000000000000000e+06 0.000000000000000000e+00
7.140000000000000000e+06 0.000000000000000000e+00
7.512000000000000000e+06 0.000000000000000000e+00
7.903000000000000000e+06 0.000000000000000000e+00
8.315000000000000000e+06 0.000000000000000000e+00
8.748000000000000000e+06 0.000000000000000000e+00
9.203000000000000000e+06 0.000000000000000000e+00
9.682000000000000000e+06 0.000000000000000000e+00
1.019000000000000000e+07 0.000000000000000000e+00
1.072000000000000000e+07 0.000000000000000000e+00
1.127000000000000000e+07 0.000000000000000000e+00
1.186000000000000000e+07 0.000000000000000000e+00
1.248000000000000000e+07 0.000000000000000000e+00
1.313000000000000000e+07 0.000000000000000000e+00
1.381000000000000000e+07 0.000000000000000000e+00
1.453000000000000000e+07 0.000000000000000000e+00
1.529000000000000000e+07 0.000000000000000000e+00
1.608000000000000000e+07 0.000000000000000000e+00
1.692000000000000000e+07 0.000000000000000000e+00
1.780000000000000000e+07 0.000000000000000000e+00
1.873000000000000000e+07 0.000000000000000000e+00
1.971000000000000000e+07 0.000000000000000000e+00
2.073000000000000000e+07 0.000000000000000000e+00
2.181000000000000000e+07 0.000000000000000000e+00
2.295000000000000000e+07 0.000000000000000000e+00
2.414000000000000000e+07 0.000000000000000000e+00
2.540000000000000000e+07 0.000000000000000000e+00
2.672000000000000000e+07 0.000000000000000000e+00
2.811000000000000000e+07 0.000000000000000000e+00
2.958000000000000000e+07 0.000000000000000000e+00
3.112000000000000000e+07 0.000000000000000000e+00
3.274000000000000000e+07 0.000000000000000000e+00
3.444000000000000000e+07 0.000000000000000000e+00
3.623000000000000000e+07 0.000000000000000000e+00
3.812000000000000000e+07 0.000000000000000000e+00
4.011000000000000000e+07 0.000000000000000000e+00
4.219000000000000000e+07 0.000000000000000000e+00
4.439000000000000000e+07 0.000000000000000000e+00
4.670000000000000000e+07 0.000000000000000000e+00
4.913000000000000000e+07 0.000000000000000000e+00
5.169000000000000000e+07 0.000000000000000000e+00
5.438000000000000000e+07 0.000000000000000000e+00
5.722000000000000000e+07 0.000000000000000000e+00
6.019000000000000000e+07 0.000000000000000000e+00
6.333000000000000000e+07 0.000000000000000000e+00
6.663000000000000000e+07 0.000000000000000000e+00
7.010000000000000000e+07 0.000000000000000000e+00
7.375000000000000000e+07 0.000000000000000000e+00
7.759000000000000000e+07 0.000000000000000000e+00
8.163000000000000000e+07 0.000000000000000000e+00
8.588000000000000000e+07 0.000000000000000000e+00
9.035000000000000000e+07 0.000000000000000000e+00
9.505000000000000000e+07 0.000000000000000000e+00
1.000000000000000000e+08 0.000000000000000000e+00
