1.000000000000000021e-03 1.712586581748381676e+01
1.051999999999999984e-03 1.612595388543206809e+01
1.106999999999999911e-03 1.519313105514354945e+01
1.163999999999999887e-03 1.432879159897948007e+01
1.224999999999999960e-03 1.337022074509160774e+01
1.288999999999999998e-03 1.262421007783700411e+01
1.356000000000000000e-03 1.164647792333775733e+01
1.427000000000000100e-03 1.095315913526425078e+01
1.500999999999999947e-03 1.002349174541116561e+01
1.579000000000000108e-03 9.451185565115558518e+00
1.661000000000000150e-03 8.592691948061428775e+00
1.747999999999999988e-03 8.087039129863994091e+00
1.839000000000000140e-03 7.418396858192869203e+00
1.935000000000000088e-03 6.933965246199274013e+00
2.034999999999999917e-03 6.412213490361202695e+00
2.141000000000000108e-03 5.990848513758416871e+00
2.252999999999999794e-03 5.697475049328327046e+00
2.370000000000000145e-03 5.246128594714672744e+00
2.492999999999999990e-03 5.107882231544728313e+00
2.623000000000000331e-03 4.792420646728031919e+00
2.759999999999999867e-03 4.681808961648351364e+00
2.903999999999999897e-03 4.525646140656903960e+00
3.054999999999999990e-03 4.462241714444357576e+00
3.213999999999999843e-03 4.446261736526545327e+00
3.380999999999999891e-03 4.436822357630378022e+00
3.556999999999999832e-03 4.540216991811617753e+00
3.742000000000000100e-03 4.546947849396060448e+00
3.936999999999999528e-03 4.702544118985488630e+00
4.142000000000000716e-03 4.804060337116235146e+00
4.357999999999999895e-03 4.966655730838934524e+00
4.585000000000000533e-03 5.164094889526164245e+00
4.824000000000000163e-03 5.405164299410838424e+00
5.074999999999999650e-03 5.605392848505970527e+00
5.338999999999999996e-03 5.909554759861180173e+00
5.616999999999999597e-03 6.101790653597808145e+00
5.908999999999999322e-03 6.450355897826887563e+00
6.217000000000000304e-03 6.711393320650656413e+00
6.540999999999999939e-03 7.053577871682048084e+00
6.880999999999999964e-03 7.363832548357629015e+00
7.239999999999999908e-03 7.678097809052355061e+00
7.617000000000000506e-03 8.058462578678401655e+00
8.012999999999999290e-03 8.377277434468503259e+00
8.429999999999999993e-03 8.735786843359861109e+00
8.868999999999998413e-03 9.125991594816673214e+00
9.330999999999999017e-03 9.447520632208789237e+00
9.816999999999999338e-03 9.863673441408860043e+00
1.032999999999999891e-02 1.013176706394825111e+01
1.086999999999999945e-02 1.055815157405614535e+01
1.143000000000000092e-02 1.085367538907297913e+01
1.203000000000000076e-02 1.126937770419704243e+01
1.264999999999999979e-02 1.151325124373720143e+01
1.330999999999999892e-02 1.194550704208922554e+01
1.400999999999999988e-02 1.223182676835478588e+01
1.473000000000000004e-02 1.259653215077108079e+01
1.549999999999999989e-02 1.283960075160776881e+01
1.631000000000000158e-02 1.320670725031296300e+01
1.715999999999999817e-02 1.345790443921740831e+01
1.805000000000000007e-02 1.370609227102533190e+01
1.898999999999999994e-02 1.400526153371128935e+01
1.997999999999999776e-02 1.424252385291690715e+01
2.101999999999999702e-02 1.447450627007683366e+01
2.212000000000000077e-02 1.467272573050921736e+01
2.326999999999999902e-02 1.486701197427254151e+01
2.447999999999999829e-02 1.502918846348632620e+01
2.574999999999999858e-02 1.520109320641981121e+01
2.708999999999999950e-02 1.530009469776267927e+01
2.850000000000000103e-02 1.547598397898085665e+01
2.998999999999999930e-02 1.548061097136887732e+01
3.155000000000000165e-02 1.561235915247032402e+01
3.318999999999999728e-02 1.560244235045603212e+01
3.491999999999999965e-02 1.570275208623606567e+01
3.673999999999999488e-02 1.565114269961754623e+01
3.864999999999999686e-02 1.564999474823284942e+01
4.066000000000000170e-02 1.560920415013768547e+01
4.277999999999999858e-02 1.553619486208951805e+01
4.500999999999999446e-02 1.547327924223676199e+01
4.734999999999999626e-02 1.536219460522399594e+01
4.982000000000000317e-02 1.525013544191493864e+01
5.240999999999999825e-02 1.510480948153020186e+01
5.513999999999999457e-02 1.494517733024886397e+01
5.800999999999999907e-02 1.475380817811124423e+01
6.102999999999999398e-02 1.457691084910128687e+01
6.421000000000000318e-02 1.432371950147906325e+01
6.755999999999999506e-02 1.414062449965459756e+01
7.106999999999999429e-02 1.383445359810097486e+01
7.477000000000000313e-02 1.361684266392454745e+01
7.867000000000000381e-02 1.328552234021774048e+01
8.276000000000000023e-02 1.303699019976377649e+01
8.707000000000000850e-02 1.269134242806127588e+01
9.160999999999999699e-02 1.240398912863570224e+01
9.637999999999999345e-02 1.205246651728350038e+01
1.014000000000000040e-01 1.173018926981975518e+01
1.067000000000000032e-01 1.138126311528396073e+01
1.122000000000000081e-01 1.102434455594855756e+01
1.180999999999999966e-01 1.068404131405498525e+01
1.242000000000000048e-01 1.029493211239499928e+01
1.307000000000000106e-01 9.959719311375906159e+00
1.375000000000000111e-01 9.557539586550129584e+00
1.446999999999999953e-01 9.215452069052677331e+00
1.522000000000000020e-01 8.829875896008390512e+00
1.600999999999999923e-01 8.470618020290642036e+00
1.683999999999999941e-01 8.102132575203704334e+00
1.771999999999999964e-01 7.729542940258703254e+00
1.864000000000000101e-01 7.381313690062979660e+00
1.960999999999999965e-01 7.014872062959825350e+00
2.064000000000000001e-01 6.680837420500298940e+00
2.170999999999999874e-01 6.323047042878794599e+00
2.283999999999999919e-01 6.001930054911881030e+00
2.403000000000000136e-01 5.674069864707385058e+00
2.528000000000000247e-01 5.353672011363996397e+00
2.660000000000000142e-01 5.046664502830798149e+00
2.798000000000000487e-01 4.748570913356466860e+00
2.943999999999999950e-01 4.467522271460178551e+00
3.096999999999999753e-01 4.181825559099964451e+00
3.259000000000000230e-01 3.927904099614072830e+00
3.427999999999999936e-01 3.664705257582505205e+00
3.606999999999999651e-01 3.436829613513471049e+00
3.795000000000000040e-01 3.200627557322392569e+00
3.991999999999999993e-01 2.993534991465408357e+00
4.200000000000000400e-01 2.786802615812729034e+00
4.419000000000000150e-01 2.604411492815536633e+00
4.649000000000000354e-01 2.422914504377007727e+00
4.891000000000000347e-01 2.269385989041298402e+00
5.144999999999999574e-01 2.117169141709331459e+00
5.413000000000000034e-01 1.983959969879128371e+00
5.695000000000000062e-01 1.863213462191541492e+00
5.992000000000000659e-01 1.753321891948797173e+00
6.304000000000000714e-01 1.662640440198470015e+00
6.632000000000000117e-01 1.577075909207586335e+00
6.976999999999999869e-01 1.513488782760401108e+00
7.340999999999999748e-01 1.455922746266038237e+00
7.722999999999999865e-01 1.416347083824287756e+00
8.125000000000000000e-01 1.384083534762663437e+00
8.548000000000000043e-01 1.370432801922692123e+00
8.992999999999999883e-01 1.366320137896141373e+00
9.460999999999999410e-01 1.377927405666667271e+00
9.954000000000000625e-01 1.402097853299449914e+00
1.046999999999999931e+00 1.439078190508337185e+00
1.101999999999999869e+00 1.491894336866547155e+00
1.159000000000000030e+00 1.556351364213399702e+00
1.219000000000000083e+00 1.637088791813123834e+00
1.283000000000000140e+00 1.732132965652741552e+00
1.350000000000000089e+00 1.845536054942775284e+00
1.419999999999999929e+00 1.970471667264593663e+00
1.493999999999999995e+00 2.116811471454020932e+00
1.572000000000000064e+00 2.276643275521577525e+00
1.654000000000000137e+00 2.460103064106851534e+00
1.739999999999999991e+00 2.657561181330671651e+00
1.830000000000000071e+00 2.879006890037857147e+00
1.925999999999999934e+00 3.120456097240261961e+00
2.025999999999999801e+00 3.386369371880604717e+00
2.131000000000000227e+00 3.671464753639682055e+00
2.241999999999999993e+00 3.986385278459121828e+00
2.358999999999999986e+00 4.326830292735404093e+00
2.481999999999999762e+00 4.695402512127314409e+00
2.611000000000000210e+00 5.093151600231968779e+00
2.746999999999999886e+00 5.520788201013896668e+00
2.890000000000000124e+00 5.984873217413195334e+00
3.040999999999999925e+00 6.480135763017403683e+00
3.198999999999999844e+00 7.014136475889957367e+00
3.366000000000000103e+00 7.580711523742179381e+00
3.540999999999999925e+00 8.188926866413615002e+00
3.725000000000000089e+00 8.829034067167581767e+00
3.918999999999999595e+00 9.505184871636979338e+00
4.123000000000000220e+00 1.021659004020563444e+01
4.338000000000000078e+00 1.093636124582591584e+01
4.564000000000000057e+00 1.168662770613960156e+01
4.801000000000000156e+00 1.239098360548631206e+01
5.051000000000000156e+00 1.309706001802347508e+01
5.314000000000000057e+00 1.368356971171317760e+01
5.590999999999999304e+00 1.417687107064870311e+01
5.881999999999999673e+00 1.447767919485372978e+01
6.187999999999999723e+00 1.450202333084379980e+01
6.511000000000000121e+00 1.432557491997638088e+01
6.850000000000000533e+00 1.366327143913903086e+01
7.205999999999999517e+00 1.287403354489481622e+01
7.581999999999999851e+00 1.157056142525266296e+01
7.976000000000000867e+00 1.020128386356666716e+01
8.391999999999999460e+00 8.668756629620162357e+00
8.829000000000000625e+00 7.058875434700679463e+00
9.288000000000000256e+00 5.730915637399642826e+00
9.772000000000000242e+00 4.367757852417166298e+00
1.027999999999999936e+01 3.380677395347120751e+00
1.082000000000000028e+01 2.463079066729822575e+00
1.137999999999999901e+01 1.832822561420233143e+00
1.196999999999999886e+01 1.345319646008227066e+00
1.259999999999999964e+01 9.750389217003745390e-01
1.325000000000000000e+01 7.339132553938818582e-01
1.393999999999999950e+01 5.279239566513076465e-01
1.466999999999999993e+01 3.930978953553416755e-01
1.542999999999999972e+01 2.690566272839428619e-01
1.623000000000000043e+01 1.877946879681946513e-01
1.708000000000000185e+01 1.080183983116694835e-01
1.796999999999999886e+01 7.269746996329208566e-02
1.889999999999999858e+01 3.578921710222049413e-02
1.989000000000000057e+01 2.412907622129034646e-02
2.092000000000000171e+01 1.238287482735339791e-02
2.200999999999999801e+01 7.641170968709139026e-03
2.316000000000000014e+01 3.970802179362280075e-03
2.437000000000000099e+01 2.160810100562151476e-03
2.562999999999999901e+01 1.048502878925515469e-03
2.697000000000000242e+01 4.489656155029911398e-04
2.837000000000000099e+01 2.262370224051870357e-04
2.985000000000000142e+01 8.341331155389289603e-05
3.139999999999999858e+01 4.278895079580188367e-05
3.303999999999999915e+01 1.245542222073467480e-05
3.475999999999999801e+01 6.466650465220517880e-06
3.657000000000000028e+01 1.349938855235733510e-06
3.846999999999999886e+01 7.312123392205566415e-07
4.048000000000000398e+01 1.218413233295310669e-07
4.259000000000000341e+01 6.754380277339131612e-08
4.479999999999999716e+01 1.067302928763976611e-08
4.714000000000000057e+01 4.218957855434713331e-09
4.959000000000000341e+01 9.543033579230640244e-10
5.217000000000000171e+01 2.017963348907809084e-10
5.489000000000000057e+01 5.625505472862076563e-11
5.775000000000000000e+01 5.640046087758667362e-12
6.075000000000000000e+01 1.925893545376292228e-12
6.392000000000000171e+01 1.321570644888230876e-13
6.723999999999999488e+01 5.124523687666912812e-14
7.075000000000000000e+01 1.519310552993727461e-15
7.442999999999999261e+01 6.575627236394108543e-16
7.829999999999999716e+01 1.202421670531094366e-17
8.237999999999999545e+01 5.677596369483054044e-18
8.667000000000000171e+01 4.847940642428341301e-20
9.117999999999999261e+01 2.463513321040016533e-20
9.593000000000000682e+01 9.774251151440661380e-23
1.009000000000000057e+02 5.297267438087221555e-23
1.062000000000000028e+02 5.230355700586636505e-24
1.116999999999999886e+02 6.893808272000656442e-26
1.175000000000000000e+02 1.394790580628749545e-26
1.236000000000000085e+02 3.678308525532363552e-29
1.300999999999999943e+02 1.009576376262308912e-29
1.369000000000000057e+02 8.051297262965864362e-33
1.440000000000000000e+02 2.758880848006882374e-33
1.515000000000000000e+02 7.932014402861283358e-37
1.593999999999999773e+02 3.139029189324767574e-37
1.676999999999999886e+02 2.240247939503631323e-41
1.764000000000000057e+02 9.968510030112671565e-42
1.855999999999999943e+02 1.848065449026148186e-46
1.952000000000000171e+02 9.005466735141485526e-47
2.054000000000000057e+02 4.183400291811787709e-52
2.160999999999999943e+02 2.173112021216632804e-52
2.273999999999999773e+02 5.008946037782237651e-54
2.391999999999999886e+02 1.221785285957624509e-58
2.516999999999999886e+02 1.667674642891486987e-59
2.647999999999999545e+02 1.356757687489166928e-65
2.785000000000000000e+02 3.158177964830984741e-66
2.930000000000000000e+02 2.067236417588439538e-73
3.083000000000000114e+02 6.261649590532826866e-74
3.244000000000000341e+02 3.993687301308733996e-82
3.411999999999999886e+02 1.464573077644249904e-82
3.590000000000000000e+02 7.864729030716675227e-92
3.776999999999999886e+02 3.271607215512524366e-92
3.973999999999999773e+02 1.308798567306686177e-102
4.181000000000000227e+02 6.012653236511339848e-103
4.398000000000000114e+02 1.137069857669309190e-114
4.626999999999999886e+02 5.668598001806147209e-115
4.868000000000000114e+02 3.813159495804597594e-128
5.122000000000000455e+02 2.023751572268143065e-128
5.387999999999999545e+02 1.498081877969112139e-129
5.668999999999999773e+02 2.640373279788652445e-143
5.964000000000000909e+02 4.660718549552113188e-144
6.275000000000000000e+02 5.502330585215584819e-160
6.601000000000000227e+02 1.433032086444579290e-160
6.945000000000000000e+02 1.473658626738093860e-178
7.307000000000000455e+02 4.821537127583996022e-179
7.687000000000000455e+02 2.434547295262076049e-199
8.087999999999999545e+02 9.347404706863875665e-200
8.508999999999999773e+02 1.995277498771500848e-222
8.952000000000000455e+02 8.641889090286052384e-223
9.417999999999999545e+02 4.049452271929276522e-248
9.908000000000000682e+02 1.924638755696779720e-248
1.042000000000000000e+03 7.982299398702813938e-277
1.097000000000000000e+03 4.042944801879196998e-277
1.154000000000000000e+03 9.836679273212961765e-309
1.214000000000000000e+03 5.338834292234862289e-309
1.277000000000000000e+03 6.161328688612464560e-310
1.344000000000000000e+03 0.000000000000000000e+00
1.414000000000000000e+03 0.000000000000000000e+00
1.487000000000000000e+03 0.000000000000000000e+00
1.565000000000000000e+03 0.000000000000000000e+00
1.646000000000000000e+03 0.000000000000000000e+00
1.732000000000000000e+03 0.000000000000000000e+00
1.822000000000000000e+03 0.000000000000000000e+00
1.917000000000000000e+03 0.000000000000000000e+00
2.017000000000000000e+03 0.000000000000000000e+00
2.122000000000000000e+03 0.000000000000000000e+00
2.232000000000000000e+03 0.000000000000000000e+00
2.348000000000000000e+03 0.000000000000000000e+00
2.470000000000000000e+03 0.000000000000000000e+00
2.599000000000000000e+03 0.000000000000000000e+00
2.734000000000000000e+03 0.000000000000000000e+00
2.877000000000000000e+03 0.000000000000000000e+00
3.027000000000000000e+03 0.000000000000000000e+00
3.184000000000000000e+03 0.000000000000000000e+00
3.350000000000000000e+03 0.000000000000000000e+00
3.524000000000000000e+03 0.000000000000000000e+00
3.708000000000000000e+03 0.000000000000000000e+00
3.901000000000000000e+03 0.000000000000000000e+00
4.104000000000000000e+03 0.000000000000000000e+00
4.318000000000000000e+03 0.000000000000000000e+00
4.543000000000000000e+03 0.000000000000000000e+00
4.779000000000000000e+03 0.000000000000000000e+00
5.028000000000000000e+03 0.000000000000000000e+00
5.290000000000000000e+03 0.000000000000000000e+00
5.565000000000000000e+03 0.000000000000000000e+00
5.855000000000000000e+03 0.000000000000000000e+00
6.160000000000000000e+03 0.000000000000000000e+00
6.481000000000000000e+03 0.000000000000000000e+00
6.818000000000000000e+03 0.000000000000000000e+00
7.173000000000000000e+03 0.000000000000000000e+00
7.547000000000000000e+03 0.000000000000000000e+00
7.940000000000000000e+03 0.000000000000000000e+00
8.353000000000000000e+03 0.000000000000000000e+00
8.788000000000000000e+03 0.000000000000000000e+00
9.246000000000000000e+03 0.000000000000000000e+00
9.727000000000000000e+03 0.000000000000000000e+00
1.023000000000000000e+04 0.000000000000000000e+00
1.077000000000000000e+04 0.000000000000000000e+00
1.133000000000000000e+04 0.000000000000000000e+00
1.192000000000000000e+04 0.000000000000000000e+00
1.254000000000000000e+04 0.000000000000000000e+00
1.319000000000000000e+04 0.000000000000000000e+00
1.388000000000000000e+04 0.000000000000000000e+00
1.460000000000000000e+04 0.000000000000000000e+00
1.536000000000000000e+04 0.000000000000000000e+00
1.616000000000000000e+04 0.000000000000000000e+00
1.700000000000000000e+04 0.000000000000000000e+00
1.789000000000000000e+04 0.000000000000000000e+00
1.882000000000000000e+04 0.000000000000000000e+00
1.980000000000000000e+04 0.000000000000000000e+00
2.083000000000000000e+04 0.000000000000000000e+00
2.191000000000000000e+04 0.000000000000000000e+00
2.305000000000000000e+04 0.000000000000000000e+00
2.425000000000000000e+04 0.000000000000000000e+00
2.552000000000000000e+04 0.000000000000000000e+00
2.684000000000000000e+04 0.000000000000000000e+00
2.824000000000000000e+04 0.000000000000000000e+00
2.971000000000000000e+04 0.000000000000000000e+00
3.126000000000000000e+04 0.000000000000000000e+00
3.289000000000000000e+04 0.000000000000000000e+00
3.460000000000000000e+04 0.000000000000000000e+00
3.640000000000000000e+04 0.000000000000000000e+00
3.830000000000000000e+04 0.000000000000000000e+00
4.029000000000000000e+04 0.000000000000000000e+00
4.239000000000000000e+04 0.000000000000000000e+00
4.460000000000000000e+04 0.000000000000000000e+00
4.692000000000000000e+04 0.000000000000000000e+00
4.936000000000000000e+04 0.000000000000000000e+00
5.193000000000000000e+04 0.000000000000000000e+00
5.464000000000000000e+04 0.000000000000000000e+00
5.748000000000000000e+04 0.000000000000000000e+00
6.047000000000000000e+04 0.000000000000000000e+00
6.362000000000000000e+04 0.000000000000000000e+00
6.693000000000000000e+04 0.000000000000000000e+00
7.042000000000000000e+04 0.000000000000000000e+00
7.409000000000000000e+04 0.000000000000000000e+00
7.794000000000000000e+04 0.000000000000000000e+00
8.200000000000000000e+04 0.000000000000000000e+00
8.627000000000000000e+04 0.000000000000000000e+00
9.076000000000000000e+04 0.000000000000000000e+00
9.549000000000000000e+04 0.000000000000000000e+00
1.005000000000000000e+05 0.000000000000000000e+00
1.057000000000000000e+05 0.000000000000000000e+00
1.112000000000000000e+05 0.000000000000000000e+00
1.170000000000000000e+05 0.000000000000000000e+00
1.231000000000000000e+05 0.000000000000000000e+00
1.295000000000000000e+05 0.000000000000000000e+00
1.362000000000000000e+05 0.000000000000000000e+00
1.433000000000000000e+05 0.000000000000000000e+00
1.508000000000000000e+05 0.000000000000000000e+00
1.586000000000000000e+05 0.000000000000000000e+00
1.669000000000000000e+05 0.000000000000000000e+00
1.756000000000000000e+05 0.000000000000000000e+00
1.847000000000000000e+05 0.000000000000000000e+00
1.943000000000000000e+05 0.000000000000000000e+00
2.045000000000000000e+05 0.000000000000000000e+00
2.151000000000000000e+05 0.000000000000000000e+00
2.263000000000000000e+05 0.000000000000000000e+00
2.381000000000000000e+05 0.000000000000000000e+00
2.505000000000000000e+05 0.000000000000000000e+00
2.635000000000000000e+05 0.000000000000000000e+00
2.773000000000000000e+05 0.000000000000000000e+00
2.917000000000000000e+05 0.000000000000000000e+00
3.069000000000000000e+05 0.000000000000000000e+00
3.229000000000000000e+05 0.000000000000000000e+00
3.397000000000000000e+05 0.000000000000000000e+00
3.574000000000000000e+05 0.000000000000000000e+00
3.760000000000000000e+05 0.000000000000000000e+00
3.955000000000000000e+05 0.000000000000000000e+00
4.161000000000000000e+05 0.000000000000000000e+00
4.378000000000000000e+05 0.000000000000000000e+00
4.606000000000000000e+05 0.000000000000000000e+00
4.846000000000000000e+05 0.000000000000000000e+00
5.098000000000000000e+05 0.000000000000000000e+00
5.364000000000000000e+05 0.000000000000000000e+00
5.643000000000000000e+05 0.000000000000000000e+00
5.937000000000000000e+05 0.000000000000000000e+00
6.246000000000000000e+05 0.000000000000000000e+00
6.571000000000000000e+05 0.000000000000000000e+00
6.913000000000000000e+05 0.000000000000000000e+00
7.273000000000000000e+05 0.000000000000000000e+00
7.652000000000000000e+05 0.000000000000000000e+00
8.050000000000000000e+05 0.000000000000000000e+00
8.469000000000000000e+05 0.000000000000000000e+00
8.910000000000000000e+05 0.000000000000000000e+00
9.374000000000000000e+05 0.000000000000000000e+00
9.863000000000000000e+05 0.000000000000000000e+00
1.038000000000000000e+06 0.000000000000000000e+00
1.092000000000000000e+06 0.000000000000000000e+00
1.148000000000000000e+06 0.000000000000000000e+00
1.208000000000000000e+06 0.000000000000000000e+00
1.271000000000000000e+06 0.000000000000000000e+00
1.337000000000000000e+06 0.000000000000000000e+00
1.407000000000000000e+06 0.000000000000000000e+00
1.480000000000000000e+06 0.000000000000000000e+00
1.557000000000000000e+06 0.000000000000000000e+00
1.638000000000000000e+06 0.000000000000000000e+00
1.724000000000000000e+06 0.000000000000000000e+00
1.814000000000000000e+06 0.000000000000000000e+00
1.908000000000000000e+06 0.000000000000000000e+00
2.007000000000000000e+06 0.000000000000000000e+00
2.112000000000000000e+06 0.000000000000000000e+00
2.222000000000000000e+06 0.000000000000000000e+00
2.337000000000000000e+06 0.000000000000000000e+00
2.459000000000000000e+06 0.000000000000000000e+00
2.587000000000000000e+06 0.000000000000000000e+00
2.722000000000000000e+06 0.000000000000000000e+00
2.864000000000000000e+06 0.000000000000000000e+00
3.013000000000000000e+06 0.000000000000000000e+00
3.170000000000000000e+06 0.000000000000000000e+00
3.335000000000000000e+06 0.000000000000000000e+00
3.508000000000000000e+06 0.000000000000000000e+00
3.691000000000000000e+06 0.000000000000000000e+00
3.883000000000000000e+06 0.000000000000000000e+00
4.085000000000000000e+06 0.000000000000000000e+00
4.298000000000000000e+06 0.000000000000000000e+00
4.522000000000000000e+06 0.000000000000000000e+00
4.757000000000000000e+06 0.000000000000000000e+00
5.005000000000000000e+06 0.000000000000000000e+00
5.266000000000000000e+06 0.000000000000000000e+00
5.540000000000000000e+06 0.000000000000000000e+00
5.828000000000000000e+06 0.000000000000000000e+00
6.132000000000000000e+06 0.000000000000000000e+00
6.451000000000000000e+06 0.000000000000000000e+00
6.787000000000000000e+06 0.000000000000000000e+00
7.140000000000000000e+06 0.000000000000000000e+00
7.512000000000000000e+06 0.000000000000000000e+00
7.903000000000000000e+06 0.000000000000000000e+00
8.315000000000000000e+06 0.000000000000000000e+00
8.748000000000000000e+06 0.000000000000000000e+00
9.203000000000000000e+06 0.000000000000000000e+00
9.682000000000000000e+06 0.000000000000000000e+00
1.019000000000000000e+07 0.000000000000000000e+00
1.072000000000000000e+07 0.000000000000000000e+00
1.127000000000000000e+07 0.000000000000000000e+00
1.186000000000000000e+07 0.000000000000000000e+00
1.248000000000000000e+07 0.000000000000000000e+00
1.313000000000000000e+07 0.000000000000000000e+00
1.381000000000000000e+07 0.000000000000000000e+00
1.453000000000000000e+07 0.000000000000000000e+00
1.529000000000000000e+07 0.000000000000000000e+00
1.608000000000000000e+07 0.000000000000000000e+00
1.692000000000000000e+07 0.000000000000000000e+00
1.780000000000000000e+07 0.000000000000000000e+00
1.873000000000000000e+07 0.000000000000000000e+00
1.971000000000000000e+07 0.000000000000000000e+00
2.073000000000000000e+07 0.000000000000000000e+00
2.181000000000000000e+07 0.000000000000000000e+00
2.295000000000000000e+07 0.000000000000000000e+00
2.414000000000000000e+07 0.000000000000000000e+00
2.540000000000000000e+07 0.000000000000000000e+00
2.672000000000000000e+07 0.000000000000000000e+00
2.811000000000000000e+07 0.000000000000000000e+00
2.958000000000000000e+07 0.000000000000000000e+00
3.112000000000000000e+07 0.000000000000000000e+00
3.274000000000000000e+07 0.000000000000000000e+00
3.444000000000000000e+07 0.000000000000000000e+00
3.623000000000000000e+07 0.000000000000000000e+00
3.812000000000000000e+07 0.000000000000000000e+00
4.011000000000000000e+07 0.000000000000000000e+00
4.219000000000000000e+07 0.000000000000000000e+00
4.439000000000000000e+07 0.000000000000000000e+00
4.670000000000000000e+07 0.000000000000000000e+00
4.913000000000000000e+07 0.000000000000000000e+00
5.169000000000000000e+07 0.000000000000000000e+00
5.438000000000000000e+07 0.000000000000000000e+00
5.722000000000000000e+07 0.000000000000000000e+00
6.019000000000000000e+07 0.000000000000000000e+00
6.333000000000000000e+07 0.000000000000000000e+00
6.663000000000000000e+07 0.000000000000000000e+00
7.010000000000000000e+07 0.000000000000000000e+00
7.375000000000000000e+07 0.000000000000000000e+00
7.759000000000000000e+07 0.000000000000000000e+00
8.163000000000000000e+07 0.000000000000000000e+00
8.588000000000000000e+07 0.000000000000000000e+00
9.035000000000000000e+07 0.000000000000000000e+00
9.505000000000000000e+07 0.000000000000000000e+00
1.000000000000000000e+08 0.000000000000000000e+00
