1.221799999999999287e+01 5.591381512548224000e+18
1.321799999999999287e+01 5.418268894315406336e+18
1.421799999999999287e+01 5.234148687720374272e+18
1.521799999999999287e+01 5.041080433648578560e+18
1.621799999999999287e+01 4.844099887375163392e+18
1.721799999999999287e+01 4.644341418060769280e+18
1.821799999999999287e+01 4.448729739759169536e+18
1.921799999999999287e+01 4.257166899381620224e+18
2.021799999999999287e+01 4.070490014219609088e+18
2.121799999999999287e+01 3.888542089328789504e+18
2.221799999999999287e+01 3.722388504195951616e+18
2.321799999999999287e+01 3.560837198398443520e+18
2.421799999999999287e+01 3.403732042528738304e+18
2.521799999999999287e+01 3.259390126214183424e+18
2.621799999999999287e+01 3.120530334131566592e+18
2.721799999999999287e+01 2.986801663885390848e+18
2.821799999999999287e+01 2.863247757398704128e+18
2.921799999999999287e+01 2.744180234950218752e+18
3.021799999999999287e+01 2.629344797491587584e+18
3.121799999999999287e+01 2.522768978608900096e+18
3.221799999999998931e+01 2.419196787047075328e+18
3.321799999999998931e+01 2.318546076399139328e+18
3.421799999999998931e+01 2.224845618209371648e+18
3.521799999999998931e+01 2.137435312287408640e+18
3.621799999999998931e+01 2.055733936604884480e+18
3.721799999999998931e+01 1.977440276993515520e+18
3.821799999999998931e+01 1.902335606891915264e+18
3.921799999999998931e+01 1.831891935157689856e+18
4.021799999999998931e+01 1.765713242011803392e+18
4.121799999999998931e+01 1.702775476149463552e+18
4.221799999999998931e+01 1.642844365099977984e+18
4.321799999999998931e+01 1.586337643098108416e+18
4.421799999999998931e+01 1.532987843569635840e+18
4.521799999999998931e+01 1.482553755129105920e+18
4.621799999999998931e+01 1.433904895157781248e+18
4.721799999999998931e+01 1.386946759310864640e+18
4.821799999999998931e+01 1.342453372035918848e+18
4.921799999999998931e+01 1.300248654248834304e+18
5.021799999999998931e+01 1.260172311836466176e+18
5.121799999999998931e+01 1.222078144213626368e+18
5.221799999999998931e+01 1.185020103380864256e+18
5.321799999999998931e+01 1.148960081597184768e+18
5.421799999999998931e+01 1.114632617526467072e+18
5.521799999999998931e+01 1.081925034803966592e+18
5.621799999999998931e+01 1.050733832020582144e+18
5.721799999999998931e+01 1.020963790406249984e+18
5.821799999999998931e+01 9.925271819416999680e+17
5.921799999999998931e+01 9.649899422650096640e+17
6.021799999999998931e+01 9.383105699775349760e+17
6.121799999999998931e+01 9.127868229762694400e+17
6.221799999999998931e+01 8.883511126752919040e+17
6.321799999999998931e+01 8.649407969189826560e+17
6.421799999999998931e+01 8.424977475128593920e+17
6.521799999999998931e+01 8.209679615399912960e+17
6.621799999999998931e+01 8.000601480682302720e+17
6.721799999999998931e+01 7.797483198155097600e+17
6.821799999999998931e+01 7.602387326865635840e+17
6.921799999999998931e+01 7.414887057474407680e+17
7.021799999999998931e+01 7.234583973055651840e+17
7.121799999999998931e+01 7.061105792657483520e+17
7.221799999999998931e+01 6.894104322612098560e+17
7.321799999999998931e+01 6.733253593922401280e+17
7.421799999999998931e+01 6.574614225137820160e+17
7.521799999999998931e+01 6.418187874249812480e+17
7.621799999999998931e+01 6.267463322414396160e+17
7.721799999999998931e+01 6.122162411441349120e+17
7.821799999999998931e+01 5.982023896963264000e+17
7.921799999999998931e+01 5.846802221698782720e+17
8.021799999999998931e+01 5.716266391714915840e+17
8.121799999999998931e+01 5.590198945891544960e+17
8.221799999999998931e+01 5.468395009829695360e+17
8.321799999999998931e+01 5.347724462024275200e+17
8.421799999999998931e+01 5.228221276503836800e+17
8.521799999999998931e+01 5.112744429105015680e+17
8.621799999999998931e+01 5.001113629365669760e+17
8.721799999999998931e+01 4.893158613101704960e+17
8.821799999999998931e+01 4.788718478638857600e+17
8.921799999999998931e+01 4.687641073861835520e+17
9.021799999999998931e+01 4.589782429675736320e+17
9.121799999999998931e+01 4.495006235899829120e+17
9.221799999999998931e+01 4.403183355994429440e+17
9.321799999999998931e+01 4.314155175598184960e+17
9.421799999999998931e+01 4.227808021513530880e+17
9.521799999999998931e+01 4.144068982253789440e+17
9.621799999999998931e+01 4.062833249656546560e+17
9.721799999999998931e+01 3.984001252038989440e+17
9.821799999999998931e+01 3.907478342404993920e+17
9.921799999999998931e+01 3.833174508144524800e+17
1.002179999999999893e+02 3.761004100545932160e+17
1.012179999999999893e+02 3.690885582588311040e+17
1.022179999999999893e+02 3.622741293613319680e+17
1.032179999999999893e+02 3.556497229595487360e+17
