1.903427155601598031e+01 1.593396322657569587e+19
2.003427155601598031e+01 1.524423364421434368e+19
2.103427155601598031e+01 1.457657904423739187e+19
2.203427155601598031e+01 1.393602637974949478e+19
2.303427155601598031e+01 1.332813165743457690e+19
2.403427155601598031e+01 1.274790607622867354e+19
2.503427155601598031e+01 1.219847533405629235e+19
2.603427155601598031e+01 1.167699341825929216e+19
2.703427155601598031e+01 1.118166445054061363e+19
2.803427155601598031e+01 1.071196112260147405e+19
2.903427155601598031e+01 1.026544974908279603e+19
3.003427155601598031e+01 9.840260667807799296e+18
3.103427155601598031e+01 9.434950285732280320e+18
3.203427155601598031e+01 9.050321268271140864e+18
3.303427155601598031e+01 8.682497201328808960e+18
3.403427155601598031e+01 8.332676890917806080e+18
3.503427155601598031e+01 8.001058134936183808e+18
3.603427155601598031e+01 7.685851629099469824e+18
3.703427155601598031e+01 7.389289915014046720e+18
3.803427155601598031e+01 7.108616302245788672e+18
3.903427155601598031e+01 6.844135537363812352e+18
4.003427155601598031e+01 6.595295254301836288e+18
4.103427155601598031e+01 6.359155232175927296e+18
4.203427155601598031e+01 6.136525281193172992e+18
4.303427155601598031e+01 5.926177939984189440e+18
4.403427155601598031e+01 5.725283557677026304e+18
4.503427155601598031e+01 5.535021663558031360e+18
4.603427155601598031e+01 5.353496887841637376e+18
4.703427155601598031e+01 5.180374389239476224e+18
4.803427155601598031e+01 5.015050877884421120e+18
4.903427155601598031e+01 4.856937933653615616e+18
5.003427155601598031e+01 4.705822738164462592e+18
5.103427155601598031e+01 4.561125421004419072e+18
5.203427155601598031e+01 4.422433058931462144e+18
5.303427155601598031e+01 4.289532154540071936e+18
5.403427155601598031e+01 4.162117640715683328e+18
5.503427155601598031e+01 4.039953376317721600e+18
5.603427155601598031e+01 3.922668820167811072e+18
5.703427155601598031e+01 3.810154559959747584e+18
5.803427155601598031e+01 3.702329581450678784e+18
5.903427155601598031e+01 3.598778582876365312e+18
6.003427155601598031e+01 3.499585070060105728e+18
6.103427155601598031e+01 3.404362920995415552e+18
6.203427155601598031e+01 3.313050174985420288e+18
6.303427155601598031e+01 3.225501023392759808e+18
6.403427155601598031e+01 3.141197298828677120e+18
6.503427155601598031e+01 3.060290926759652352e+18
6.603427155601598031e+01 2.982561634472003584e+18
6.703427155601598031e+01 2.907429858904220160e+18
6.803427155601598031e+01 2.835174816180921856e+18
6.903427155601598031e+01 2.765629653034096640e+18
7.003427155601598031e+01 2.698104547586241536e+18
7.103427155601598031e+01 2.633023093810870272e+18
7.203427155601598031e+01 2.570295277581749760e+18
7.303427155601598031e+01 2.509168719241009664e+18
7.403427155601598031e+01 2.450132557651606016e+18
7.503427155601598031e+01 2.393174808350513152e+18
7.603427155601598031e+01 2.337553222160567808e+18
7.703427155601598031e+01 2.283736922666693120e+18
7.803427155601598031e+01 2.231770801908351744e+18
7.903427155601598031e+01 2.180919999705982208e+18
8.003427155601598031e+01 2.131629339294278400e+18
8.103427155601598031e+01 2.084005462130669056e+18
8.203427155601598031e+01 2.037425932110694400e+18
8.303427155601598031e+01 1.992225863411209472e+18
8.403427155601598031e+01 1.948529893038967296e+18
8.503427155601598031e+01 1.905869937233299200e+18
8.603427155601598031e+01 1.864452831380795392e+18
