4.999999999999999237e-03 4.926722188686838170e+19
9.999999999999998473e-03 2.866927251794385306e+19
1.499999999999999771e-02 1.960013931768329421e+19
1.999999999999999695e-02 1.453077406488551834e+19
2.499999999999999445e-02 1.131853125363935642e+19
2.999999999999999195e-02 9.116431052128048128e+18
3.499999999999999639e-02 7.522538295829255168e+18
3.999999999999999389e-02 6.322157189241720832e+18
4.499999999999999140e-02 5.389956255667646464e+18
4.999999999999998890e-02 4.648625161606341632e+18
5.499999999999998640e-02 4.047490651240908800e+18
5.999999999999999084e-02 3.552212507428983296e+18
6.499999999999998834e-02 3.138632310393028608e+18
6.999999999999999278e-02 2.789234384510613504e+18
7.499999999999999722e-02 2.491187783567832064e+18
7.999999999999998779e-02 2.234745680497928448e+18
8.499999999999999223e-02 2.012469701222217728e+18
8.999999999999999667e-02 1.818492463851143680e+18
