1.473707518796992133e+01 3.516790406545379820e+20
1.673707518796992133e+01 3.273046774542272430e+20
1.873707518796992133e+01 3.027894005612168479e+20
2.073707518796992133e+01 2.792582520342505718e+20
2.273707518796992133e+01 2.572925588111500247e+20
2.473707518796992133e+01 2.372024703605468365e+20
2.673707518796992133e+01 2.189989111940937810e+20
2.873707518796992133e+01 2.024958525414601196e+20
3.073707518796992133e+01 1.874065767382372844e+20
3.273707518796992133e+01 1.735659916218118963e+20
3.473707518796992133e+01 1.609140905888304988e+20
3.673707518796992133e+01 1.494359613696917832e+20
3.873707518796992133e+01 1.390999789042059837e+20
4.073707518796992133e+01 1.298065465651984957e+20
4.273707518796992133e+01 1.213932350993752392e+20
4.473707518796992133e+01 1.137056694532240835e+20
4.673707518796992133e+01 1.066382511202095923e+20
4.873707518796992133e+01 1.001201568680523039e+20
5.073707518796992133e+01 9.410746919952043213e+19
5.273707518796992133e+01 8.856137309698469069e+19
5.473707518796992133e+01 8.344488019428845158e+19
5.673707518796992133e+01 7.872973056274982502e+19
5.873707518796992133e+01 7.439050150970289357e+19
6.073707518796992133e+01 7.040217219735877222e+19
6.273707518796992133e+01 6.673170736864519782e+19
6.473707518796992133e+01 6.334803280777580544e+19
6.673707518796992133e+01 6.021729779497703014e+19
6.873707518796992133e+01 5.730559028470621798e+19
7.073707518796992133e+01 5.458507697740626330e+19
7.273707518796992133e+01 5.203398301717374566e+19
7.473707518796992133e+01 4.963561763636233011e+19
7.673707518796992133e+01 4.737617897136050176e+19
7.873707518796992133e+01 4.524574414511045837e+19
8.073707518796992133e+01 4.323463953498244710e+19
8.273707518796992133e+01 4.133510069355692032e+19
8.473707518796992133e+01 3.954113987281041818e+19
