1.221799999999999287e+01 1.363755090648337613e+19
1.421799999999999287e+01 1.292907667150756864e+19
1.621799999999999287e+01 1.211360980604644352e+19
1.821799999999999287e+01 1.119202617230923571e+19
2.021799999999999287e+01 1.030724766122892698e+19
2.221799999999999287e+01 9.500172005563179008e+18
2.421799999999999287e+01 8.725199976542135296e+18
2.621799999999999287e+01 8.036469311910180864e+18
2.821799999999999287e+01 7.424975786475888640e+18
3.021799999999999287e+01 6.861572846799991808e+18
3.221799999999998931e+01 6.338188563401566208e+18
3.421799999999998931e+01 5.855399330148243456e+18
3.621799999999998931e+01 5.430588931195194368e+18
3.821799999999998931e+01 5.042148715850885120e+18
4.021799999999998931e+01 4.695261000333974528e+18
4.221799999999998931e+01 4.379598664694346752e+18
4.421799999999998931e+01 4.096883541405732864e+18
4.621799999999998931e+01 3.835270934639043584e+18
4.821799999999998931e+01 3.592428328914944512e+18
5.021799999999998931e+01 3.373748105305794560e+18
5.221799999999998931e+01 3.169230660388866048e+18
5.421799999999998931e+01 2.977560426862927872e+18
5.621799999999998931e+01 2.803702625586922496e+18
5.821799999999998931e+01 2.645520516539747840e+18
6.021799999999998931e+01 2.501419806506633216e+18
6.221799999999998931e+01 2.369486060140900864e+18
6.421799999999998931e+01 2.248304178935720448e+18
6.621799999999998931e+01 2.138189265368550912e+18
6.821799999999998931e+01 2.037887777183718144e+18
7.021799999999998931e+01 1.944952494581062656e+18
7.221799999999998931e+01 1.858657582447557632e+18
7.421799999999998931e+01 1.775128787830104832e+18
7.621799999999998931e+01 1.694290950244576256e+18
7.821799999999998931e+01 1.619063592085232384e+18
8.021799999999998931e+01 1.548929958289528320e+18
8.221799999999998931e+01 1.482665478095084288e+18
8.421799999999998931e+01 1.416281056986802688e+18
8.621799999999998931e+01 1.353597739534471424e+18
8.821799999999998931e+01 1.295017559601734400e+18
9.021799999999998931e+01 1.240188724933113600e+18
9.221799999999998931e+01 1.188515602226184192e+18
9.421799999999998931e+01 1.138398573631380736e+18
9.621799999999998931e+01 1.091110430954897664e+18
9.821799999999998931e+01 1.046690727866967680e+18
1.002179999999999893e+02 1.004912770479550208e+18
1.022179999999999893e+02 9.655717855544733440e+17
