1.900000000000000000e+01 4.757536434371498046e+01
2.000000000000000000e+01 5.333957232829516926e+01
2.100000000000000000e+01 5.828277367203467918e+01
2.200000000000000000e+01 6.220872640035403833e+01
2.300000000000000000e+01 6.621117071285461009e+01
2.400000000000000000e+01 6.882845795464392324e+01
2.500000000000000000e+01 6.999221386776002873e+01
2.600000000000000000e+01 7.112974389165928812e+01
2.700000000000000000e+01 7.088246966128302518e+01
2.800000000000000000e+01 6.932849331864362341e+01
2.900000000000000000e+01 6.786046436831090034e+01
3.000000000000000000e+01 6.540050854777467748e+01
3.100000000000000000e+01 6.208682291785541452e+01
3.200000000000000000e+01 5.903694121146800455e+01
3.300000000000000000e+01 5.545009298353580363e+01
3.400000000000000000e+01 5.145223037136167932e+01
3.500000000000000000e+01 4.784485375064581092e+01
3.600000000000000000e+01 4.458037253156184221e+01
3.700000000000000000e+01 4.161808776578445901e+01
3.800000000000000000e+01 3.868824211798580848e+01
3.900000000000000000e+01 3.581122928557304164e+01
4.000000000000000000e+01 3.321229597261706346e+01
4.100000000000000000e+01 3.085865751229794895e+01
4.200000000000000000e+01 2.866489034093268273e+01
4.300000000000000000e+01 2.661881083749171850e+01
4.400000000000000000e+01 2.476043622104834441e+01
4.500000000000000000e+01 2.306888941863364195e+01
4.600000000000000000e+01 2.152600501287755463e+01
4.700000000000000000e+01 1.995707682834630248e+01
4.800000000000000000e+01 1.838265972846707186e+01
4.900000000000000000e+01 1.696088109219018492e+01
5.000000000000000000e+01 1.567429258751130483e+01
5.100000000000000000e+01 1.450773190557810643e+01
5.200000000000000000e+01 1.344798648325987678e+01
5.300000000000000000e+01 1.231299392549810356e+01
5.400000000000000000e+01 1.113435854129691371e+01
5.500000000000000000e+01 1.008698987347738907e+01
5.600000000000000000e+01 9.154284575674907387e+00
5.700000000000000000e+01 8.321981889953599776e+00
5.800000000000000000e+01 7.577800043522301188e+00
5.900000000000000000e+01 6.911134050093941994e+00
6.000000000000000000e+01 6.229188116973082501e+00
6.100000000000000000e+01 5.547412897858346348e+00
6.200000000000000000e+01 4.949505488497764283e+00
6.300000000000000000e+01 4.424045651658313538e+00
6.400000000000000000e+01 3.961314008317354585e+00
6.500000000000000000e+01 3.553017648815115059e+00
6.600000000000000000e+01 3.192063310944410759e+00
6.700000000000000000e+01 2.847800015787081751e+00
6.800000000000000000e+01 2.522433667810896285e+00
6.900000000000000000e+01 2.238174359188830564e+00
7.000000000000000000e+01 1.989345133535584065e+00
7.100000000000000000e+01 1.771118012536069264e+00
7.200000000000000000e+01 1.579377571799551516e+00
7.300000000000000000e+01 1.410607919719027992e+00
7.400000000000000000e+01 1.261798817168222397e+00
7.500000000000000000e+01 1.122153845964855456e+00
7.600000000000000000e+01 9.919865268239766998e-01
7.700000000000000000e+01 8.783240595743743162e-01
7.800000000000000000e+01 7.788997677560138833e-01
7.900000000000000000e+01 6.917815759988499291e-01
8.000000000000000000e+01 6.153192578578244865e-01
8.100000000000000000e+01 5.481005175651043615e-01
8.200000000000000000e+01 4.889143417664942315e-01
8.300000000000000000e+01 4.367203488174266623e-01
8.400000000000000000e+01 3.864633263494445803e-01
8.500000000000000000e+01 3.386986316553844967e-01
8.600000000000000000e+01 2.972932270473586658e-01
8.700000000000000000e+01 2.613410791934037136e-01
8.800000000000000000e+01 2.300735179177059719e-01
8.900000000000000000e+01 2.028371824718485927e-01
9.000000000000000000e+01 1.790757015815802322e-01
9.100000000000000000e+01 1.583144431258537710e-01
9.200000000000000000e+01 1.401477930140118122e-01
9.300000000000000000e+01 1.242285224757119361e-01
9.400000000000000000e+01 1.090982670962260120e-01
9.500000000000000000e+01 9.489111901483268663e-02
9.600000000000000000e+01 8.265414323280868836e-02
9.700000000000000000e+01 7.209779964328087709e-02
9.800000000000000000e+01 6.297745276000742132e-02
9.900000000000000000e+01 5.508604946937978308e-02
1.000000000000000000e+02 4.824804804143971448e-02
1.010000000000000000e+02 4.231437497432401218e-02
1.020000000000000000e+02 3.715822782483396008e-02
1.030000000000000000e+02 3.267157571111798525e-02
1.040000000000000000e+02 2.876223627679812614e-02
