1.900000000000000000e+01 5.094161298704379904e+19
2.000000000000000000e+01 5.640846633207930880e+19
2.100000000000000000e+01 6.185793158338843443e+19
2.200000000000000000e+01 6.723688301206967910e+19
2.300000000000000000e+01 7.281908610314634035e+19
2.400000000000000000e+01 7.848455952409452544e+19
2.500000000000000000e+01 8.421524100592794010e+19
2.600000000000000000e+01 9.011973876951094067e+19
2.700000000000000000e+01 9.601906603912074035e+19
2.800000000000000000e+01 1.018909747212820316e+20
2.900000000000000000e+01 1.079008810857471672e+20
3.000000000000000000e+01 1.137553877049450332e+20
3.100000000000000000e+01 1.194254804915904348e+20
3.200000000000000000e+01 1.251877428004764713e+20
3.300000000000000000e+01 1.307257874674393743e+20
3.400000000000000000e+01 1.360152038228958085e+20
3.500000000000000000e+01 1.413583364403159204e+20
3.600000000000000000e+01 1.467541943390293852e+20
3.700000000000000000e+01 1.522018316167860060e+20
3.800000000000000000e+01 1.575681474662966231e+20
3.900000000000000000e+01 1.628448702615348838e+20
4.000000000000000000e+01 1.681597556633846088e+20
4.100000000000000000e+01 1.735121269946954875e+20
4.200000000000000000e+01 1.785910107241104998e+20
4.300000000000000000e+01 1.833820696258227732e+20
4.400000000000000000e+01 1.881883884418089943e+20
4.500000000000000000e+01 1.930096711496158740e+20
4.600000000000000000e+01 1.978456338618271334e+20
4.700000000000000000e+01 2.021271152172251873e+20
4.800000000000000000e+01 2.058378911257423380e+20
4.900000000000000000e+01 2.095389760322752676e+20
5.000000000000000000e+01 2.132305903057923932e+20
5.100000000000000000e+01 2.169129450432620462e+20
5.200000000000000000e+01 2.205862426321249239e+20
5.300000000000000000e+01 2.241334753537369375e+20
5.400000000000000000e+01 2.275528395243499028e+20
5.500000000000000000e+01 2.309607760806805504e+20
5.600000000000000000e+01 2.343575281295117517e+20
5.700000000000000000e+01 2.377433294000317399e+20
5.800000000000000000e+01 2.411184047621882184e+20
5.900000000000000000e+01 2.444829707080268513e+20
6.000000000000000000e+01 2.476818608020299121e+20
6.100000000000000000e+01 2.507133857710269727e+20
6.200000000000000000e+01 2.537322218255774843e+20
6.300000000000000000e+01 2.567386238635214111e+20
6.400000000000000000e+01 2.597328377357004636e+20
6.500000000000000000e+01 2.627151007021209354e+20
6.600000000000000000e+01 2.656856418585196626e+20
6.700000000000000000e+01 2.682552309369129861e+20
6.800000000000000000e+01 2.704218966396280832e+20
6.900000000000000000e+01 2.725742804022520709e+20
7.000000000000000000e+01 2.747126798705840292e+20
7.100000000000000000e+01 2.768373823656958362e+20
7.200000000000000000e+01 2.789486653810687017e+20
7.300000000000000000e+01 2.810467970492838052e+20
7.400000000000000000e+01 2.831320365805206241e+20
7.500000000000000000e+01 2.846584095830353838e+20
7.600000000000000000e+01 2.856280406664998420e+20
7.700000000000000000e+01 2.865883172557374095e+20
7.800000000000000000e+01 2.875394485805474447e+20
7.900000000000000000e+01 2.884816365970125619e+20
8.000000000000000000e+01 2.894150763282843566e+20
8.100000000000000000e+01 2.903399561853903831e+20
8.200000000000000000e+01 2.912564582694525993e+20
8.300000000000000000e+01 2.921647586566161039e+20
8.400000000000000000e+01 2.924338280646669763e+20
8.500000000000000000e+01 2.920722027620998185e+20
8.600000000000000000e+01 2.917152220256294339e+20
8.700000000000000000e+01 2.913627735293573530e+20
8.800000000000000000e+01 2.910147489088933069e+20
8.900000000000000000e+01 2.906710435787191091e+20
9.000000000000000000e+01 2.903315565599047680e+20
9.100000000000000000e+01 2.899961903174876529e+20
9.200000000000000000e+01 2.896648506068704297e+20
9.300000000000000000e+01 2.893374463286453207e+20
9.400000000000000000e+01 2.885149851950439137e+20
9.500000000000000000e+01 2.872080992450286715e+20
9.600000000000000000e+01 2.859206550036671693e+20
9.700000000000000000e+01 2.846521662252554977e+20
9.800000000000000000e+01 2.834021636527424799e+20
9.900000000000000000e+01 2.821701942589083156e+20
1.000000000000000000e+02 2.809558205286692291e+20
1.010000000000000000e+02 2.797586197798976881e+20
1.020000000000000000e+02 2.785781835203316613e+20
1.030000000000000000e+02 2.774141168383332516e+20
1.040000000000000000e+02 2.762660378253923123e+20
