1.221799999999999287e+01 2.248830146442712678e+19
1.321799999999999287e+01 2.469088800242080154e+19
1.421799999999999287e+01 2.684715285660651520e+19
1.521799999999999287e+01 2.894486673694839603e+19
1.621799999999999287e+01 3.101106328201461760e+19
1.721799999999999287e+01 3.303987140970528768e+19
1.821799999999999287e+01 3.498414660811737907e+19
1.921799999999999287e+01 3.683626902499326771e+19
2.021799999999999287e+01 3.859605755061963981e+19
2.121799999999999287e+01 4.025849096275714048e+19
2.221799999999999287e+01 4.191287114306556723e+19
2.321799999999999287e+01 4.338091079491152282e+19
2.421799999999999287e+01 4.465716765279760384e+19
2.521799999999999287e+01 4.591812692506902528e+19
2.621799999999999287e+01 4.703096469325811712e+19
2.721799999999999287e+01 4.799476858305020723e+19
2.821799999999999287e+01 4.894311513498209485e+19
2.921799999999999287e+01 4.973781664459720294e+19
3.021799999999999287e+01 5.037998920299450368e+19
3.121799999999999287e+01 5.100948126816210944e+19
3.221799999999998931e+01 5.145062718660639949e+19
3.321799999999998931e+01 5.170719657699732685e+19
3.421799999999998931e+01 5.195748971954728141e+19
3.521799999999998931e+01 5.220183450234986496e+19
3.621799999999998931e+01 5.244053307678751130e+19
3.721799999999998931e+01 5.252750428092969779e+19
3.821799999999998931e+01 5.246747834843067187e+19
3.921799999999998931e+01 5.240904932399250637e+19
4.021799999999998931e+01 5.235213607863060890e+19
4.121799999999998931e+01 5.221655518265632358e+19
4.221799999999998931e+01 5.200529252908943770e+19
4.321799999999998931e+01 5.179974446539939840e+19
4.421799999999998931e+01 5.159963087191600333e+19
4.521799999999998931e+01 5.140469124295929856e+19
4.621799999999998931e+01 5.107962190081300070e+19
4.721799999999998931e+01 5.063020660050404966e+19
4.821799999999998931e+01 5.019394558025018573e+19
4.921799999999998931e+01 4.977019539991121101e+19
5.021799999999998931e+01 4.935835623344264806e+19
5.121799999999998931e+01 4.895786812164608819e+19
5.221799999999998931e+01 4.847289120180347699e+19
5.321799999999998931e+01 4.790776470366522573e+19
5.421799999999998931e+01 4.735947086065981850e+19
5.521799999999998931e+01 4.682721414382825472e+19
5.621799999999998931e+01 4.631025003298593178e+19
5.721799999999998931e+01 4.580788091599747482e+19
5.821799999999998931e+01 4.531945238217552691e+19
5.921799999999998931e+01 4.479048348204947866e+19
6.021799999999998931e+01 4.422322094688444416e+19
6.121799999999998931e+01 4.367223548766629069e+19
6.221799999999998931e+01 4.313680746170790707e+19
6.321799999999998931e+01 4.261625985992569651e+19
6.421799999999998931e+01 4.210995516010586112e+19
6.521799999999998931e+01 4.161729245686755328e+19
6.621799999999998931e+01 4.109634879418879181e+19
6.721799999999998931e+01 4.054875694088140390e+19
6.821799999999998931e+01 4.001633024772195942e+19
6.921799999999998931e+01 3.949843705607619379e+19
7.021799999999998931e+01 3.899448058440012595e+19
7.121799999999998931e+01 3.850389654264160256e+19
7.221799999999998931e+01 3.802615094040643174e+19
7.321799999999998931e+01 3.756073807073404518e+19
7.421799999999998931e+01 3.705563972412758426e+19
7.521799999999998931e+01 3.651312481005500006e+19
7.621799999999998931e+01 3.598551604287864422e+19
7.721799999999998931e+01 3.547221744956082586e+19
7.821799999999998931e+01 3.497266414906118554e+19
7.921799999999998931e+01 3.448632036079301018e+19
8.021799999999998931e+01 3.401267756372467712e+19
8.121799999999998931e+01 3.355125279302713344e+19
8.221799999999998931e+01 3.310158706245438669e+19
8.321799999999998931e+01 3.260949716821302067e+19
8.421799999999998931e+01 3.207751074178696397e+19
8.521799999999998931e+01 3.156029457255206093e+19
8.621799999999998931e+01 3.105727333690330317e+19
8.721799999999998931e+01 3.056790041083156890e+19
8.821799999999998931e+01 3.009165613155343565e+19
8.921799999999998931e+01 2.962804618260124467e+19
9.021799999999998931e+01 2.917660009234339430e+19
9.121799999999998931e+01 2.873686983681984102e+19
9.221799999999998931e+01 2.830842853860089037e+19
9.321799999999998931e+01 2.785751550602054861e+19
9.421799999999998931e+01 2.738560849002541056e+19
9.521799999999998931e+01 2.692652695811358310e+19
9.621799999999998931e+01 2.647979373842216141e+19
9.721799999999998931e+01 2.604495409926211174e+19
9.821799999999998931e+01 2.562157447784705638e+19
9.921799999999998931e+01 2.520924129303156736e+19
1.002179999999999893e+02 2.480755983573119386e+19
1.012179999999999893e+02 2.441615323122976768e+19
1.022179999999999893e+02 2.403466146806371942e+19
1.032179999999999893e+02 2.366274048861347840e+19
