1.473707518796992133e+01 1.749759220547770122e+21
1.673707518796992133e+01 1.975294494016275481e+21
1.873707518796992133e+01 2.183165120111679111e+21
2.073707518796992133e+01 2.368288374346176528e+21
2.273707518796992133e+01 2.528007055245537968e+21
2.473707518796992133e+01 2.662035278692116595e+21
2.673707518796992133e+01 2.770721683662404846e+21
2.873707518796992133e+01 2.856656871393218003e+21
3.073707518796992133e+01 2.920106921471201772e+21
3.273707518796992133e+01 2.962165177577510011e+21
3.473707518796992133e+01 2.985423861860844700e+21
3.673707518796992133e+01 2.993296694009341149e+21
3.873707518796992133e+01 2.989070577569298907e+21
4.073707518796992133e+01 2.975040132060246180e+21
4.273707518796992133e+01 2.951972761387133829e+21
4.473707518796992133e+01 2.920172356203218731e+21
4.673707518796992133e+01 2.880449245870036091e+21
4.873707518796992133e+01 2.834073978595669180e+21
5.073707518796992133e+01 2.782652428044034114e+21
5.273707518796992133e+01 2.727505443579473428e+21
5.473707518796992133e+01 2.669655348538663502e+21
5.673707518796992133e+01 2.609996893176852382e+21
5.873707518796992133e+01 2.549270704987302789e+21
6.073707518796992133e+01 2.488148490497942880e+21
6.273707518796992133e+01 2.426898191061053604e+21
6.473707518796992133e+01 2.365767377181668803e+21
6.673707518796992133e+01 2.304883446259136332e+21
6.873707518796992133e+01 2.244304686746302415e+21
7.073707518796992133e+01 2.184120387099683193e+21
7.273707518796992133e+01 2.124347920168199127e+21
7.473707518796992133e+01 2.065149148911708406e+21
7.673707518796992133e+01 2.006586852021905654e+21
7.873707518796992133e+01 1.948946325388013863e+21
8.073707518796992133e+01 1.892197386096613523e+21
8.273707518796992133e+01 1.836536895458881831e+21
8.473707518796992133e+01 1.782071978818743042e+21
