4.999999999999999237e-03 3.455729234748445164e+20
9.999999999999998473e-03 1.961230341311635784e+20
1.499999999999999771e-02 1.196118904418443756e+20
1.999999999999999695e-02 7.551491252517627494e+19
2.499999999999999445e-02 4.852515940095465062e+19
2.999999999999999195e-02 3.141999025607911424e+19
3.499999999999999639e-02 2.035316912182950707e+19
3.999999999999999389e-02 1.311059186671928525e+19
4.499999999999999140e-02 8.348602996967047168e+18
4.999999999999998890e-02 5.221759810670340096e+18
5.499999999999998640e-02 3.182887072361836032e+18
5.999999999999999084e-02 1.870646938751927296e+18
6.499999999999998834e-02 1.044021549310364800e+18
6.999999999999999278e-02 5.391234070888732800e+17
7.499999999999999722e-02 2.461299227196163840e+17
7.999999999999998779e-02 8.977557896740052800e+16
8.499999999999999223e-02 1.922094996504576400e+16
8.999999999999999667e-02 1.377185018931299750e+15
