1.774127155601597394e+01 6.459189776012351078e+19
1.874127155601597394e+01 6.799064856243876659e+19
1.974127155601597394e+01 7.120560280526225408e+19
2.074127155601597394e+01 7.422718714908313190e+19
2.174127155601597394e+01 7.707223244763827405e+19
2.274127155601597394e+01 7.969782096064549683e+19
2.374127155601597394e+01 8.213179664292100506e+19
2.474127155601597394e+01 8.435681730957244826e+19
2.574127155601597394e+01 8.637165237267052954e+19
2.674127155601597394e+01 8.819642683523460301e+19
2.774127155601597394e+01 8.982472044533117747e+19
2.874127155601597394e+01 9.125567751881552691e+19
2.974127155601597394e+01 9.249173259225936691e+19
3.074127155601597394e+01 9.357017392545536410e+19
3.174127155601597394e+01 9.444594104634613760e+19
3.274127155601597394e+01 9.514878854735980134e+19
3.374127155601597394e+01 9.571096591022311014e+19
3.474127155601597394e+01 9.607836288843703910e+19
3.574127155601597394e+01 9.637285275619590144e+19
3.674127155601597394e+01 9.648967525387961958e+19
3.774127155601597394e+01 9.652802704438234317e+19
3.874127155601597394e+01 9.652660527582635622e+19
3.974127155601597394e+01 9.633927820669147546e+19
4.074127155601597394e+01 9.613258983995270758e+19
4.174127155601597394e+01 9.590153249472662733e+19
4.274127155601597394e+01 9.551022695539680870e+19
4.374127155601597394e+01 9.509917073093065114e+19
4.474127155601597394e+01 9.459679560453057741e+19
4.574127155601597394e+01 9.402543316903387136e+19
4.674127155601597394e+01 9.338911950330070630e+19
4.774127155601597394e+01 9.268775431214825472e+19
4.874127155601597394e+01 9.194264525721937510e+19
4.974127155601597394e+01 9.115000519754691379e+19
5.074127155601597394e+01 9.031677389456916480e+19
5.174127155601597394e+01 8.945011867031525786e+19
5.274127155601597394e+01 8.855396555487499059e+19
5.374127155601597394e+01 8.763397290644740506e+19
5.474127155601597394e+01 8.669120046059846042e+19
5.574127155601597394e+01 8.572942408355228877e+19
5.674127155601597394e+01 8.475850477616296755e+19
5.774127155601597394e+01 8.376381016040973926e+19
5.874127155601597394e+01 8.277787277121968538e+19
5.974127155601597394e+01 8.177062302485784166e+19
6.074127155601597394e+01 8.076802812225821082e+19
6.174127155601597394e+01 7.978158917423592243e+19
6.274127155601597394e+01 7.876214925198804582e+19
6.374127155601597394e+01 7.776305818000433152e+19
6.474127155601597394e+01 7.678169701412942643e+19
6.574127155601597394e+01 7.576866481289414246e+19
6.674127155601597394e+01 7.477439318045935206e+19
6.774127155601597394e+01 7.379942055139483648e+19
6.874127155601597394e+01 7.279512810114359296e+19
6.974127155601597394e+01 7.180796308618636493e+19
7.074127155601597394e+01 7.084161404743606272e+19
7.174127155601597394e+01 6.984953027305804595e+19
7.274127155601597394e+01 6.887312385421828096e+19
7.374127155601597394e+01 6.791869406673759437e+19
7.474127155601597394e+01 6.694256455577887539e+19
7.574127155601597394e+01 6.598069487316251443e+19
7.674127155601597394e+01 6.504167343246270464e+19
7.774127155601597394e+01 6.408619814156677939e+19
7.874127155601597394e+01 6.314397318006682419e+19
7.974127155601597394e+01 6.222492914108628992e+19
8.074127155601597394e+01 6.129330590261961523e+19
8.174127155601597394e+01 6.037368979185616486e+19
8.274127155601597394e+01 5.947754791585372570e+19
8.374127155601597394e+01 5.857871350074051789e+19
8.474127155601597394e+01 5.769299665244823552e+19
