1.000000000000000021e-03 6.323040074767075901e+21
1.051999999999999984e-03 6.354940431343061828e+21
1.106999999999999911e-03 6.379564728440574706e+21
1.163999999999999887e-03 6.399809806959024013e+21
1.224999999999999960e-03 6.413489395229572202e+21
1.288999999999999998e-03 6.419970446488708841e+21
1.356000000000000000e-03 6.422728962507784847e+21
1.427000000000000100e-03 6.419752296573083582e+21
1.500999999999999947e-03 6.413009213999570485e+21
1.579000000000000108e-03 6.396713485061515641e+21
1.661000000000000150e-03 6.377674167795543179e+21
1.747999999999999988e-03 6.348516440683666473e+21
1.839000000000000140e-03 6.320422650732415549e+21
1.935000000000000088e-03 6.281096378940075803e+21
2.034999999999999917e-03 6.241429331846076826e+21
2.141000000000000108e-03 6.193377323857002627e+21
2.252999999999999794e-03 6.141078476828279046e+21
2.370000000000000145e-03 6.082939778354863145e+21
2.492999999999999990e-03 6.027634871590359925e+21
2.623000000000000331e-03 5.961565221085532652e+21
2.759999999999999867e-03 5.895599678577742709e+21
2.903999999999999897e-03 5.826473355786522198e+21
3.054999999999999990e-03 5.749720407615734809e+21
3.213999999999999843e-03 5.677919862221925515e+21
3.380999999999999891e-03 5.602603918419908624e+21
3.556999999999999832e-03 5.524531448131619914e+21
3.742000000000000100e-03 5.446702861477660852e+21
3.936999999999999528e-03 5.366059856152334696e+21
4.142000000000000716e-03 5.292904292511057445e+21
4.357999999999999895e-03 5.212722449431872406e+21
4.585000000000000533e-03 5.140017597186593260e+21
4.824000000000000163e-03 5.063627291508683571e+21
5.074999999999999650e-03 4.992221221032741044e+21
5.338999999999999996e-03 4.920059095039064670e+21
5.616999999999999597e-03 4.852170925402602078e+21
5.908999999999999322e-03 4.787695714019518185e+21
6.217000000000000304e-03 4.730170561983741428e+21
6.540999999999999939e-03 4.669834167079116734e+21
6.880999999999999964e-03 4.617337314474336977e+21
7.239999999999999908e-03 4.565116959692155257e+21
7.617000000000000506e-03 4.519163095565934789e+21
8.012999999999999290e-03 4.478322227858369413e+21
8.429999999999999993e-03 4.438526313522612142e+21
8.868999999999998413e-03 4.405016149170641699e+21
9.330999999999999017e-03 4.374510778853958353e+21
9.816999999999999338e-03 4.350570463402233168e+21
1.032999999999999891e-02 4.329744001056285655e+21
1.086999999999999945e-02 4.312103195846916964e+21
1.143000000000000092e-02 4.299552914160848208e+21
1.203000000000000076e-02 4.289071338412863128e+21
1.264999999999999979e-02 4.284336299993478988e+21
1.330999999999999892e-02 4.281844493738435936e+21
1.400999999999999988e-02 4.284317152131996451e+21
1.473000000000000004e-02 4.290374739440991994e+21
1.549999999999999989e-02 4.297869258271482708e+21
1.631000000000000158e-02 4.309611422179036496e+21
1.715999999999999817e-02 4.323018368858807861e+21
1.805000000000000007e-02 4.339040699742130536e+21
1.898999999999999994e-02 4.357187514483027739e+21
1.997999999999999776e-02 4.378283034461022454e+21
2.101999999999999702e-02 4.399155703874846196e+21
2.212000000000000077e-02 4.423185654907557904e+21
2.326999999999999902e-02 4.447691718095769436e+21
2.447999999999999829e-02 4.474066493192588493e+21
2.574999999999999858e-02 4.499736650309226725e+21
2.708999999999999950e-02 4.526422057981255877e+21
2.850000000000000103e-02 4.553205959733254554e+21
2.998999999999999930e-02 4.579612609132361155e+21
3.155000000000000165e-02 4.606414445576174174e+21
3.318999999999999728e-02 4.631812971723337761e+21
3.491999999999999965e-02 4.657702255849004073e+21
3.673999999999999488e-02 4.680841887360402588e+21
3.864999999999999686e-02 4.703825044191140905e+21
4.066000000000000170e-02 4.725266229926282920e+21
4.277999999999999858e-02 4.745396079762195087e+21
4.500999999999999446e-02 4.763368672320038109e+21
4.734999999999999626e-02 4.779696789979506147e+21
4.982000000000000317e-02 4.793243609173859500e+21
5.240999999999999825e-02 4.805373850952179646e+21
5.513999999999999457e-02 4.814112881542571229e+21
5.800999999999999907e-02 4.821617696585530999e+21
6.102999999999999398e-02 4.824984742616180457e+21
6.421000000000000318e-02 4.826638497790191206e+21
6.755999999999999506e-02 4.825434885023200182e+21
7.106999999999999429e-02 4.820914784800084066e+21
7.477000000000000313e-02 4.813632557618846237e+21
7.867000000000000381e-02 4.802803863085342786e+21
8.276000000000000023e-02 4.788603682559817155e+21
8.707000000000000850e-02 4.771490453317701599e+21
9.160999999999999699e-02 4.750527230175754584e+21
9.637999999999999345e-02 4.727947525483094082e+21
1.014000000000000040e-01 4.700746528671350653e+21
1.067000000000000032e-01 4.671020561601278771e+21
1.122000000000000081e-01 4.637626482954859446e+21
1.180999999999999966e-01 4.600507283539313558e+21
1.242000000000000048e-01 4.560721946570475438e+21
1.307000000000000106e-01 4.518184215349265170e+21
1.375000000000000111e-01 4.471543797521095066e+21
1.446999999999999953e-01 4.422517390526689837e+21
1.522000000000000020e-01 4.370775345237423817e+21
1.600999999999999923e-01 4.317117941375532270e+21
1.683999999999999941e-01 4.259268489015382245e+21
1.771999999999999964e-01 4.199627960637252960e+21
1.864000000000000101e-01 4.136474613971139690e+21
1.960999999999999965e-01 4.071324292113318281e+21
2.064000000000000001e-01 4.002549959356617589e+21
2.170999999999999874e-01 3.933658768939608965e+21
2.283999999999999919e-01 3.861156851663729852e+21
2.403000000000000136e-01 3.787583410720034259e+21
2.528000000000000247e-01 3.711295792971399037e+21
2.660000000000000142e-01 3.633654117662625628e+21
2.798000000000000487e-01 3.554561371064486068e+21
2.943999999999999950e-01 3.473609402877939286e+21
3.096999999999999753e-01 3.392446506842181337e+21
3.259000000000000230e-01 3.309121567043531833e+21
3.427999999999999936e-01 3.225736551644340945e+21
3.606999999999999651e-01 3.141381388017295950e+21
3.795000000000000040e-01 3.056627727796098564e+21
3.991999999999999993e-01 2.972119910287197864e+21
4.200000000000000400e-01 2.885867366369641103e+21
4.419000000000000150e-01 2.800896639057332797e+21
4.649000000000000354e-01 2.714594207126414426e+21
4.891000000000000347e-01 2.629275686852076503e+21
5.144999999999999574e-01 2.544495416232346386e+21
5.413000000000000034e-01 2.459574714817630962e+21
5.695000000000000062e-01 2.375108763443603702e+21
5.992000000000000659e-01 2.291280584447404540e+21
6.304000000000000714e-01 2.207984645385350808e+21
6.632000000000000117e-01 2.126403471157589443e+21
6.976999999999999869e-01 2.045302964302971142e+21
7.340999999999999748e-01 1.965664943568212984e+21
7.722999999999999865e-01 1.887782914717690102e+21
8.125000000000000000e-01 1.810605567731180765e+21
8.548000000000000043e-01 1.735771232929633796e+21
8.992999999999999883e-01 1.662044462210031550e+21
9.460999999999999410e-01 1.590873105712395583e+21
9.954000000000000625e-01 1.520238332228891312e+21
1.046999999999999931e+00 1.452754135488217219e+21
1.101999999999999869e+00 1.385431644131923329e+21
1.159000000000000030e+00 1.321451169180311093e+21
1.219000000000000083e+00 1.259081347929119392e+21
1.283000000000000140e+00 1.198029459371828183e+21
1.350000000000000089e+00 1.138908983399904051e+21
1.419999999999999929e+00 1.082099081996890407e+21
1.493999999999999995e+00 1.026959061575904788e+21
1.572000000000000064e+00 9.735048897840649339e+20
1.654000000000000137e+00 9.226414381552943759e+20
1.739999999999999991e+00 8.731117603181394657e+20
1.830000000000000071e+00 8.268673968075311677e+20
1.925999999999999934e+00 7.810547720862282547e+20
2.025999999999999801e+00 7.386347385382972948e+20
2.131000000000000227e+00 6.975230351105331036e+20
2.241999999999999993e+00 6.588924350261649736e+20
2.358999999999999986e+00 6.213537057947481539e+20
2.481999999999999762e+00 5.862586714137846743e+20
2.611000000000000210e+00 5.526759637299352044e+20
2.746999999999999886e+00 5.208507640868924293e+20
2.890000000000000124e+00 4.906358108363128832e+20
3.040999999999999925e+00 4.620536073980302459e+20
3.198999999999999844e+00 4.352278294890278420e+20
3.366000000000000103e+00 4.096475871327214633e+20
3.540999999999999925e+00 3.858222152687206400e+20
3.725000000000000089e+00 3.632582334577066639e+20
3.918999999999999595e+00 3.421612123819228529e+20
4.123000000000000220e+00 3.223228666092399493e+20
4.338000000000000078e+00 3.036848039982145864e+20
4.564000000000000057e+00 2.862415009916520366e+20
4.801000000000000156e+00 2.700104522154519757e+20
5.051000000000000156e+00 2.547751827050284646e+20
5.314000000000000057e+00 2.405421245235232768e+20
5.590999999999999304e+00 2.273056893070027325e+20
5.881999999999999673e+00 2.148767150902081290e+20
6.187999999999999723e+00 2.033530008684224184e+20
6.511000000000000121e+00 1.925616338602489610e+20
6.850000000000000533e+00 1.825509131991307715e+20
7.205999999999999517e+00 1.732196591880366653e+20
7.581999999999999851e+00 1.645327811814655590e+20
7.976000000000000867e+00 1.564521996268401787e+20
8.391999999999999460e+00 1.488734748547343974e+20
8.829000000000000625e+00 1.417931132342729441e+20
9.288000000000000256e+00 1.351754618740687831e+20
9.772000000000000242e+00 1.290026313911652024e+20
1.027999999999999936e+01 1.231697475836577710e+20
1.082000000000000028e+01 1.176634288505661030e+20
1.137999999999999901e+01 1.125016239311622636e+20
1.196999999999999886e+01 1.076462035141416223e+20
1.259999999999999964e+01 1.029019483288170496e+20
1.325000000000000000e+01 9.852157178925364019e+19
1.393999999999999950e+01 9.423557340426515251e+19
1.466999999999999993e+01 9.012903523538639258e+19
1.542999999999999972e+01 8.618843983090899354e+19
1.623000000000000043e+01 8.238131929037366886e+19
1.708000000000000185e+01 7.863676412335829811e+19
1.796999999999999886e+01 7.499730454126149632e+19
1.889999999999999858e+01 7.147012400839357235e+19
1.989000000000000057e+01 6.798171393665294336e+19
2.092000000000000171e+01 6.458329489822002381e+19
2.200999999999999801e+01 6.121731949855202509e+19
2.316000000000000014e+01 5.791644302009740493e+19
2.437000000000000099e+01 5.465563583789041254e+19
2.562999999999999901e+01 5.151420598432876134e+19
2.697000000000000242e+01 4.836312170904774246e+19
2.837000000000000099e+01 4.533031005744943104e+19
2.985000000000000142e+01 4.233090691756598067e+19
3.139999999999999858e+01 3.944681358961840128e+19
3.303999999999999915e+01 3.662272017112055808e+19
3.475999999999999801e+01 3.388922161355828019e+19
3.657000000000000028e+01 3.127808584979739853e+19
3.846999999999999886e+01 2.875053384354851226e+19
4.048000000000000398e+01 2.633921065413206835e+19
4.259000000000000341e+01 2.404923118908431974e+19
4.479999999999999716e+01 2.188176020935053722e+19
4.714000000000000057e+01 1.985058489752342118e+19
4.959000000000000341e+01 1.795255844704452608e+19
5.217000000000000171e+01 1.617354837492173210e+19
5.489000000000000057e+01 1.455344761968977101e+19
5.775000000000000000e+01 1.302585188299490304e+19
6.075000000000000000e+01 1.165779262426868122e+19
6.392000000000000171e+01 1.039340904848729088e+19
6.723999999999999488e+01 9.233408825606215680e+18
7.075000000000000000e+01 8.202409421069735936e+18
7.442999999999999261e+01 7.246913815810703360e+18
7.829999999999999716e+01 6.404351878422019072e+18
8.237999999999999545e+01 5.641066251119669248e+18
8.667000000000000171e+01 4.941698535060985856e+18
9.117999999999999261e+01 4.355674389897114112e+18
9.593000000000000682e+01 3.781017029880919552e+18
1.009000000000000057e+02 3.328466355984785408e+18
1.062000000000000028e+02 2.881288102100510720e+18
1.116999999999999886e+02 2.516327332428756480e+18
1.175000000000000000e+02 2.182390402759455488e+18
1.236000000000000085e+02 1.892477768220870144e+18
1.300999999999999943e+02 1.635639332286780672e+18
1.369000000000000057e+02 1.410183547033817856e+18
1.440000000000000000e+02 1.218482152526677504e+18
1.515000000000000000e+02 1.047799737858491776e+18
1.593999999999999773e+02 9.017833330836267520e+17
1.676999999999999886e+02 7.735138548766343680e+17
1.764000000000000057e+02 6.631395754135910400e+17
1.855999999999999943e+02 5.685809664399621760e+17
1.952000000000000171e+02 4.850464816459180160e+17
2.054000000000000057e+02 4.156912584950923520e+17
2.160999999999999943e+02 3.518988321883028480e+17
2.273999999999999773e+02 3.022933878799747840e+17
2.391999999999999886e+02 2.553763649053498240e+17
2.516999999999999886e+02 2.193521382572643840e+17
2.647999999999999545e+02 1.852591306900039360e+17
2.785000000000000000e+02 1.588620007576699200e+17
2.930000000000000000e+02 1.343590799848402080e+17
3.083000000000000114e+02 1.146118346287773120e+17
3.244000000000000341e+02 9.721195249375944000e+16
3.411999999999999886e+02 8.264458922494419200e+16
3.590000000000000000e+02 7.028718911100247200e+16
3.776999999999999886e+02 5.942112798543309600e+16
3.973999999999999773e+02 5.065545598508375200e+16
4.181000000000000227e+02 4.263410215037073600e+16
4.398000000000000114e+02 3.646315626661568000e+16
4.626999999999999886e+02 3.055041256576258400e+16
4.868000000000000114e+02 2.618544231057172000e+16
5.122000000000000455e+02 2.182965539037083200e+16
5.387999999999999545e+02 1.877477281580384000e+16
5.668999999999999773e+02 1.568724398402916200e+16
5.964000000000000909e+02 1.340085258559825600e+16
6.275000000000000000e+02 1.120106036251033200e+16
6.601000000000000227e+02 9.496746637433212000e+15
6.945000000000000000e+02 7.941325937818170000e+15
7.307000000000000455e+02 6.656956607931988000e+15
7.687000000000000455e+02 5.545551467225534000e+15
8.087999999999999545e+02 4.582656927129062000e+15
8.508999999999999773e+02 3.789022592342292000e+15
8.952000000000000455e+02 3.072160147551678000e+15
9.417999999999999545e+02 2.508457252704776000e+15
9.908000000000000682e+02 1.980121538515782500e+15
1.042000000000000000e+03 1.593575375047582000e+15
1.097000000000000000e+03 1.208833055608098500e+15
1.154000000000000000e+03 9.551353264121052500e+14
1.214000000000000000e+03 6.999531746740711250e+14
1.277000000000000000e+03 5.426691944663066875e+14
1.344000000000000000e+03 3.876683576018170000e+14
1.414000000000000000e+03 2.901526156544482500e+14
1.487000000000000000e+03 2.052760987205797500e+14
1.565000000000000000e+03 1.481505672548287500e+14
1.646000000000000000e+03 1.044108278111018594e+14
1.732000000000000000e+03 7.283499464651175000e+13
1.822000000000000000e+03 5.118347171147714062e+13
1.917000000000000000e+03 3.429245370787112500e+13
2.017000000000000000e+03 2.375082915548674219e+13
2.122000000000000000e+03 1.492995353727926562e+13
2.232000000000000000e+03 1.001129567617106055e+13
2.348000000000000000e+03 5.617025422575331055e+12
2.470000000000000000e+03 3.672482409319332520e+12
2.599000000000000000e+03 1.799213880133162598e+12
2.734000000000000000e+03 1.185063586405704834e+12
2.877000000000000000e+03 5.737479804958389893e+11
3.027000000000000000e+03 3.538737657492622681e+11
3.184000000000000000e+03 1.747242537553572998e+11
3.350000000000000000e+03 9.482250001926391602e+10
3.524000000000000000e+03 4.493418939973699951e+10
3.708000000000000000e+03 2.024758808811147308e+10
3.901000000000000000e+03 9.679853573464786530e+09
4.104000000000000000e+03 3.627541196639855862e+09
4.318000000000000000e+03 1.788884788351686716e+09
4.543000000000000000e+03 5.647798012336279154e+08
4.779000000000000000e+03 2.792985945372133851e+08
5.028000000000000000e+03 6.261418571039626002e+07
5.290000000000000000e+03 3.223726470709545538e+07
5.565000000000000000e+03 6.057855630262791179e+06
5.855000000000000000e+03 3.183855112550873775e+06
6.160000000000000000e+03 4.204671061241883435e+05
6.481000000000000000e+03 2.188084802753039403e+05
6.818000000000000000e+03 4.433213672019851947e+04
7.173000000000000000e+03 1.141301100899046105e+04
7.547000000000000000e+03 2.950478400368840539e+03
7.940000000000000000e+03 4.158404232507130018e+02
8.353000000000000000e+03 1.289528972176047716e+02
8.788000000000000000e+03 9.596821687259879496e+00
9.246000000000000000e+03 3.444813889946168217e+00
9.727000000000000000e+03 1.620147554051363514e-01
1.023000000000000000e+04 6.528072581786872886e-02
1.077000000000000000e+04 1.315937991337925257e-03
1.133000000000000000e+04 5.774287885871702292e-04
1.192000000000000000e+04 8.951594851183506342e-06
1.254000000000000000e+04 4.218956209020674844e-06
1.319000000000000000e+04 2.170697321053321053e-08
1.388000000000000000e+04 1.091888303026166896e-08
1.460000000000000000e+04 6.888563239669076677e-10
1.536000000000000000e+04 2.436701201429742544e-11
1.616000000000000000e+04 4.002973918961217315e-12
1.700000000000000000e+04 2.051089345139403481e-14
1.789000000000000000e+04 4.980997830785123161e-15
1.882000000000000000e+04 9.385990438943490968e-18
1.980000000000000000e+04 2.912303437465232782e-18
2.083000000000000000e+04 1.370127520071075099e-21
2.191000000000000000e+04 5.019745875781351968e-22
2.305000000000000000e+04 8.771712651141789664e-26
2.425000000000000000e+04 3.595773597004376092e-26
2.552000000000000000e+04 1.901515765660160308e-30
2.684000000000000000e+04 8.591603591549454788e-31
2.824000000000000000e+04 1.108714872917527524e-35
2.971000000000000000e+04 5.360458222529694324e-36
3.126000000000000000e+04 1.582800427660287510e-41
3.289000000000000000e+04 8.173730298758989243e-42
3.460000000000000000e+04 8.429371081994656305e-43
3.640000000000000000e+04 2.609509476380711894e-48
3.830000000000000000e+04 5.155758472114291584e-49
4.029000000000000000e+04 1.342679906294658020e-55
4.239000000000000000e+04 3.620348031491742641e-56
4.460000000000000000e+04 1.116125949258317465e-63
4.692000000000000000e+04 3.725932549863875823e-64
4.936000000000000000e+04 1.123855979682898743e-72
5.193000000000000000e+04 4.307301098095495449e-73
5.464000000000000000e+04 1.057019004855474774e-82
5.748000000000000000e+04 4.506053555980478411e-83
6.047000000000000000e+04 6.371024759644883605e-94
6.362000000000000000e+04 2.949026806629249598e-94
6.693000000000000000e+04 2.123977271666955523e-106
7.042000000000000000e+04 1.051955966062088455e-106
7.409000000000000000e+04 2.834451859727764214e-108
7.794000000000000000e+04 1.206086519985341878e-120
8.200000000000000000e+04 1.662578729233378638e-121
8.627000000000000000e+04 4.242514576052566266e-136
9.076000000000000000e+04 9.537385927819618103e-137
9.549000000000000000e+04 2.190746601700675299e-153
1.005000000000000000e+05 6.432091976853850747e-154
1.057000000000000000e+05 1.197907924666208184e-172
1.112000000000000000e+05 4.221632565645592857e-173
1.170000000000000000e+05 3.886797668738277553e-194
1.231000000000000000e+05 1.551437602868706095e-194
1.295000000000000000e+05 4.682081028213117089e-218
1.362000000000000000e+05 2.072997372646093260e-218
1.433000000000000000e+05 9.301725210818578580e-245
1.508000000000000000e+05 4.401827359095229328e-245
1.586000000000000000e+05 1.742471598536197025e-274
1.669000000000000000e+05 8.835422957764910028e-275
1.756000000000000000e+05 6.499719583799630318e-276
1.847000000000000000e+05 8.660101844053323593e-308
1.943000000000000000e+05 1.514724937510805489e-308
2.045000000000000000e+05 0.000000000000000000e+00
2.151000000000000000e+05 0.000000000000000000e+00
2.263000000000000000e+05 0.000000000000000000e+00
2.381000000000000000e+05 0.000000000000000000e+00
2.505000000000000000e+05 0.000000000000000000e+00
2.635000000000000000e+05 0.000000000000000000e+00
2.773000000000000000e+05 0.000000000000000000e+00
2.917000000000000000e+05 0.000000000000000000e+00
3.069000000000000000e+05 0.000000000000000000e+00
3.229000000000000000e+05 0.000000000000000000e+00
3.397000000000000000e+05 0.000000000000000000e+00
3.574000000000000000e+05 0.000000000000000000e+00
3.760000000000000000e+05 0.000000000000000000e+00
3.955000000000000000e+05 0.000000000000000000e+00
4.161000000000000000e+05 0.000000000000000000e+00
4.378000000000000000e+05 0.000000000000000000e+00
4.606000000000000000e+05 0.000000000000000000e+00
4.846000000000000000e+05 0.000000000000000000e+00
5.098000000000000000e+05 0.000000000000000000e+00
5.364000000000000000e+05 0.000000000000000000e+00
5.643000000000000000e+05 0.000000000000000000e+00
5.937000000000000000e+05 0.000000000000000000e+00
6.246000000000000000e+05 0.000000000000000000e+00
6.571000000000000000e+05 0.000000000000000000e+00
6.913000000000000000e+05 0.000000000000000000e+00
7.273000000000000000e+05 0.000000000000000000e+00
7.652000000000000000e+05 0.000000000000000000e+00
8.050000000000000000e+05 0.000000000000000000e+00
8.469000000000000000e+05 0.000000000000000000e+00
8.910000000000000000e+05 0.000000000000000000e+00
9.374000000000000000e+05 0.000000000000000000e+00
9.863000000000000000e+05 0.000000000000000000e+00
1.038000000000000000e+06 0.000000000000000000e+00
1.092000000000000000e+06 0.000000000000000000e+00
1.148000000000000000e+06 0.000000000000000000e+00
1.208000000000000000e+06 0.000000000000000000e+00
1.271000000000000000e+06 0.000000000000000000e+00
1.337000000000000000e+06 0.000000000000000000e+00
1.407000000000000000e+06 0.000000000000000000e+00
1.480000000000000000e+06 0.000000000000000000e+00
1.557000000000000000e+06 0.000000000000000000e+00
1.638000000000000000e+06 0.000000000000000000e+00
1.724000000000000000e+06 0.000000000000000000e+00
1.814000000000000000e+06 0.000000000000000000e+00
1.908000000000000000e+06 0.000000000000000000e+00
2.007000000000000000e+06 0.000000000000000000e+00
2.112000000000000000e+06 0.000000000000000000e+00
2.222000000000000000e+06 0.000000000000000000e+00
2.337000000000000000e+06 0.000000000000000000e+00
2.459000000000000000e+06 0.000000000000000000e+00
2.587000000000000000e+06 0.000000000000000000e+00
2.722000000000000000e+06 0.000000000000000000e+00
2.864000000000000000e+06 0.000000000000000000e+00
3.013000000000000000e+06 0.000000000000000000e+00
3.170000000000000000e+06 0.000000000000000000e+00
3.335000000000000000e+06 0.000000000000000000e+00
3.508000000000000000e+06 0.000000000000000000e+00
3.691000000000000000e+06 0.000000000000000000e+00
3.883000000000000000e+06 0.000000000000000000e+00
4.085000000000000000e+06 0.000000000000000000e+00
4.298000000000000000e+06 0.000000000000000000e+00
4.522000000000000000e+06 0.000000000000000000e+00
4.757000000000000000e+06 0.000000000000000000e+00
5.005000000000000000e+06 0.000000000000000000e+00
5.266000000000000000e+06 0.000000000000000000e+00
5.540000000000000000e+06 0.000000000000000000e+00
5.828000000000000000e+06 0.000000000000000000e+00
6.132000000000000000e+06 0.000000000000000000e+00
6.451000000000000000e+06 0.000000000000000000e+00
6.787000000000000000e+06 0.000000000000000000e+00
7.140000000000000000e+06 0.000000000000000000e+00
7.512000000000000000e+06 0.000000000000000000e+00
7.903000000000000000e+06 0.000000000000000000e+00
8.315000000000000000e+06 0.000000000000000000e+00
8.748000000000000000e+06 0.000000000000000000e+00
9.203000000000000000e+06 0.000000000000000000e+00
9.682000000000000000e+06 0.000000000000000000e+00
1.019000000000000000e+07 0.000000000000000000e+00
1.072000000000000000e+07 0.000000000000000000e+00
1.127000000000000000e+07 0.000000000000000000e+00
1.186000000000000000e+07 0.000000000000000000e+00
1.248000000000000000e+07 0.000000000000000000e+00
1.313000000000000000e+07 0.000000000000000000e+00
1.381000000000000000e+07 0.000000000000000000e+00
1.453000000000000000e+07 0.000000000000000000e+00
1.529000000000000000e+07 0.000000000000000000e+00
1.608000000000000000e+07 0.000000000000000000e+00
1.692000000000000000e+07 0.000000000000000000e+00
1.780000000000000000e+07 0.000000000000000000e+00
1.873000000000000000e+07 0.000000000000000000e+00
1.971000000000000000e+07 0.000000000000000000e+00
2.073000000000000000e+07 0.000000000000000000e+00
2.181000000000000000e+07 0.000000000000000000e+00
2.295000000000000000e+07 0.000000000000000000e+00
2.414000000000000000e+07 0.000000000000000000e+00
2.540000000000000000e+07 0.000000000000000000e+00
2.672000000000000000e+07 0.000000000000000000e+00
2.811000000000000000e+07 0.000000000000000000e+00
2.958000000000000000e+07 0.000000000000000000e+00
3.112000000000000000e+07 0.000000000000000000e+00
3.274000000000000000e+07 0.000000000000000000e+00
3.444000000000000000e+07 0.000000000000000000e+00
3.623000000000000000e+07 0.000000000000000000e+00
3.812000000000000000e+07 0.000000000000000000e+00
4.011000000000000000e+07 0.000000000000000000e+00
4.219000000000000000e+07 0.000000000000000000e+00
4.439000000000000000e+07 0.000000000000000000e+00
4.670000000000000000e+07 0.000000000000000000e+00
4.913000000000000000e+07 0.000000000000000000e+00
5.169000000000000000e+07 0.000000000000000000e+00
5.438000000000000000e+07 0.000000000000000000e+00
5.722000000000000000e+07 0.000000000000000000e+00
6.019000000000000000e+07 0.000000000000000000e+00
6.333000000000000000e+07 0.000000000000000000e+00
6.663000000000000000e+07 0.000000000000000000e+00
7.010000000000000000e+07 0.000000000000000000e+00
7.375000000000000000e+07 0.000000000000000000e+00
7.759000000000000000e+07 0.000000000000000000e+00
8.163000000000000000e+07 0.000000000000000000e+00
8.588000000000000000e+07 0.000000000000000000e+00
9.035000000000000000e+07 0.000000000000000000e+00
9.505000000000000000e+07 0.000000000000000000e+00
1.000000000000000000e+08 0.000000000000000000e+00
