4.999999999999999237e-03 8.079227632900063887e+20
9.999999999999998473e-03 5.123491375523053568e+20
1.499999999999999771e-02 3.377036246013115105e+20
1.999999999999999695e-02 2.263688600618329047e+20
2.499999999999999445e-02 1.527754743501736837e+20
2.999999999999999195e-02 1.031715104601018860e+20
3.499999999999999639e-02 6.938952334414205747e+19
3.999999999999999389e-02 4.628807520763532902e+19
4.499999999999999140e-02 3.049690645613144064e+19
4.999999999999998890e-02 1.975315089511598490e+19
5.499999999999998640e-02 1.250894465802846208e+19
5.999999999999999084e-02 7.690486972544404480e+18
6.499999999999998834e-02 4.549743678523649024e+18
6.999999999999999278e-02 2.557758698435809280e+18
7.499999999999999722e-02 1.347216113671857664e+18
7.999999999999998779e-02 6.580111619979459840e+17
8.499999999999999223e-02 3.088259096769032960e+17
8.999999999999999667e-02 1.728777442526700160e+17
