1.900000000000000000e+01 5.951315705270694707e+19
2.000000000000000000e+01 6.677872981518778368e+19
2.100000000000000000e+01 7.418407753884665446e+19
2.200000000000000000e+01 8.166433268074794189e+19
2.300000000000000000e+01 8.952415156239217459e+19
2.400000000000000000e+01 9.781593774613854618e+19
2.500000000000000000e+01 1.065504624944966369e+20
2.600000000000000000e+01 1.156837675540585513e+20
2.700000000000000000e+01 1.258017668962159493e+20
2.800000000000000000e+01 1.370068236131727933e+20
2.900000000000000000e+01 1.487715818193245307e+20
3.000000000000000000e+01 1.599263900542862295e+20
3.100000000000000000e+01 1.703063417286745129e+20
3.200000000000000000e+01 1.810039448516413358e+20
3.300000000000000000e+01 1.923251248353334723e+20
3.400000000000000000e+01 2.043060315218605179e+20
3.500000000000000000e+01 2.166588815982729298e+20
3.600000000000000000e+01 2.293842568250820198e+20
3.700000000000000000e+01 2.424827236670349640e+20
3.800000000000000000e+01 2.555927231690996449e+20
3.900000000000000000e+01 2.686771521192695562e+20
4.000000000000000000e+01 2.820791122547123159e+20
4.100000000000000000e+01 2.957981836548487905e+20
4.200000000000000000e+01 3.103203689020827894e+20
4.300000000000000000e+01 3.256914491076792156e+20
4.400000000000000000e+01 3.414485320261976064e+20
4.500000000000000000e+01 3.575923101507823862e+20
4.600000000000000000e+01 3.741234617822237819e+20
4.700000000000000000e+01 3.885393865513696625e+20
4.800000000000000000e+01 4.006616404862023107e+20
4.900000000000000000e+01 4.129031245300405371e+20
5.000000000000000000e+01 4.252625669812355727e+20
5.100000000000000000e+01 4.377387347422130340e+20
5.200000000000000000e+01 4.503304314169719521e+20
5.300000000000000000e+01 4.637338220852396032e+20
5.400000000000000000e+01 4.779842752963788145e+20
5.500000000000000000e+01 4.924015881468419768e+20
5.600000000000000000e+01 5.069846550188037243e+20
5.700000000000000000e+01 5.217323971740477686e+20
5.800000000000000000e+01 5.366437616416242401e+20
5.900000000000000000e+01 5.517177201698896609e+20
6.000000000000000000e+01 5.666246485697706721e+20
6.100000000000000000e+01 5.813476924317892608e+20
6.200000000000000000e+01 5.962065657763111895e+20
6.300000000000000000e+01 6.112003182936791450e+20
6.400000000000000000e+01 6.263280212533368586e+20
6.500000000000000000e+01 6.415887666853102223e+20
6.600000000000000000e+01 6.569816666048030310e+20
6.700000000000000000e+01 6.706690383915345510e+20
6.800000000000000000e+01 6.825863813769482732e+20
6.900000000000000000e+01 6.945381684781211976e+20
7.000000000000000000e+01 7.065240014636949176e+20
7.100000000000000000e+01 7.185434922988333957e+20
7.200000000000000000e+01 7.305962627449550275e+20
7.300000000000000000e+01 7.426819439804889170e+20
7.400000000000000000e+01 7.548001762412826460e+20
7.500000000000000000e+01 7.657737414038745252e+20
7.600000000000000000e+01 7.755782558792556216e+20
7.700000000000000000e+01 7.853785247863127409e+20
7.800000000000000000e+01 7.951746047142623969e+20
7.900000000000000000e+01 8.049665507867961590e+20
8.000000000000000000e+01 8.147544167180030444e+20
8.100000000000000000e+01 8.245382548654696694e+20
8.200000000000000000e+01 8.343181162807655137e+20
8.300000000000000000e+01 8.440940507574583951e+20
8.400000000000000000e+01 8.512696932491561533e+20
8.500000000000000000e+01 8.558280247949973258e+20
8.600000000000000000e+01 8.603573347329507328e+20
8.700000000000000000e+01 8.648581401884457697e+20
8.800000000000000000e+01 8.693309432850036818e+20
8.900000000000000000e+01 8.737762317435661189e+20
9.000000000000000000e+01 8.781944794514726584e+20
9.100000000000000000e+01 8.825861470029368525e+20
9.200000000000000000e+01 8.869516822127336489e+20
9.300000000000000000e+01 8.912915206047394693e+20
9.400000000000000000e+01 8.939575160184944722e+20
9.500000000000000000e+01 8.949602676196035789e+20
9.600000000000000000e+01 8.959536807991411999e+20
9.700000000000000000e+01 8.969379379589682299e+20
9.800000000000000000e+01 8.979132161121238385e+20
9.900000000000000000e+01 8.988796870948818780e+20
1.000000000000000000e+02 8.998375177684414628e+20
1.010000000000000000e+02 9.007868702108302705e+20
1.020000000000000000e+02 9.017279018995921715e+20
1.030000000000000000e+02 9.026607658857993339e+20
1.040000000000000000e+02 9.035856109598630216e+20
