1.221799999999999287e+01 4.311234564498627719e+01
1.321799999999999287e+01 5.095244230256537321e+01
1.421799999999999287e+01 5.949026603214858966e+01
1.521799999999999287e+01 6.872887115132513713e+01
1.621799999999999287e+01 7.867216863076123445e+01
1.721799999999999287e+01 8.932191871744792877e+01
1.821799999999999287e+01 1.005264484229453501e+02
1.921799999999999287e+01 1.122501654702949736e+02
2.021799999999999287e+01 1.240370480132041848e+02
2.121799999999999287e+01 1.357695309476148395e+02
2.221799999999999287e+01 1.480084592827767267e+02
2.321799999999999287e+01 1.592821256874393612e+02
2.421799999999999287e+01 1.693909652317556152e+02
2.521799999999999287e+01 1.797022896426626914e+02
2.621799999999999287e+01 1.879871632905002343e+02
2.721799999999999287e+01 1.940929795668862425e+02
2.821799999999999287e+01 2.001701887056796920e+02
2.921799999999999287e+01 2.035150379012043800e+02
3.021799999999999287e+01 2.041334344958849272e+02
3.121799999999999287e+01 2.047338051762449140e+02
3.221799999999998931e+01 2.017176935136954228e+02
3.321799999999998931e+01 1.953657472577872340e+02
3.421799999999998931e+01 1.893909058711955424e+02
3.521799999999998931e+01 1.837608549534297424e+02
3.621799999999998931e+01 1.784468535297934864e+02
3.721799999999998931e+01 1.705651938544328914e+02
3.821799999999998931e+01 1.605170820370679223e+02
3.921799999999998931e+01 1.512950758016374095e+02
4.021799999999998931e+01 1.428129360728075881e+02
4.121799999999998931e+01 1.333419274608320677e+02
4.221799999999998931e+01 1.231512219415845664e+02
4.321799999999998931e+01 1.139488732514821550e+02
4.421799999999998931e+01 1.056195904695526053e+02
4.521799999999998931e+01 9.806370135759267725e+01
4.621799999999998931e+01 9.039552185972263487e+01
4.721799999999998931e+01 8.272443550140256718e+01
4.821799999999998931e+01 7.584374949094936369e+01
4.921799999999998931e+01 6.965821994690487884e+01
5.021799999999998931e+01 6.408567957388441982e+01
5.121799999999998931e+01 5.905503094080735593e+01
5.221799999999998931e+01 5.428711492929095073e+01
5.321799999999998931e+01 4.977935388038487474e+01
5.421799999999998931e+01 4.571896440095071057e+01
5.521799999999998931e+01 4.205454858527340178e+01
5.621799999999998931e+01 3.874139006758221626e+01
5.721799999999998931e+01 3.574048790448041757e+01
5.821799999999998931e+01 3.301774378996321246e+01
5.921799999999998931e+01 3.041793338435819294e+01
6.021799999999998931e+01 2.794333851801661339e+01
6.121799999999998931e+01 2.570567673545204812e+01
6.221799999999998931e+01 2.367895804320937359e+01
6.321799999999998931e+01 2.184039480846337256e+01
6.421799999999998931e+01 2.016996517907107389e+01
6.521799999999998931e+01 1.865004157937336160e+01
6.621799999999998931e+01 1.710398627645345826e+01
6.721799999999998931e+01 1.555622689102487932e+01
6.821799999999998931e+01 1.416821782827344123e+01
6.921799999999998931e+01 1.292149453258208069e+01
7.021799999999998931e+01 1.179994881008381924e+01
7.121799999999998931e+01 1.078950053479702831e+01
7.221799999999998931e+01 9.877818834450089014e+00
7.321799999999998931e+01 9.054084749503989116e+00
7.421799999999998931e+01 8.203963209272313151e+00
7.521799999999998931e+01 7.346807156373817094e+00
7.621799999999998931e+01 6.588742774261857171e+00
7.721799999999998931e+01 5.917239447135393071e+00
7.821799999999998931e+01 5.321483750576494920e+00
7.921799999999998931e+01 4.792126390060770902e+00
8.021799999999998931e+01 4.321068984803941859e+00
8.121799999999998931e+01 3.901284030833053862e+00
8.221799999999998931e+01 3.526662556520500758e+00
8.321799999999998931e+01 3.160770662328028280e+00
8.421799999999998931e+01 2.807964958669679323e+00
8.521799999999998931e+01 2.498007412879170275e+00
8.621799999999998931e+01 2.225282237006831476e+00
8.721799999999998931e+01 1.984962468501549893e+00
8.821799999999998931e+01 1.772891909905232710e+00
8.921799999999998931e+01 1.585485801165125608e+00
9.021799999999998931e+01 1.419647087154461751e+00
9.121799999999998931e+01 1.272695695532206184e+00
9.221799999999998931e+01 1.142308690633364154e+00
9.321799999999998931e+01 1.019942409352464940e+00
9.421799999999998931e+01 9.057809318473114546e-01
9.521799999999998931e+01 8.054011485615721888e-01
9.621799999999998931e+01 7.170205482250150419e-01
9.721799999999998931e+01 6.391022290178335341e-01
9.821799999999998931e+01 5.703190213803861486e-01
9.921799999999998931e+01 5.095231431175346604e-01
1.002179999999999893e+02 4.557204896075623402e-01
1.012179999999999893e+02 4.080488144438904063e-01
1.022179999999999893e+02 3.657591812579222279e-01
1.032179999999999893e+02 3.282001708119050010e-01
