4.999999999999999237e-03 5.433190776549185920e+17
9.999999999999998473e-03 2.884937231707937920e+17
1.499999999999999771e-02 1.866856200709551360e+17
1.999999999999999695e-02 1.330205429545514080e+17
2.499999999999999445e-02 1.003061772264203200e+17
2.999999999999999195e-02 7.845808587232313600e+16
3.499999999999999639e-02 6.295255735963558400e+16
3.999999999999999389e-02 5.146968621169890400e+16
4.499999999999999140e-02 4.269555955269492000e+16
4.999999999999998890e-02 3.582749697484318000e+16
5.499999999999998640e-02 3.034850012306297600e+16
5.999999999999999084e-02 2.590962226749905600e+16
6.499999999999998834e-02 2.226762952812508400e+16
6.999999999999999278e-02 1.924676514008495200e+16
7.499999999999999722e-02 1.671856904631854000e+16
7.999999999999998779e-02 1.458586878076983400e+16
8.499999999999999223e-02 1.277434301010486600e+16
8.999999999999999667e-02 1.122626898988966200e+16
