1.473707518796992133e+01 1.987079000419943424e+18
1.573707518796992133e+01 1.866662607833963776e+18
1.673707518796992133e+01 1.746352162138261248e+18
1.773707518796992133e+01 1.633148787713926144e+18
1.873707518796992133e+01 1.523072848282509824e+18
1.973707518796992133e+01 1.419546262877891584e+18
2.073707518796992133e+01 1.323737427103424768e+18
2.173707518796992133e+01 1.235624704618376704e+18
2.273707518796992133e+01 1.154855254330584832e+18
2.373707518796992133e+01 1.080946029602150912e+18
2.473707518796992133e+01 1.012951981039156992e+18
2.573707518796992133e+01 9.500910702588183040e+17
2.673707518796992133e+01 8.914950854392855040e+17
2.773707518796992133e+01 8.358117906456916480e+17
2.873707518796992133e+01 7.841898232135877120e+17
2.973707518796992133e+01 7.349002635262115840e+17
3.073707518796992133e+01 6.880315444266206720e+17
3.173707518796992133e+01 6.428768230175539200e+17
3.273707518796992133e+01 6.000177088784116480e+17
3.373707518796992133e+01 5.586709429517914880e+17
3.473707518796992133e+01 5.193453497946768000e+17
3.573707518796992133e+01 4.818028432436401280e+17
3.673707518796992133e+01 4.461628178344140800e+17
3.773707518796992133e+01 4.124730101473163520e+17
3.873707518796992133e+01 3.807227391846881280e+17
3.973707518796992133e+01 3.508691093845304960e+17
4.073707518796992133e+01 3.229841300899872000e+17
4.173707518796992133e+01 2.968042502623320320e+17
4.273707518796992133e+01 2.724294370100244160e+17
4.373707518796992133e+01 2.496850472447627840e+17
4.473707518796992133e+01 2.285360544549532160e+17
4.573707518796992133e+01 2.089221271249395200e+17
4.673707518796992133e+01 1.907948333192983680e+17
4.773707518796992133e+01 1.740601459394829120e+17
4.873707518796992133e+01 1.586626527887980800e+17
4.973707518796992133e+01 1.445286436566964160e+17
5.073707518796992133e+01 1.315762090032748160e+17
5.173707518796992133e+01 1.197430405111501760e+17
5.273707518796992133e+01 1.089343199872706880e+17
5.373707518796992133e+01 9.909252296878993600e+16
5.473707518796992133e+01 9.013339071128360000e+16
5.573707518796992133e+01 8.199996787173284800e+16
5.673707518796992133e+01 7.462904796105659200e+16
5.773707518796992133e+01 6.795167299253427200e+16
5.873707518796992133e+01 6.191495399062068000e+16
5.973707518796992133e+01 5.646076491751094400e+16
6.073707518796992133e+01 5.152330359764020800e+16
6.173707518796992133e+01 4.704780845065957600e+16
6.273707518796992133e+01 4.299078778335132800e+16
6.373707518796992133e+01 3.930227528137673600e+16
6.473707518796992133e+01 3.594787139419353600e+16
6.573707518796992133e+01 3.288702818764374000e+16
6.673707518796992133e+01 3.008765170563709200e+16
6.773707518796992133e+01 2.752125337332735200e+16
6.873707518796992133e+01 2.516430954381488000e+16
6.973707518796992133e+01 2.300153790819660400e+16
7.073707518796992133e+01 2.100783630665732800e+16
7.173707518796992133e+01 1.916767526546824800e+16
7.273707518796992133e+01 1.747333996162636000e+16
7.373707518796992133e+01 1.591270975000739600e+16
7.473707518796992133e+01 1.447303226503582000e+16
7.573707518796992133e+01 1.314814573632712800e+16
7.673707518796992133e+01 1.192273389723388400e+16
7.773707518796992133e+01 1.080800766041286400e+16
7.873707518796992133e+01 9.779396520429142000e+15
7.973707518796992133e+01 8.837032317125169000e+15
8.073707518796992133e+01 7.975433018419093000e+15
8.173707518796992133e+01 7.187192386223589000e+15
8.273707518796992133e+01 6.469188335729201000e+15
8.373707518796992133e+01 5.817310461744730000e+15
8.473707518796992133e+01 5.223560554864784000e+15
8.573707518796992133e+01 4.685533360942445000e+15
8.673707518796992133e+01 4.198570823652212500e+15
