4.999999999999999237e-03 8.703243728012753600e+16
9.999999999999998473e-03 2.612364655557318800e+16
1.499999999999999771e-02 9.786148249121568000e+15
1.999999999999999695e-02 4.060616918237419000e+15
2.499999999999999445e-02 1.794282261533860250e+15
2.999999999999999195e-02 8.280140943921328750e+14
3.499999999999999639e-02 3.938373022606404375e+14
3.999999999999999389e-02 1.910083578969783125e+14
4.499999999999999140e-02 9.350264236824456250e+13
4.999999999999998890e-02 4.571836855275035938e+13
5.499999999999998640e-02 2.208828483841432812e+13
5.999999999999999084e-02 1.040276651662171289e+13
6.499999999999998834e-02 4.686194070545247070e+12
6.999999999999999278e-02 1.967514768604492432e+12
7.499999999999999722e-02 7.343161225093666992e+11
7.999999999999998779e-02 2.203198242132337036e+11
8.499999999999999223e-02 3.930283711889106750e+10
8.999999999999999667e-02 2.256564985382659435e+09
