1.000000000000000021e-03 5.179940730740304050e+23
1.051999999999999984e-03 5.224503927965777196e+23
1.106999999999999911e-03 5.276532427664955487e+23
1.163999999999999887e-03 5.329027782891852802e+23
1.224999999999999960e-03 5.386585183337993397e+23
1.288999999999999998e-03 5.446469508702854825e+23
1.356000000000000000e-03 5.508779899249224120e+23
1.427000000000000100e-03 5.568960663312399461e+23
1.500999999999999947e-03 5.628019349622796489e+23
1.579000000000000108e-03 5.688786344976347824e+23
1.661000000000000150e-03 5.744902718619483583e+23
1.747999999999999988e-03 5.801397614196645450e+23
1.839000000000000140e-03 5.854618455412001399e+23
1.935000000000000088e-03 5.906568816456314944e+23
2.034999999999999917e-03 5.954278983489858568e+23
2.141000000000000108e-03 6.000436617883556533e+23
2.252999999999999794e-03 6.042302161714181707e+23
2.370000000000000145e-03 6.082317159396774123e+23
2.492999999999999990e-03 6.113651803430876747e+23
2.623000000000000331e-03 6.143677158577398234e+23
2.759999999999999867e-03 6.168183932386719490e+23
2.903999999999999897e-03 6.188108632624783059e+23
3.054999999999999990e-03 6.200971392204264429e+23
3.213999999999999843e-03 6.211551592412372575e+23
3.380999999999999891e-03 6.217535348766003199e+23
3.556999999999999832e-03 6.215952672121552351e+23
3.742000000000000100e-03 6.207134373313600847e+23
3.936999999999999528e-03 6.194525246352279491e+23
4.142000000000000716e-03 6.176699789736825365e+23
4.357999999999999895e-03 6.152011556307576207e+23
4.585000000000000533e-03 6.120345717947976479e+23
4.824000000000000163e-03 6.083139542373857787e+23
5.074999999999999650e-03 6.042407222542588581e+23
5.338999999999999996e-03 5.996958565465872589e+23
5.616999999999999597e-03 5.944239651505072348e+23
5.908999999999999322e-03 5.886062342241597176e+23
6.217000000000000304e-03 5.822191043196954387e+23
6.540999999999999939e-03 5.752478326950630135e+23
6.880999999999999964e-03 5.678302676352736187e+23
7.239999999999999908e-03 5.599241211255081025e+23
7.617000000000000506e-03 5.515121783088027061e+23
8.012999999999999290e-03 5.426762884113190502e+23
8.429999999999999993e-03 5.334387038693971229e+23
8.868999999999998413e-03 5.236505845271388918e+23
9.330999999999999017e-03 5.135460045498786733e+23
9.816999999999999338e-03 5.031340017805845447e+23
1.032999999999999891e-02 4.923447742444890332e+23
1.086999999999999945e-02 4.811342072191943694e+23
1.143000000000000092e-02 4.697078295098555829e+23
1.203000000000000076e-02 4.577500291184850433e+23
1.264999999999999979e-02 4.460021063961846324e+23
1.330999999999999892e-02 4.336883336533520427e+23
1.400999999999999988e-02 4.211577489298875744e+23
1.473000000000000004e-02 4.087655103062698854e+23
1.549999999999999989e-02 3.960691610879943120e+23
1.631000000000000158e-02 3.833698918420502261e+23
1.715999999999999817e-02 3.705869685232927632e+23
1.805000000000000007e-02 3.578557017245102543e+23
1.898999999999999994e-02 3.450168348087710887e+23
1.997999999999999776e-02 3.321866200194548110e+23
2.101999999999999702e-02 3.194427663393727804e+23
2.212000000000000077e-02 3.066836505278361958e+23
2.326999999999999902e-02 2.940906860123638884e+23
2.447999999999999829e-02 2.816912669265444565e+23
2.574999999999999858e-02 2.694794394192436590e+23
2.708999999999999950e-02 2.574322432849007199e+23
2.850000000000000103e-02 2.456125468594583298e+23
2.998999999999999930e-02 2.338817056417800950e+23
3.155000000000000165e-02 2.224224935388946828e+23
3.318999999999999728e-02 2.111752447306734858e+23
3.491999999999999965e-02 2.002438827841562241e+23
3.673999999999999488e-02 1.896255597644727263e+23
3.864999999999999686e-02 1.793233897498005482e+23
4.066000000000000170e-02 1.693145775060477490e+23
4.277999999999999858e-02 1.595680461098435719e+23
4.500999999999999446e-02 1.501493151656387491e+23
4.734999999999999626e-02 1.411624511477392899e+23
4.982000000000000317e-02 1.324154037274536921e+23
5.240999999999999825e-02 1.240207386801596688e+23
5.513999999999999457e-02 1.159527431087246667e+23
5.800999999999999907e-02 1.082468029528178845e+23
6.102999999999999398e-02 1.008933454588482536e+23
6.421000000000000318e-02 9.386542004136080887e+22
6.755999999999999506e-02 8.718120061720397768e+22
7.106999999999999429e-02 8.085014482685924055e+22
7.477000000000000313e-02 7.486940784651305117e+22
7.867000000000000381e-02 6.917231676644344306e+22
8.276000000000000023e-02 6.382162986063462662e+22
8.707000000000000850e-02 5.876340806884640214e+22
9.160999999999999699e-02 5.401701079119894990e+22
9.637999999999999345e-02 4.959005254382011181e+22
1.014000000000000040e-01 4.542804251683902718e+22
1.067000000000000032e-01 4.154469027876386845e+22
1.122000000000000081e-01 3.797055295887511231e+22
1.180999999999999966e-01 3.458650968344386706e+22
1.242000000000000048e-01 3.149482022748183698e+22
1.307000000000000106e-01 2.860260870021366311e+22
1.375000000000000111e-01 2.595327939540156835e+22
1.446999999999999953e-01 2.348947565001205770e+22
1.522000000000000020e-01 2.124988596798711084e+22
1.600999999999999923e-01 1.919987016114594067e+22
1.683999999999999941e-01 1.731571552460454284e+22
1.771999999999999964e-01 1.559090698366581368e+22
1.864000000000000101e-01 1.402569472483150896e+22
1.960999999999999965e-01 1.259477714595740438e+22
2.064000000000000001e-01 1.128157434252541454e+22
2.170999999999999874e-01 1.010593650346040911e+22
2.283999999999999919e-01 9.050714953334871032e+21
2.403000000000000136e-01 8.089522468831589564e+21
2.528000000000000247e-01 7.216856335468342542e+21
2.660000000000000142e-01 6.439784609594575159e+21
2.798000000000000487e-01 5.741998384133241307e+21
2.943999999999999950e-01 5.111003118345890300e+21
3.096999999999999753e-01 4.548252794582891233e+21
3.259000000000000230e-01 4.041351003555014640e+21
3.427999999999999936e-01 3.594641960567643832e+21
3.606999999999999651e-01 3.194145974037618622e+21
3.795000000000000040e-01 2.836344793599986106e+21
3.991999999999999993e-01 2.520910329854701339e+21
4.200000000000000400e-01 2.239827174422862889e+21
4.419000000000000150e-01 1.989906724724769817e+21
4.649000000000000354e-01 1.770515895198875124e+21
4.891000000000000347e-01 1.574146425466641449e+21
5.144999999999999574e-01 1.398992529885295804e+21
5.413000000000000034e-01 1.245105382407715160e+21
5.695000000000000062e-01 1.109919661795974578e+21
5.992000000000000659e-01 9.881200680560306422e+20
6.304000000000000714e-01 8.814810428161715077e+20
6.632000000000000117e-01 7.876805689137633690e+20
6.976999999999999869e-01 7.043837718130092933e+20
7.340999999999999748e-01 6.306134866253863977e+20
7.722999999999999865e-01 5.655398519294847877e+20
8.125000000000000000e-01 5.075810918391441654e+20
8.548000000000000043e-01 4.556113815187368837e+20
8.992999999999999883e-01 4.092421218728933458e+20
9.460999999999999410e-01 3.685788608606759813e+20
9.954000000000000625e-01 3.320571924600155668e+20
1.046999999999999931e+00 2.990820790030241628e+20
1.101999999999999869e+00 2.691019582613782528e+20
1.159000000000000030e+00 2.426452267691904860e+20
1.219000000000000083e+00 2.184427134215134249e+20
1.283000000000000140e+00 1.963226068725342536e+20
1.350000000000000089e+00 1.765785612132401480e+20
1.419999999999999929e+00 1.588165643969775534e+20
1.493999999999999995e+00 1.424840772839665009e+20
1.572000000000000064e+00 1.277633001100201165e+20
1.654000000000000137e+00 1.141420446226464604e+20
1.739999999999999991e+00 1.020499407244871434e+20
1.830000000000000071e+00 9.104576400297764454e+19
1.925999999999999934e+00 8.091955727369027584e+19
2.025999999999999801e+00 7.197052882249664922e+19
2.131000000000000227e+00 6.364215372580614963e+19
2.241999999999999993e+00 5.648804230596000973e+19
2.358999999999999986e+00 4.972945457150098637e+19
2.481999999999999762e+00 4.379922479853164134e+19
2.611000000000000210e+00 3.854278806203359232e+19
2.746999999999999886e+00 3.378143941867337318e+19
2.890000000000000124e+00 2.962638851092061389e+19
3.040999999999999925e+00 2.584960667895382016e+19
3.198999999999999844e+00 2.259840141150588109e+19
3.366000000000000103e+00 1.968234239992602624e+19
3.540999999999999925e+00 1.712418422024367923e+19
3.725000000000000089e+00 1.493845208412047360e+19
3.918999999999999595e+00 1.292856717279686656e+19
4.123000000000000220e+00 1.125462417479646822e+19
4.338000000000000078e+00 9.721897501407934464e+18
4.564000000000000057e+00 8.434217412846853120e+18
4.801000000000000156e+00 7.276621353491659776e+18
5.051000000000000156e+00 6.298206142435574784e+18
5.314000000000000057e+00 5.452041713763573760e+18
5.590999999999999304e+00 4.695513862625626112e+18
5.881999999999999673e+00 4.068152404832018944e+18
6.187999999999999723e+00 3.497706510776226816e+18
6.511000000000000121e+00 3.028489560880496640e+18
6.850000000000000533e+00 2.604854194081737728e+18
7.205999999999999517e+00 2.252869427027213056e+18
7.581999999999999851e+00 1.940157164067456256e+18
7.976000000000000867e+00 1.673747729604442112e+18
8.391999999999999460e+00 1.447074589692060416e+18
8.829000000000000625e+00 1.244589375544063232e+18
9.288000000000000256e+00 1.080137739306556288e+18
9.772000000000000242e+00 9.271239428495008000e+17
1.027999999999999936e+01 8.083795818350603520e+17
1.082000000000000028e+01 6.914327504929411840e+17
1.137999999999999901e+01 6.051465239922443520e+17
1.196999999999999886e+01 5.175650553745614080e+17
1.259999999999999964e+01 4.525375348741194880e+17
1.325000000000000000e+01 3.887105364247827200e+17
1.393999999999999950e+01 3.387220921590723840e+17
1.466999999999999993e+01 2.908877357934876800e+17
1.542999999999999972e+01 2.516693760558865920e+17
1.623000000000000043e+01 2.162170704377038720e+17
1.708000000000000185e+01 1.855225789786495360e+17
1.796999999999999886e+01 1.585461890048067200e+17
1.889999999999999858e+01 1.348398620654074080e+17
1.989000000000000057e+01 1.149210616504056640e+17
2.092000000000000171e+01 9.697968167797075200e+16
2.200999999999999801e+01 8.252597828099952000e+16
2.316000000000000014e+01 6.928978841412819200e+16
2.437000000000000099e+01 5.951419480776149600e+16
2.562999999999999901e+01 5.021567366040848000e+16
2.697000000000000242e+01 4.329229063575916000e+16
2.837000000000000099e+01 3.653808598361171200e+16
2.985000000000000142e+01 3.150948293030420000e+16
3.139999999999999858e+01 2.675218611668394000e+16
3.303999999999999915e+01 2.297052908640745600e+16
3.475999999999999801e+01 1.954527357991295200e+16
3.657000000000000028e+01 1.671836365447486200e+16
3.846999999999999886e+01 1.424657502148237800e+16
4.048000000000000398e+01 1.208779962668372000e+16
4.259000000000000341e+01 1.027035631266817600e+16
4.479999999999999716e+01 8.650936126739745000e+15
4.714000000000000057e+01 7.318483674161366000e+15
4.959000000000000341e+01 6.104499625511631000e+15
5.217000000000000171e+01 5.157583471461564000e+15
5.489000000000000057e+01 4.245575863401394500e+15
5.775000000000000000e+01 3.559117117633599500e+15
6.075000000000000000e+01 2.886405150542340500e+15
6.392000000000000171e+01 2.398627491262784500e+15
6.723999999999999488e+01 1.922242869395437000e+15
7.075000000000000000e+01 1.566410277543002500e+15
7.442999999999999261e+01 1.233294403214854000e+15
7.829999999999999716e+01 9.782779876690741250e+14
8.237999999999999545e+01 7.532935877186966250e+14
8.667000000000000171e+01 5.777222352251910000e+14
9.117999999999999261e+01 4.359303776302163125e+14
9.593000000000000682e+01 3.223801277008385000e+14
1.009000000000000057e+02 2.405797171843707812e+14
1.062000000000000028e+02 1.713465270018307188e+14
1.116999999999999886e+02 1.268712710604822812e+14
1.175000000000000000e+02 8.751846776392482812e+13
1.236000000000000085e+02 6.366580698812608594e+13
1.300999999999999943e+02 4.139113707629780469e+13
1.369000000000000057e+02 2.995382100070313672e+13
1.440000000000000000e+02 1.919083925518212891e+13
1.515000000000000000e+02 1.370409716512272656e+13
1.593999999999999773e+02 8.746690580362897461e+12
1.676999999999999886e+02 5.855019093209082031e+12
1.764000000000000057e+02 3.521458757221228516e+12
1.855999999999999943e+02 2.126177085070801758e+12
1.952000000000000171e+02 1.217284050396808594e+12
2.054000000000000057e+02 6.549255027407446289e+11
2.160999999999999943e+02 3.832540549447349854e+11
2.273999999999999773e+02 1.981102161993631897e+11
2.391999999999999886e+02 1.145806270216486816e+11
2.516999999999999886e+02 5.159113414591008759e+10
2.647999999999999545e+02 2.869777253035259628e+10
2.785000000000000000e+02 1.040834614403429604e+10
2.930000000000000000e+02 5.724742593185791969e+09
3.083000000000000114e+02 1.867372874439797878e+09
3.244000000000000341e+02 1.018187324408962727e+09
3.411999999999999886e+02 3.214838165149277449e+08
3.590000000000000000e+02 1.439255432278150320e+08
3.776999999999999886e+02 4.754185021312950552e+07
3.973999999999999773e+02 1.603025374275806360e+07
4.181000000000000227e+02 5.618974241655468941e+06
4.398000000000000114e+02 1.371081858504913514e+06
4.626999999999999886e+02 4.976714745298311464e+05
4.868000000000000114e+02 8.552133606828273332e+04
5.122000000000000455e+02 3.180441119781138696e+04
5.387999999999999545e+02 3.796660650169562814e+03
5.668999999999999773e+02 1.428623388573981174e+03
5.964000000000000909e+02 1.092732551224547421e+02
6.275000000000000000e+02 4.115302427048248290e+01
6.601000000000000227e+02 2.116764359118981087e+00
6.945000000000000000e+02 7.688302932882791207e-01
7.307000000000000455e+02 3.745823328772569794e-02
7.687000000000000455e+02 9.935113671675889144e-03
8.087999999999999545e+02 1.501638577878490520e-03
8.508999999999999773e+02 7.568063278191893874e-05
8.952000000000000455e+02 1.393191983201247967e-05
9.417999999999999545e+02 3.622035670858530589e-07
9.908000000000000682e+02 7.596504157056865471e-08
1.042000000000000000e+03 7.812465959372681116e-10
1.097000000000000000e+03 1.562445034852264381e-10
1.154000000000000000e+03 7.695944544708122556e-13
1.214000000000000000e+03 1.662937294480349725e-13
1.277000000000000000e+03 4.143319116214421295e-16
1.344000000000000000e+03 8.726564704707714401e-17
1.414000000000000000e+03 7.207861806919437668e-20
1.487000000000000000e+03 1.487366208082985985e-20
1.565000000000000000e+03 5.900336785670798341e-24
1.646000000000000000e+03 1.142647048601533528e-24
1.732000000000000000e+03 8.746095313266531508e-26
1.822000000000000000e+03 6.979771922309734759e-29
1.917000000000000000e+03 5.336715688444926788e-30
2.017000000000000000e+03 6.058764857879395094e-34
2.122000000000000000e+03 5.090369981380449460e-35
2.232000000000000000e+03 1.331910030470882770e-39
2.348000000000000000e+03 1.058928497506232742e-40
2.470000000000000000e+03 6.419863981708781679e-46
2.599000000000000000e+03 4.482286172237826625e-47
2.734000000000000000e+03 5.042981213395172676e-53
2.877000000000000000e+03 3.057193386125165142e-54
3.027000000000000000e+03 5.313382433476350324e-61
3.184000000000000000e+03 2.925072751364385207e-62
3.350000000000000000e+03 9.413567692911937106e-70
3.524000000000000000e+03 4.155809977065560203e-71
3.708000000000000000e+03 1.544018328268367244e-79
3.901000000000000000e+03 4.503978011925879147e-81
4.104000000000000000e+03 5.909488024873102938e-82
4.318000000000000000e+03 5.896295226040271044e-91
4.543000000000000000e+03 7.906752547226906595e-93
4.779000000000000000e+03 4.875584327544955741e-103
5.028000000000000000e+03 4.887395461075465042e-105
5.290000000000000000e+03 1.170084346616855466e-116
5.565000000000000000e+03 1.033113525321097288e-118
5.855000000000000000e+03 7.318939469846169811e-132
6.160000000000000000e+03 4.655352026555863374e-134
6.481000000000000000e+03 8.869971392781010298e-149
6.818000000000000000e+03 3.706813072375734310e-151
7.173000000000000000e+03 2.021994089783687614e-167
7.547000000000000000e+03 3.618473348769064929e-170
7.940000000000000000e+03 1.455018704263557672e-188
8.353000000000000000e+03 1.841333906654900756e-191
8.788000000000000000e+03 7.532186430555680723e-193
9.246000000000000000e+03 2.368561114470881411e-212
9.727000000000000000e+03 6.329422215366250421e-216
1.023000000000000000e+04 3.957523888090701760e-238
1.077000000000000000e+04 4.392190675948444328e-242
1.133000000000000000e+04 2.372108619138615765e-267
1.192000000000000000e+04 2.099834901034052171e-271
1.254000000000000000e+04 8.346886599018395597e-300
1.319000000000000000e+04 2.344608057899244491e-301
1.388000000000000000e+04 2.341146191320913814e-301
1.460000000000000000e+04 2.341143836014488573e-301
1.536000000000000000e+04 2.341143836014488573e-301
1.616000000000000000e+04 2.341143836014488573e-301
1.700000000000000000e+04 2.341143836014488573e-301
1.789000000000000000e+04 2.341143836014488573e-301
1.882000000000000000e+04 2.341143836014488573e-301
1.980000000000000000e+04 2.341143836014488573e-301
2.083000000000000000e+04 2.341143836014488573e-301
2.191000000000000000e+04 2.341143836014488573e-301
2.305000000000000000e+04 2.341143836014488573e-301
2.425000000000000000e+04 2.341143836014488573e-301
2.552000000000000000e+04 2.341143836014488573e-301
2.684000000000000000e+04 2.341143836014488573e-301
2.824000000000000000e+04 2.341143836014488573e-301
2.971000000000000000e+04 2.341143836014488573e-301
3.126000000000000000e+04 2.341143836014488573e-301
3.289000000000000000e+04 2.341143836014488573e-301
3.460000000000000000e+04 2.341143836014488573e-301
3.640000000000000000e+04 2.341143836014488573e-301
3.830000000000000000e+04 2.341143836014488573e-301
4.029000000000000000e+04 2.341143836014488573e-301
4.239000000000000000e+04 2.341143836014488573e-301
4.460000000000000000e+04 2.341143836014488573e-301
4.692000000000000000e+04 2.341143836014488573e-301
4.936000000000000000e+04 2.341143836014488573e-301
5.193000000000000000e+04 2.341143836014488573e-301
5.464000000000000000e+04 2.341143836014488573e-301
5.748000000000000000e+04 2.341143836014488573e-301
6.047000000000000000e+04 2.341143836014488573e-301
6.362000000000000000e+04 2.341143836014488573e-301
6.693000000000000000e+04 2.341143836014488573e-301
7.042000000000000000e+04 2.341143836014488573e-301
7.409000000000000000e+04 2.341143836014488573e-301
7.794000000000000000e+04 2.341143836014488573e-301
8.200000000000000000e+04 2.341143836014488573e-301
8.627000000000000000e+04 2.341143836014488573e-301
9.076000000000000000e+04 2.341143836014488573e-301
9.549000000000000000e+04 2.341143836014488573e-301
1.005000000000000000e+05 2.341143836014488573e-301
1.057000000000000000e+05 2.341143836014488573e-301
1.112000000000000000e+05 2.341143836014488573e-301
1.170000000000000000e+05 2.341143836014488573e-301
1.231000000000000000e+05 2.341143836014488573e-301
1.295000000000000000e+05 2.341143836014488573e-301
1.362000000000000000e+05 2.341143836014488573e-301
1.433000000000000000e+05 2.341143836014488573e-301
1.508000000000000000e+05 2.341143836014488573e-301
1.586000000000000000e+05 2.341143836014488573e-301
1.669000000000000000e+05 2.341143836014488573e-301
1.756000000000000000e+05 2.341143836014488573e-301
1.847000000000000000e+05 2.341143836014488573e-301
1.943000000000000000e+05 2.341143836014488573e-301
2.045000000000000000e+05 2.341143836014488573e-301
2.151000000000000000e+05 2.341143836014488573e-301
2.263000000000000000e+05 2.341143836014488573e-301
2.381000000000000000e+05 2.341143836014488573e-301
2.505000000000000000e+05 2.341143836014488573e-301
2.635000000000000000e+05 2.341143836014488573e-301
2.773000000000000000e+05 2.341143836014488573e-301
2.917000000000000000e+05 2.341143836014488573e-301
3.069000000000000000e+05 2.341143836014488573e-301
3.229000000000000000e+05 2.341143836014488573e-301
3.397000000000000000e+05 2.341143836014488573e-301
3.574000000000000000e+05 2.341143836014488573e-301
3.760000000000000000e+05 2.341143836014488573e-301
3.955000000000000000e+05 2.341143836014488573e-301
4.161000000000000000e+05 2.341143836014488573e-301
4.378000000000000000e+05 2.341143836014488573e-301
4.606000000000000000e+05 2.341143836014488573e-301
4.846000000000000000e+05 2.341143836014488573e-301
5.098000000000000000e+05 2.341143836014488573e-301
5.364000000000000000e+05 2.341143836014488573e-301
5.643000000000000000e+05 2.341143836014488573e-301
5.937000000000000000e+05 2.341143836014488573e-301
6.246000000000000000e+05 2.341143836014488573e-301
6.571000000000000000e+05 2.341143836014488573e-301
6.913000000000000000e+05 2.341143836014488573e-301
7.273000000000000000e+05 2.341143836014488573e-301
7.652000000000000000e+05 2.341143836014488573e-301
8.050000000000000000e+05 2.341143836014488573e-301
8.469000000000000000e+05 2.341143836014488573e-301
8.910000000000000000e+05 2.341143836014488573e-301
9.374000000000000000e+05 2.341143836014488573e-301
9.863000000000000000e+05 2.341143836014488573e-301
1.038000000000000000e+06 2.341143836014488573e-301
1.092000000000000000e+06 2.341143836014488573e-301
1.148000000000000000e+06 2.341143836014488573e-301
1.208000000000000000e+06 2.341143836014488573e-301
1.271000000000000000e+06 2.341143836014488573e-301
1.337000000000000000e+06 2.341143836014488573e-301
1.407000000000000000e+06 2.341143836014488573e-301
1.480000000000000000e+06 2.341143836014488573e-301
1.557000000000000000e+06 2.341143836014488573e-301
1.638000000000000000e+06 2.341143836014488573e-301
1.724000000000000000e+06 2.341143836014488573e-301
1.814000000000000000e+06 2.341143836014488573e-301
1.908000000000000000e+06 2.341143836014488573e-301
2.007000000000000000e+06 2.341143836014488573e-301
2.112000000000000000e+06 2.341143836014488573e-301
2.222000000000000000e+06 2.341143836014488573e-301
2.337000000000000000e+06 2.341143836014488573e-301
2.459000000000000000e+06 2.341143836014488573e-301
2.587000000000000000e+06 2.341143836014488573e-301
2.722000000000000000e+06 2.341143836014488573e-301
2.864000000000000000e+06 2.341143836014488573e-301
3.013000000000000000e+06 2.341143836014488573e-301
3.170000000000000000e+06 2.341143836014488573e-301
3.335000000000000000e+06 2.341143836014488573e-301
3.508000000000000000e+06 2.341143836014488573e-301
3.691000000000000000e+06 2.341143836014488573e-301
3.883000000000000000e+06 2.341143836014488573e-301
4.085000000000000000e+06 2.341143836014488573e-301
4.298000000000000000e+06 2.341143836014488573e-301
4.522000000000000000e+06 2.341143836014488573e-301
4.757000000000000000e+06 2.341143836014488573e-301
5.005000000000000000e+06 2.341143836014488573e-301
5.266000000000000000e+06 2.341143836014488573e-301
5.540000000000000000e+06 2.341143836014488573e-301
5.828000000000000000e+06 2.341143836014488573e-301
6.132000000000000000e+06 2.341143836014488573e-301
6.451000000000000000e+06 2.341143836014488573e-301
6.787000000000000000e+06 2.341143836014488573e-301
7.140000000000000000e+06 2.341143836014488573e-301
7.512000000000000000e+06 2.341143836014488573e-301
7.903000000000000000e+06 2.341143836014488573e-301
8.315000000000000000e+06 2.341143836014488573e-301
8.748000000000000000e+06 2.341143836014488573e-301
9.203000000000000000e+06 2.341143836014488573e-301
9.682000000000000000e+06 2.341143836014488573e-301
1.019000000000000000e+07 2.341143836014488573e-301
1.072000000000000000e+07 2.341143836014488573e-301
1.127000000000000000e+07 2.341143836014488573e-301
1.186000000000000000e+07 2.341143836014488573e-301
1.248000000000000000e+07 2.341143836014488573e-301
1.313000000000000000e+07 2.341143836014488573e-301
1.381000000000000000e+07 2.341143836014488573e-301
1.453000000000000000e+07 2.341143836014488573e-301
1.529000000000000000e+07 2.341143836014488573e-301
1.608000000000000000e+07 2.341143836014488573e-301
1.692000000000000000e+07 2.341143836014488573e-301
1.780000000000000000e+07 2.341143836014488573e-301
1.873000000000000000e+07 2.341143836014488573e-301
1.971000000000000000e+07 2.341143836014488573e-301
2.073000000000000000e+07 2.341143836014488573e-301
2.181000000000000000e+07 2.341143836014488573e-301
2.295000000000000000e+07 2.341143836014488573e-301
2.414000000000000000e+07 2.341143836014488573e-301
2.540000000000000000e+07 2.341143836014488573e-301
2.672000000000000000e+07 2.341143836014488573e-301
2.811000000000000000e+07 2.341143836014488573e-301
2.958000000000000000e+07 2.341143836014488573e-301
3.112000000000000000e+07 2.341143836014488573e-301
3.274000000000000000e+07 2.341143836014488573e-301
3.444000000000000000e+07 2.341143836014488573e-301
3.623000000000000000e+07 2.341143836014488573e-301
3.812000000000000000e+07 2.341143836014488573e-301
4.011000000000000000e+07 2.341143836014488573e-301
4.219000000000000000e+07 2.341143836014488573e-301
4.439000000000000000e+07 2.341143836014488573e-301
4.670000000000000000e+07 2.341143836014488573e-301
4.913000000000000000e+07 2.341143836014488573e-301
5.169000000000000000e+07 2.341143836014488573e-301
5.438000000000000000e+07 2.341143836014488573e-301
5.722000000000000000e+07 2.341143836014488573e-301
6.019000000000000000e+07 2.341143836014488573e-301
6.333000000000000000e+07 2.341143836014488573e-301
6.663000000000000000e+07 2.341143836014488573e-301
7.010000000000000000e+07 2.341143836014488573e-301
7.375000000000000000e+07 2.341143836014488573e-301
7.759000000000000000e+07 2.341143836014488573e-301
8.163000000000000000e+07 2.341143836014488573e-301
8.588000000000000000e+07 2.341143836014488573e-301
9.035000000000000000e+07 2.341143836014488573e-301
9.505000000000000000e+07 2.341143836014488573e-301
1.000000000000000000e+08 2.341143836014488573e-301
