1.221799999999999287e+01 5.613727833719487137e+00
1.321799999999999287e+01 5.326171720434235368e+00
1.421799999999999287e+01 4.874872371551638217e+00
1.521799999999999287e+01 4.311886822384879636e+00
1.621799999999999287e+01 3.730991168079155429e+00
1.721799999999999287e+01 3.157991350264231833e+00
1.821799999999999287e+01 2.648556388498882086e+00
1.921799999999999287e+01 2.199270017899266350e+00
2.021799999999999287e+01 1.821959885645087596e+00
2.121799999999999287e+01 1.504545265706869195e+00
2.221799999999999287e+01 1.253202553092849669e+00
2.321799999999999287e+01 1.039982025873890104e+00
2.421799999999999287e+01 8.591963902175140388e-01
2.521799999999999287e+01 7.152428783878306273e-01
2.621799999999999287e+01 5.887201631713330219e-01
2.721799999999999287e+01 4.787343158226384787e-01
2.821799999999999287e+01 3.921644819570101470e-01
2.921799999999999287e+01 3.165789739595992747e-01
3.021799999999999287e+01 2.515732910515053877e-01
3.121799999999999287e+01 2.013953318479677623e-01
3.221799999999998931e+01 1.586560967934878275e-01
3.321799999999998931e+01 1.228243474839192523e-01
3.421799999999998931e+01 9.580011542732801144e-02
3.521799999999998931e+01 7.525169382968874277e-02
3.621799999999998931e+01 5.950663656647840055e-02
3.721799999999998931e+01 4.653520262875771030e-02
3.821799999999998931e+01 3.594528700940315818e-02
3.921799999999998931e+01 2.794894472147090719e-02
4.021799999999998931e+01 2.186801381955078005e-02
4.121799999999998931e+01 1.693174326406884228e-02
4.221799999999998931e+01 1.295724957469184674e-02
4.321799999999998931e+01 9.977359746330363710e-03
4.421799999999998931e+01 7.728374187546131063e-03
4.521799999999998931e+01 6.020277448883558889e-03
4.621799999999998931e+01 4.617359804626922082e-03
4.721799999999998931e+01 3.481277604524411068e-03
4.821799999999998931e+01 2.640159566502565773e-03
4.921799999999998931e+01 2.013560244180465086e-03
5.021799999999998931e+01 1.543990306710735661e-03
5.121799999999998931e+01 1.190085807016078544e-03
5.221799999999998931e+01 9.035039777220015044e-04
5.321799999999998931e+01 6.745260634724483794e-04
5.421799999999998931e+01 5.063034389694278043e-04
5.521799999999998931e+01 3.820159446037030716e-04
5.621799999999998931e+01 2.896877383857280014e-04
5.721799999999998931e+01 2.207397332753237231e-04
5.821799999999998931e+01 1.689897611620244731e-04
5.921799999999998931e+01 1.276019368086578289e-04
6.021799999999998931e+01 9.488646619914383655e-05
6.121799999999998931e+01 7.090138176435683941e-05
6.221799999999998931e+01 5.322808515549971636e-05
6.321799999999998931e+01 4.014192735893962010e-05
6.421799999999998931e+01 3.040642528027138699e-05
6.521799999999998931e+01 2.313042659880799637e-05
6.621799999999998931e+01 1.741059820227911160e-05
6.721799999999998931e+01 1.295080121493055052e-05
6.821799999999998931e+01 9.675312094835165558e-06
6.921799999999998931e+01 7.258789288009796745e-06
7.021799999999998931e+01 5.468170546268004715e-06
7.121799999999998931e+01 4.135695579744873374e-06
7.221799999999998931e+01 3.140044501925951398e-06
7.321799999999998931e+01 2.393083276968297477e-06
7.421799999999998931e+01 1.801941022621277493e-06
7.521799999999998931e+01 1.338711371983823525e-06
7.621799999999998931e+01 9.984532560019756012e-07
7.721799999999998931e+01 7.475134234013132294e-07
7.821799999999998931e+01 5.617181841766731330e-07
7.921799999999998931e+01 4.236288779302851603e-07
8.021799999999998931e+01 3.206129778831856994e-07
8.121799999999998931e+01 2.434823198866021991e-07
8.221799999999998931e+01 1.855274859320498328e-07
8.321799999999998931e+01 1.393898659597093920e-07
8.421799999999998931e+01 1.031025218156946238e-07
8.521799999999998931e+01 7.653236458375191664e-08
8.621799999999998931e+01 5.700632275319303681e-08
8.721799999999998931e+01 4.260577798063016954e-08
8.821799999999998931e+01 3.194833638004687894e-08
8.921799999999998931e+01 2.403422335215565541e-08
9.021799999999998931e+01 1.813772965150542309e-08
9.121799999999998931e+01 1.373019352202030726e-08
9.221799999999998931e+01 1.042514707564668238e-08
9.321799999999998931e+01 7.780980216655323622e-09
9.421799999999998931e+01 5.698165576338742414e-09
9.521799999999998931e+01 4.186562519929627323e-09
9.621799999999998931e+01 3.085832026896331518e-09
9.721799999999998931e+01 2.281657765256763509e-09
9.821799999999998931e+01 1.692249744435911445e-09
9.921799999999998931e+01 1.258888298039140087e-09
1.002179999999999893e+02 9.392746090071151191e-10
1.012179999999999893e+02 7.028380269452934842e-10
1.022179999999999893e+02 5.274127002088701088e-10
1.032179999999999893e+02 3.968758546225068430e-10
