Hawking secondary spectra for each particle type.
energy/particle         photon       electron           nu_e          nu_mu         nu_tau         proton
    1.00000e-06    3.46519e+22    0.00000e+00    8.42900e+22    1.13725e+20    0.00000e+00    0.00000e+00
    1.05200e-06    3.40853e+22    0.00000e+00    8.38539e+22    1.62586e+20    0.00000e+00    0.00000e+00
    1.10700e-06    3.17229e+22    0.00000e+00    8.06818e+22    1.56311e+20    0.00000e+00    0.00000e+00
    1.16400e-06    3.06812e+22    0.00000e+00    8.05813e+22    1.88987e+20    0.00000e+00    0.00000e+00
    1.22500e-06    2.87663e+22    0.00000e+00    7.67340e+22    1.99688e+20    0.00000e+00    0.00000e+00
    1.28900e-06    2.79930e+22    0.00000e+00    7.57367e+22    2.61359e+20    0.00000e+00    0.00000e+00
    1.35600e-06    2.60913e+22    0.00000e+00    7.23997e+22    2.82094e+20    0.00000e+00    0.00000e+00
    1.42700e-06    2.51693e+22    0.00000e+00    6.99363e+22    3.12871e+20    0.00000e+00    0.00000e+00
    1.50100e-06    2.39024e+22    0.00000e+00    6.67986e+22    3.50712e+20    0.00000e+00    0.00000e+00
    1.57900e-06    2.25331e+22    0.00000e+00    6.33548e+22    3.99587e+20    0.00000e+00    0.00000e+00
    1.66100e-06    2.20008e+22    0.00000e+00    6.06783e+22    4.37302e+20    0.00000e+00    0.00000e+00
    1.74800e-06    2.04743e+22    0.00000e+00    5.67990e+22    4.76716e+20    0.00000e+00    0.00000e+00
    1.83900e-06    1.99914e+22    0.00000e+00    5.42371e+22    5.68306e+20    0.00000e+00    0.00000e+00
    1.93500e-06    1.85766e+22    0.00000e+00    5.03140e+22    5.90384e+20    0.00000e+00    0.00000e+00
    2.03500e-06    1.80551e+22    0.00000e+00    4.76166e+22    6.88151e+20    0.00000e+00    0.00000e+00
    2.14100e-06    1.68349e+22    0.00000e+00    4.37575e+22    7.32173e+20    0.00000e+00    0.00000e+00
    2.25300e-06    1.64726e+22    0.00000e+00    4.12996e+22    8.20780e+20    0.00000e+00    0.00000e+00
    2.37000e-06    1.54671e+22    0.00000e+00    3.75033e+22    8.70417e+20    0.00000e+00    0.00000e+00
    2.49300e-06    1.50006e+22    0.00000e+00    3.50566e+22    1.01370e+21    0.00000e+00    0.00000e+00
    2.62300e-06    1.39476e+22    0.00000e+00    3.18599e+22    1.06225e+21    0.00000e+00    0.00000e+00
    2.76000e-06    1.37215e+22    0.00000e+00    2.94239e+22    1.19233e+21    0.00000e+00    0.00000e+00
    2.90400e-06    1.28141e+22    0.00000e+00    2.66199e+22    1.28955e+21    0.00000e+00    0.00000e+00
    3.05500e-06    1.24092e+22    0.00000e+00    2.44127e+22    1.41453e+21    0.00000e+00    0.00000e+00
    3.21400e-06    1.17047e+22    0.00000e+00    2.22234e+22    1.58539e+21    0.00000e+00    0.00000e+00
    3.38100e-06    1.12714e+22    0.00000e+00    2.00238e+22    1.63466e+21    0.00000e+00    0.00000e+00
    3.55700e-06    1.05992e+22    0.00000e+00    1.84472e+22    1.84607e+21    0.00000e+00    0.00000e+00
    3.74200e-06    1.02471e+22    0.00000e+00    1.64014e+22    1.98691e+21    0.00000e+00    0.00000e+00
    3.93700e-06    9.70262e+21    0.00000e+00    1.50803e+22    2.14118e+21    0.00000e+00    0.00000e+00
    4.14200e-06    9.31004e+21    0.00000e+00    1.34743e+22    2.35254e+21    0.00000e+00    0.00000e+00
    4.35800e-06    8.84159e+21    0.00000e+00    1.24165e+22    2.49941e+21    0.00000e+00    0.00000e+00
    4.58500e-06    8.37566e+21    0.00000e+00    1.12617e+22    2.74449e+21    0.00000e+00    0.00000e+00
    4.82400e-06    8.02771e+21    0.00000e+00    1.03292e+22    2.92622e+21    0.00000e+00    0.00000e+00
    5.07500e-06    7.63841e+21    0.00000e+00    9.42286e+21    3.24323e+21    0.00000e+00    0.00000e+00
    5.33900e-06    7.27800e+21    0.00000e+00    8.73557e+21    3.37399e+21    0.00000e+00    0.00000e+00
    5.61700e-06    6.94464e+21    0.00000e+00    8.10212e+21    3.72442e+21    0.00000e+00    0.00000e+00
    5.90900e-06    6.61249e+21    0.00000e+00    7.61547e+21    3.91788e+21    0.00000e+00    0.00000e+00
    6.21700e-06    6.36981e+21    0.00000e+00    7.13085e+21    4.20644e+21    0.00000e+00    0.00000e+00
    6.54100e-06    6.06593e+21    0.00000e+00    6.79035e+21    4.52852e+21    0.00000e+00    0.00000e+00
    6.88100e-06    5.80799e+21    0.00000e+00    6.58145e+21    4.83363e+21    0.00000e+00    0.00000e+00
    7.24000e-06    5.63511e+21    0.00000e+00    6.26802e+21    5.16375e+21    0.00000e+00    0.00000e+00
    7.61700e-06    5.34137e+21    0.00000e+00    6.26390e+21    5.47552e+21    0.00000e+00    0.00000e+00
    8.01300e-06    5.24734e+21    0.00000e+00    5.99895e+21    5.80154e+21    0.00000e+00    0.00000e+00
    8.43000e-06    4.89247e+21    0.00000e+00    6.12200e+21    6.18191e+21    0.00000e+00    0.00000e+00
    8.86900e-06    4.87304e+21    0.00000e+00    5.94035e+21    6.56988e+21    0.00000e+00    0.00000e+00
    9.33100e-06    4.61175e+21    0.00000e+00    6.12615e+21    6.92909e+21    0.00000e+00    0.00000e+00
    9.81700e-06    4.49929e+21    0.00000e+00    6.08353e+21    7.31702e+21    0.00000e+00    0.00000e+00
    1.03300e-05    4.35659e+21    0.00000e+00    6.23882e+21    7.67519e+21    0.00000e+00    0.00000e+00
    1.08700e-05    4.26394e+21    0.00000e+00    6.24510e+21    8.13514e+21    0.00000e+00    0.00000e+00
    1.14300e-05    4.08116e+21    0.00000e+00    6.46486e+21    8.45892e+21    0.00000e+00    0.00000e+00
    1.20300e-05    4.07725e+21    0.00000e+00    6.56357e+21    8.93188e+21    0.00000e+00    0.00000e+00
    1.26500e-05    3.93600e+21    0.00000e+00    6.79229e+21    9.31636e+21    0.00000e+00    0.00000e+00
    1.33100e-05    3.89845e+21    0.00000e+00    6.94873e+21    9.74093e+21    0.00000e+00    0.00000e+00
    1.40100e-05    3.77596e+21    0.00000e+00    7.10777e+21    1.02334e+22    0.00000e+00    0.00000e+00
    1.47300e-05    3.73016e+21    0.00000e+00    7.38699e+21    1.05496e+22    0.00000e+00    0.00000e+00
    1.55000e-05    3.71083e+21    0.00000e+00    7.46838e+21    1.10511e+22    0.00000e+00    0.00000e+00
    1.63100e-05    3.64324e+21    0.00000e+00    7.76428e+21    1.14091e+22    0.00000e+00    0.00000e+00
    1.71600e-05    3.63614e+21    0.00000e+00    7.88300e+21    1.19223e+22    0.00000e+00    0.00000e+00
    1.80500e-05    3.60748e+21    0.00000e+00    8.13916e+21    1.22105e+22    0.00000e+00    0.00000e+00
    1.89900e-05    3.57406e+21    0.00000e+00    8.32812e+21    1.27350e+22    0.00000e+00    0.00000e+00
    1.99800e-05    3.60683e+21    0.00000e+00    8.53466e+21    1.30947e+22    0.00000e+00    0.00000e+00
    2.10200e-05    3.57837e+21    0.00000e+00    8.73713e+21    1.35498e+22    0.00000e+00    0.00000e+00
    2.21200e-05    3.60612e+21    0.00000e+00    8.87584e+21    1.38660e+22    0.00000e+00    0.00000e+00
    2.32700e-05    3.63228e+21    0.00000e+00    9.08443e+21    1.43474e+22    0.00000e+00    0.00000e+00
    2.44800e-05    3.65756e+21    0.00000e+00    9.23161e+21    1.46700e+22    0.00000e+00    0.00000e+00
    2.57500e-05    3.71848e+21    0.00000e+00    9.35719e+21    1.49880e+22    0.00000e+00    0.00000e+00
    2.70900e-05    3.69886e+21    0.00000e+00    9.55809e+21    1.54020e+22    9.97911e+16    0.00000e+00
    2.85000e-05    3.82437e+21    0.00000e+00    9.66690e+21    1.56846e+22    1.10318e+17    0.00000e+00
    2.99900e-05    3.81126e+21    0.00000e+00    9.81378e+21    1.60758e+22    1.21442e+17    0.00000e+00
    3.15500e-05    3.90527e+21    0.00000e+00    9.92511e+21    1.63154e+22    1.34251e+17    0.00000e+00
    3.31900e-05    3.93360e+21    0.00000e+00    1.00096e+22    1.66489e+22    1.47789e+17    0.00000e+00
    3.49200e-05    4.02708e+21    0.00000e+00    1.01140e+22    1.68816e+22    1.63306e+17    0.00000e+00
    3.67400e-05    4.09998e+21    0.00000e+00    1.01951e+22    1.71402e+22    1.79919e+17    0.00000e+00
    3.86500e-05    4.16518e+21    0.00000e+00    1.02668e+22    1.73335e+22    1.98635e+17    0.00000e+00
    4.06600e-05    4.24310e+21    0.00000e+00    1.03292e+22    1.76001e+22    2.18922e+17    0.00000e+00
    4.27800e-05    4.33504e+21    0.00000e+00    1.03805e+22    1.76844e+22    2.41605e+17    0.00000e+00
    4.50100e-05    4.42129e+21    0.00000e+00    1.04210e+22    1.79207e+22    2.66493e+17    0.00000e+00
    4.73500e-05    4.49532e+21    0.00000e+00    1.03899e+22    1.79742e+22    2.93832e+17    0.00000e+00
    4.98200e-05    4.57499e+21    0.00000e+00    1.04421e+22    1.82004e+22    3.24313e+17    0.00000e+00
    5.24100e-05    4.66252e+21    0.00000e+00    1.04017e+22    1.81830e+22    3.57343e+17    0.00000e+00
    5.51400e-05    4.76525e+21    0.00000e+00    1.04012e+22    1.82759e+22    3.94596e+17    0.00000e+00
    5.80100e-05    4.80953e+21    0.00000e+00    1.03592e+22    1.82991e+22    4.34536e+17    0.00000e+00
    6.10300e-05    4.92934e+21    0.00000e+00    1.03017e+22    1.82825e+22    4.80104e+17    0.00000e+00
    6.42100e-05    4.96578e+21    0.00000e+00    1.02460e+22    1.83088e+22    5.28387e+17    0.00000e+00
    6.75600e-05    5.08173e+21    0.00000e+00    1.01822e+22    1.82196e+22    5.84279e+17    0.00000e+00
    7.10700e-05    5.12012e+21    0.00000e+00    1.01085e+22    1.81912e+22    6.42841e+17    0.00000e+00
    7.47700e-05    5.21743e+21    0.00000e+00    9.99021e+21    1.80809e+22    7.10665e+17    0.00000e+00
    7.86700e-05    5.24244e+21    0.00000e+00    9.87884e+21    1.79667e+22    7.82614e+17    0.00000e+00
    8.27600e-05    5.33550e+21    0.00000e+00    9.76408e+21    1.78109e+22    8.64536e+17    0.00000e+00
    8.70700e-05    5.37295e+21    0.00000e+00    9.64489e+21    1.76705e+22    9.52457e+17    0.00000e+00
    9.16100e-05    5.41710e+21    0.00000e+00    9.45875e+21    1.74453e+22    1.05178e+18    0.00000e+00
    9.63800e-05    5.46981e+21    0.00000e+00    9.35896e+21    1.72894e+22    1.15938e+18    0.00000e+00
    1.01400e-04    5.48930e+21    0.00000e+00    9.16353e+21    1.69937e+22    1.27933e+18    0.00000e+00
    1.06700e-04    5.53921e+21    0.00000e+00    9.02862e+21    1.68023e+22    1.41152e+18    0.00000e+00
    1.12200e-04    5.52595e+21    0.00000e+00    8.80725e+21    1.64747e+22    1.55498e+18    0.00000e+00
    1.18100e-04    5.58150e+21    0.00000e+00    8.64225e+21    1.62300e+22    1.71770e+18    0.00000e+00
    1.24200e-04    5.53448e+21    0.00000e+00    8.42653e+21    1.58850e+22    1.89138e+18    0.00000e+00
    1.30700e-04    5.58212e+21    0.00000e+00    8.24287e+21    1.55812e+22    2.08959e+18    0.00000e+00
    1.37500e-04    5.53879e+21    0.00000e+00    8.02776e+21    1.52221e+22    2.30092e+18    0.00000e+00
    1.44700e-04    5.54029e+21    0.00000e+00    7.80473e+21    1.48795e+22    2.54370e+18    0.00000e+00
    1.52200e-04    5.50690e+21    0.00000e+00    7.59187e+21    1.45046e+22    2.79802e+18    0.00000e+00
    1.60100e-04    5.48067e+21    0.00000e+00    7.35363e+21    1.41142e+22    3.09257e+18    0.00000e+00
    1.68400e-04    5.42460e+21    0.00000e+00    7.13758e+21    1.37448e+22    3.40204e+18    0.00000e+00
    1.77200e-04    5.40029e+21    0.00000e+00    6.89061e+21    1.33020e+22    3.76208e+18    0.00000e+00
    1.86400e-04    5.31338e+21    0.00000e+00    6.66717e+21    1.29444e+22    4.14138e+18    0.00000e+00
    1.96100e-04    5.28782e+21    0.00000e+00    6.40936e+21    1.24674e+22    4.57498e+18    0.00000e+00
    2.06400e-04    5.18436e+21    0.00000e+00    6.19816e+21    1.20948e+22    5.04454e+18    0.00000e+00
    2.17100e-04    5.12510e+21    0.00000e+00    5.94197e+21    1.16353e+22    5.56732e+18    0.00000e+00
    2.28400e-04    5.03743e+21    0.00000e+00    5.71151e+21    1.12302e+22    6.13694e+18    0.00000e+00
    2.40300e-04    4.93697e+21    0.00000e+00    5.46944e+21    1.07847e+22    6.77169e+18    0.00000e+00
    2.52800e-04    4.85814e+21    0.00000e+00    5.23777e+21    1.03508e+22    7.46843e+18    0.00000e+00
    2.66000e-04    4.73560e+21    0.00000e+00    5.00066e+21    9.93120e+21    8.23723e+18    0.00000e+00
    2.79800e-04    4.66007e+21    0.00000e+00    4.77433e+21    9.48895e+21    9.08777e+18    0.00000e+00
    2.94400e-04    4.51561e+21    0.00000e+00    4.54612e+21    9.08308e+21    1.00158e+19    0.00000e+00
    3.09700e-04    4.43011e+21    0.00000e+00    4.31698e+21    8.63781e+21    1.10585e+19    0.00000e+00
    3.25900e-04    4.28664e+21    0.00000e+00    4.10174e+21    8.24306e+21    1.21739e+19    0.00000e+00
    3.42800e-04    4.18266e+21    0.00000e+00    3.88644e+21    7.82526e+21    1.33947e+19    0.00000e+00
    3.60700e-04    4.04470e+21    0.00000e+00    3.67026e+21    7.42632e+21    1.46966e+19    0.00000e+00
    3.79500e-04    3.92573e+21    0.00000e+00    3.47376e+21    7.02271e+21    1.62789e+19    0.00000e+00
    3.99200e-04    3.79305e+21    0.00000e+00    3.26998e+21    6.64286e+21    1.79370e+19    0.00000e+00
    4.20000e-04    3.66278e+21    0.00000e+00    3.07937e+21    6.27295e+21    1.98631e+19    0.00000e+00
    4.41900e-04    3.52251e+21    0.00000e+00    2.89238e+21    5.89434e+21    2.19082e+19    0.00000e+00
    4.64900e-04    3.39748e+21    0.00000e+00    2.71732e+21    5.55403e+21    2.42349e+19    0.00000e+00
    4.89100e-04    3.25543e+21    0.00000e+00    2.54029e+21    5.19586e+21    2.67321e+19    0.00000e+00
    5.14500e-04    3.12674e+21    2.55980e+21    2.38217e+21    4.88044e+21    2.95412e+19    0.00000e+00
    5.41300e-04    2.98613e+21    2.42735e+21    2.21719e+21    4.54939e+21    3.26045e+19    0.00000e+00
    5.69500e-04    2.85514e+21    2.29411e+21    2.07261e+21    4.25186e+21    3.60077e+19    0.00000e+00
    5.99200e-04    2.72594e+21    2.15394e+21    1.92585e+21    3.95447e+21    3.97532e+19    0.00000e+00
    6.30400e-04    2.58753e+21    2.01530e+21    1.79200e+21    3.68093e+21    4.38588e+19    0.00000e+00
    6.63200e-04    2.47111e+21    1.89402e+21    1.66144e+21    3.40877e+21    4.84276e+19    0.00000e+00
    6.97700e-04    2.32854e+21    1.76466e+21    1.54298e+21    3.16573e+21    5.33742e+19    0.00000e+00
    7.34100e-04    2.22080e+21    1.65995e+21    1.42767e+21    2.92410e+21    5.89626e+19    0.00000e+00
    7.72300e-04    2.08797e+21    1.54958e+21    1.32256e+21    2.69927e+21    6.49230e+19    0.00000e+00
    8.12500e-04    1.97692e+21    1.45420e+21    1.22453e+21    2.48925e+21    7.17228e+19    0.00000e+00
    8.54800e-04    1.85914e+21    1.35944e+21    1.12941e+21    2.28920e+21    7.89000e+19    0.00000e+00
    8.99300e-04    1.74942e+21    1.28094e+21    1.04713e+21    2.11207e+21    8.71804e+19    0.00000e+00
    9.46100e-04    1.63832e+21    1.20201e+21    9.65678e+20    1.93471e+21    9.58888e+19    0.00000e+00
    9.95400e-04    1.53463e+21    1.13693e+21    8.96073e+20    1.78487e+21    1.05874e+20    0.00000e+00
    1.04700e-03    1.43426e+21    1.07392e+21    8.29871e+20    1.63528e+21    1.16413e+20    0.00000e+00
    1.10200e-03    1.33620e+21    1.02251e+21    7.74745e+20    1.50640e+21    1.28504e+20    0.00000e+00
    1.15900e-03    1.24673e+21    9.76382e+20    7.20130e+20    1.38075e+21    1.41284e+20    0.00000e+00
    1.21900e-03    1.15343e+21    9.38252e+20    6.78446e+20    1.27398e+21    1.55556e+20    0.00000e+00
    1.28300e-03    1.07527e+21    9.08795e+20    6.36057e+20    1.17423e+21    1.71242e+20    0.00000e+00
    1.35000e-03    9.87991e+20    8.86407e+20    6.06764e+20    1.08786e+21    1.88489e+20    0.00000e+00
    1.42000e-03    9.17647e+20    8.72638e+20    5.77082e+20    1.01080e+21    2.07263e+20    0.00000e+00
    1.49400e-03    8.41566e+20    8.64217e+20    5.59036e+20    9.43357e+20    2.27819e+20    0.00000e+00
    1.57200e-03    7.76547e+20    8.67850e+20    5.42214e+20    8.86571e+20    2.50585e+20    0.00000e+00
    1.65400e-03    7.08754e+20    8.76089e+20    5.34001e+20    8.37929e+20    2.75118e+20    0.00000e+00
    1.74000e-03    6.52874e+20    8.93909e+20    5.29384e+20    8.00252e+20    3.02449e+20    0.00000e+00
    1.83000e-03    5.94412e+20    9.18677e+20    5.30981e+20    7.68774e+20    3.31403e+20    0.00000e+00
    1.92600e-03    5.44433e+20    9.54693e+20    5.39434e+20    7.49143e+20    3.64447e+20    0.00000e+00
    2.02600e-03    4.94692e+20    9.96959e+20    5.51506e+20    7.35485e+20    3.98930e+20    0.00000e+00
    2.13100e-03    4.50919e+20    1.05057e+21    5.70271e+20    7.31357e+20    4.38026e+20    0.00000e+00
    2.24200e-03    4.10563e+20    1.11158e+21    5.94534e+20    7.34694e+20    4.79356e+20    0.00000e+00
    2.35900e-03    3.72579e+20    1.18456e+21    6.24705e+20    7.46099e+20    5.25916e+20    0.00000e+00
    2.48200e-03    3.39990e+20    1.26555e+21    6.60539e+20    7.66275e+20    5.75237e+20    0.00000e+00
    2.61100e-03    3.07979e+20    1.36051e+21    7.03174e+20    7.93473e+20    6.29905e+20    0.00000e+00
    2.74700e-03    2.82441e+20    1.46248e+21    7.50741e+20    8.28875e+20    6.88452e+20    0.00000e+00
    2.89000e-03    2.56593e+20    1.58011e+21    8.06033e+20    8.72507e+20    7.52780e+20    0.00000e+00
    3.04100e-03    2.37186e+20    1.70734e+21    8.66988e+20    9.23880e+20    8.22303e+20    0.00000e+00
    3.19900e-03    2.17643e+20    1.84936e+21    9.35568e+20    9.83702e+20    8.97512e+20    0.00000e+00
    3.36600e-03    2.03529e+20    2.00409e+21    1.01097e+21    1.05190e+21    9.79376e+20    0.00000e+00
    3.54100e-03    1.89701e+20    2.17337e+21    1.09398e+21    1.12801e+21    1.06725e+21    0.00000e+00
    3.72500e-03    1.81103e+20    2.35818e+21    1.18478e+21    1.21380e+21    1.16297e+21    0.00000e+00
    3.91900e-03    1.73034e+20    2.55799e+21    1.28376e+21    1.30756e+21    1.26538e+21    0.00000e+00
    4.12300e-03    1.70103e+20    2.77735e+21    1.39222e+21    1.41228e+21    1.37738e+21    0.00000e+00
    4.33800e-03    1.67240e+20    3.01137e+21    1.50869e+21    1.52504e+21    1.49628e+21    0.00000e+00
    4.56400e-03    1.69677e+20    3.26906e+21    1.63664e+21    1.65035e+21    1.62683e+21    0.00000e+00
    4.80100e-03    1.72866e+20    3.54022e+21    1.77196e+21    1.78300e+21    1.76379e+21    0.00000e+00
    5.05100e-03    1.80913e+20    3.83966e+21    1.92104e+21    1.93008e+21    1.91467e+21    0.00000e+00
    5.31400e-03    1.90770e+20    4.15504e+21    2.07856e+21    2.08594e+21    2.07339e+21    0.00000e+00
    5.59100e-03    2.05160e+20    4.49919e+21    2.25026e+21    2.25621e+21    2.24622e+21    0.00000e+00
    5.88200e-03    2.21800e+20    4.86237e+21    2.43175e+21    2.43653e+21    2.42854e+21    0.00000e+00
    6.18800e-03    2.43789e+20    5.25159e+21    2.62613e+21    2.63003e+21    2.62366e+21    0.00000e+00
    6.51100e-03    2.68558e+20    5.66476e+21    2.83264e+21    2.83574e+21    2.83074e+21    0.00000e+00
    6.85000e-03    2.99207e+20    6.09777e+21    3.04906e+21    3.05152e+21    3.04757e+21    0.00000e+00
    7.20600e-03    3.33557e+20    6.55198e+21    3.27609e+21    3.27806e+21    3.27499e+21    0.00000e+00
    7.58200e-03    3.74228e+20    7.01771e+21    3.50893e+21    3.51045e+21    3.50808e+21    0.00000e+00
    7.97600e-03    4.20133e+20    7.49163e+21    3.74584e+21    3.74705e+21    3.74523e+21    0.00000e+00
    8.39200e-03    4.72617e+20    7.95898e+21    3.97953e+21    3.98045e+21    3.97905e+21    0.00000e+00
    8.82900e-03    5.32488e+20    8.39464e+21    4.19731e+21    4.19802e+21    4.19699e+21    0.00000e+00
    9.28800e-03    5.98399e+20    8.80312e+21    4.40157e+21    4.40212e+21    4.40131e+21    0.00000e+00
    9.77200e-03    6.74756e+20    9.08520e+21    4.54259e+21    4.54300e+21    4.54243e+21    0.00000e+00
    1.02800e-02    7.55495e+20    9.33869e+21    4.66935e+21    4.66966e+21    4.66921e+21    0.00000e+00
    1.08200e-02    8.47769e+20    9.30328e+21    4.65163e+21    4.65185e+21    4.65155e+21    0.00000e+00
    1.13800e-02    9.43007e+20    9.26529e+21    4.63264e+21    4.63281e+21    4.63258e+21    0.00000e+00
    1.19700e-02    1.04157e+21    8.78498e+21    4.39249e+21    4.39260e+21    4.39245e+21    0.00000e+00
    1.26000e-02    1.14650e+21    8.27213e+21    4.13607e+21    4.13615e+21    4.13603e+21    0.00000e+00
    1.32500e-02    1.23076e+21    7.45830e+21    3.72915e+21    3.72921e+21    3.72913e+21    0.00000e+00
    1.39400e-02    1.31657e+21    6.55501e+21    3.27750e+21    3.27755e+21    3.27749e+21    0.00000e+00
    1.46700e-02    1.34732e+21    5.58941e+21    2.79471e+21    2.79473e+21    2.79470e+21    0.00000e+00
    1.54300e-02    1.35868e+21    4.58077e+21    2.29039e+21    2.29041e+21    2.29038e+21    0.00000e+00
    1.62300e-02    1.29820e+21    3.68876e+21    1.84438e+21    1.84439e+21    1.84438e+21    0.00000e+00
    1.70800e-02    1.18792e+21    2.84829e+21    1.42415e+21    1.42416e+21    1.42414e+21    0.00000e+00
    1.79700e-02    1.03885e+21    2.15587e+21    1.07793e+21    1.07794e+21    1.07793e+21    0.00000e+00
    1.89000e-02    8.48430e+20    1.62473e+21    8.12364e+20    8.12368e+20    8.12363e+20    0.00000e+00
    1.98900e-02    6.62136e+20    1.16790e+21    5.83948e+20    5.83951e+20    5.83948e+20    0.00000e+00
    2.09200e-02    4.96492e+20    8.79907e+20    4.39953e+20    4.39955e+20    4.39953e+20    0.00000e+00
    2.20100e-02    3.42050e+20    6.17174e+20    3.08587e+20    3.08588e+20    3.08587e+20    0.00000e+00
    2.31600e-02    2.46534e+20    4.75852e+20    2.37926e+20    2.37927e+20    2.37926e+20    0.00000e+00
    2.43700e-02    1.53474e+20    3.36018e+20    1.68009e+20    1.68009e+20    1.68009e+20    0.00000e+00
    2.56300e-02    1.11194e+20    2.55359e+20    1.27679e+20    1.27679e+20    1.27679e+20    0.00000e+00
    2.69700e-02    6.62264e+19    1.69578e+20    8.47890e+19    8.47891e+19    8.47890e+19    0.00000e+00
    2.83700e-02    4.92068e+19    1.21535e+20    6.07673e+19    6.07674e+19    6.07673e+19    0.00000e+00
    2.98500e-02    3.14315e+19    7.10484e+19    3.55242e+19    3.55242e+19    3.55242e+19    0.00000e+00
    3.14000e-02    2.18714e+19    4.67016e+19    2.33508e+19    2.33508e+19    2.33508e+19    0.00000e+00
    3.30400e-02    1.32091e+19    2.55204e+19    1.27602e+19    1.27602e+19    1.27602e+19    0.00000e+00
    3.47600e-02    8.22141e+18    1.52018e+19    7.60090e+18    7.60091e+18    7.60090e+18    0.00000e+00
    3.65700e-02    4.45071e+18    8.63552e+18    4.31776e+18    4.31776e+18    4.31776e+18    0.00000e+00
    3.84700e-02    2.32620e+18    4.79586e+18    2.39793e+18    2.39793e+18    2.39793e+18    0.00000e+00
    4.04800e-02    1.27404e+18    2.72452e+18    1.36226e+18    1.36226e+18    1.36226e+18    0.00000e+00
    4.25900e-02    5.94568e+17    1.33538e+18    6.67692e+17    6.67692e+17    6.67692e+17    0.00000e+00
    4.48000e-02    3.36181e+17    7.17963e+17    3.58981e+17    3.58981e+17    3.58981e+17    0.00000e+00
    4.71400e-02    1.40920e+17    2.64079e+17    1.32039e+17    1.32040e+17    1.32039e+17    0.00000e+00
    4.95900e-02    7.73401e+16    1.48329e+17    7.41645e+16    7.41645e+16    7.41645e+16    0.00000e+00
    5.21700e-02    2.40034e+16    5.04955e+16    2.52477e+16    2.52478e+16    2.52477e+16    0.00000e+00
    5.48900e-02    1.34443e+16    2.80532e+16    1.40266e+16    1.40266e+16    1.40266e+16    0.00000e+00
    5.77500e-02    3.43387e+15    6.80104e+15    3.40052e+15    3.40052e+15    3.40052e+15    0.00000e+00
    6.07500e-02    1.96466e+15    3.90183e+15    1.95091e+15    1.95091e+15    1.95091e+15    0.00000e+00
    6.39200e-02    4.12203e+14    8.38328e+14    4.19164e+14    4.19164e+14    4.19164e+14    0.00000e+00
    6.72400e-02    2.26988e+14    4.61303e+14    2.30652e+14    2.30652e+14    2.30652e+14    0.00000e+00
    7.07500e-02    5.56867e+13    1.10878e+14    5.54388e+13    5.54388e+13    5.54388e+13    0.00000e+00
    7.44300e-02    1.93882e+13    3.78561e+13    1.89281e+13    1.89281e+13    1.89281e+13    0.00000e+00
    7.83000e-02    5.62292e+12    1.12040e+13    5.60202e+12    5.60202e+12    5.60202e+12    0.00000e+00
    8.23800e-02    1.20640e+12    2.54864e+12    1.27432e+12    1.27432e+12    1.27432e+12    0.00000e+00
    8.66700e-02    4.03918e+11    8.45692e+11    4.22846e+11    4.22846e+11    4.22846e+11    0.00000e+00
    9.11800e-02    5.47858e+10    1.07814e+11    5.39071e+10    5.39071e+10    5.39071e+10    0.00000e+00
    9.59300e-02    2.06385e+10    4.05679e+10    2.02840e+10    2.02840e+10    2.02840e+10    0.00000e+00
    1.00900e-01    1.66299e+09    3.21576e+09    1.60788e+09    1.60788e+09    1.60788e+09    0.00000e+00
    1.06200e-01    6.88956e+08    1.33376e+09    6.66880e+08    6.66880e+08    6.66880e+08    0.00000e+00
    1.11700e-01    3.32555e+07    6.64393e+07    3.32196e+07    3.32196e+07    3.32196e+07    0.00000e+00
    1.17500e-01    1.51789e+07    3.03230e+07    1.51615e+07    1.51615e+07    1.51615e+07    0.00000e+00
    1.23600e-01    3.66840e+05    7.29471e+05    3.64736e+05    3.64736e+05    3.64736e+05    0.00000e+00
    1.30100e-01    1.78750e+05    3.55466e+05    1.77733e+05    1.77733e+05    1.77733e+05    0.00000e+00
    1.36900e-01    2.94457e+03    5.88550e+03    2.94275e+03    2.94275e+03    2.94275e+03    0.00000e+00
    1.44000e-01    1.53517e+03    3.06826e+03    1.53413e+03    1.53413e+03    1.53413e+03    0.00000e+00
    1.51500e-01    4.63559e+01    9.22958e+01    4.61479e+01    4.61479e+01    4.61479e+01    0.00000e+00
    1.59400e-01    4.95370e+00    9.69998e+00    4.84999e+00    4.84999e+00    4.84999e+00    0.00000e+00
    1.67700e-01    6.77130e-01    1.32638e+00    6.63190e-01    6.63190e-01    6.63190e-01    0.00000e+00
    1.76400e-01    1.23858e-02    2.45891e-02    1.22945e-02    1.22945e-02    1.22945e-02    0.00000e+00
    1.85600e-01    2.77208e-03    5.50307e-03    2.75154e-03    2.75154e-03    2.75154e-03    0.00000e+00
    1.95200e-01    1.49454e-05    2.94803e-05    1.47401e-05    1.47401e-05    1.47401e-05    0.00000e+00
    2.05400e-01    4.42695e-06    8.73230e-06    4.36615e-06    4.36615e-06    4.36615e-06    0.00000e+00
    2.16100e-01    7.79345e-09    1.53639e-08    7.68193e-09    7.68193e-09    7.68193e-09    0.00000e+00
    2.27400e-01    2.75612e-09    5.43335e-09    2.71667e-09    2.71667e-09    2.71667e-09    0.00000e+00
    2.39200e-01    1.58982e-12    3.10357e-12    1.55178e-12    1.55178e-12    1.55178e-12    0.00000e+00
    2.51700e-01    6.43463e-13    1.25614e-12    6.28068e-13    6.28068e-13    6.28068e-13    0.00000e+00
    2.64800e-01    1.49497e-16    2.89482e-16    1.44741e-16    1.44741e-16    1.44741e-16    0.00000e+00
    2.78500e-01    6.77358e-17    1.31162e-16    6.55809e-17    6.55809e-17    6.55809e-17    0.00000e+00
    2.93000e-01    4.12199e-21    8.00149e-21    4.00074e-21    4.00074e-21    4.00074e-21    0.00000e+00
    3.08300e-01    2.01139e-21    3.90444e-21    1.95222e-21    1.95222e-21    1.95222e-21    0.00000e+00
    3.24400e-01    3.22544e-26    6.24340e-26    3.12170e-26    3.12170e-26    3.12170e-26    0.00000e+00
    3.41200e-01    1.68936e-26    3.27004e-26    1.63502e-26    1.63502e-26    1.63502e-26    0.00000e+00
    3.59000e-01    6.18347e-28    1.19692e-27    5.98459e-28    5.98459e-28    5.98459e-28    0.00000e+00
    3.77700e-01    3.81788e-32    7.34136e-32    3.67068e-32    3.67068e-32    3.67068e-32    0.00000e+00
    3.97400e-01    5.42823e-33    1.04379e-32    5.21894e-33    5.21894e-33    5.21894e-33    0.00000e+00
    4.18100e-01    2.02051e-38    3.86139e-38    1.93069e-38    1.93069e-38    1.93069e-38    0.00000e+00
    4.39800e-01    4.67110e-39    8.92692e-39    4.46346e-39    4.46346e-39    4.46346e-39    0.00000e+00
    4.62700e-01    2.10849e-45    3.95021e-45    1.97510e-45    1.97510e-45    1.97510e-45    0.00000e+00
    4.86800e-01    6.35122e-46    1.18989e-45    5.94944e-46    5.94944e-46    5.94944e-46    0.00000e+00
    5.12200e-01    2.94581e-53    5.32232e-53    2.66116e-53    2.66116e-53    2.66116e-53    0.00000e+00
    5.38800e-01    1.06440e-53    1.92309e-53    9.61544e-54    9.61544e-54    9.61544e-54    0.00000e+00
    5.66900e-01    5.54668e-62    1.03382e-61    5.16908e-62    5.16908e-62    5.16908e-62    0.00000e+00
    5.96400e-01    2.27843e-62    4.24665e-62    2.12333e-62    2.12333e-62    2.12333e-62    0.00000e+00
    6.27500e-01    1.00967e-71    1.78324e-71    8.91618e-72    8.91618e-72    8.91618e-72    0.00000e+00
    6.60100e-01    4.59022e-72    8.10706e-72    4.05353e-72    4.05353e-72    4.05353e-72    0.00000e+00
    6.94500e-01    1.59915e-82    2.73614e-82    1.36807e-82    1.36807e-82    1.36807e-82    0.00000e+00
    7.30700e-01    7.84933e-83    1.34301e-82    6.71507e-83    6.71507e-83    6.71507e-83    0.00000e+00
    7.68700e-01    1.32262e-94    2.21417e-94    1.10709e-94    1.10709e-94    1.10709e-94    0.00000e+00
    8.08800e-01    6.92323e-95    1.15900e-94    5.79501e-95    5.79501e-95    5.79501e-95    0.00000e+00
    8.50900e-01    3.05874e-96    5.12057e-96    2.56028e-96    2.56028e-96    2.56028e-96    0.00000e+00
    8.95200e-01   2.35481e-108   4.06343e-108   2.03172e-108   2.03172e-108   2.03172e-108    0.00000e+00
    9.41800e-01   3.53710e-109   6.10357e-109   3.05178e-109   3.05178e-109   3.05178e-109   6.43539e-143
    9.90800e-01   2.92981e-123   4.75718e-123   2.37859e-123   2.37859e-123   2.37859e-123   1.18392e-143
    1.04200e+00   7.07618e-124   1.14897e-123   5.74485e-124   5.74485e-124   5.74485e-124   1.59232e-161
    1.09700e+00   5.81201e-140   9.71418e-140   4.85709e-140   4.85709e-140   4.85709e-140   2.92939e-162
    1.15400e+00   1.76746e-140   2.95412e-140   1.47706e-140   1.47706e-140   1.47706e-140   2.69987e-182
    1.21400e+00   1.51654e-158   2.34724e-158   1.17362e-158   1.17362e-158   1.17362e-158   4.96696e-183
    1.27700e+00   5.53977e-159   8.57423e-159   4.28712e-159   4.28712e-159   4.28712e-159   2.14615e-205
    1.34400e+00   2.43977e-179   3.84248e-179   1.92124e-179   1.92124e-179   1.92124e-179   3.94827e-206
    1.41400e+00   1.00362e-179   1.58064e-179   7.90318e-180   7.90318e-180   7.90318e-180   4.62585e-231
    1.48700e+00   2.02239e-202   2.95230e-202   1.47615e-202   1.47615e-202   1.47615e-202   8.51017e-232
    1.56500e+00   9.16431e-203   1.33781e-202   6.68905e-203   6.68905e-203   6.68905e-203   9.45198e-260
    1.64600e+00   3.93885e-228   6.08851e-228   3.04425e-228   3.04425e-228   3.04425e-228   1.73888e-260
    1.73200e+00   1.93857e-228   2.99656e-228   1.49828e-228   1.49828e-228   1.49828e-228   2.74805e-291
    1.82200e+00   7.98813e-257   1.18534e-256   5.92671e-257   5.92671e-257   5.92671e-257   1.13228e-291
    1.91700e+00   4.19803e-257   6.22938e-257   3.11469e-257   3.11469e-257   3.11469e-257   2.08305e-292
    2.01700e+00   2.08462e-258   3.09333e-258   1.54666e-258   1.54666e-258   1.54666e-258    0.00000e+00
    2.12200e+00   5.90926e-289   7.46831e-289   3.73415e-289   3.73415e-289   3.73415e-289    0.00000e+00
    2.23200e+00   9.35111e-290   1.18182e-289   5.90911e-290   5.90911e-290   5.90911e-290    0.00000e+00
    2.34800e+00    0.00000e+00    0.00000e+00    0.00000e+00    0.00000e+00    0.00000e+00    0.00000e+00
    2.47000e+00    0.00000e+00    0.00000e+00    0.00000e+00    0.00000e+00    0.00000e+00    0.00000e+00
    2.59900e+00    0.00000e+00    0.00000e+00    0.00000e+00    0.00000e+00    0.00000e+00    0.00000e+00
    2.73400e+00    0.00000e+00    0.00000e+00    0.00000e+00    0.00000e+00    0.00000e+00    0.00000e+00
    2.87700e+00    0.00000e+00    0.00000e+00    0.00000e+00    0.00000e+00    0.00000e+00    0.00000e+00
    3.02700e+00    0.00000e+00    0.00000e+00    0.00000e+00    0.00000e+00    0.00000e+00    0.00000e+00
    3.18400e+00    0.00000e+00    0.00000e+00    0.00000e+00    0.00000e+00    0.00000e+00    0.00000e+00
    3.35000e+00    0.00000e+00    0.00000e+00    0.00000e+00    0.00000e+00    0.00000e+00    0.00000e+00
    3.52400e+00    0.00000e+00    0.00000e+00    0.00000e+00    0.00000e+00    0.00000e+00    0.00000e+00
    3.70800e+00    0.00000e+00    0.00000e+00    0.00000e+00    0.00000e+00    0.00000e+00    0.00000e+00
    3.90100e+00    0.00000e+00    0.00000e+00    0.00000e+00    0.00000e+00    0.00000e+00    0.00000e+00
    4.10400e+00    0.00000e+00    0.00000e+00    0.00000e+00    0.00000e+00    0.00000e+00    0.00000e+00
    4.31800e+00    0.00000e+00    0.00000e+00    0.00000e+00    0.00000e+00    0.00000e+00    0.00000e+00
    4.54300e+00    0.00000e+00    0.00000e+00    0.00000e+00    0.00000e+00    0.00000e+00    0.00000e+00
    4.77900e+00    0.00000e+00    0.00000e+00    0.00000e+00    0.00000e+00    0.00000e+00    0.00000e+00
    5.02800e+00    0.00000e+00    0.00000e+00    0.00000e+00    0.00000e+00    0.00000e+00    0.00000e+00
    5.29000e+00    0.00000e+00    0.00000e+00    0.00000e+00    0.00000e+00    0.00000e+00    0.00000e+00
    5.56500e+00    0.00000e+00    0.00000e+00    0.00000e+00    0.00000e+00    0.00000e+00    0.00000e+00
    5.85500e+00    0.00000e+00    0.00000e+00    0.00000e+00    0.00000e+00    0.00000e+00    0.00000e+00
    6.16000e+00    0.00000e+00    0.00000e+00    0.00000e+00    0.00000e+00    0.00000e+00    0.00000e+00
    6.48100e+00    0.00000e+00    0.00000e+00    0.00000e+00    0.00000e+00    0.00000e+00    0.00000e+00
    6.81800e+00    0.00000e+00    0.00000e+00    0.00000e+00    0.00000e+00    0.00000e+00    0.00000e+00
    7.17300e+00    0.00000e+00    0.00000e+00    0.00000e+00    0.00000e+00    0.00000e+00    0.00000e+00
    7.54700e+00    0.00000e+00    0.00000e+00    0.00000e+00    0.00000e+00    0.00000e+00    0.00000e+00
    7.94000e+00    0.00000e+00    0.00000e+00    0.00000e+00    0.00000e+00    0.00000e+00    0.00000e+00
    8.35300e+00    0.00000e+00    0.00000e+00    0.00000e+00    0.00000e+00    0.00000e+00    0.00000e+00
    8.78800e+00    0.00000e+00    0.00000e+00    0.00000e+00    0.00000e+00    0.00000e+00    0.00000e+00
    9.24600e+00    0.00000e+00    0.00000e+00    0.00000e+00    0.00000e+00    0.00000e+00    0.00000e+00
    9.72700e+00    0.00000e+00    0.00000e+00    0.00000e+00    0.00000e+00    0.00000e+00    0.00000e+00
    1.02300e+01    0.00000e+00    0.00000e+00    0.00000e+00    0.00000e+00    0.00000e+00    0.00000e+00
    1.07700e+01    0.00000e+00    0.00000e+00    0.00000e+00    0.00000e+00    0.00000e+00    0.00000e+00
    1.13300e+01    0.00000e+00    0.00000e+00    0.00000e+00    0.00000e+00    0.00000e+00    0.00000e+00
    1.19200e+01    0.00000e+00    0.00000e+00    0.00000e+00    0.00000e+00    0.00000e+00    0.00000e+00
    1.25400e+01    0.00000e+00    0.00000e+00    0.00000e+00    0.00000e+00    0.00000e+00    0.00000e+00
    1.31900e+01    0.00000e+00    0.00000e+00    0.00000e+00    0.00000e+00    0.00000e+00    0.00000e+00
    1.38800e+01    0.00000e+00    0.00000e+00    0.00000e+00    0.00000e+00    0.00000e+00    0.00000e+00
    1.46000e+01    0.00000e+00    0.00000e+00    0.00000e+00    0.00000e+00    0.00000e+00    0.00000e+00
    1.53600e+01    0.00000e+00    0.00000e+00    0.00000e+00    0.00000e+00    0.00000e+00    0.00000e+00
    1.61600e+01    0.00000e+00    0.00000e+00    0.00000e+00    0.00000e+00    0.00000e+00    0.00000e+00
    1.70000e+01    0.00000e+00    0.00000e+00    0.00000e+00    0.00000e+00    0.00000e+00    0.00000e+00
    1.78900e+01    0.00000e+00    0.00000e+00    0.00000e+00    0.00000e+00    0.00000e+00    0.00000e+00
    1.88200e+01    0.00000e+00    0.00000e+00    0.00000e+00    0.00000e+00    0.00000e+00    0.00000e+00
    1.98000e+01    0.00000e+00    0.00000e+00    0.00000e+00    0.00000e+00    0.00000e+00    0.00000e+00
    2.08300e+01    0.00000e+00    0.00000e+00    0.00000e+00    0.00000e+00    0.00000e+00    0.00000e+00
    2.19100e+01    0.00000e+00    0.00000e+00    0.00000e+00    0.00000e+00    0.00000e+00    0.00000e+00
    2.30500e+01    0.00000e+00    0.00000e+00    0.00000e+00    0.00000e+00    0.00000e+00    0.00000e+00
    2.42500e+01    0.00000e+00    0.00000e+00    0.00000e+00    0.00000e+00    0.00000e+00    0.00000e+00
    2.55200e+01    0.00000e+00    0.00000e+00    0.00000e+00    0.00000e+00    0.00000e+00    0.00000e+00
    2.68400e+01    0.00000e+00    0.00000e+00    0.00000e+00    0.00000e+00    0.00000e+00    0.00000e+00
    2.82400e+01    0.00000e+00    0.00000e+00    0.00000e+00    0.00000e+00    0.00000e+00    0.00000e+00
    2.97100e+01    0.00000e+00    0.00000e+00    0.00000e+00    0.00000e+00    0.00000e+00    0.00000e+00
    3.12600e+01    0.00000e+00    0.00000e+00    0.00000e+00    0.00000e+00    0.00000e+00    0.00000e+00
    3.28900e+01    0.00000e+00    0.00000e+00    0.00000e+00    0.00000e+00    0.00000e+00    0.00000e+00
    3.46000e+01    0.00000e+00    0.00000e+00    0.00000e+00    0.00000e+00    0.00000e+00    0.00000e+00
    3.64000e+01    0.00000e+00    0.00000e+00    0.00000e+00    0.00000e+00    0.00000e+00    0.00000e+00
    3.83000e+01    0.00000e+00    0.00000e+00    0.00000e+00    0.00000e+00    0.00000e+00    0.00000e+00
    4.02900e+01    0.00000e+00    0.00000e+00    0.00000e+00    0.00000e+00    0.00000e+00    0.00000e+00
    4.23900e+01    0.00000e+00    0.00000e+00    0.00000e+00    0.00000e+00    0.00000e+00    0.00000e+00
    4.46000e+01    0.00000e+00    0.00000e+00    0.00000e+00    0.00000e+00    0.00000e+00    0.00000e+00
    4.69200e+01    0.00000e+00    0.00000e+00    0.00000e+00    0.00000e+00    0.00000e+00    0.00000e+00
    4.93600e+01    0.00000e+00    0.00000e+00    0.00000e+00    0.00000e+00    0.00000e+00    0.00000e+00
    5.19300e+01    0.00000e+00    0.00000e+00    0.00000e+00    0.00000e+00    0.00000e+00    0.00000e+00
    5.46400e+01    0.00000e+00    0.00000e+00    0.00000e+00    0.00000e+00    0.00000e+00    0.00000e+00
    5.74800e+01    0.00000e+00    0.00000e+00    0.00000e+00    0.00000e+00    0.00000e+00    0.00000e+00
    6.04700e+01    0.00000e+00    0.00000e+00    0.00000e+00    0.00000e+00    0.00000e+00    0.00000e+00
    6.36200e+01    0.00000e+00    0.00000e+00    0.00000e+00    0.00000e+00    0.00000e+00    0.00000e+00
    6.69300e+01    0.00000e+00    0.00000e+00    0.00000e+00    0.00000e+00    0.00000e+00    0.00000e+00
    7.04200e+01    0.00000e+00    0.00000e+00    0.00000e+00    0.00000e+00    0.00000e+00    0.00000e+00
    7.40900e+01    0.00000e+00    0.00000e+00    0.00000e+00    0.00000e+00    0.00000e+00    0.00000e+00
    7.79400e+01    0.00000e+00    0.00000e+00    0.00000e+00    0.00000e+00    0.00000e+00    0.00000e+00
    8.20000e+01    0.00000e+00    0.00000e+00    0.00000e+00    0.00000e+00    0.00000e+00    0.00000e+00
    8.62700e+01    0.00000e+00    0.00000e+00    0.00000e+00    0.00000e+00    0.00000e+00    0.00000e+00
    9.07600e+01    0.00000e+00    0.00000e+00    0.00000e+00    0.00000e+00    0.00000e+00    0.00000e+00
    9.54900e+01    0.00000e+00    0.00000e+00    0.00000e+00    0.00000e+00    0.00000e+00    0.00000e+00
    1.00500e+02    0.00000e+00    0.00000e+00    0.00000e+00    0.00000e+00    0.00000e+00    0.00000e+00
    1.05700e+02    0.00000e+00    0.00000e+00    0.00000e+00    0.00000e+00    0.00000e+00    0.00000e+00
    1.11200e+02    0.00000e+00    0.00000e+00    0.00000e+00    0.00000e+00    0.00000e+00    0.00000e+00
    1.17000e+02    0.00000e+00    0.00000e+00    0.00000e+00    0.00000e+00    0.00000e+00    0.00000e+00
    1.23100e+02    0.00000e+00    0.00000e+00    0.00000e+00    0.00000e+00    0.00000e+00    0.00000e+00
    1.29500e+02    0.00000e+00    0.00000e+00    0.00000e+00    0.00000e+00    0.00000e+00    0.00000e+00
    1.36200e+02    0.00000e+00    0.00000e+00    0.00000e+00    0.00000e+00    0.00000e+00    0.00000e+00
    1.43300e+02    0.00000e+00    0.00000e+00    0.00000e+00    0.00000e+00    0.00000e+00    0.00000e+00
    1.50800e+02    0.00000e+00    0.00000e+00    0.00000e+00    0.00000e+00    0.00000e+00    0.00000e+00
    1.58600e+02    0.00000e+00    0.00000e+00    0.00000e+00    0.00000e+00    0.00000e+00    0.00000e+00
    1.66900e+02    0.00000e+00    0.00000e+00    0.00000e+00    0.00000e+00    0.00000e+00    0.00000e+00
    1.75600e+02    0.00000e+00    0.00000e+00    0.00000e+00    0.00000e+00    0.00000e+00    0.00000e+00
    1.84700e+02    0.00000e+00    0.00000e+00    0.00000e+00    0.00000e+00    0.00000e+00    0.00000e+00
    1.94300e+02    0.00000e+00    0.00000e+00    0.00000e+00    0.00000e+00    0.00000e+00    0.00000e+00
    2.04500e+02    0.00000e+00    0.00000e+00    0.00000e+00    0.00000e+00    0.00000e+00    0.00000e+00
    2.15100e+02    0.00000e+00    0.00000e+00    0.00000e+00    0.00000e+00    0.00000e+00    0.00000e+00
    2.26300e+02    0.00000e+00    0.00000e+00    0.00000e+00    0.00000e+00    0.00000e+00    0.00000e+00
    2.38100e+02    0.00000e+00    0.00000e+00    0.00000e+00    0.00000e+00    0.00000e+00    0.00000e+00
    2.50500e+02    0.00000e+00    0.00000e+00    0.00000e+00    0.00000e+00    0.00000e+00    0.00000e+00
    2.63500e+02    0.00000e+00    0.00000e+00    0.00000e+00    0.00000e+00    0.00000e+00    0.00000e+00
    2.77300e+02    0.00000e+00    0.00000e+00    0.00000e+00    0.00000e+00    0.00000e+00    0.00000e+00
    2.91700e+02    0.00000e+00    0.00000e+00    0.00000e+00    0.00000e+00    0.00000e+00    0.00000e+00
    3.06900e+02    0.00000e+00    0.00000e+00    0.00000e+00    0.00000e+00    0.00000e+00    0.00000e+00
    3.22900e+02    0.00000e+00    0.00000e+00    0.00000e+00    0.00000e+00    0.00000e+00    0.00000e+00
    3.39700e+02    0.00000e+00    0.00000e+00    0.00000e+00    0.00000e+00    0.00000e+00    0.00000e+00
    3.57400e+02    0.00000e+00    0.00000e+00    0.00000e+00    0.00000e+00    0.00000e+00    0.00000e+00
    3.76000e+02    0.00000e+00    0.00000e+00    0.00000e+00    0.00000e+00    0.00000e+00    0.00000e+00
    3.95500e+02    0.00000e+00    0.00000e+00    0.00000e+00    0.00000e+00    0.00000e+00    0.00000e+00
    4.16100e+02    0.00000e+00    0.00000e+00    0.00000e+00    0.00000e+00    0.00000e+00    0.00000e+00
    4.37800e+02    0.00000e+00    0.00000e+00    0.00000e+00    0.00000e+00    0.00000e+00    0.00000e+00
    4.60600e+02    0.00000e+00    0.00000e+00    0.00000e+00    0.00000e+00    0.00000e+00    0.00000e+00
    4.84600e+02    0.00000e+00    0.00000e+00    0.00000e+00    0.00000e+00    0.00000e+00    0.00000e+00
    5.09800e+02    0.00000e+00    0.00000e+00    0.00000e+00    0.00000e+00    0.00000e+00    0.00000e+00
    5.36400e+02    0.00000e+00    0.00000e+00    0.00000e+00    0.00000e+00    0.00000e+00    0.00000e+00
    5.64300e+02    0.00000e+00    0.00000e+00    0.00000e+00    0.00000e+00    0.00000e+00    0.00000e+00
    5.93700e+02    0.00000e+00    0.00000e+00    0.00000e+00    0.00000e+00    0.00000e+00    0.00000e+00
    6.24600e+02    0.00000e+00    0.00000e+00    0.00000e+00    0.00000e+00    0.00000e+00    0.00000e+00
    6.57100e+02    0.00000e+00    0.00000e+00    0.00000e+00    0.00000e+00    0.00000e+00    0.00000e+00
    6.91300e+02    0.00000e+00    0.00000e+00    0.00000e+00    0.00000e+00    0.00000e+00    0.00000e+00
    7.27300e+02    0.00000e+00    0.00000e+00    0.00000e+00    0.00000e+00    0.00000e+00    0.00000e+00
    7.65200e+02    0.00000e+00    0.00000e+00    0.00000e+00    0.00000e+00    0.00000e+00    0.00000e+00
    8.05000e+02    0.00000e+00    0.00000e+00    0.00000e+00    0.00000e+00    0.00000e+00    0.00000e+00
    8.46900e+02    0.00000e+00    0.00000e+00    0.00000e+00    0.00000e+00    0.00000e+00    0.00000e+00
    8.91000e+02    0.00000e+00    0.00000e+00    0.00000e+00    0.00000e+00    0.00000e+00    0.00000e+00
    9.37400e+02    0.00000e+00    0.00000e+00    0.00000e+00    0.00000e+00    0.00000e+00    0.00000e+00
    9.86300e+02    0.00000e+00    0.00000e+00    0.00000e+00    0.00000e+00    0.00000e+00    0.00000e+00
    1.03800e+03    0.00000e+00    0.00000e+00    0.00000e+00    0.00000e+00    0.00000e+00    0.00000e+00
    1.09200e+03    0.00000e+00    0.00000e+00    0.00000e+00    0.00000e+00    0.00000e+00    0.00000e+00
    1.14800e+03    0.00000e+00    0.00000e+00    0.00000e+00    0.00000e+00    0.00000e+00    0.00000e+00
    1.20800e+03    0.00000e+00    0.00000e+00    0.00000e+00    0.00000e+00    0.00000e+00    0.00000e+00
    1.27100e+03    0.00000e+00    0.00000e+00    0.00000e+00    0.00000e+00    0.00000e+00    0.00000e+00
    1.33700e+03    0.00000e+00    0.00000e+00    0.00000e+00    0.00000e+00    0.00000e+00    0.00000e+00
    1.40700e+03    0.00000e+00    0.00000e+00    0.00000e+00    0.00000e+00    0.00000e+00    0.00000e+00
    1.48000e+03    0.00000e+00    0.00000e+00    0.00000e+00    0.00000e+00    0.00000e+00    0.00000e+00
    1.55700e+03    0.00000e+00    0.00000e+00    0.00000e+00    0.00000e+00    0.00000e+00    0.00000e+00
    1.63800e+03    0.00000e+00    0.00000e+00    0.00000e+00    0.00000e+00    0.00000e+00    0.00000e+00
    1.72400e+03    0.00000e+00    0.00000e+00    0.00000e+00    0.00000e+00    0.00000e+00    0.00000e+00
    1.81400e+03    0.00000e+00    0.00000e+00    0.00000e+00    0.00000e+00    0.00000e+00    0.00000e+00
    1.90800e+03    0.00000e+00    0.00000e+00    0.00000e+00    0.00000e+00    0.00000e+00    0.00000e+00
    2.00700e+03    0.00000e+00    0.00000e+00    0.00000e+00    0.00000e+00    0.00000e+00    0.00000e+00
    2.11200e+03    0.00000e+00    0.00000e+00    0.00000e+00    0.00000e+00    0.00000e+00    0.00000e+00
    2.22200e+03    0.00000e+00    0.00000e+00    0.00000e+00    0.00000e+00    0.00000e+00    0.00000e+00
    2.33700e+03    0.00000e+00    0.00000e+00    0.00000e+00    0.00000e+00    0.00000e+00    0.00000e+00
    2.45900e+03    0.00000e+00    0.00000e+00    0.00000e+00    0.00000e+00    0.00000e+00    0.00000e+00
    2.58700e+03    0.00000e+00    0.00000e+00    0.00000e+00    0.00000e+00    0.00000e+00    0.00000e+00
    2.72200e+03    0.00000e+00    0.00000e+00    0.00000e+00    0.00000e+00    0.00000e+00    0.00000e+00
    2.86400e+03    0.00000e+00    0.00000e+00    0.00000e+00    0.00000e+00    0.00000e+00    0.00000e+00
    3.01300e+03    0.00000e+00    0.00000e+00    0.00000e+00    0.00000e+00    0.00000e+00    0.00000e+00
    3.17000e+03    0.00000e+00    0.00000e+00    0.00000e+00    0.00000e+00    0.00000e+00    0.00000e+00
    3.33500e+03    0.00000e+00    0.00000e+00    0.00000e+00    0.00000e+00    0.00000e+00    0.00000e+00
    3.50800e+03    0.00000e+00    0.00000e+00    0.00000e+00    0.00000e+00    0.00000e+00    0.00000e+00
    3.69100e+03    0.00000e+00    0.00000e+00    0.00000e+00    0.00000e+00    0.00000e+00    0.00000e+00
    3.88300e+03    0.00000e+00    0.00000e+00    0.00000e+00    0.00000e+00    0.00000e+00    0.00000e+00
    4.08500e+03    0.00000e+00    0.00000e+00    0.00000e+00    0.00000e+00    0.00000e+00    0.00000e+00
    4.29800e+03    0.00000e+00    0.00000e+00    0.00000e+00    0.00000e+00    0.00000e+00    0.00000e+00
    4.52200e+03    0.00000e+00    0.00000e+00    0.00000e+00    0.00000e+00    0.00000e+00    0.00000e+00
    4.75700e+03    0.00000e+00    0.00000e+00    0.00000e+00    0.00000e+00    0.00000e+00    0.00000e+00
    5.00500e+03    0.00000e+00    0.00000e+00    0.00000e+00    0.00000e+00    0.00000e+00    0.00000e+00
    5.26600e+03    0.00000e+00    0.00000e+00    0.00000e+00    0.00000e+00    0.00000e+00    0.00000e+00
    5.54000e+03    0.00000e+00    0.00000e+00    0.00000e+00    0.00000e+00    0.00000e+00    0.00000e+00
    5.82800e+03    0.00000e+00    0.00000e+00    0.00000e+00    0.00000e+00    0.00000e+00    0.00000e+00
    6.13200e+03    0.00000e+00    0.00000e+00    0.00000e+00    0.00000e+00    0.00000e+00    0.00000e+00
    6.45100e+03    0.00000e+00    0.00000e+00    0.00000e+00    0.00000e+00    0.00000e+00    0.00000e+00
    6.78700e+03    0.00000e+00    0.00000e+00    0.00000e+00    0.00000e+00    0.00000e+00    0.00000e+00
    7.14000e+03    0.00000e+00    0.00000e+00    0.00000e+00    0.00000e+00    0.00000e+00    0.00000e+00
    7.51200e+03    0.00000e+00    0.00000e+00    0.00000e+00    0.00000e+00    0.00000e+00    0.00000e+00
    7.90300e+03    0.00000e+00    0.00000e+00    0.00000e+00    0.00000e+00    0.00000e+00    0.00000e+00
    8.31500e+03    0.00000e+00    0.00000e+00    0.00000e+00    0.00000e+00    0.00000e+00    0.00000e+00
    8.74800e+03    0.00000e+00    0.00000e+00    0.00000e+00    0.00000e+00    0.00000e+00    0.00000e+00
    9.20300e+03    0.00000e+00    0.00000e+00    0.00000e+00    0.00000e+00    0.00000e+00    0.00000e+00
    9.68200e+03    0.00000e+00    0.00000e+00    0.00000e+00    0.00000e+00    0.00000e+00    0.00000e+00
    1.01900e+04    0.00000e+00    0.00000e+00    0.00000e+00    0.00000e+00    0.00000e+00    0.00000e+00
    1.07200e+04    0.00000e+00    0.00000e+00    0.00000e+00    0.00000e+00    0.00000e+00    0.00000e+00
    1.12700e+04    0.00000e+00    0.00000e+00    0.00000e+00    0.00000e+00    0.00000e+00    0.00000e+00
    1.18600e+04    0.00000e+00    0.00000e+00    0.00000e+00    0.00000e+00    0.00000e+00    0.00000e+00
    1.24800e+04    0.00000e+00    0.00000e+00    0.00000e+00    0.00000e+00    0.00000e+00    0.00000e+00
    1.31300e+04    0.00000e+00    0.00000e+00    0.00000e+00    0.00000e+00    0.00000e+00    0.00000e+00
    1.38100e+04    0.00000e+00    0.00000e+00    0.00000e+00    0.00000e+00    0.00000e+00    0.00000e+00
    1.45300e+04    0.00000e+00    0.00000e+00    0.00000e+00    0.00000e+00    0.00000e+00    0.00000e+00
    1.52900e+04    0.00000e+00    0.00000e+00    0.00000e+00    0.00000e+00    0.00000e+00    0.00000e+00
    1.60800e+04    0.00000e+00    0.00000e+00    0.00000e+00    0.00000e+00    0.00000e+00    0.00000e+00
    1.69200e+04    0.00000e+00    0.00000e+00    0.00000e+00    0.00000e+00    0.00000e+00    0.00000e+00
    1.78000e+04    0.00000e+00    0.00000e+00    0.00000e+00    0.00000e+00    0.00000e+00    0.00000e+00
    1.87300e+04    0.00000e+00    0.00000e+00    0.00000e+00    0.00000e+00    0.00000e+00    0.00000e+00
    1.97100e+04    0.00000e+00    0.00000e+00    0.00000e+00    0.00000e+00    0.00000e+00    0.00000e+00
    2.07300e+04    0.00000e+00    0.00000e+00    0.00000e+00    0.00000e+00    0.00000e+00    0.00000e+00
    2.18100e+04    0.00000e+00    0.00000e+00    0.00000e+00    0.00000e+00    0.00000e+00    0.00000e+00
    2.29500e+04    0.00000e+00    0.00000e+00    0.00000e+00    0.00000e+00    0.00000e+00    0.00000e+00
    2.41400e+04    0.00000e+00    0.00000e+00    0.00000e+00    0.00000e+00    0.00000e+00    0.00000e+00
    2.54000e+04    0.00000e+00    0.00000e+00    0.00000e+00    0.00000e+00    0.00000e+00    0.00000e+00
    2.67200e+04    0.00000e+00    0.00000e+00    0.00000e+00    0.00000e+00    0.00000e+00    0.00000e+00
    2.81100e+04    0.00000e+00    0.00000e+00    0.00000e+00    0.00000e+00    0.00000e+00    0.00000e+00
    2.95800e+04    0.00000e+00    0.00000e+00    0.00000e+00    0.00000e+00    0.00000e+00    0.00000e+00
    3.11200e+04    0.00000e+00    0.00000e+00    0.00000e+00    0.00000e+00    0.00000e+00    0.00000e+00
    3.27400e+04    0.00000e+00    0.00000e+00    0.00000e+00    0.00000e+00    0.00000e+00    0.00000e+00
    3.44400e+04    0.00000e+00    0.00000e+00    0.00000e+00    0.00000e+00    0.00000e+00    0.00000e+00
    3.62300e+04    0.00000e+00    0.00000e+00    0.00000e+00    0.00000e+00    0.00000e+00    0.00000e+00
    3.81200e+04    0.00000e+00    0.00000e+00    0.00000e+00    0.00000e+00    0.00000e+00    0.00000e+00
    4.01100e+04    0.00000e+00    0.00000e+00    0.00000e+00    0.00000e+00    0.00000e+00    0.00000e+00
    4.21900e+04    0.00000e+00    0.00000e+00    0.00000e+00    0.00000e+00    0.00000e+00    0.00000e+00
    4.43900e+04    0.00000e+00    0.00000e+00    0.00000e+00    0.00000e+00    0.00000e+00    0.00000e+00
    4.67000e+04    0.00000e+00    0.00000e+00    0.00000e+00    0.00000e+00    0.00000e+00    0.00000e+00
    4.91300e+04    0.00000e+00    0.00000e+00    0.00000e+00    0.00000e+00    0.00000e+00    0.00000e+00
    5.16900e+04    0.00000e+00    0.00000e+00    0.00000e+00    0.00000e+00    0.00000e+00    0.00000e+00
    5.43800e+04    0.00000e+00    0.00000e+00    0.00000e+00    0.00000e+00    0.00000e+00    0.00000e+00
    5.72200e+04    0.00000e+00    0.00000e+00    0.00000e+00    0.00000e+00    0.00000e+00    0.00000e+00
    6.01900e+04    0.00000e+00    0.00000e+00    0.00000e+00    0.00000e+00    0.00000e+00    0.00000e+00
    6.33300e+04    0.00000e+00    0.00000e+00    0.00000e+00    0.00000e+00    0.00000e+00    0.00000e+00
    6.66300e+04    0.00000e+00    0.00000e+00    0.00000e+00    0.00000e+00    0.00000e+00    0.00000e+00
    7.01000e+04    0.00000e+00    0.00000e+00    0.00000e+00    0.00000e+00    0.00000e+00    0.00000e+00
    7.37500e+04    0.00000e+00    0.00000e+00    0.00000e+00    0.00000e+00    0.00000e+00    0.00000e+00
    7.75900e+04    0.00000e+00    0.00000e+00    0.00000e+00    0.00000e+00    0.00000e+00    0.00000e+00
    8.16300e+04    0.00000e+00    0.00000e+00    0.00000e+00    0.00000e+00    0.00000e+00    0.00000e+00
    8.58800e+04    0.00000e+00    0.00000e+00    0.00000e+00    0.00000e+00    0.00000e+00    0.00000e+00
    9.03500e+04    0.00000e+00    0.00000e+00    0.00000e+00    0.00000e+00    0.00000e+00    0.00000e+00
    9.50500e+04    0.00000e+00    0.00000e+00    0.00000e+00    0.00000e+00    0.00000e+00    0.00000e+00
    1.00000e+05    0.00000e+00    0.00000e+00    0.00000e+00    0.00000e+00    0.00000e+00    0.00000e+00
