1.000000000000000021e-03 3.901145137146626780e+02
1.051999999999999984e-03 3.759768717850568009e+02
1.106999999999999911e-03 3.605560032437418272e+02
1.163999999999999887e-03 3.459723400377462781e+02
1.224999999999999960e-03 3.315951811124235746e+02
1.288999999999999998e-03 3.163798675522982080e+02
1.356000000000000000e-03 3.030482458361404952e+02
1.427000000000000100e-03 2.874995138024578978e+02
1.500999999999999947e-03 2.756071841039347419e+02
1.579000000000000108e-03 2.610207507911949847e+02
1.661000000000000150e-03 2.493017149951471652e+02
1.747999999999999988e-03 2.364882691075991943e+02
1.839000000000000140e-03 2.255012651194738851e+02
1.935000000000000088e-03 2.142557719730301073e+02
2.034999999999999917e-03 2.044286469287653745e+02
2.141000000000000108e-03 1.949529225189725139e+02
2.252999999999999794e-03 1.858666375666301178e+02
2.370000000000000145e-03 1.780848702944583692e+02
2.492999999999999990e-03 1.703295165075619479e+02
2.623000000000000331e-03 1.635381583537609345e+02
2.759999999999999867e-03 1.571673644082896146e+02
2.903999999999999897e-03 1.520149737254260174e+02
3.054999999999999990e-03 1.469071860091823964e+02
3.213999999999999843e-03 1.430321688026088793e+02
3.380999999999999891e-03 1.388833894617986573e+02
3.556999999999999832e-03 1.359639034533511222e+02
3.742000000000000100e-03 1.329984632338319273e+02
3.936999999999999528e-03 1.309473937401214130e+02
4.142000000000000716e-03 1.289638387954672396e+02
4.357999999999999895e-03 1.274876318976737508e+02
4.585000000000000533e-03 1.263634877112809392e+02
4.824000000000000163e-03 1.254716505106129745e+02
5.074999999999999650e-03 1.250985229286525708e+02
5.338999999999999996e-03 1.247402626191750983e+02
5.616999999999999597e-03 1.247168497817304882e+02
5.908999999999999322e-03 1.246503333345430207e+02
6.217000000000000304e-03 1.251223047900174521e+02
6.540999999999999939e-03 1.252393328913130119e+02
6.880999999999999964e-03 1.259204873128155953e+02
7.239999999999999908e-03 1.262786707061532638e+02
7.617000000000000506e-03 1.270217591164280009e+02
8.012999999999999290e-03 1.276744953560846056e+02
8.429999999999999993e-03 1.284552547260107360e+02
8.868999999999998413e-03 1.291987982952489062e+02
9.330999999999999017e-03 1.297455071060979606e+02
9.816999999999999338e-03 1.305971328709964610e+02
1.032999999999999891e-02 1.310784661903183519e+02
1.086999999999999945e-02 1.317762929396357947e+02
1.143000000000000092e-02 1.324048306724592408e+02
1.203000000000000076e-02 1.328795046289496042e+02
1.264999999999999979e-02 1.333476837624465077e+02
1.330999999999999892e-02 1.338133698882132876e+02
1.400999999999999988e-02 1.340691800470737576e+02
1.473000000000000004e-02 1.342473874505486719e+02
1.549999999999999989e-02 1.344109854672264532e+02
1.631000000000000158e-02 1.344227889463079748e+02
1.715999999999999817e-02 1.343955357190300788e+02
1.805000000000000007e-02 1.342536865529135355e+02
1.898999999999999994e-02 1.340830640330149208e+02
1.997999999999999776e-02 1.335701778590571962e+02
2.101999999999999702e-02 1.332655329388748555e+02
2.212000000000000077e-02 1.326116961002049379e+02
2.326999999999999902e-02 1.319143754250766847e+02
2.447999999999999829e-02 1.311745399471622022e+02
2.574999999999999858e-02 1.302668765299665665e+02
2.708999999999999950e-02 1.293902250094612896e+02
2.850000000000000103e-02 1.282820892058129516e+02
2.998999999999999930e-02 1.271226120224944225e+02
3.155000000000000165e-02 1.257627502846366951e+02
3.318999999999999728e-02 1.244534030661321822e+02
3.491999999999999965e-02 1.229919243204066817e+02
3.673999999999999488e-02 1.214532195088212347e+02
3.864999999999999686e-02 1.197505521310229284e+02
4.066000000000000170e-02 1.181103519709319869e+02
4.277999999999999858e-02 1.162233086729156355e+02
4.500999999999999446e-02 1.144647022830121443e+02
4.734999999999999626e-02 1.124649513729883097e+02
4.982000000000000317e-02 1.104737480335827513e+02
5.240999999999999825e-02 1.083585923340672537e+02
5.513999999999999457e-02 1.062361578297486773e+02
5.800999999999999907e-02 1.040771834282179071e+02
6.102999999999999398e-02 1.017674156403718797e+02
6.421000000000000318e-02 9.958198668841667711e+01
6.755999999999999506e-02 9.720429218986484443e+01
7.106999999999999429e-02 9.491667165844910414e+01
7.477000000000000313e-02 9.248365477748724572e+01
7.867000000000000381e-02 9.013878518459989664e+01
8.276000000000000023e-02 8.763620015342814895e+01
8.707000000000000850e-02 8.529985945128352398e+01
9.160999999999999699e-02 8.279685541166040252e+01
9.637999999999999345e-02 8.038611262104438993e+01
1.014000000000000040e-01 7.792675606416274547e+01
1.067000000000000032e-01 7.547599517895500298e+01
1.122000000000000081e-01 7.311825689842466147e+01
1.180999999999999966e-01 7.068546325481317183e+01
1.242000000000000048e-01 6.836637386181298837e+01
1.307000000000000106e-01 6.593732270613534752e+01
1.375000000000000111e-01 6.367635934150628430e+01
1.446999999999999953e-01 6.132738811779664445e+01
1.522000000000000020e-01 5.911371679063184104e+01
1.600999999999999923e-01 5.689674344139361040e+01
1.683999999999999941e-01 5.477111417034353735e+01
1.771999999999999964e-01 5.265145331316016097e+01
1.864000000000000101e-01 5.063836371120977731e+01
1.960999999999999965e-01 4.865495833755903732e+01
2.064000000000000001e-01 4.668152310751170830e+01
2.170999999999999874e-01 4.483419604188644314e+01
2.283999999999999919e-01 4.298660292985314868e+01
2.403000000000000136e-01 4.125710414573668317e+01
2.528000000000000247e-01 3.955870628267257416e+01
2.660000000000000142e-01 3.797858988100981747e+01
2.798000000000000487e-01 3.643751488809684957e+01
2.943999999999999950e-01 3.500416614878256638e+01
3.096999999999999753e-01 3.361444446508237860e+01
3.259000000000000230e-01 3.228152310882303766e+01
3.427999999999999936e-01 3.103767996350918423e+01
3.606999999999999651e-01 2.981787488324776092e+01
3.795000000000000040e-01 2.872123467330968793e+01
3.991999999999999993e-01 2.766057635104965584e+01
4.200000000000000400e-01 2.672404979387246016e+01
4.419000000000000150e-01 2.581109235267074098e+01
4.649000000000000354e-01 2.502885987671574952e+01
4.891000000000000347e-01 2.424549862152113633e+01
5.144999999999999574e-01 2.356096928039569249e+01
5.413000000000000034e-01 2.290746306886479644e+01
5.695000000000000062e-01 2.230476600701667422e+01
5.992000000000000659e-01 2.178927623064613428e+01
6.304000000000000714e-01 2.131406758667920798e+01
6.632000000000000117e-01 2.095071544604402547e+01
6.976999999999999869e-01 2.060274659028343436e+01
7.340999999999999748e-01 2.036324511448017560e+01
7.722999999999999865e-01 2.010473605438447464e+01
8.125000000000000000e-01 1.992707263022150954e+01
8.548000000000000043e-01 1.975448133864694000e+01
8.992999999999999883e-01 1.962051835014432299e+01
9.460999999999999410e-01 1.955376014606796886e+01
9.954000000000000625e-01 1.950716283822222863e+01
1.046999999999999931e+00 1.955532994210869191e+01
1.101999999999999869e+00 1.960647848576641650e+01
1.159000000000000030e+00 1.973739428074305380e+01
1.219000000000000083e+00 1.984102659876091934e+01
1.283000000000000140e+00 1.998191954661433911e+01
1.350000000000000089e+00 2.012388443889020451e+01
1.419999999999999929e+00 2.025876527916786429e+01
1.493999999999999995e+00 2.045403296034129781e+01
1.572000000000000064e+00 2.064521719090193130e+01
1.654000000000000137e+00 2.091788540587782919e+01
1.739999999999999991e+00 2.117898615377448834e+01
1.830000000000000071e+00 2.148925028036512686e+01
1.925999999999999934e+00 2.177004151333000337e+01
2.025999999999999801e+00 2.203444968002358095e+01
2.131000000000000227e+00 2.229676540797011342e+01
2.241999999999999993e+00 2.250928357618224496e+01
2.358999999999999986e+00 2.277068893793844495e+01
2.481999999999999762e+00 2.300928342035729202e+01
2.611000000000000210e+00 2.330035795181981584e+01
2.746999999999999886e+00 2.358815352423451017e+01
2.890000000000000124e+00 2.387306204538644749e+01
3.040999999999999925e+00 2.414588300410504118e+01
3.198999999999999844e+00 2.432275830109686510e+01
3.366000000000000103e+00 2.450896269946235151e+01
3.540999999999999925e+00 2.458181831035133769e+01
3.725000000000000089e+00 2.467544903837859493e+01
3.918999999999999595e+00 2.474654091655142096e+01
4.123000000000000220e+00 2.479757458825579874e+01
4.338000000000000078e+00 2.489942791815877499e+01
4.564000000000000057e+00 2.487036350807736795e+01
4.801000000000000156e+00 2.491417546512007419e+01
5.051000000000000156e+00 2.469905534164974625e+01
5.314000000000000057e+00 2.454052058007986403e+01
5.590999999999999304e+00 2.417090272469935286e+01
5.881999999999999673e+00 2.378271032632358128e+01
6.187999999999999723e+00 2.338948930031253326e+01
6.511000000000000121e+00 2.291431173998994808e+01
6.850000000000000533e+00 2.254894808570660558e+01
7.205999999999999517e+00 2.203944982086191118e+01
7.581999999999999851e+00 2.159299818504099377e+01
7.976000000000000867e+00 2.093201955558950544e+01
8.391999999999999460e+00 2.019607398327597281e+01
8.829000000000000625e+00 1.927112946386339587e+01
9.288000000000000256e+00 1.817001501783790474e+01
9.772000000000000242e+00 1.694489097823510804e+01
1.027999999999999936e+01 1.559818601246865200e+01
1.082000000000000028e+01 1.414946448634234955e+01
1.137999999999999901e+01 1.269290135011306830e+01
1.196999999999999886e+01 1.122419229331074320e+01
1.259999999999999964e+01 9.731689328057534283e+00
1.325000000000000000e+01 8.374615840270770661e+00
1.393999999999999950e+01 7.041704094632621036e+00
1.466999999999999993e+01 5.853318256505730233e+00
1.542999999999999972e+01 4.773542804683096108e+00
1.623000000000000043e+01 3.817425881780810215e+00
1.708000000000000185e+01 3.004750450644085191e+00
1.796999999999999886e+01 2.289225443429803164e+00
1.889999999999999858e+01 1.750064625265377316e+00
1.989000000000000057e+01 1.287802881899704488e+00
2.092000000000000171e+01 9.558138057915090968e-01
2.200999999999999801e+01 6.968511620673840667e-01
2.316000000000000014e+01 5.004097516056997819e-01
2.437000000000000099e+01 3.590803706769110093e-01
2.562999999999999901e+01 2.506956133024864641e-01
2.697000000000000242e+01 1.768535594893907437e-01
2.837000000000000099e+01 1.193696763696556751e-01
2.985000000000000142e+01 8.259799246219667879e-02
3.139999999999999858e+01 5.227046884184582964e-02
3.303999999999999915e+01 3.509561557167395485e-02
3.475999999999999801e+01 2.011963175277076132e-02
3.657000000000000028e+01 1.263559934779401317e-02
3.846999999999999886e+01 6.786074464497637848e-03
4.048000000000000398e+01 3.912081700690461794e-03
4.259000000000000341e+01 2.160565642341211179e-03
4.479999999999999716e+01 1.175798743842368377e-03
4.714000000000000057e+01 6.342184908803352728e-04
4.959000000000000341e+01 2.985439984909028788e-04
5.217000000000000171e+01 1.560795581696441253e-04
5.489000000000000057e+01 5.849787266458232604e-05
5.775000000000000000e+01 3.145463782962265586e-05
6.075000000000000000e+01 1.035568375729826324e-05
6.392000000000000171e+01 5.591462645290995286e-06
6.723999999999999488e+01 1.409454097444230291e-06
7.075000000000000000e+01 7.740111956426555181e-07
7.442999999999999261e+01 1.739425206288857696e-07
7.829999999999999716e+01 8.452196653865710636e-08
8.237999999999999545e+01 2.206359699632064653e-08
8.667000000000000171e+01 6.895192793493495025e-09
9.117999999999999261e+01 2.089049828232765230e-09
9.593000000000000682e+01 4.246116957637127476e-10
1.009000000000000057e+02 1.467255094879913564e-10
1.062000000000000028e+02 1.748800934652166549e-11
1.116999999999999886e+02 6.712342329263627526e-12
1.175000000000000000e+02 5.004178776493056046e-13
1.236000000000000085e+02 2.104654964554460935e-13
1.300999999999999943e+02 8.598228224146028502e-15
1.369000000000000057e+02 3.884509116342942455e-15
1.440000000000000000e+02 1.059416739357651037e-16
1.515000000000000000e+02 5.119153173009391338e-17
1.593999999999999773e+02 5.742557947978235830e-19
1.676999999999999886e+02 2.962052777469968828e-19
1.764000000000000057e+02 2.838493023996259250e-20
1.855999999999999943e+02 1.365908830838553380e-21
1.952000000000000171e+02 2.546594968518652955e-22
2.054000000000000057e+02 2.466732445092553554e-24
2.160999999999999943e+02 6.467331442837757036e-25
2.273999999999999773e+02 2.402396727368295215e-27
2.391999999999999886e+02 7.882713225934564572e-28
2.516999999999999886e+02 1.178026713894160146e-30
2.647999999999999545e+02 4.455583526232429727e-31
2.785000000000000000e+02 1.922661332538121375e-34
2.930000000000000000e+02 8.143144229972429248e-35
3.083000000000000114e+02 1.441828920457715917e-38
3.244000000000000341e+02 6.616495567983125227e-39
3.411999999999999886e+02 3.462517503053773763e-43
3.590000000000000000e+02 1.706934010523766261e-43
3.776999999999999886e+02 2.314773101392297534e-45
3.973999999999999773e+02 1.173142296306333235e-48
4.181000000000000227e+02 1.498426833991816315e-49
4.398000000000000114e+02 2.049552570969678166e-54
4.626999999999999886e+02 4.456453558498750600e-55
4.868000000000000114e+02 7.882080874400293744e-61
5.122000000000000455e+02 2.269008151434344864e-61
5.387999999999999545e+02 5.100158457195204405e-68
5.668999999999999773e+02 1.776858655502127301e-68
5.964000000000000909e+02 5.527147875260444560e-76
6.275000000000000000e+02 1.840039182335684235e-76
6.601000000000000227e+02 0.000000000000000000e+00
6.945000000000000000e+02 2.869149130354048070e-85
7.307000000000000455e+02 0.000000000000000000e+00
7.687000000000000455e+02 3.297472904353712033e-95
8.087999999999999545e+02 0.000000000000000000e+00
8.508999999999999773e+02 2.771931855845306119e-106
8.952000000000000455e+02 1.830922731203504810e-107
9.417999999999999545e+02 1.363152354026960032e-118
9.908000000000000682e+02 2.168651472315618233e-119
1.042000000000000000e+03 0.000000000000000000e+00
1.097000000000000000e+03 7.044203657368267655e-133
1.154000000000000000e+03 0.000000000000000000e+00
1.214000000000000000e+03 0.000000000000000000e+00
1.277000000000000000e+03 0.000000000000000000e+00
1.344000000000000000e+03 0.000000000000000000e+00
1.414000000000000000e+03 0.000000000000000000e+00
1.487000000000000000e+03 0.000000000000000000e+00
1.565000000000000000e+03 0.000000000000000000e+00
1.646000000000000000e+03 0.000000000000000000e+00
1.732000000000000000e+03 0.000000000000000000e+00
1.822000000000000000e+03 0.000000000000000000e+00
1.917000000000000000e+03 0.000000000000000000e+00
2.017000000000000000e+03 0.000000000000000000e+00
2.122000000000000000e+03 0.000000000000000000e+00
2.232000000000000000e+03 0.000000000000000000e+00
2.348000000000000000e+03 0.000000000000000000e+00
2.470000000000000000e+03 0.000000000000000000e+00
2.599000000000000000e+03 0.000000000000000000e+00
2.734000000000000000e+03 0.000000000000000000e+00
2.877000000000000000e+03 0.000000000000000000e+00
3.027000000000000000e+03 0.000000000000000000e+00
3.184000000000000000e+03 0.000000000000000000e+00
3.350000000000000000e+03 0.000000000000000000e+00
3.524000000000000000e+03 0.000000000000000000e+00
3.708000000000000000e+03 0.000000000000000000e+00
3.901000000000000000e+03 0.000000000000000000e+00
4.104000000000000000e+03 0.000000000000000000e+00
4.318000000000000000e+03 0.000000000000000000e+00
4.543000000000000000e+03 0.000000000000000000e+00
4.779000000000000000e+03 0.000000000000000000e+00
5.028000000000000000e+03 0.000000000000000000e+00
5.290000000000000000e+03 0.000000000000000000e+00
5.565000000000000000e+03 0.000000000000000000e+00
5.855000000000000000e+03 0.000000000000000000e+00
6.160000000000000000e+03 0.000000000000000000e+00
6.481000000000000000e+03 0.000000000000000000e+00
6.818000000000000000e+03 0.000000000000000000e+00
7.173000000000000000e+03 0.000000000000000000e+00
7.547000000000000000e+03 0.000000000000000000e+00
7.940000000000000000e+03 0.000000000000000000e+00
8.353000000000000000e+03 0.000000000000000000e+00
8.788000000000000000e+03 0.000000000000000000e+00
9.246000000000000000e+03 0.000000000000000000e+00
9.727000000000000000e+03 0.000000000000000000e+00
1.023000000000000000e+04 0.000000000000000000e+00
1.077000000000000000e+04 0.000000000000000000e+00
1.133000000000000000e+04 0.000000000000000000e+00
1.192000000000000000e+04 0.000000000000000000e+00
1.254000000000000000e+04 0.000000000000000000e+00
1.319000000000000000e+04 0.000000000000000000e+00
1.388000000000000000e+04 0.000000000000000000e+00
1.460000000000000000e+04 0.000000000000000000e+00
1.536000000000000000e+04 0.000000000000000000e+00
1.616000000000000000e+04 0.000000000000000000e+00
1.700000000000000000e+04 0.000000000000000000e+00
1.789000000000000000e+04 0.000000000000000000e+00
1.882000000000000000e+04 0.000000000000000000e+00
1.980000000000000000e+04 0.000000000000000000e+00
2.083000000000000000e+04 0.000000000000000000e+00
2.191000000000000000e+04 0.000000000000000000e+00
2.305000000000000000e+04 0.000000000000000000e+00
2.425000000000000000e+04 0.000000000000000000e+00
2.552000000000000000e+04 0.000000000000000000e+00
2.684000000000000000e+04 0.000000000000000000e+00
2.824000000000000000e+04 0.000000000000000000e+00
2.971000000000000000e+04 0.000000000000000000e+00
3.126000000000000000e+04 0.000000000000000000e+00
3.289000000000000000e+04 0.000000000000000000e+00
3.460000000000000000e+04 0.000000000000000000e+00
3.640000000000000000e+04 0.000000000000000000e+00
3.830000000000000000e+04 0.000000000000000000e+00
4.029000000000000000e+04 0.000000000000000000e+00
4.239000000000000000e+04 0.000000000000000000e+00
4.460000000000000000e+04 0.000000000000000000e+00
4.692000000000000000e+04 0.000000000000000000e+00
4.936000000000000000e+04 0.000000000000000000e+00
5.193000000000000000e+04 0.000000000000000000e+00
5.464000000000000000e+04 0.000000000000000000e+00
5.748000000000000000e+04 0.000000000000000000e+00
6.047000000000000000e+04 0.000000000000000000e+00
6.362000000000000000e+04 0.000000000000000000e+00
6.693000000000000000e+04 0.000000000000000000e+00
7.042000000000000000e+04 0.000000000000000000e+00
7.409000000000000000e+04 0.000000000000000000e+00
7.794000000000000000e+04 0.000000000000000000e+00
8.200000000000000000e+04 0.000000000000000000e+00
8.627000000000000000e+04 0.000000000000000000e+00
9.076000000000000000e+04 0.000000000000000000e+00
9.549000000000000000e+04 0.000000000000000000e+00
1.005000000000000000e+05 0.000000000000000000e+00
1.057000000000000000e+05 0.000000000000000000e+00
1.112000000000000000e+05 0.000000000000000000e+00
1.170000000000000000e+05 0.000000000000000000e+00
1.231000000000000000e+05 0.000000000000000000e+00
1.295000000000000000e+05 0.000000000000000000e+00
1.362000000000000000e+05 0.000000000000000000e+00
1.433000000000000000e+05 0.000000000000000000e+00
1.508000000000000000e+05 0.000000000000000000e+00
1.586000000000000000e+05 0.000000000000000000e+00
1.669000000000000000e+05 0.000000000000000000e+00
1.756000000000000000e+05 0.000000000000000000e+00
1.847000000000000000e+05 0.000000000000000000e+00
1.943000000000000000e+05 0.000000000000000000e+00
2.045000000000000000e+05 0.000000000000000000e+00
2.151000000000000000e+05 0.000000000000000000e+00
2.263000000000000000e+05 0.000000000000000000e+00
2.381000000000000000e+05 0.000000000000000000e+00
2.505000000000000000e+05 0.000000000000000000e+00
2.635000000000000000e+05 0.000000000000000000e+00
2.773000000000000000e+05 0.000000000000000000e+00
2.917000000000000000e+05 0.000000000000000000e+00
3.069000000000000000e+05 0.000000000000000000e+00
3.229000000000000000e+05 0.000000000000000000e+00
3.397000000000000000e+05 0.000000000000000000e+00
3.574000000000000000e+05 0.000000000000000000e+00
3.760000000000000000e+05 0.000000000000000000e+00
3.955000000000000000e+05 0.000000000000000000e+00
4.161000000000000000e+05 0.000000000000000000e+00
4.378000000000000000e+05 0.000000000000000000e+00
4.606000000000000000e+05 0.000000000000000000e+00
4.846000000000000000e+05 0.000000000000000000e+00
5.098000000000000000e+05 0.000000000000000000e+00
5.364000000000000000e+05 0.000000000000000000e+00
5.643000000000000000e+05 0.000000000000000000e+00
5.937000000000000000e+05 0.000000000000000000e+00
6.246000000000000000e+05 0.000000000000000000e+00
6.571000000000000000e+05 0.000000000000000000e+00
6.913000000000000000e+05 0.000000000000000000e+00
7.273000000000000000e+05 0.000000000000000000e+00
7.652000000000000000e+05 0.000000000000000000e+00
8.050000000000000000e+05 0.000000000000000000e+00
8.469000000000000000e+05 0.000000000000000000e+00
8.910000000000000000e+05 0.000000000000000000e+00
9.374000000000000000e+05 0.000000000000000000e+00
9.863000000000000000e+05 0.000000000000000000e+00
1.038000000000000000e+06 0.000000000000000000e+00
1.092000000000000000e+06 0.000000000000000000e+00
1.148000000000000000e+06 0.000000000000000000e+00
1.208000000000000000e+06 0.000000000000000000e+00
1.271000000000000000e+06 0.000000000000000000e+00
1.337000000000000000e+06 0.000000000000000000e+00
1.407000000000000000e+06 0.000000000000000000e+00
1.480000000000000000e+06 0.000000000000000000e+00
1.557000000000000000e+06 0.000000000000000000e+00
1.638000000000000000e+06 0.000000000000000000e+00
1.724000000000000000e+06 0.000000000000000000e+00
1.814000000000000000e+06 0.000000000000000000e+00
1.908000000000000000e+06 0.000000000000000000e+00
2.007000000000000000e+06 0.000000000000000000e+00
2.112000000000000000e+06 0.000000000000000000e+00
2.222000000000000000e+06 0.000000000000000000e+00
2.337000000000000000e+06 0.000000000000000000e+00
2.459000000000000000e+06 0.000000000000000000e+00
2.587000000000000000e+06 0.000000000000000000e+00
2.722000000000000000e+06 0.000000000000000000e+00
2.864000000000000000e+06 0.000000000000000000e+00
3.013000000000000000e+06 0.000000000000000000e+00
3.170000000000000000e+06 0.000000000000000000e+00
3.335000000000000000e+06 0.000000000000000000e+00
3.508000000000000000e+06 0.000000000000000000e+00
3.691000000000000000e+06 0.000000000000000000e+00
3.883000000000000000e+06 0.000000000000000000e+00
4.085000000000000000e+06 0.000000000000000000e+00
4.298000000000000000e+06 0.000000000000000000e+00
4.522000000000000000e+06 0.000000000000000000e+00
4.757000000000000000e+06 0.000000000000000000e+00
5.005000000000000000e+06 0.000000000000000000e+00
5.266000000000000000e+06 0.000000000000000000e+00
5.540000000000000000e+06 0.000000000000000000e+00
5.828000000000000000e+06 0.000000000000000000e+00
6.132000000000000000e+06 0.000000000000000000e+00
6.451000000000000000e+06 0.000000000000000000e+00
6.787000000000000000e+06 0.000000000000000000e+00
7.140000000000000000e+06 0.000000000000000000e+00
7.512000000000000000e+06 0.000000000000000000e+00
7.903000000000000000e+06 0.000000000000000000e+00
8.315000000000000000e+06 0.000000000000000000e+00
8.748000000000000000e+06 0.000000000000000000e+00
9.203000000000000000e+06 0.000000000000000000e+00
9.682000000000000000e+06 0.000000000000000000e+00
1.019000000000000000e+07 0.000000000000000000e+00
1.072000000000000000e+07 0.000000000000000000e+00
1.127000000000000000e+07 0.000000000000000000e+00
1.186000000000000000e+07 0.000000000000000000e+00
1.248000000000000000e+07 0.000000000000000000e+00
1.313000000000000000e+07 0.000000000000000000e+00
1.381000000000000000e+07 0.000000000000000000e+00
1.453000000000000000e+07 0.000000000000000000e+00
1.529000000000000000e+07 0.000000000000000000e+00
1.608000000000000000e+07 0.000000000000000000e+00
1.692000000000000000e+07 0.000000000000000000e+00
1.780000000000000000e+07 0.000000000000000000e+00
1.873000000000000000e+07 0.000000000000000000e+00
1.971000000000000000e+07 0.000000000000000000e+00
2.073000000000000000e+07 0.000000000000000000e+00
2.181000000000000000e+07 0.000000000000000000e+00
2.295000000000000000e+07 0.000000000000000000e+00
2.414000000000000000e+07 0.000000000000000000e+00
2.540000000000000000e+07 0.000000000000000000e+00
2.672000000000000000e+07 0.000000000000000000e+00
2.811000000000000000e+07 0.000000000000000000e+00
2.958000000000000000e+07 0.000000000000000000e+00
3.112000000000000000e+07 0.000000000000000000e+00
3.274000000000000000e+07 0.000000000000000000e+00
3.444000000000000000e+07 0.000000000000000000e+00
3.623000000000000000e+07 0.000000000000000000e+00
3.812000000000000000e+07 0.000000000000000000e+00
4.011000000000000000e+07 0.000000000000000000e+00
4.219000000000000000e+07 0.000000000000000000e+00
4.439000000000000000e+07 0.000000000000000000e+00
4.670000000000000000e+07 0.000000000000000000e+00
4.913000000000000000e+07 0.000000000000000000e+00
5.169000000000000000e+07 0.000000000000000000e+00
5.438000000000000000e+07 0.000000000000000000e+00
5.722000000000000000e+07 0.000000000000000000e+00
6.019000000000000000e+07 0.000000000000000000e+00
6.333000000000000000e+07 0.000000000000000000e+00
6.663000000000000000e+07 0.000000000000000000e+00
7.010000000000000000e+07 0.000000000000000000e+00
7.375000000000000000e+07 0.000000000000000000e+00
7.759000000000000000e+07 0.000000000000000000e+00
8.163000000000000000e+07 0.000000000000000000e+00
8.588000000000000000e+07 0.000000000000000000e+00
9.035000000000000000e+07 0.000000000000000000e+00
9.505000000000000000e+07 0.000000000000000000e+00
1.000000000000000000e+08 0.000000000000000000e+00
