1.603007518796992770e+01 7.866033172914548004e+02
1.703007518796992770e+01 8.638097717062958054e+02
1.803007518796992770e+01 9.296219787906978809e+02
1.903007518796992770e+01 9.869528717309641479e+02
2.003007518796992770e+01 1.026192901003445741e+03
2.103007518796992770e+01 1.047359072809020063e+03
2.203007518796992770e+01 1.051519002192438165e+03
2.303007518796992770e+01 1.038552271964946158e+03
2.403007518796992770e+01 1.009687422667621604e+03
2.503007518796992770e+01 9.683008056289550041e+02
2.603007518796992770e+01 9.162634483225176609e+02
2.703007518796992770e+01 8.571690316086430812e+02
2.803007518796992770e+01 7.935063542824714204e+02
2.903007518796992770e+01 7.262759198649790733e+02
3.003007518796992770e+01 6.624294951853515840e+02
3.103007518796992770e+01 6.000837093297757292e+02
3.203007518796992770e+01 5.407307249342717341e+02
3.303007518796992770e+01 4.847499091977043122e+02
3.403007518796992770e+01 4.337915287260776722e+02
3.503007518796992770e+01 3.872066718032147037e+02
3.603007518796992770e+01 3.454782624991297553e+02
3.703007518796992770e+01 3.082663366386248640e+02
3.803007518796992770e+01 2.753203275567612422e+02
3.903007518796992770e+01 2.462283134067712638e+02
4.003007518796992770e+01 2.205502008023455858e+02
4.103007518796992770e+01 1.978243309860262968e+02
4.203007518796992770e+01 1.776606548979747231e+02
4.303007518796992770e+01 1.596346749977041952e+02
4.403007518796992770e+01 1.434785192568442653e+02
4.503007518796992770e+01 1.288693571230903387e+02
4.603007518796992770e+01 1.156127684564623621e+02
4.703007518796992770e+01 1.035328160081861455e+02
4.803007518796992770e+01 9.249876494083102330e+01
4.903007518796992770e+01 8.241937839767832941e+01
5.003007518796992770e+01 7.319971632827179064e+01
5.103007518796992770e+01 6.481070961377362494e+01
5.203007518796992770e+01 5.717749890460609663e+01
5.303007518796992770e+01 5.026959329426806278e+01
5.403007518796992770e+01 4.404470397978528950e+01
5.503007518796992770e+01 3.847353453271065860e+01
5.603007518796992770e+01 3.349288844533525378e+01
5.703007518796992770e+01 2.907598377144199731e+01
5.803007518796992770e+01 2.517836391023961440e+01
5.903007518796992770e+01 2.175906787713919144e+01
6.003007518796992770e+01 1.877511251951510118e+01
6.103007518796992770e+01 1.618562489327202414e+01
6.203007518796992770e+01 1.393825164143477480e+01
6.303007518796992770e+01 1.199599790411353517e+01
6.403007518796992770e+01 1.032490781352612963e+01
6.503007518796992770e+01 8.884472867807092555e+00
6.603007518796992770e+01 7.647168726758002855e+00
6.703007518796992770e+01 6.583124572645357553e+00
6.803007518796992770e+01 5.668542818947503115e+00
6.903007518796992770e+01 4.882755560959889607e+00
7.003007518796992770e+01 4.207072819504968919e+00
7.103007518796992770e+01 3.625746208971014184e+00
7.203007518796992770e+01 3.124949248192171236e+00
7.303007518796992770e+01 2.692403392719239452e+00
7.403007518796992770e+01 2.319104678039269452e+00
7.503007518796992770e+01 1.996909410748656022e+00
7.603007518796992770e+01 1.718261342693749416e+00
7.703007518796992770e+01 1.477225344823698050e+00
7.803007518796992770e+01 1.268509456167063121e+00
7.903007518796992770e+01 1.089592234245941427e+00
8.003007518796992770e+01 9.342961773222906441e-01
8.103007518796992770e+01 8.001796576230363334e-01
8.203007518796992770e+01 6.848105035395295470e-01
8.303007518796992770e+01 5.856589788687949216e-01
8.403007518796992770e+01 5.003139065807030716e-01
8.503007518796992770e+01 4.271919580555127993e-01
8.603007518796992770e+01 3.643723526607061669e-01
8.703007518796992770e+01 3.105343418272736300e-01
8.803007518796992770e+01 2.644621223292613621e-01
