1.221799999999999287e+01 1.691370226141647493e+01
1.321799999999999287e+01 1.981118529471205036e+01
1.421799999999999287e+01 2.278344484416436799e+01
1.521799999999999287e+01 2.578758699916920349e+01
1.621799999999999287e+01 2.866609346656878898e+01
1.721799999999999287e+01 3.136011138274384891e+01
1.821799999999999287e+01 3.366572448264793138e+01
1.921799999999999287e+01 3.552858002321726616e+01
2.021799999999999287e+01 3.663923446185455646e+01
2.121799999999999287e+01 3.698654441064880416e+01
2.221799999999999287e+01 3.732128541805852961e+01
2.321799999999999287e+01 3.675659027512654831e+01
2.421799999999999287e+01 3.537587340497744748e+01
2.521799999999999287e+01 3.409879358430330143e+01
2.621799999999999287e+01 3.224084211374319864e+01
2.721799999999999287e+01 2.991805472659320486e+01
2.821799999999999287e+01 2.783633853278450943e+01
2.921799999999999287e+01 2.554884870506130312e+01
3.021799999999999287e+01 2.313373390355457104e+01
3.121799999999999287e+01 2.101371183902308104e+01
3.221799999999998931e+01 1.889004779312483961e+01
3.321799999999998931e+01 1.680282299309446614e+01
3.421799999999998931e+01 1.499749744388869388e+01
3.521799999999998931e+01 1.342944672723341881e+01
3.621799999999998931e+01 1.206209299176928873e+01
3.721799999999998931e+01 1.079805427167530674e+01
3.821799999999998931e+01 9.632835144383077974e+00
3.921799999999998931e+01 8.618429610554914078e+00
4.021799999999998931e+01 7.732226177120741895e+00
4.121799999999998931e+01 6.928764209525250628e+00
4.221799999999998931e+01 6.200381967031304953e+00
4.321799999999998931e+01 5.562857319077745721e+00
4.421799999999998931e+01 5.003151492749622342e+00
4.521799999999998931e+01 4.510331278309108960e+00
4.621799999999998931e+01 4.030892633945339476e+00
4.721799999999998931e+01 3.570541485452220609e+00
4.821799999999998931e+01 3.170734069704067792e+00
4.921799999999998931e+01 2.822500267171864419e+00
5.021799999999998931e+01 2.518342605743310259e+00
5.121799999999998931e+01 2.251971786162653366e+00
5.221799999999998931e+01 1.982628278167486435e+00
5.321799999999998931e+01 1.717806744131560093e+00
5.421799999999998931e+01 1.492300895343009692e+00
5.521799999999998931e+01 1.299708415521654503e+00
5.621799999999998931e+01 1.134758564644501533e+00
5.721799999999998931e+01 9.930969667478868335e-01
5.821799999999998931e+01 8.711141279053513653e-01
5.921799999999998931e+01 7.550235682572403739e-01
6.021799999999998931e+01 6.463270238486179542e-01
6.121799999999998931e+01 5.546862920488396798e-01
6.221799999999998931e+01 4.772109184111434921e-01
6.321799999999998931e+01 4.115355177925183461e-01
6.421799999999998931e+01 3.557181805429423527e-01
6.521799999999998931e+01 3.081597030146793204e-01
6.621799999999998931e+01 2.653856959733499332e-01
6.721799999999998931e+01 2.271297088967574040e-01
6.821799999999998931e+01 1.948326851505391699e-01
6.921799999999998931e+01 1.674990932534951293e-01
7.021799999999998931e+01 1.443106681879350872e-01
7.121799999999998931e+01 1.245929487637386229e-01
7.221799999999998931e+01 1.077884807474313866e-01
7.321799999999998931e+01 9.343529019287050152e-02
7.421799999999998931e+01 8.033507564889774688e-02
7.521799999999998931e+01 6.848332547357134648e-02
7.621799999999998931e+01 5.850248905161714585e-02
7.721799999999998931e+01 5.007836435607379566e-02
7.821799999999998931e+01 4.295260822949192869e-02
7.921799999999998931e+01 3.691226913740441873e-02
8.021799999999998931e+01 3.178137956587971658e-02
8.121799999999998931e+01 2.741418390635012164e-02
8.221799999999998931e+01 2.368966881987167108e-02
8.321799999999998931e+01 2.025503060879610753e-02
8.421799999999998931e+01 1.712681122687290461e-02
8.521799999999998931e+01 1.451026611887467829e-02
8.621799999999998931e+01 1.231713363038632915e-02
8.721799999999998931e+01 1.047514807776502889e-02
8.821799999999998931e+01 8.925003927684005064e-03
8.921799999999998931e+01 7.617921557134917782e-03
9.021799999999998931e+01 6.513690450756347110e-03
9.121799999999998931e+01 5.579092307974224153e-03
9.221799999999998931e+01 4.786627232343653761e-03
9.321799999999998931e+01 4.069252916135569949e-03
9.421799999999998931e+01 3.426173553416359853e-03
9.521799999999998931e+01 2.889940283288434941e-03
9.621799999999998931e+01 2.441950703665998756e-03
9.721799999999998931e+01 2.066986365359597434e-03
9.821799999999998931e+01 1.752571288424719514e-03
9.921799999999998931e+01 1.488456901828583362e-03
1.002179999999999893e+02 1.266207558797727587e-03
1.012179999999999893e+02 1.078866251916114644e-03
1.022179999999999893e+02 9.206844265608094165e-04
1.032179999999999893e+02 7.869031388828709537e-04
