1.900000000000000000e+01 6.903277067082907569e-04
2.000000000000000000e+01 4.320611112486839531e-04
2.100000000000000000e+01 2.650397936290786955e-04
2.200000000000000000e+01 1.582531903384665228e-04
2.300000000000000000e+01 9.664353526075199772e-05
2.400000000000000000e+01 5.785459128450748639e-05
2.500000000000000000e+01 3.371422806298726710e-05
2.600000000000000000e+01 2.006058943083305164e-05
2.700000000000000000e+01 1.187058436411852271e-05
2.800000000000000000e+01 6.951426000092586133e-06
2.900000000000000000e+01 4.146834335823451952e-06
3.000000000000000000e+01 2.366742794361935219e-06
3.100000000000000000e+01 1.278099670287259958e-06
3.200000000000000000e+01 7.036704680936603017e-07
3.300000000000000000e+01 3.922473584201064580e-07
3.400000000000000000e+01 2.209226833500533464e-07
3.500000000000000000e+01 1.264925583524919714e-07
3.600000000000000000e+01 7.355893785080928505e-08
3.700000000000000000e+01 4.340958563385480496e-08
3.800000000000000000e+01 2.492308841904854936e-08
3.900000000000000000e+01 1.381502926207696286e-08
4.000000000000000000e+01 7.771855974037871530e-09
4.100000000000000000e+01 4.434107027115717890e-09
4.200000000000000000e+01 2.469631846765050533e-09
4.300000000000000000e+01 1.332746385268630936e-09
4.400000000000000000e+01 7.294004899783774937e-10
4.500000000000000000e+01 4.045904390070906409e-10
4.600000000000000000e+01 2.273221880279539157e-10
4.700000000000000000e+01 1.272365499332862069e-10
4.800000000000000000e+01 7.069953176608806995e-11
4.900000000000000000e+01 3.975943256561502831e-11
5.000000000000000000e+01 2.261900065580913921e-11
5.100000000000000000e+01 1.301125586679027208e-11
5.200000000000000000e+01 7.564704587805959579e-12
5.300000000000000000e+01 4.170325194444036760e-12
5.400000000000000000e+01 2.152302929332234563e-12
5.500000000000000000e+01 1.124270220159696851e-12
5.600000000000000000e+01 5.941339517062109416e-13
5.700000000000000000e+01 3.175168744656018005e-13
5.800000000000000000e+01 1.715337846051017552e-13
5.900000000000000000e+01 9.364253907652807434e-14
6.000000000000000000e+01 4.815598531400543043e-14
6.100000000000000000e+01 2.295304256087638410e-14
6.200000000000000000e+01 1.107213217387234140e-14
6.300000000000000000e+01 5.403282518851260801e-15
6.400000000000000000e+01 2.666623489659499721e-15
6.500000000000000000e+01 1.330432484797403512e-15
