1.903427155601598031e+01 1.861957766442015605e-02
2.003427155601598031e+01 1.147997497349135219e-02
2.103427155601598031e+01 6.996912099853957664e-03
2.203427155601598031e+01 4.226784748164992556e-03
2.303427155601598031e+01 2.544443220136386515e-03
2.403427155601598031e+01 1.516688186444085625e-03
2.503427155601598031e+01 8.994962380865171442e-04
2.603427155601598031e+01 5.306335189610300465e-04
2.703427155601598031e+01 3.113891489744099799e-04
2.803427155601598031e+01 1.823082450794132558e-04
2.903427155601598031e+01 1.064713074436129036e-04
3.003427155601598031e+01 6.201995905727500618e-05
3.103427155601598031e+01 3.607274978602218569e-05
3.203427155601598031e+01 2.101324099229237574e-05
3.303427155601598031e+01 1.219876132353863797e-05
3.403427155601598031e+01 7.087877912403400143e-06
3.503427155601598031e+01 4.126494481735031471e-06
3.603427155601598031e+01 2.392417611309801660e-06
3.703427155601598031e+01 1.396629187412743692e-06
3.803427155601598031e+01 8.103478704714892462e-07
3.903427155601598031e+01 4.717168968059883325e-07
4.003427155601598031e+01 2.769862676972534399e-07
4.103427155601598031e+01 1.601987952059721430e-07
4.203427155601598031e+01 9.345957714015886465e-08
4.303427155601598031e+01 5.500801575488044124e-08
4.403427155601598031e+01 3.195927949184791331e-08
4.503427155601598031e+01 1.869724073039762116e-08
4.603427155601598031e+01 1.090617517184475862e-08
4.703427155601598031e+01 6.351102659433150889e-09
4.803427155601598031e+01 3.691550139271388234e-09
4.903427155601598031e+01 2.143382846821901129e-09
5.003427155601598031e+01 1.246336420426255306e-09
5.103427155601598031e+01 7.231180477067877282e-10
5.203427155601598031e+01 4.191285110695459381e-10
5.303427155601598031e+01 2.430181841151310720e-10
5.403427155601598031e+01 1.406643483896265331e-10
5.503427155601598031e+01 8.155730629429054076e-11
5.603427155601598031e+01 4.735921135359831046e-11
5.703427155601598031e+01 2.741015920713701807e-11
5.803427155601598031e+01 1.588058042645705847e-11
5.903427155601598031e+01 9.182542522111046681e-12
6.003427155601598031e+01 5.333733820151245287e-12
6.103427155601598031e+01 3.081836313209718961e-12
6.203427155601598031e+01 1.781668592774105416e-12
6.303427155601598031e+01 1.035793791059429198e-12
6.403427155601598031e+01 5.958773508150608479e-13
6.503427155601598031e+01 3.446411641154326921e-13
6.603427155601598031e+01 2.004948700072616917e-13
6.703427155601598031e+01 1.155208080740019711e-13
6.803427155601598031e+01 6.687311239160878367e-14
6.903427155601598031e+01 3.893677704143049724e-14
7.003427155601598031e+01 2.244229629098719801e-14
7.103427155601598031e+01 1.298291052612520998e-14
7.203427155601598031e+01 7.555161163223355150e-15
7.303427155601598031e+01 4.353448888478302275e-15
7.403427155601598031e+01 2.515660920637461311e-15
7.503427155601598031e+01 1.462739446599119348e-15
7.603427155601598031e+01 8.448477008665669900e-16
7.703427155601598031e+01 4.893289180105483158e-16
7.803427155601598031e+01 2.851309485491612766e-16
7.903427155601598031e+01 1.647594196238155500e-16
8.003427155601598031e+01 9.532718718521849248e-17
8.103427155601598031e+01 5.549335472163258442e-17
8.203427155601598031e+01 3.209630197403542271e-17
8.303427155601598031e+01 1.858342859569395694e-17
8.403427155601598031e+01 1.082622954623712259e-17
8.503427155601598031e+01 6.289412167978915008e-18
8.603427155601598031e+01 3.660373958852999556e-18
