9.999999999999999547e-07 1.269463125479597511e+05
1.052000000000000050e-06 1.221307463111624093e+05
1.106999999999999947e-06 1.185441019067029702e+05
1.163999999999999994e-06 1.143644669335682265e+05
1.224999999999999918e-06 1.113698302445396112e+05
1.289000000000000068e-06 1.079746189276249206e+05
1.356000000000000019e-06 1.055216027885651274e+05
1.427000000000000059e-06 1.028876330402855529e+05
1.500999999999999901e-06 1.009868059454670874e+05
1.579000000000000044e-06 9.922077792321692687e+04
1.661000000000000064e-06 9.769780432264826959e+04
1.748000000000000035e-06 9.661090577382320771e+04
1.839000000000000096e-06 9.559752536420986871e+04
1.935000000000000108e-06 9.492716674440095085e+04
2.034999999999999998e-06 9.448988058997123153e+04
2.140999999999999915e-06 9.425337074368793401e+04
2.252999999999999859e-06 9.423461494153407693e+04
2.370000000000000179e-06 9.434483716240507783e+04
2.493000000000000102e-06 9.458440320157070528e+04
2.623000000000000128e-06 9.507156351298626396e+04
2.759999999999999833e-06 9.549741630787540635e+04
2.904000000000000063e-06 9.626274048887302342e+04
3.054999999999999973e-06 9.682611764458124526e+04
3.214000000000000060e-06 9.774200332968942530e+04
3.380999999999999901e-06 9.854943830675326171e+04
3.556999999999999995e-06 9.940112156047906319e+04
3.741999999999999917e-06 1.004156254831335391e+05
3.936999999999999745e-06 1.011922705811429332e+05
4.142000000000000323e-06 1.023264331180349836e+05
4.357999999999999610e-06 1.031204774352109380e+05
4.585000000000000147e-06 1.042107959195441508e+05
4.823999999999999892e-06 1.050255667014042410e+05
5.074999999999999691e-06 1.059731687005237181e+05
5.339000000000000043e-06 1.068216094727001182e+05
5.616999999999999753e-06 1.076114589494246902e+05
5.908999999999999668e-06 1.084395116381877015e+05
6.216999999999999938e-06 1.091368033017840062e+05
6.540999999999999716e-06 1.098770626174540521e+05
6.880999999999999848e-06 1.104494793833672156e+05
7.240000000000000138e-06 1.110675762689281837e+05
7.617000000000000086e-06 1.114923568767001852e+05
8.012999999999999344e-06 1.119375576403064479e+05
8.430000000000000603e-06 1.122880010641206754e+05
8.868999999999999280e-06 1.125034885395186429e+05
9.330999999999999261e-06 1.127480852655086928e+05
9.816999999999999351e-06 1.128172734007299732e+05
1.032999999999999935e-05 1.128805677005866310e+05
1.086999999999999926e-05 1.127781418532859971e+05
1.143000000000000068e-05 1.126576783022824093e+05
1.203000000000000002e-05 1.124273464318000479e+05
1.264999999999999916e-05 1.120635555286890449e+05
1.330999999999999962e-05 1.117331548907967808e+05
1.400999999999999969e-05 1.112082736972010171e+05
1.472999999999999958e-05 1.106778970597682928e+05
1.550000000000000068e-05 1.100231688700721425e+05
1.631000000000000139e-05 1.092845503509117116e+05
1.715999999999999833e-05 1.084797115926800034e+05
1.805000000000000167e-05 1.076012431571635389e+05
1.898999999999999945e-05 1.066225802927619079e+05
1.997999999999999844e-05 1.056315723712135659e+05
2.101999999999999865e-05 1.044542136581006635e+05
2.212000000000000167e-05 1.033402989251374383e+05
2.326999999999999913e-05 1.020349488919427386e+05
2.447999999999999940e-05 1.008013487547506520e+05
2.574999999999999910e-05 9.940654491415139637e+04
2.708999999999999982e-05 9.798793314490700141e+04
2.850000000000000157e-05 9.652816402222655597e+04
2.998999999999999916e-05 9.497699600336549338e+04
3.155000000000000117e-05 9.344479981378612865e+04
3.318999999999999902e-05 9.185008828274054395e+04
3.491999999999999770e-05 9.020175365960143972e+04
3.673999999999999722e-05 8.856658074867038522e+04
3.864999999999999756e-05 8.682848256924195448e+04
4.066000000000000034e-05 8.515979548300721217e+04
4.278000000000000037e-05 8.340573157373654249e+04
4.500999999999999766e-05 8.165085982525176951e+04
4.734999999999999897e-05 7.994076459727741894e+04
4.982000000000000073e-05 7.813801236739632441e+04
5.241000000000000134e-05 7.644455164765322115e+04
5.513999999999999723e-05 7.462920584104683076e+04
5.801000000000000194e-05 7.294531570953104529e+04
6.102999999999999674e-05 7.117476668085555139e+04
6.420999999999999679e-05 6.949902142765630560e+04
6.755999999999999690e-05 6.779136875594221056e+04
7.106999999999999548e-05 6.613186524502425164e+04
7.477000000000000410e-05 6.451475046355486847e+04
7.867000000000000403e-05 6.289828809641388216e+04
8.276000000000000045e-05 6.136783655622285733e+04
8.707000000000000492e-05 5.981917078409168607e+04
9.160999999999999872e-05 5.837389762376174622e+04
9.637999999999999541e-05 5.692106774833473901e+04
1.013999999999999982e-04 5.556776847192028072e+04
1.067000000000000050e-04 5.423904070148610481e+04
1.122000000000000032e-04 5.298064098029589513e+04
1.180999999999999975e-04 5.176890880833470146e+04
1.242000000000000103e-04 5.062511304849685985e+04
1.307000000000000056e-04 4.953080821522314363e+04
1.375000000000000083e-04 4.852631350864343403e+04
1.446999999999999936e-04 4.754172991482649377e+04
1.522000000000000132e-04 4.668535433656731038e+04
1.600999999999999884e-04 4.583191324289145996e+04
1.684000000000000004e-04 4.511483363775235193e+04
1.771999999999999975e-04 4.439932120210226276e+04
1.864000000000000043e-04 4.379047734832268179e+04
1.960999999999999961e-04 4.325668819871910091e+04
2.064000000000000025e-04 4.274771230455357727e+04
2.170999999999999916e-04 4.238049817036368768e+04
2.283999999999999952e-04 4.199153420304109750e+04
2.403000000000000134e-04 4.176686077392588777e+04
2.528000000000000191e-04 4.151962100406939135e+04
2.660000000000000146e-04 4.140420942497094802e+04
2.798000000000000248e-04 4.132079851988166047e+04
2.944000000000000002e-04 4.128719064310599060e+04
3.096999999999999927e-04 4.137935189189571247e+04
3.259000000000000070e-04 4.142294633546543628e+04
3.427999999999999841e-04 4.166544683924076526e+04
3.606999999999999855e-04 4.181255643238627090e+04
3.795000000000000088e-04 4.215225235746501130e+04
3.991999999999999997e-04 4.243709676496678003e+04
4.200000000000000174e-04 4.282121690005805431e+04
4.419000000000000076e-04 4.327073832686592505e+04
4.649000000000000246e-04 4.368423509637990355e+04
4.891000000000000165e-04 4.427330835524221038e+04
5.144999999999999834e-04 4.473497268691601494e+04
5.412999999999999843e-04 4.541012565283571166e+04
5.695000000000000192e-04 4.595914638964372716e+04
5.992000000000000364e-04 4.665586388031292154e+04
6.304000000000000358e-04 4.732508875050122151e+04
6.631999999999999658e-04 4.799860154827802762e+04
6.976999999999999912e-04 4.878557760305978445e+04
7.341000000000000086e-04 4.943867183270266105e+04
7.722999999999999613e-04 5.029457680892106873e+04
8.124999999999999627e-04 5.095788527349700598e+04
8.547999999999999609e-04 5.180660929731080978e+04
8.993000000000000126e-04 5.252752495240113785e+04
9.460999999999999575e-04 5.329483144028054085e+04
9.954000000000000174e-04 5.409694665093290678e+04
1.046999999999999971e-03 5.475463498699556658e+04
1.101999999999999898e-03 5.560345699030096876e+04
1.159000000000000091e-03 5.618046045610278816e+04
1.219000000000000031e-03 5.697247669897639571e+04
1.283000000000000069e-03 5.753254135286586825e+04
1.350000000000000071e-03 5.818443929103927076e+04
1.420000000000000038e-03 5.874842026404608623e+04
1.494000000000000102e-03 5.919406156228361215e+04
1.572000000000000047e-03 5.975384357438136067e+04
1.654000000000000088e-03 6.000066645458126004e+04
1.740000000000000010e-03 6.046476839759911672e+04
1.830000000000000029e-03 6.055932797764553106e+04
1.925999999999999978e-03 6.081290894001915876e+04
2.026000000000000023e-03 6.081475164054574998e+04
2.131000000000000082e-03 6.075339209065635077e+04
2.242000000000000069e-03 6.068243376830899797e+04
2.358999999999999986e-03 6.028170605880479707e+04
2.481999999999999831e-03 6.006382544731041708e+04
2.611000000000000040e-03 5.937215562646205944e+04
2.746999999999999876e-03 5.888555228799511679e+04
2.890000000000000208e-03 5.798189240336517105e+04
3.040999999999999866e-03 5.709375579290225141e+04
3.199000000000000021e-03 5.603629693917043915e+04
3.366000000000000068e-03 5.469992796942764107e+04
3.540999999999999877e-03 5.345157154276080837e+04
3.725000000000000012e-03 5.171140504007870186e+04
3.918999999999999741e-03 5.015565500951363356e+04
4.122999999999999929e-03 4.808291979433527013e+04
4.337999999999999842e-03 4.607017704178766871e+04
4.564000000000000348e-03 4.372755497851633118e+04
4.800999999999999712e-03 4.116209314766208263e+04
5.050999999999999934e-03 3.855306739060054679e+04
5.314000000000000147e-03 3.539565714568608382e+04
5.590999999999999616e-03 3.244802529096028593e+04
5.882000000000000076e-03 2.885709356651424605e+04
6.187999999999999924e-03 2.557692873572402459e+04
6.511000000000000294e-03 2.190094226995756617e+04
6.850000000000000186e-03 1.845082823754386482e+04
7.205999999999999732e-03 1.522329800060446905e+04
7.582000000000000198e-03 1.212669773627437826e+04
7.976000000000000451e-03 9.599774014405073103e+03
8.392000000000000154e-03 7.295615272814491618e+03
8.829000000000000042e-03 5.521397793683116106e+03
9.287999999999999381e-03 4.083344871330896240e+03
9.771999999999999437e-03 2.965648854160446717e+03
1.027999999999999921e-02 2.182480353366235249e+03
1.081999999999999976e-02 1.539591785251308920e+03
1.137999999999999949e-02 1.145998340339806191e+03
1.196999999999999974e-02 7.992246834608927202e+02
1.260000000000000009e-02 5.845557556749897685e+02
1.324999999999999963e-02 3.871601070137260194e+02
1.393999999999999927e-02 2.713056979940532756e+02
1.467000000000000075e-02 1.578616511635420920e+02
1.542999999999999927e-02 1.047048295245427170e+02
1.623000000000000137e-02 5.639111112941532866e+01
1.708000000000000143e-02 3.414204640158304471e+01
1.796999999999999986e-02 1.887912596942558707e+01
1.890000000000000013e-02 1.066579774643846612e+01
1.989000000000000143e-02 5.899366075577971102e+00
2.092000000000000109e-02 2.960228904813676731e+00
2.200999999999999832e-02 1.575648043366940865e+00
2.316000000000000003e-02 6.241538683480432059e-01
2.436999999999999930e-02 3.368193064392874803e-01
2.563000000000000000e-02 1.132807422957422122e-01
2.697000000000000092e-02 6.248063721381709457e-02
2.836999999999999938e-02 1.722123110145843544e-02
2.985000000000000153e-02 9.614774497493656924e-03
3.139999999999999736e-02 1.918986631784306424e-03
3.303999999999999992e-02 1.086971651803783200e-03
3.475999999999999923e-02 2.573453755596386960e-04
3.656999999999999834e-02 9.994421804747579037e-05
3.846999999999999725e-02 2.806920214172670572e-05
4.048000000000000209e-02 6.650238793646986516e-06
4.259000000000000286e-02 2.131609109583192307e-06
4.479999999999999954e-02 2.940455068366101732e-07
4.714000000000000135e-02 1.088286705688311915e-07
4.959000000000000213e-02 1.006517337643281055e-08
5.217000000000000109e-02 4.143551218832177604e-09
5.489000000000000129e-02 1.938068888378144208e-10
5.775000000000000272e-02 8.770368594423846242e-11
6.074999999999999845e-02 2.847362788596516042e-12
6.392000000000000459e-02 1.386110085721333772e-12
6.723999999999999422e-02 1.766775901591391976e-14
7.074999999999999345e-02 9.159284663864575888e-15
7.442999999999999616e-02 3.352009443375647352e-16
7.829999999999999460e-02 5.172397559017061208e-17
8.237999999999999490e-02 7.395803701957019316e-18
8.666999999999999704e-02 1.047883139088738716e-19
9.117999999999999716e-02 2.434025346777644170e-20
9.593000000000000138e-02 1.485409422910784300e-22
1.009000000000000036e-01 4.569905756601822894e-23
1.062000000000000027e-01 8.003214555453760992e-26
1.116999999999999937e-01 2.934811462765601288e-26
1.174999999999999933e-01 1.993098006978280241e-29
1.236000000000000015e-01 8.360540404288468725e-30
1.300999999999999934e-01 2.068091072124855327e-33
1.368999999999999939e-01 9.458068791683349607e-34
1.439999999999999891e-01 6.164165421838692881e-38
1.514999999999999958e-01 3.066574831912321924e-38
1.593999999999999861e-01 5.713402594400392830e-43
1.676999999999999880e-01 2.990491373486365362e-43
1.764000000000000012e-01 2.170522067246716011e-44
1.855999999999999872e-01 8.058340937731625012e-49
1.952000000000000124e-01 1.452615997400430263e-49
2.053999999999999992e-01 5.031293295643263520e-55
2.160999999999999865e-01 1.306325613107292581e-55
2.273999999999999910e-01 6.371081220363631613e-62
2.391999999999999960e-01 2.092023002229196421e-62
2.516999999999999793e-01 1.236339786995950244e-69
2.647999999999999798e-01 4.743499697088939370e-70
2.785000000000000253e-01 2.606266826029900225e-78
2.929999999999999827e-01 1.132255517820168004e-78
3.083000000000000185e-01 7.005059186815150242e-88
3.244000000000000217e-01 3.317439342119580838e-88
3.412000000000000033e-01 1.425142025284706808e-98
3.589999999999999858e-01 7.282076954329197579e-99
3.776999999999999802e-01 1.650605359832492344e-110
3.973999999999999755e-01 8.759167604547095002e-111
4.181000000000000272e-01 9.896776761375711270e-112
4.398000000000000242e-01 4.069369019356475181e-124
4.627000000000000002e-01 8.562408053010677700e-125
4.868000000000000105e-01 6.444774231625377910e-139
5.121999999999999886e-01 1.850608006174315421e-139
5.387999999999999456e-01 2.244748781321222056e-155
5.668999999999999595e-01 6.243990977760270294e-156
5.964000000000000412e-01 9.221717917168759135e-195
6.274999999999999467e-01 2.896387685312382569e-174
6.601000000000000201e-01 1.296118413562998546e-217
6.945000000000000062e-01 9.871402579438714077e-195
7.307000000000000162e-01 3.691277847361605681e-243
7.687000000000000499e-01 1.488747110836620530e-217
8.087999999999999634e-01 6.690098057389512942e-245
8.508999999999999897e-01 4.437944420727866255e-243
8.951999999999999957e-01 1.879609756343444095e-244
9.417999999999999705e-01 1.578831030608520085e-303
9.908000000000000140e-01 2.995685317291313357e-272
1.042000000000000037e+00 3.953116893813978517e-288
1.096999999999999975e+00 9.543919001508393447e-304
1.153999999999999915e+00 0.000000000000000000e+00
1.213999999999999968e+00 0.000000000000000000e+00
1.276999999999999913e+00 0.000000000000000000e+00
1.344000000000000083e+00 0.000000000000000000e+00
1.413999999999999924e+00 0.000000000000000000e+00
1.487000000000000099e+00 0.000000000000000000e+00
1.564999999999999947e+00 0.000000000000000000e+00
1.645999999999999908e+00 0.000000000000000000e+00
1.731999999999999984e+00 0.000000000000000000e+00
1.822000000000000064e+00 0.000000000000000000e+00
1.917000000000000037e+00 0.000000000000000000e+00
2.016999999999999904e+00 0.000000000000000000e+00
2.121999999999999886e+00 0.000000000000000000e+00
2.232000000000000206e+00 0.000000000000000000e+00
2.347999999999999865e+00 0.000000000000000000e+00
2.470000000000000195e+00 0.000000000000000000e+00
2.599000000000000199e+00 0.000000000000000000e+00
2.733999999999999986e+00 0.000000000000000000e+00
2.876999999999999780e+00 0.000000000000000000e+00
3.027000000000000135e+00 0.000000000000000000e+00
3.184000000000000163e+00 0.000000000000000000e+00
3.350000000000000089e+00 0.000000000000000000e+00
3.524000000000000021e+00 0.000000000000000000e+00
3.708000000000000185e+00 0.000000000000000000e+00
3.900999999999999801e+00 0.000000000000000000e+00
4.104000000000000092e+00 0.000000000000000000e+00
4.317999999999999616e+00 0.000000000000000000e+00
4.543000000000000149e+00 0.000000000000000000e+00
4.778999999999999915e+00 0.000000000000000000e+00
5.027999999999999581e+00 0.000000000000000000e+00
5.290000000000000036e+00 0.000000000000000000e+00
5.565000000000000391e+00 0.000000000000000000e+00
5.855000000000000426e+00 0.000000000000000000e+00
6.160000000000000142e+00 0.000000000000000000e+00
6.480999999999999872e+00 0.000000000000000000e+00
6.817999999999999616e+00 0.000000000000000000e+00
7.173000000000000043e+00 0.000000000000000000e+00
7.546999999999999709e+00 0.000000000000000000e+00
7.940000000000000391e+00 0.000000000000000000e+00
8.352999999999999758e+00 0.000000000000000000e+00
8.788000000000000256e+00 0.000000000000000000e+00
9.246000000000000441e+00 0.000000000000000000e+00
9.727000000000000313e+00 0.000000000000000000e+00
1.023000000000000043e+01 0.000000000000000000e+00
1.076999999999999957e+01 0.000000000000000000e+00
1.133000000000000007e+01 0.000000000000000000e+00
1.191999999999999993e+01 0.000000000000000000e+00
1.253999999999999915e+01 0.000000000000000000e+00
1.318999999999999950e+01 0.000000000000000000e+00
1.388000000000000078e+01 0.000000000000000000e+00
1.459999999999999964e+01 0.000000000000000000e+00
1.535999999999999943e+01 0.000000000000000000e+00
1.616000000000000014e+01 0.000000000000000000e+00
1.700000000000000000e+01 0.000000000000000000e+00
1.789000000000000057e+01 0.000000000000000000e+00
1.882000000000000028e+01 0.000000000000000000e+00
1.980000000000000071e+01 0.000000000000000000e+00
2.082999999999999829e+01 0.000000000000000000e+00
2.191000000000000014e+01 0.000000000000000000e+00
2.305000000000000071e+01 0.000000000000000000e+00
2.425000000000000000e+01 0.000000000000000000e+00
2.551999999999999957e+01 0.000000000000000000e+00
2.683999999999999986e+01 0.000000000000000000e+00
2.823999999999999844e+01 0.000000000000000000e+00
2.971000000000000085e+01 0.000000000000000000e+00
3.126000000000000156e+01 0.000000000000000000e+00
3.289000000000000057e+01 0.000000000000000000e+00
3.460000000000000142e+01 0.000000000000000000e+00
3.639999999999999858e+01 0.000000000000000000e+00
3.829999999999999716e+01 0.000000000000000000e+00
4.028999999999999915e+01 0.000000000000000000e+00
4.239000000000000057e+01 0.000000000000000000e+00
4.460000000000000142e+01 0.000000000000000000e+00
4.692000000000000171e+01 0.000000000000000000e+00
4.935999999999999943e+01 0.000000000000000000e+00
5.192999999999999972e+01 0.000000000000000000e+00
5.464000000000000057e+01 0.000000000000000000e+00
5.747999999999999687e+01 0.000000000000000000e+00
6.046999999999999886e+01 0.000000000000000000e+00
6.361999999999999744e+01 0.000000000000000000e+00
6.693000000000000682e+01 0.000000000000000000e+00
7.042000000000000171e+01 0.000000000000000000e+00
7.409000000000000341e+01 0.000000000000000000e+00
7.793999999999999773e+01 0.000000000000000000e+00
8.200000000000000000e+01 0.000000000000000000e+00
8.626999999999999602e+01 0.000000000000000000e+00
9.076000000000000512e+01 0.000000000000000000e+00
9.548999999999999488e+01 0.000000000000000000e+00
1.005000000000000000e+02 0.000000000000000000e+00
1.057000000000000028e+02 0.000000000000000000e+00
1.112000000000000028e+02 0.000000000000000000e+00
1.170000000000000000e+02 0.000000000000000000e+00
1.230999999999999943e+02 0.000000000000000000e+00
1.295000000000000000e+02 0.000000000000000000e+00
1.361999999999999886e+02 0.000000000000000000e+00
1.433000000000000114e+02 0.000000000000000000e+00
1.508000000000000114e+02 0.000000000000000000e+00
1.585999999999999943e+02 0.000000000000000000e+00
1.669000000000000057e+02 0.000000000000000000e+00
1.755999999999999943e+02 0.000000000000000000e+00
1.846999999999999886e+02 0.000000000000000000e+00
1.943000000000000114e+02 0.000000000000000000e+00
2.045000000000000000e+02 0.000000000000000000e+00
2.150999999999999943e+02 0.000000000000000000e+00
2.263000000000000114e+02 0.000000000000000000e+00
2.380999999999999943e+02 0.000000000000000000e+00
2.505000000000000000e+02 0.000000000000000000e+00
2.635000000000000000e+02 0.000000000000000000e+00
2.773000000000000114e+02 0.000000000000000000e+00
2.916999999999999886e+02 0.000000000000000000e+00
3.068999999999999773e+02 0.000000000000000000e+00
3.228999999999999773e+02 0.000000000000000000e+00
3.396999999999999886e+02 0.000000000000000000e+00
3.573999999999999773e+02 0.000000000000000000e+00
3.760000000000000000e+02 0.000000000000000000e+00
3.955000000000000000e+02 0.000000000000000000e+00
4.161000000000000227e+02 0.000000000000000000e+00
4.378000000000000114e+02 0.000000000000000000e+00
4.606000000000000227e+02 0.000000000000000000e+00
4.846000000000000227e+02 0.000000000000000000e+00
5.098000000000000114e+02 0.000000000000000000e+00
5.363999999999999773e+02 0.000000000000000000e+00
5.642999999999999545e+02 0.000000000000000000e+00
5.937000000000000455e+02 0.000000000000000000e+00
6.246000000000000227e+02 0.000000000000000000e+00
6.571000000000000227e+02 0.000000000000000000e+00
6.912999999999999545e+02 0.000000000000000000e+00
7.272999999999999545e+02 0.000000000000000000e+00
7.652000000000000455e+02 0.000000000000000000e+00
8.050000000000000000e+02 0.000000000000000000e+00
8.468999999999999773e+02 0.000000000000000000e+00
8.910000000000000000e+02 0.000000000000000000e+00
9.373999999999999773e+02 0.000000000000000000e+00
9.862999999999999545e+02 0.000000000000000000e+00
1.038000000000000000e+03 0.000000000000000000e+00
1.092000000000000000e+03 0.000000000000000000e+00
1.148000000000000000e+03 0.000000000000000000e+00
1.208000000000000000e+03 0.000000000000000000e+00
1.271000000000000000e+03 0.000000000000000000e+00
1.337000000000000000e+03 0.000000000000000000e+00
1.407000000000000000e+03 0.000000000000000000e+00
1.480000000000000000e+03 0.000000000000000000e+00
1.557000000000000000e+03 0.000000000000000000e+00
1.638000000000000000e+03 0.000000000000000000e+00
1.724000000000000000e+03 0.000000000000000000e+00
1.814000000000000000e+03 0.000000000000000000e+00
1.908000000000000000e+03 0.000000000000000000e+00
2.007000000000000000e+03 0.000000000000000000e+00
2.112000000000000000e+03 0.000000000000000000e+00
2.222000000000000000e+03 0.000000000000000000e+00
2.337000000000000000e+03 0.000000000000000000e+00
2.459000000000000000e+03 0.000000000000000000e+00
2.587000000000000000e+03 0.000000000000000000e+00
2.722000000000000000e+03 0.000000000000000000e+00
2.864000000000000000e+03 0.000000000000000000e+00
3.013000000000000000e+03 0.000000000000000000e+00
3.170000000000000000e+03 0.000000000000000000e+00
3.335000000000000000e+03 0.000000000000000000e+00
3.508000000000000000e+03 0.000000000000000000e+00
3.691000000000000000e+03 0.000000000000000000e+00
3.883000000000000000e+03 0.000000000000000000e+00
4.085000000000000000e+03 0.000000000000000000e+00
4.298000000000000000e+03 0.000000000000000000e+00
4.522000000000000000e+03 0.000000000000000000e+00
4.757000000000000000e+03 0.000000000000000000e+00
5.005000000000000000e+03 0.000000000000000000e+00
5.266000000000000000e+03 0.000000000000000000e+00
5.540000000000000000e+03 0.000000000000000000e+00
5.828000000000000000e+03 0.000000000000000000e+00
6.132000000000000000e+03 0.000000000000000000e+00
6.451000000000000000e+03 0.000000000000000000e+00
6.787000000000000000e+03 0.000000000000000000e+00
7.140000000000000000e+03 0.000000000000000000e+00
7.512000000000000000e+03 0.000000000000000000e+00
7.903000000000000000e+03 0.000000000000000000e+00
8.315000000000000000e+03 0.000000000000000000e+00
8.748000000000000000e+03 0.000000000000000000e+00
9.203000000000000000e+03 0.000000000000000000e+00
9.682000000000000000e+03 0.000000000000000000e+00
1.019000000000000000e+04 0.000000000000000000e+00
1.072000000000000000e+04 0.000000000000000000e+00
1.127000000000000000e+04 0.000000000000000000e+00
1.186000000000000000e+04 0.000000000000000000e+00
1.248000000000000000e+04 0.000000000000000000e+00
1.313000000000000000e+04 0.000000000000000000e+00
1.381000000000000000e+04 0.000000000000000000e+00
1.453000000000000000e+04 0.000000000000000000e+00
1.529000000000000000e+04 0.000000000000000000e+00
1.608000000000000000e+04 0.000000000000000000e+00
1.692000000000000000e+04 0.000000000000000000e+00
1.780000000000000000e+04 0.000000000000000000e+00
1.873000000000000000e+04 0.000000000000000000e+00
1.971000000000000000e+04 0.000000000000000000e+00
2.073000000000000000e+04 0.000000000000000000e+00
2.181000000000000000e+04 0.000000000000000000e+00
2.295000000000000000e+04 0.000000000000000000e+00
2.414000000000000000e+04 0.000000000000000000e+00
2.540000000000000000e+04 0.000000000000000000e+00
2.672000000000000000e+04 0.000000000000000000e+00
2.811000000000000000e+04 0.000000000000000000e+00
2.958000000000000000e+04 0.000000000000000000e+00
3.112000000000000000e+04 0.000000000000000000e+00
3.274000000000000000e+04 0.000000000000000000e+00
3.444000000000000000e+04 0.000000000000000000e+00
3.623000000000000000e+04 0.000000000000000000e+00
3.812000000000000000e+04 0.000000000000000000e+00
4.011000000000000000e+04 0.000000000000000000e+00
4.219000000000000000e+04 0.000000000000000000e+00
4.439000000000000000e+04 0.000000000000000000e+00
4.670000000000000000e+04 0.000000000000000000e+00
4.913000000000000000e+04 0.000000000000000000e+00
5.169000000000000000e+04 0.000000000000000000e+00
5.438000000000000000e+04 0.000000000000000000e+00
5.722000000000000000e+04 0.000000000000000000e+00
6.019000000000000000e+04 0.000000000000000000e+00
6.333000000000000000e+04 0.000000000000000000e+00
6.663000000000000000e+04 0.000000000000000000e+00
7.010000000000000000e+04 0.000000000000000000e+00
7.375000000000000000e+04 0.000000000000000000e+00
7.759000000000000000e+04 0.000000000000000000e+00
8.163000000000000000e+04 0.000000000000000000e+00
8.588000000000000000e+04 0.000000000000000000e+00
9.035000000000000000e+04 0.000000000000000000e+00
9.505000000000000000e+04 0.000000000000000000e+00
1.000000000000000000e+05 0.000000000000000000e+00
