1.774127155601597394e+01 2.661219892369464320e+18
1.874127155601597394e+01 2.513377246825065472e+18
1.974127155601597394e+01 2.375873862529210368e+18
2.074127155601597394e+01 2.248539981734245376e+18
2.174127155601597394e+01 2.131134748875414016e+18
2.274127155601597394e+01 2.022404776911554304e+18
2.374127155601597394e+01 1.922014771351171328e+18
2.474127155601597394e+01 1.829200940369297920e+18
2.574127155601597394e+01 1.743259782216757760e+18
2.674127155601597394e+01 1.663568931406506752e+18
2.774127155601597394e+01 1.589345304665330688e+18
2.874127155601597394e+01 1.519997994556370944e+18
2.974127155601597394e+01 1.455010607402321920e+18
3.074127155601597394e+01 1.394112626654382592e+18
3.174127155601597394e+01 1.336633817947032832e+18
3.274127155601597394e+01 1.282418934521296640e+18
3.374127155601597394e+01 1.231332486463674624e+18
3.474127155601597394e+01 1.182971463822097920e+18
3.574127155601597394e+01 1.137559808119507328e+18
3.674127155601597394e+01 1.094771069291644928e+18
3.774127155601597394e+01 1.054539207277400576e+18
3.874127155601597394e+01 1.016753115411850624e+18
3.974127155601597394e+01 9.811503116994754560e+17
4.074127155601597394e+01 9.476140004145377280e+17
4.174127155601597394e+01 9.159545534908401920e+17
4.274127155601597394e+01 8.858788737589605120e+17
4.374127155601597394e+01 8.574090157714099200e+17
4.474127155601597394e+01 8.302597624191178240e+17
4.574127155601597394e+01 8.043661715601617920e+17
4.674127155601597394e+01 7.796265506902256640e+17
4.774127155601597394e+01 7.559223274060006400e+17
4.874127155601597394e+01 7.332433943057664000e+17
4.974127155601597394e+01 7.115011961310658560e+17
5.074127155601597394e+01 6.906316070505783040e+17
5.174127155601597394e+01 6.706020045162584320e+17
5.274127155601597394e+01 6.513322603669619200e+17
5.374127155601597394e+01 6.327935920839074560e+17
5.474127155601597394e+01 6.149385276168801280e+17
5.574127155601597394e+01 5.977238863427138560e+17
5.674127155601597394e+01 5.811407137202589440e+17
5.774127155601597394e+01 5.650933452234295040e+17
5.874127155601597394e+01 5.496752407389552000e+17
5.974127155601597394e+01 5.347307584125664000e+17
6.074127155601597394e+01 5.203349939890280960e+17
6.174127155601597394e+01 5.064990443200373760e+17
6.274127155601597394e+01 4.929867827899765120e+17
6.374127155601597394e+01 4.800035179770284800e+17
6.474127155601597394e+01 4.675079057611345920e+17
6.574127155601597394e+01 4.552491375381588480e+17
6.674127155601597394e+01 4.434449115982456960e+17
6.774127155601597394e+01 4.320696302077794560e+17
6.874127155601597394e+01 4.208407273462691200e+17
6.974127155601597394e+01 4.100009512335792640e+17
7.074127155601597394e+01 3.995489069696862080e+17
7.174127155601597394e+01 3.891828648450176000e+17
7.274127155601597394e+01 3.791519326861987200e+17
7.374127155601597394e+01 3.694780613942862080e+17
7.474127155601597394e+01 3.598476844815165440e+17
7.574127155601597394e+01 3.505056516974238720e+17
7.674127155601597394e+01 3.414983244542124800e+17
7.774127155601597394e+01 3.325165992853556480e+17
7.874127155601597394e+01 3.237850503948471040e+17
7.974127155601597394e+01 3.153691667256752640e+17
8.074127155601597394e+01 3.069611185494440320e+17
8.174127155601597394e+01 2.987671668462647680e+17
8.274127155601597394e+01 2.908759904711418240e+17
8.374127155601597394e+01 2.830396933378333120e+17
8.474127155601597394e+01 2.754041610339737600e+17
