1.900000000000000000e+01 8.634631010407143424e+18
2.300000000000000000e+01 8.426276474510691328e+18
2.700000000000000000e+01 8.174721546828455936e+18
3.100000000000000000e+01 7.959661306284132352e+18
3.500000000000000000e+01 7.773774355429084160e+18
3.900000000000000000e+01 7.610988799661807616e+18
4.300000000000000000e+01 7.465399828715319296e+18
4.700000000000000000e+01 7.325181532170952704e+18
5.100000000000000000e+01 7.185812433561294848e+18
5.500000000000000000e+01 7.036956365529892864e+18
5.900000000000000000e+01 6.884677593159445504e+18
6.300000000000000000e+01 6.715012973779756032e+18
6.700000000000000000e+01 6.526180019982193664e+18
7.100000000000000000e+01 6.322330226946413568e+18
7.500000000000000000e+01 6.092793736199457792e+18
7.900000000000000000e+01 5.842079038150599680e+18
8.300000000000000000e+01 5.586507508939530240e+18
8.700000000000000000e+01 5.291423915166066688e+18
9.100000000000000000e+01 5.018331823051893760e+18
9.500000000000000000e+01 4.709091558059511808e+18
9.900000000000000000e+01 4.406898280522583552e+18
