4.999999999999999237e-03 7.912265908094785280e+17
9.999999999999998473e-03 4.301875392023886720e+17
1.499999999999999771e-02 2.818645228533141440e+17
1.999999999999999695e-02 2.014586415229219520e+17
2.499999999999999445e-02 1.516775822214074240e+17
2.999999999999999195e-02 1.183010142304516960e+17
3.499999999999999639e-02 9.467861152344716800e+16
3.999999999999999389e-02 7.728773064438934400e+16
4.499999999999999140e-02 6.408235350811374400e+16
4.999999999999998890e-02 5.380097485446340000e+16
5.499999999999998640e-02 4.563456209505610400e+16
5.999999999999999084e-02 3.903510830907005600e+16
6.499999999999998834e-02 3.362694502399364000e+16
6.999999999999999278e-02 2.914175220427924000e+16
7.499999999999999722e-02 2.538358770484299200e+16
7.999999999999998779e-02 2.220838730362610800e+16
8.499999999999999223e-02 1.950659491940106400e+16
8.999999999999999667e-02 1.719225382286948000e+16
