1.221799999999999287e+01 1.303777673216505600e+17
1.321799999999999287e+01 1.231825430685500000e+17
1.421799999999999287e+01 1.167613916427644640e+17
1.521799999999999287e+01 1.109807790891830400e+17
1.621799999999999287e+01 1.056206990916011360e+17
1.721799999999999287e+01 1.006221083280828640e+17
1.821799999999999287e+01 9.594079822953566400e+16
1.921799999999999287e+01 9.153773518726705600e+16
2.021799999999999287e+01 8.731127185699811200e+16
2.121799999999999287e+01 8.324757101105121600e+16
2.221799999999999287e+01 7.954363214022360000e+16
2.321799999999999287e+01 7.590280373204697600e+16
2.421799999999999287e+01 7.232933774960881600e+16
2.521799999999999287e+01 6.905614886664297600e+16
2.621799999999999287e+01 6.585217140815089600e+16
2.721799999999999287e+01 6.271965805415648000e+16
2.821799999999999287e+01 5.983949223350071200e+16
2.921799999999999287e+01 5.705833977138200000e+16
3.021799999999999287e+01 5.437231229953060000e+16
3.121799999999999287e+01 5.189286962877570400e+16
3.221799999999998931e+01 4.953108682723180000e+16
3.321799999999998931e+01 4.727862075931137600e+16
3.421799999999998931e+01 4.519004321562014400e+16
3.521799999999998931e+01 4.324920649263237600e+16
3.621799999999998931e+01 4.144194752739747200e+16
3.721799999999998931e+01 3.973629400885745600e+16
3.821799999999998931e+01 3.812396727824721600e+16
3.921799999999998931e+01 3.661572989828952800e+16
4.021799999999998931e+01 3.520248732180812800e+16
4.121799999999998931e+01 3.384712259635492000e+16
4.221799999999998931e+01 3.254618508246870400e+16
4.321799999999998931e+01 3.132365349741177600e+16
4.421799999999998931e+01 3.017316652964156800e+16
4.521799999999998931e+01 2.908900594226298400e+16
4.621799999999998931e+01 2.801322443239562400e+16
4.721799999999998931e+01 2.694770131139009600e+16
4.821799999999998931e+01 2.594356906742480800e+16
4.921799999999998931e+01 2.499613657162028800e+16
5.021799999999998931e+01 2.410115590074035600e+16
5.121799999999998931e+01 2.325477276558148000e+16
5.221799999999998931e+01 2.239288275538210000e+16
5.321799999999998931e+01 2.151963722828880400e+16
5.421799999999998931e+01 2.069562673122703200e+16
5.521799999999998931e+01 1.991724978050228000e+16
5.621799999999998931e+01 1.918122661435605600e+16
5.721799999999998931e+01 1.848456542614056800e+16
5.821799999999998931e+01 1.782453265138364400e+16
5.921799999999998931e+01 1.714665769188269600e+16
6.021799999999998931e+01 1.645494272098456800e+16
6.121799999999998931e+01 1.580175966637474600e+16
6.221799999999998931e+01 1.518438878282535200e+16
6.321799999999998931e+01 1.460034150783121600e+16
6.421799999999998931e+01 1.404733757954540400e+16
6.521799999999998931e+01 1.352328472972693600e+16
6.621799999999998931e+01 1.297981926515020000e+16
6.721799999999998931e+01 1.242096645259129800e+16
6.821799999999998931e+01 1.189384738466538800e+16
6.921799999999998931e+01 1.139623679036469400e+16
7.021799999999998931e+01 1.092609429681437200e+16
7.121799999999998931e+01 1.048154673450659200e+16
7.221799999999998931e+01 1.006087235299396600e+16
7.321799999999998931e+01 9.662486717966476000e+15
7.421799999999998931e+01 9.242618020555798000e+15
7.521799999999998931e+01 8.805484002127521000e+15
7.621799999999998931e+01 8.394359768976598000e+15
7.721799999999998931e+01 8.007388309926418000e+15
7.821799999999998931e+01 7.642866736201276000e+15
7.921799999999998931e+01 7.299231746688568000e+15
8.021799999999998931e+01 6.975046624317989000e+15
8.121799999999998931e+01 6.668989585777858000e+15
8.221799999999998931e+01 6.379843329300001000e+15
8.321799999999998931e+01 6.077208041605267000e+15
8.421799999999998931e+01 5.764157132001718000e+15
8.521799999999998931e+01 5.470626725316662000e+15
8.621799999999998931e+01 5.195192735073354000e+15
8.721799999999998931e+01 4.936549720599380000e+15
8.821799999999998931e+01 4.693499800247694000e+15
8.921799999999998931e+01 4.464942710470253000e+15
9.021799999999998931e+01 4.249866881209191000e+15
9.121799999999998931e+01 4.047341413942505000e+15
9.221799999999998931e+01 3.856508862501508000e+15
9.321799999999998931e+01 3.663658779866244500e+15
9.421799999999998931e+01 3.469943665492002000e+15
9.521799999999998931e+01 3.288346978784655000e+15
9.621799999999998931e+01 3.117995651427863500e+15
9.721799999999998931e+01 2.958087631177127000e+15
9.821799999999998931e+01 2.807885458313244000e+15
9.921799999999998931e+01 2.666710480492288500e+15
1.002179999999999893e+02 2.533937636954910000e+15
1.012179999999999893e+02 2.408990751116592000e+15
1.022179999999999893e+02 2.291338277610636000e+15
1.032179999999999893e+02 2.180489456031550250e+15
