9.999999999999999547e-07 3.555987153845049852e+26
1.052000000000000050e-06 3.547785742247207268e+26
1.106999999999999947e-06 3.547339146782674772e+26
1.163999999999999994e-06 3.553136041164252831e+26
1.224999999999999918e-06 3.561931534219859667e+26
1.289000000000000068e-06 3.578285211586783689e+26
1.356000000000000019e-06 3.597603204694780178e+26
1.427000000000000059e-06 3.619722040865137895e+26
1.500999999999999901e-06 3.643524089803975225e+26
1.579000000000000044e-06 3.671149116861115095e+26
1.661000000000000064e-06 3.698592928290898267e+26
1.748000000000000035e-06 3.729012571810166471e+26
1.839000000000000096e-06 3.759605282496061006e+26
1.935000000000000108e-06 3.790504126030408780e+26
2.034999999999999998e-06 3.820549590692992489e+26
2.140999999999999915e-06 3.852323654275784660e+26
2.252999999999999859e-06 3.881297655290278533e+26
2.370000000000000179e-06 3.907547578859214827e+26
2.493000000000000102e-06 3.933206764517773343e+26
2.623000000000000128e-06 3.957505327506190584e+26
2.759999999999999833e-06 3.978262255615434328e+26
2.904000000000000063e-06 3.998040405335946454e+26
3.054999999999999973e-06 4.015089288599013906e+26
3.214000000000000060e-06 4.029907963307378125e+26
3.380999999999999901e-06 4.041831130384657223e+26
3.556999999999999995e-06 4.050198137464350373e+26
3.741999999999999917e-06 4.057407317019053816e+26
3.936999999999999745e-06 4.059879211150483344e+26
4.142000000000000323e-06 4.058774973943978989e+26
4.357999999999999610e-06 4.054511882842112925e+26
4.585000000000000147e-06 4.048712789154965960e+26
4.823999999999999892e-06 4.038854775254504309e+26
5.074999999999999691e-06 4.024262028556145339e+26
5.339000000000000043e-06 4.007593270955424863e+26
5.616999999999999753e-06 3.988856155890250690e+26
5.908999999999999668e-06 3.963307056317201881e+26
6.216999999999999938e-06 3.935840225721591175e+26
6.540999999999999716e-06 3.905729032269815134e+26
6.880999999999999848e-06 3.872140910132027338e+26
7.240000000000000138e-06 3.833752177928414543e+26
7.617000000000000086e-06 3.792436122307301965e+26
8.012999999999999344e-06 3.748734614084897962e+26
8.430000000000000603e-06 3.702866981573117680e+26
8.868999999999999280e-06 3.653275292870704824e+26
9.330999999999999261e-06 3.600565422781271721e+26
9.816999999999999351e-06 3.546259556947668351e+26
1.032999999999999935e-05 3.487411061546641450e+26
1.086999999999999926e-05 3.426404693359687516e+26
1.143000000000000068e-05 3.365349455339245704e+26
1.203000000000000002e-05 3.299727837436538899e+26
1.264999999999999916e-05 3.233506087761255095e+26
1.330999999999999962e-05 3.164268741623567703e+26
1.400999999999999969e-05 3.091793698783593539e+26
1.472999999999999958e-05 3.019757843471091816e+26
1.550000000000000068e-05 2.945424896695314267e+26
1.631000000000000139e-05 2.869998731135430634e+26
1.715999999999999833e-05 2.793575828629587428e+26
1.805000000000000167e-05 2.715797364775300410e+26
1.898999999999999945e-05 2.635690333512526441e+26
1.997999999999999844e-05 2.557230146582060992e+26
2.101999999999999865e-05 2.476697876604643997e+26
2.212000000000000167e-05 2.395537182273659535e+26
2.326999999999999913e-05 2.315386895768539323e+26
2.447999999999999940e-05 2.234856757339275490e+26
2.574999999999999910e-05 2.154892012211822993e+26
2.708999999999999982e-05 2.074847741794297055e+26
2.850000000000000157e-05 1.995685947988882760e+26
2.998999999999999916e-05 1.916290108186336702e+26
3.155000000000000117e-05 1.838433768029531724e+26
3.318999999999999902e-05 1.761530086141121623e+26
3.491999999999999770e-05 1.685227602060028727e+26
3.673999999999999722e-05 1.609606496189761060e+26
3.864999999999999756e-05 1.536145103735864059e+26
4.066000000000000034e-05 1.464405042660525308e+26
4.278000000000000037e-05 1.393465304381268571e+26
4.500999999999999766e-05 1.324416700234491143e+26
4.734999999999999897e-05 1.257194966099039610e+26
4.982000000000000073e-05 1.191519787930505687e+26
5.241000000000000134e-05 1.127309696384255002e+26
5.513999999999999723e-05 1.065104708076386577e+26
5.801000000000000194e-05 1.005142093205604524e+26
6.102999999999999674e-05 9.473489139580918358e+25
6.420999999999999679e-05 8.913650497650638953e+25
6.755999999999999690e-05 8.371954507984282862e+25
7.106999999999999548e-05 7.854551591247590489e+25
7.477000000000000410e-05 7.358943210364629427e+25
7.867000000000000403e-05 6.883354784103455668e+25
8.276000000000000045e-05 6.426453422494183832e+25
8.707000000000000492e-05 5.989872038675794890e+25
9.160999999999999872e-05 5.574310423551495805e+25
9.637999999999999541e-05 5.178225324871453146e+25
1.013999999999999982e-04 4.801488141827615579e+25
1.067000000000000050e-04 4.445451386702347214e+25
1.122000000000000032e-04 4.112779456729723599e+25
1.180999999999999975e-04 3.793376491962579517e+25
1.242000000000000103e-04 3.498060576653388484e+25
1.307000000000000056e-04 3.216289279121252191e+25
1.375000000000000083e-04 2.951978248816840994e+25
1.446999999999999936e-04 2.704899513207676702e+25
1.522000000000000132e-04 2.477145072186999333e+25
1.600999999999999884e-04 2.263466713817914250e+25
1.684000000000000004e-04 2.065589939143819111e+25
1.771999999999999975e-04 1.881277922094213360e+25
1.864000000000000043e-04 1.711393734695034596e+25
1.960999999999999961e-04 1.552501724897303459e+25
2.064000000000000025e-04 1.405668973790485558e+25
2.170999999999999916e-04 1.273032828780161882e+25
2.283999999999999952e-04 1.150425370264381351e+25
2.403000000000000134e-04 1.037365134550474288e+25
2.528000000000000191e-04 9.346227070976572330e+24
2.660000000000000146e-04 8.404127340201713160e+24
2.798000000000000248e-04 7.558318934172887429e+24
2.944000000000000002e-04 6.784372674585391696e+24
3.096999999999999927e-04 6.080905315559285931e+24
3.259000000000000070e-04 5.444934313576172278e+24
3.427999999999999841e-04 4.870335332977342004e+24
3.606999999999999855e-04 4.353965311968161735e+24
3.795000000000000088e-04 3.891324999640001817e+24
3.991999999999999997e-04 3.471341238164379604e+24
4.200000000000000174e-04 3.096642064938847212e+24
4.419000000000000076e-04 2.761851093158208456e+24
4.649000000000000246e-04 2.462628254672519854e+24
4.891000000000000165e-04 2.193387136922929982e+24
5.144999999999999834e-04 1.955698306680508647e+24
5.412999999999999843e-04 1.742247607926482547e+24
5.695000000000000192e-04 1.553245952630525132e+24
5.992000000000000364e-04 1.385093622784322076e+24
6.304000000000000358e-04 1.236263813683079406e+24
6.631999999999999658e-04 1.104495460591975728e+24
6.976999999999999912e-04 9.862976408497096271e+23
7.341000000000000086e-04 8.831466769383271915e+23
7.722999999999999613e-04 7.906448502222471698e+23
8.124999999999999627e-04 7.074997036519644778e+23
8.547999999999999609e-04 6.337670002442564304e+23
8.993000000000000126e-04 5.690366952566484118e+23
9.460999999999999575e-04 5.108960119310674853e+23
9.954000000000000174e-04 4.587916565600533186e+23
1.046999999999999971e-03 4.128789954082398295e+23
1.101999999999999898e-03 3.714936007282503818e+23
1.159000000000000091e-03 3.347108112569815007e+23
1.219000000000000031e-03 3.019542319404531864e+23
1.283000000000000069e-03 2.719943993489988245e+23
1.350000000000000071e-03 2.448357080614976126e+23
1.420000000000000038e-03 2.206302757019223641e+23
1.494000000000000102e-03 1.985788781762960876e+23
1.572000000000000047e-03 1.787770170555673986e+23
1.654000000000000088e-03 1.606570056826233532e+23
1.740000000000000010e-03 1.443637820272936254e+23
1.830000000000000029e-03 1.294985887773172391e+23
1.925999999999999978e-03 1.157539810308410080e+23
2.026000000000000023e-03 1.034813392494766127e+23
2.131000000000000082e-03 9.236884002807152745e+22
2.242000000000000069e-03 8.233902719348328366e+22
2.358999999999999986e-03 7.320725638039860150e+22
2.481999999999999831e-03 6.493377685368736842e+22
2.611000000000000040e-03 5.763228282231786675e+22
2.746999999999999876e-03 5.082907928623189905e+22
2.890000000000000208e-03 4.490615613442406482e+22
3.040999999999999866e-03 3.951499532123960141e+22
3.199000000000000021e-03 3.463931022734713579e+22
3.366000000000000068e-03 3.041690071368287755e+22
3.540999999999999877e-03 2.655638084778819846e+22
3.725000000000000012e-03 2.326771272470639097e+22
3.918999999999999741e-03 2.025763712422343868e+22
4.122999999999999929e-03 1.763250903350814494e+22
4.337999999999999842e-03 1.534989007442495196e+22
4.564000000000000348e-03 1.327880654616769908e+22
4.800999999999999712e-03 1.155109202265955421e+22
5.050999999999999934e-03 9.975673062674256626e+21
5.314000000000000147e-03 8.627287392486703497e+21
5.590999999999999616e-03 7.451844714071490298e+21
5.882000000000000076e-03 6.415221181904579461e+21
6.187999999999999924e-03 5.550088232317525950e+21
6.511000000000000294e-03 4.746087947458254471e+21
6.850000000000000186e-03 4.123863582149505974e+21
7.205999999999999732e-03 3.525228994756900553e+21
7.582000000000000198e-03 3.053166941498008142e+21
7.976000000000000451e-03 2.613588434311813530e+21
8.392000000000000154e-03 2.257872632354405089e+21
8.829000000000000042e-03 1.938173603199630180e+21
9.287999999999999381e-03 1.668615075250249400e+21
9.771999999999999437e-03 1.436363286051968254e+21
1.027999999999999921e-02 1.232774198108385968e+21
1.081999999999999976e-02 1.062968977901304545e+21
1.137999999999999949e-02 9.108461238263756882e+20
1.196999999999999974e-02 7.890384960528623862e+20
1.260000000000000009e-02 6.728367391952625992e+20
1.324999999999999963e-02 5.848161622603619369e+20
1.393999999999999927e-02 4.990139191562925507e+20
1.467000000000000075e-02 4.335615691831878615e+20
1.542999999999999927e-02 3.714308617996934185e+20
1.623000000000000137e-02 3.231627958895681208e+20
1.708000000000000143e-02 2.776108626259276268e+20
1.796999999999999986e-02 2.406985697009302569e+20
1.890000000000000013e-02 2.075354445868793528e+20
1.989000000000000143e-02 1.793186328100195860e+20
2.092000000000000109e-02 1.549142274502729728e+20
2.200999999999999832e-02 1.335621764546616689e+20
2.316000000000000003e-02 1.151804813668001055e+20
2.436999999999999930e-02 9.872365459754491904e+19
2.563000000000000000e-02 8.510134960341591654e+19
2.697000000000000092e-02 7.244819430537623142e+19
2.836999999999999938e-02 6.202270524068043162e+19
2.985000000000000153e-02 5.230062261666026291e+19
3.139999999999999736e-02 4.458218184647639040e+19
3.303999999999999992e-02 3.733533886917838438e+19
3.475999999999999923e-02 3.167256824614089523e+19
3.656999999999999834e-02 2.654169940023509402e+19
3.846999999999999725e-02 2.257173887437979238e+19
4.048000000000000209e-02 1.904472522750751949e+19
4.259000000000000286e-02 1.616131423024881254e+19
4.479999999999999954e-02 1.362254027229596058e+19
4.714000000000000135e-02 1.149084361720432845e+19
4.959000000000000213e-02 9.691391077336969216e+18
5.217000000000000109e-02 8.127884506780259328e+18
5.489000000000000129e-02 6.828494992312516608e+18
5.775000000000000272e-02 5.675205463952434176e+18
6.074999999999999845e-02 4.742629480361160704e+18
6.392000000000000459e-02 3.891571782937218048e+18
6.723999999999999422e-02 3.221137878283196416e+18
7.074999999999999345e-02 2.596581942098393088e+18
7.442999999999999616e-02 2.115662628475906304e+18
7.829999999999999460e-02 1.667594305734292736e+18
8.237999999999999490e-02 1.330016109313245440e+18
8.666999999999999704e-02 1.021939027621651712e+18
9.117999999999999716e-02 7.883106133298199040e+17
9.593000000000000138e-02 5.894626173307301120e+17
1.009000000000000036e-01 4.396058171100635520e+17
1.062000000000000027e-01 3.201476530212304000e+17
1.116999999999999937e-01 2.307810947487200320e+17
1.174999999999999933e-01 1.661543955802451840e+17
1.236000000000000015e-01 1.164912471232248320e+17
1.300999999999999934e-01 8.299744963298340800e+16
1.368999999999999939e-01 5.687923674637348800e+16
1.439999999999999891e-01 4.031153010126188800e+16
1.514999999999999958e-01 2.671250126306584800e+16
1.593999999999999861e-01 1.826231233532408800e+16
1.676999999999999880e-01 1.113862897677700400e+16
1.764000000000000012e-01 7.212927380544621000e+15
1.855999999999999872e-01 4.091965122413013500e+15
1.952000000000000124e-01 2.458765210975828000e+15
2.053999999999999992e-01 1.376748477200844750e+15
2.160999999999999865e-01 7.760400937977320000e+14
2.273999999999999910e-01 4.293538271156743125e+14
2.391999999999999960e-01 2.290937507831508438e+14
2.516999999999999793e-01 1.196211715001259062e+14
2.647999999999999798e-01 5.562532481740925000e+13
2.785000000000000253e-01 2.728574672464341406e+13
2.929999999999999827e-01 1.141306516821943555e+13
3.083000000000000185e-01 5.199443924718451172e+12
3.244000000000000217e-01 1.991422646305096924e+12
3.412000000000000033e-01 8.491395730393188477e+11
3.589999999999999858e-01 2.868259320130368652e+11
3.776999999999999802e-01 1.059460964471947327e+11
3.973999999999999755e-01 3.280654679058644867e+10
4.181000000000000272e-01 1.053350587638767815e+10
4.398000000000000242e-01 3.640848337448667049e+09
4.627000000000000002e-01 9.984920879230800867e+08
4.868000000000000105e-01 3.025079704412147403e+08
5.121999999999999886e-01 7.096754662321777642e+07
5.387999999999999456e-01 1.748207155983263254e+07
5.668999999999999595e-01 3.862235194954665843e+06
5.964000000000000412e-01 7.531799178436732618e+05
6.274999999999999467e-01 1.536438750112109119e+05
6.601000000000000201e-01 1.978342929276174254e+04
6.945000000000000062e-01 3.882872987694201129e+03
7.307000000000000162e-01 3.612144071046773774e+02
7.687000000000000499e-01 6.928525210461282313e+01
8.087999999999999634e-01 4.057348744898620296e+00
8.508999999999999897e-01 7.691535832747500301e-01
8.951999999999999957e-01 2.346933648364038158e-02
9.417999999999999705e-01 5.405411824268938417e-03
9.908000000000000140e-01 3.697131370361248816e-04
1.042000000000000037e+00 2.924204134072429974e-05
1.096999999999999975e+00 3.025562490633529798e-06
1.153999999999999915e+00 5.927959549504183362e-08
1.213999999999999968e+00 8.211647661897822181e-09
1.276999999999999913e+00 6.283734010344592999e-11
1.344000000000000083e+00 9.268740800922429977e-12
1.413999999999999924e+00 3.262176034699617320e-14
1.487000000000000099e+00 5.482379686152101979e-15
1.564999999999999947e+00 5.553582294886561502e-18
1.645999999999999908e+00 9.866876987987783417e-19
1.731999999999999984e+00 4.286990009045513479e-22
1.822000000000000064e+00 7.829560093524040437e-23
1.917000000000000037e+00 1.058184699090175843e-26
2.016999999999999904e+00 1.932542663461968682e-27
2.121999999999999886e+00 6.952562089558074519e-32
2.232000000000000206e+00 1.782395140905048912e-32
2.347999999999999865e+00 1.342804503803281967e-33
2.470000000000000195e+00 3.796232774597729098e-38
2.599000000000000199e+00 4.499928546461942727e-39
2.733999999999999986e+00 1.630194483711470261e-44
2.876999999999999780e+00 2.315488570261042047e-45
3.027000000000000135e+00 1.118095693405612711e-51
3.184000000000000163e+00 1.795694235259368549e-52
3.350000000000000089e+00 1.083258085649806854e-59
3.524000000000000021e+00 1.866691477069888536e-60
3.708000000000000185e+00 1.550880426327005602e-68
3.900999999999999801e+00 2.762509569822609421e-69
4.104000000000000092e+00 1.697508579810527789e-78
4.317999999999999616e+00 3.109310085116467401e-79
4.543000000000000149e+00 1.328220640012190539e-89
4.778999999999999915e+00 2.729471453363488982e-90
5.027999999999999581e+00 6.353796996613806154e-92
5.290000000000000036e+00 1.711057297360487760e-102
5.565000000000000391e+00 1.630290486232329586e-103
5.855000000000000426e+00 3.720339087512305187e-116
6.160000000000000142e+00 4.819920092197354054e-117
6.480999999999999872e+00 1.696309721325837194e-131
6.817999999999999616e+00 2.551726522468077108e-132
7.173000000000000043e+00 1.370764818182914065e-148
7.546999999999999709e+00 2.236400629066777511e-149
7.940000000000000391e+00 1.353847450102636691e-167
8.352999999999999758e+00 2.319178801692505003e-168
8.788000000000000256e+00 6.942275283073577200e-189
9.246000000000000441e+00 1.218340821438229298e-189
9.727000000000000313e+00 1.434856307937219838e-212
1.023000000000000043e+01 2.707758917808644283e-213
1.076999999999999957e+01 6.548805812191734731e-239
1.133000000000000007e+01 1.525576656587671190e-239
1.191999999999999993e+01 8.272714225432494090e-241
1.253999999999999915e+01 7.500206410251468647e-269
1.318999999999999950e+01 8.464832104437896607e-270
1.388000000000000078e+01 1.252437530673641525e-301
1.459999999999999964e+01 1.747194420458832703e-302
1.535999999999999943e+01 0.000000000000000000e+00
1.616000000000000014e+01 0.000000000000000000e+00
1.700000000000000000e+01 0.000000000000000000e+00
1.789000000000000057e+01 0.000000000000000000e+00
1.882000000000000028e+01 0.000000000000000000e+00
1.980000000000000071e+01 0.000000000000000000e+00
2.082999999999999829e+01 0.000000000000000000e+00
2.191000000000000014e+01 0.000000000000000000e+00
2.305000000000000071e+01 0.000000000000000000e+00
2.425000000000000000e+01 0.000000000000000000e+00
2.551999999999999957e+01 0.000000000000000000e+00
2.683999999999999986e+01 0.000000000000000000e+00
2.823999999999999844e+01 0.000000000000000000e+00
2.971000000000000085e+01 0.000000000000000000e+00
3.126000000000000156e+01 0.000000000000000000e+00
3.289000000000000057e+01 0.000000000000000000e+00
3.460000000000000142e+01 0.000000000000000000e+00
3.639999999999999858e+01 0.000000000000000000e+00
3.829999999999999716e+01 0.000000000000000000e+00
4.028999999999999915e+01 0.000000000000000000e+00
4.239000000000000057e+01 0.000000000000000000e+00
4.460000000000000142e+01 0.000000000000000000e+00
4.692000000000000171e+01 0.000000000000000000e+00
4.935999999999999943e+01 0.000000000000000000e+00
5.192999999999999972e+01 0.000000000000000000e+00
5.464000000000000057e+01 0.000000000000000000e+00
5.747999999999999687e+01 0.000000000000000000e+00
6.046999999999999886e+01 0.000000000000000000e+00
6.361999999999999744e+01 0.000000000000000000e+00
6.693000000000000682e+01 0.000000000000000000e+00
7.042000000000000171e+01 0.000000000000000000e+00
7.409000000000000341e+01 0.000000000000000000e+00
7.793999999999999773e+01 0.000000000000000000e+00
8.200000000000000000e+01 0.000000000000000000e+00
8.626999999999999602e+01 0.000000000000000000e+00
9.076000000000000512e+01 0.000000000000000000e+00
9.548999999999999488e+01 0.000000000000000000e+00
1.005000000000000000e+02 0.000000000000000000e+00
1.057000000000000028e+02 0.000000000000000000e+00
1.112000000000000028e+02 0.000000000000000000e+00
1.170000000000000000e+02 0.000000000000000000e+00
1.230999999999999943e+02 0.000000000000000000e+00
1.295000000000000000e+02 0.000000000000000000e+00
1.361999999999999886e+02 0.000000000000000000e+00
1.433000000000000114e+02 0.000000000000000000e+00
1.508000000000000114e+02 0.000000000000000000e+00
1.585999999999999943e+02 0.000000000000000000e+00
1.669000000000000057e+02 0.000000000000000000e+00
1.755999999999999943e+02 0.000000000000000000e+00
1.846999999999999886e+02 0.000000000000000000e+00
1.943000000000000114e+02 0.000000000000000000e+00
2.045000000000000000e+02 0.000000000000000000e+00
2.150999999999999943e+02 0.000000000000000000e+00
2.263000000000000114e+02 0.000000000000000000e+00
2.380999999999999943e+02 0.000000000000000000e+00
2.505000000000000000e+02 0.000000000000000000e+00
2.635000000000000000e+02 0.000000000000000000e+00
2.773000000000000114e+02 0.000000000000000000e+00
2.916999999999999886e+02 0.000000000000000000e+00
3.068999999999999773e+02 0.000000000000000000e+00
3.228999999999999773e+02 0.000000000000000000e+00
3.396999999999999886e+02 0.000000000000000000e+00
3.573999999999999773e+02 0.000000000000000000e+00
3.760000000000000000e+02 0.000000000000000000e+00
3.955000000000000000e+02 0.000000000000000000e+00
4.161000000000000227e+02 0.000000000000000000e+00
4.378000000000000114e+02 0.000000000000000000e+00
4.606000000000000227e+02 0.000000000000000000e+00
4.846000000000000227e+02 0.000000000000000000e+00
5.098000000000000114e+02 0.000000000000000000e+00
5.363999999999999773e+02 0.000000000000000000e+00
5.642999999999999545e+02 0.000000000000000000e+00
5.937000000000000455e+02 0.000000000000000000e+00
6.246000000000000227e+02 0.000000000000000000e+00
6.571000000000000227e+02 0.000000000000000000e+00
6.912999999999999545e+02 0.000000000000000000e+00
7.272999999999999545e+02 0.000000000000000000e+00
7.652000000000000455e+02 0.000000000000000000e+00
8.050000000000000000e+02 0.000000000000000000e+00
8.468999999999999773e+02 0.000000000000000000e+00
8.910000000000000000e+02 0.000000000000000000e+00
9.373999999999999773e+02 0.000000000000000000e+00
9.862999999999999545e+02 0.000000000000000000e+00
1.038000000000000000e+03 0.000000000000000000e+00
1.092000000000000000e+03 0.000000000000000000e+00
1.148000000000000000e+03 0.000000000000000000e+00
1.208000000000000000e+03 0.000000000000000000e+00
1.271000000000000000e+03 0.000000000000000000e+00
1.337000000000000000e+03 0.000000000000000000e+00
1.407000000000000000e+03 0.000000000000000000e+00
1.480000000000000000e+03 0.000000000000000000e+00
1.557000000000000000e+03 0.000000000000000000e+00
1.638000000000000000e+03 0.000000000000000000e+00
1.724000000000000000e+03 0.000000000000000000e+00
1.814000000000000000e+03 0.000000000000000000e+00
1.908000000000000000e+03 0.000000000000000000e+00
2.007000000000000000e+03 0.000000000000000000e+00
2.112000000000000000e+03 0.000000000000000000e+00
2.222000000000000000e+03 0.000000000000000000e+00
2.337000000000000000e+03 0.000000000000000000e+00
2.459000000000000000e+03 0.000000000000000000e+00
2.587000000000000000e+03 0.000000000000000000e+00
2.722000000000000000e+03 0.000000000000000000e+00
2.864000000000000000e+03 0.000000000000000000e+00
3.013000000000000000e+03 0.000000000000000000e+00
3.170000000000000000e+03 0.000000000000000000e+00
3.335000000000000000e+03 0.000000000000000000e+00
3.508000000000000000e+03 0.000000000000000000e+00
3.691000000000000000e+03 0.000000000000000000e+00
3.883000000000000000e+03 0.000000000000000000e+00
4.085000000000000000e+03 0.000000000000000000e+00
4.298000000000000000e+03 0.000000000000000000e+00
4.522000000000000000e+03 0.000000000000000000e+00
4.757000000000000000e+03 0.000000000000000000e+00
5.005000000000000000e+03 0.000000000000000000e+00
5.266000000000000000e+03 0.000000000000000000e+00
5.540000000000000000e+03 0.000000000000000000e+00
5.828000000000000000e+03 0.000000000000000000e+00
6.132000000000000000e+03 0.000000000000000000e+00
6.451000000000000000e+03 0.000000000000000000e+00
6.787000000000000000e+03 0.000000000000000000e+00
7.140000000000000000e+03 0.000000000000000000e+00
7.512000000000000000e+03 0.000000000000000000e+00
7.903000000000000000e+03 0.000000000000000000e+00
8.315000000000000000e+03 0.000000000000000000e+00
8.748000000000000000e+03 0.000000000000000000e+00
9.203000000000000000e+03 0.000000000000000000e+00
9.682000000000000000e+03 0.000000000000000000e+00
1.019000000000000000e+04 0.000000000000000000e+00
1.072000000000000000e+04 0.000000000000000000e+00
1.127000000000000000e+04 0.000000000000000000e+00
1.186000000000000000e+04 0.000000000000000000e+00
1.248000000000000000e+04 0.000000000000000000e+00
1.313000000000000000e+04 0.000000000000000000e+00
1.381000000000000000e+04 0.000000000000000000e+00
1.453000000000000000e+04 0.000000000000000000e+00
1.529000000000000000e+04 0.000000000000000000e+00
1.608000000000000000e+04 0.000000000000000000e+00
1.692000000000000000e+04 0.000000000000000000e+00
1.780000000000000000e+04 0.000000000000000000e+00
1.873000000000000000e+04 0.000000000000000000e+00
1.971000000000000000e+04 0.000000000000000000e+00
2.073000000000000000e+04 0.000000000000000000e+00
2.181000000000000000e+04 0.000000000000000000e+00
2.295000000000000000e+04 0.000000000000000000e+00
2.414000000000000000e+04 0.000000000000000000e+00
2.540000000000000000e+04 0.000000000000000000e+00
2.672000000000000000e+04 0.000000000000000000e+00
2.811000000000000000e+04 0.000000000000000000e+00
2.958000000000000000e+04 0.000000000000000000e+00
3.112000000000000000e+04 0.000000000000000000e+00
3.274000000000000000e+04 0.000000000000000000e+00
3.444000000000000000e+04 0.000000000000000000e+00
3.623000000000000000e+04 0.000000000000000000e+00
3.812000000000000000e+04 0.000000000000000000e+00
4.011000000000000000e+04 0.000000000000000000e+00
4.219000000000000000e+04 0.000000000000000000e+00
4.439000000000000000e+04 0.000000000000000000e+00
4.670000000000000000e+04 0.000000000000000000e+00
4.913000000000000000e+04 0.000000000000000000e+00
5.169000000000000000e+04 0.000000000000000000e+00
5.438000000000000000e+04 0.000000000000000000e+00
5.722000000000000000e+04 0.000000000000000000e+00
6.019000000000000000e+04 0.000000000000000000e+00
6.333000000000000000e+04 0.000000000000000000e+00
6.663000000000000000e+04 0.000000000000000000e+00
7.010000000000000000e+04 0.000000000000000000e+00
7.375000000000000000e+04 0.000000000000000000e+00
7.759000000000000000e+04 0.000000000000000000e+00
8.163000000000000000e+04 0.000000000000000000e+00
8.588000000000000000e+04 0.000000000000000000e+00
9.035000000000000000e+04 0.000000000000000000e+00
9.505000000000000000e+04 0.000000000000000000e+00
1.000000000000000000e+05 0.000000000000000000e+00
