1.000000000000000021e-03 3.555987153845049696e+23
1.051999999999999984e-03 3.547785742247207381e+23
1.106999999999999911e-03 3.547339146782674885e+23
1.163999999999999887e-03 3.553136041164252643e+23
1.224999999999999960e-03 3.561931534219859806e+23
1.288999999999999998e-03 3.578285211586783630e+23
1.356000000000000000e-03 3.597603204694779867e+23
1.427000000000000100e-03 3.619722040865137696e+23
1.500999999999999947e-03 3.643524089803975321e+23
1.579000000000000108e-03 3.671149116861114913e+23
1.661000000000000150e-03 3.698592928290898235e+23
1.747999999999999988e-03 3.729012571810166525e+23
1.839000000000000140e-03 3.759605282496061049e+23
1.935000000000000088e-03 3.790504126030408581e+23
2.034999999999999917e-03 3.820549590692992731e+23
2.141000000000000108e-03 3.852323654275784853e+23
2.252999999999999794e-03 3.881297655290278812e+23
2.370000000000000145e-03 3.907547578859215074e+23
2.492999999999999990e-03 3.933206764517773290e+23
2.623000000000000331e-03 3.957505327506190804e+23
2.759999999999999867e-03 3.978262255615434650e+23
2.903999999999999897e-03 3.998040405335946497e+23
3.054999999999999990e-03 4.015089288599013981e+23
3.213999999999999843e-03 4.029907963307378292e+23
3.380999999999999891e-03 4.041831130384657170e+23
3.556999999999999832e-03 4.050198137464350174e+23
3.742000000000000100e-03 4.057407317019053827e+23
3.936999999999999528e-03 4.059879211150483527e+23
4.142000000000000716e-03 4.058774973943978865e+23
4.357999999999999895e-03 4.054511882842113059e+23
4.585000000000000533e-03 4.048712789154966180e+23
4.824000000000000163e-03 4.038854775254504524e+23
5.074999999999999650e-03 4.024262028556145231e+23
5.338999999999999996e-03 4.007593270955424696e+23
5.616999999999999597e-03 3.988856155890250636e+23
5.908999999999999322e-03 3.963307056317202138e+23
6.217000000000000304e-03 3.935840225721590879e+23
6.540999999999999939e-03 3.905729032269815161e+23
6.880999999999999964e-03 3.872140910132027290e+23
7.239999999999999908e-03 3.833752177928414817e+23
7.617000000000000506e-03 3.792436122307301841e+23
8.012999999999999290e-03 3.748734614084897892e+23
8.429999999999999993e-03 3.702866981573117975e+23
8.868999999999998413e-03 3.653275292870704963e+23
9.330999999999999017e-03 3.600565422781271984e+23
9.816999999999999338e-03 3.546259556947668469e+23
1.032999999999999891e-02 3.487411061546641187e+23
1.086999999999999945e-02 3.426404693359687264e+23
1.143000000000000092e-02 3.365349455339245420e+23
1.203000000000000076e-02 3.299727837436538834e+23
1.264999999999999979e-02 3.233506087761255208e+23
1.330999999999999892e-02 3.164268741623567499e+23
1.400999999999999988e-02 3.091793698783593297e+23
1.473000000000000004e-02 3.019757843471091924e+23
1.549999999999999989e-02 2.945424896695314353e+23
1.631000000000000158e-02 2.869998731135430490e+23
1.715999999999999817e-02 2.793575828629587524e+23
1.805000000000000007e-02 2.715797364775300461e+23
1.898999999999999994e-02 2.635690333512526390e+23
1.997999999999999776e-02 2.557230146582060928e+23
2.101999999999999702e-02 2.476697876604643852e+23
2.212000000000000077e-02 2.395537182273659533e+23
2.326999999999999902e-02 2.315386895768539240e+23
2.447999999999999829e-02 2.234856757339275479e+23
2.574999999999999858e-02 2.154892012211822888e+23
2.708999999999999950e-02 2.074847741794296980e+23
2.850000000000000103e-02 1.995685947988882636e+23
2.998999999999999930e-02 1.916290108186336543e+23
3.155000000000000165e-02 1.838433768029531585e+23
3.318999999999999728e-02 1.761530086141121580e+23
3.491999999999999965e-02 1.685227602060028685e+23
3.673999999999999488e-02 1.609606496189761202e+23
3.864999999999999686e-02 1.536145103735864070e+23
4.066000000000000170e-02 1.464405042660525390e+23
4.277999999999999858e-02 1.393465304381268626e+23
4.500999999999999446e-02 1.324416700234491075e+23
4.734999999999999626e-02 1.257194966099039690e+23
4.982000000000000317e-02 1.191519787930505666e+23
5.240999999999999825e-02 1.127309696384255058e+23
5.513999999999999457e-02 1.065104708076386543e+23
5.800999999999999907e-02 1.005142093205604485e+23
6.102999999999999398e-02 9.473489139580918143e+22
6.421000000000000318e-02 8.913650497650638927e+22
6.755999999999999506e-02 8.371954507984283265e+22
7.106999999999999429e-02 7.854551591247590248e+22
7.477000000000000313e-02 7.358943210364629051e+22
7.867000000000000381e-02 6.883354784103455628e+22
8.276000000000000023e-02 6.426453422494183745e+22
8.707000000000000850e-02 5.989872038675794729e+22
9.160999999999999699e-02 5.574310423551495530e+22
9.637999999999999345e-02 5.178225324871453455e+22
1.014000000000000040e-01 4.801488141827615962e+22
1.067000000000000032e-01 4.445451386702346899e+22
1.122000000000000081e-01 4.112779456729723385e+22
1.180999999999999966e-01 3.793376491962579812e+22
1.242000000000000048e-01 3.498060576653388336e+22
1.307000000000000106e-01 3.216289279121252208e+22
1.375000000000000111e-01 2.951978248816841196e+22
1.446999999999999953e-01 2.704899513207676836e+22
1.522000000000000020e-01 2.477145072186999125e+22
1.600999999999999923e-01 2.263466713817914173e+22
1.683999999999999941e-01 2.065589939143819080e+22
1.771999999999999964e-01 1.881277922094213392e+22
1.864000000000000101e-01 1.711393734695034500e+22
1.960999999999999965e-01 1.552501724897303383e+22
2.064000000000000001e-01 1.405668973790485493e+22
2.170999999999999874e-01 1.273032828780161899e+22
2.283999999999999919e-01 1.150425370264381424e+22
2.403000000000000136e-01 1.037365134550474372e+22
2.528000000000000247e-01 9.346227070976572522e+21
2.660000000000000142e-01 8.404127340201713336e+21
2.798000000000000487e-01 7.558318934172887941e+21
2.943999999999999950e-01 6.784372674585391268e+21
3.096999999999999753e-01 6.080905315559285981e+21
3.259000000000000230e-01 5.444934313576172093e+21
3.427999999999999936e-01 4.870335332977342415e+21
3.606999999999999651e-01 4.353965311968161563e+21
3.795000000000000040e-01 3.891324999640002068e+21
3.991999999999999993e-01 3.471341238164379402e+21
4.200000000000000400e-01 3.096642064938847175e+21
4.419000000000000150e-01 2.761851093158208209e+21
4.649000000000000354e-01 2.462628254672519954e+21
4.891000000000000347e-01 2.193387136922929857e+21
5.144999999999999574e-01 1.955698306680508645e+21
5.413000000000000034e-01 1.742247607926482534e+21
5.695000000000000062e-01 1.553245952630525002e+21
5.992000000000000659e-01 1.385093622784322175e+21
6.304000000000000714e-01 1.236263813683079283e+21
6.632000000000000117e-01 1.104495460591975793e+21
6.976999999999999869e-01 9.862976408497095967e+20
7.340999999999999748e-01 8.831466769383271956e+20
7.722999999999999865e-01 7.906448502222471823e+20
8.125000000000000000e-01 7.074997036519644201e+20
8.548000000000000043e-01 6.337670002442563748e+20
8.992999999999999883e-01 5.690366952566483845e+20
9.460999999999999410e-01 5.108960119310674821e+20
9.954000000000000625e-01 4.587916565600533217e+20
1.046999999999999931e+00 4.128789954082398536e+20
1.101999999999999869e+00 3.714936007282503844e+20
1.159000000000000030e+00 3.347108112569814876e+20
1.219000000000000083e+00 3.019542319404531712e+20
1.283000000000000140e+00 2.719943993489988321e+20
1.350000000000000089e+00 2.448357080614976225e+20
1.419999999999999929e+00 2.206302757019223654e+20
1.493999999999999995e+00 1.985788781762960753e+20
1.572000000000000064e+00 1.787770170555674132e+20
1.654000000000000137e+00 1.606570056826233487e+20
1.739999999999999991e+00 1.443637820272936223e+20
1.830000000000000071e+00 1.294985887773172367e+20
1.925999999999999934e+00 1.157539810308410081e+20
2.025999999999999801e+00 1.034813392494766162e+20
2.131000000000000227e+00 9.236884002807152640e+19
2.241999999999999993e+00 8.233902719348328038e+19
2.358999999999999986e+00 7.320725638039860019e+19
2.481999999999999762e+00 6.493377685368736973e+19
2.611000000000000210e+00 5.763228282231786701e+19
2.746999999999999886e+00 5.082907928623190016e+19
2.890000000000000124e+00 4.490615613442406810e+19
3.040999999999999925e+00 3.951499532123960115e+19
3.198999999999999844e+00 3.463931022734713651e+19
3.366000000000000103e+00 3.041690071368287846e+19
3.540999999999999925e+00 2.655638084778819994e+19
3.725000000000000089e+00 2.326771272470639002e+19
3.918999999999999595e+00 2.025763712422343885e+19
4.123000000000000220e+00 1.763250903350814515e+19
4.338000000000000078e+00 1.534989007442495283e+19
4.564000000000000057e+00 1.327880654616769946e+19
4.801000000000000156e+00 1.155109202265955328e+19
5.051000000000000156e+00 9.975673062674255872e+18
5.314000000000000057e+00 8.627287392486703104e+18
5.590999999999999304e+00 7.451844714071490560e+18
5.881999999999999673e+00 6.415221181904579584e+18
6.187999999999999723e+00 5.550088232317526016e+18
6.511000000000000121e+00 4.746087947458254848e+18
6.850000000000000533e+00 4.123863582149506048e+18
7.205999999999999517e+00 3.525228994756900352e+18
7.581999999999999851e+00 3.053166941498008064e+18
7.976000000000000867e+00 2.613588434311813632e+18
8.391999999999999460e+00 2.257872632354405120e+18
8.829000000000000625e+00 1.938173603199630080e+18
9.288000000000000256e+00 1.668615075250249472e+18
9.772000000000000242e+00 1.436363286051968256e+18
1.027999999999999936e+01 1.232774198108386048e+18
1.082000000000000028e+01 1.062968977901304576e+18
1.137999999999999901e+01 9.108461238263756800e+17
1.196999999999999886e+01 7.890384960528623360e+17
1.259999999999999964e+01 6.728367391952625920e+17
1.325000000000000000e+01 5.848161622603619840e+17
1.393999999999999950e+01 4.990139191562925440e+17
1.466999999999999993e+01 4.335615691831878400e+17
1.542999999999999972e+01 3.714308617996934400e+17
1.623000000000000043e+01 3.231627958895681280e+17
1.708000000000000185e+01 2.776108626259276160e+17
1.796999999999999886e+01 2.406985697009302720e+17
1.889999999999999858e+01 2.075354445868793600e+17
1.989000000000000057e+01 1.793186328100195840e+17
2.092000000000000171e+01 1.549142274502729600e+17
2.200999999999999801e+01 1.335621764546616640e+17
2.316000000000000014e+01 1.151804813668001120e+17
2.437000000000000099e+01 9.872365459754491200e+16
2.562999999999999901e+01 8.510134960341592000e+16
2.697000000000000242e+01 7.244819430537622400e+16
2.837000000000000099e+01 6.202270524068043200e+16
2.985000000000000142e+01 5.230062261666026400e+16
3.139999999999999858e+01 4.458218184647639200e+16
3.303999999999999915e+01 3.733533886917838400e+16
3.475999999999999801e+01 3.167256824614089600e+16
3.657000000000000028e+01 2.654169940023509600e+16
3.846999999999999886e+01 2.257173887437979200e+16
4.048000000000000398e+01 1.904472522750752000e+16
4.259000000000000341e+01 1.616131423024881200e+16
4.479999999999999716e+01 1.362254027229596000e+16
4.714000000000000057e+01 1.149084361720432800e+16
4.959000000000000341e+01 9.691391077336970000e+15
5.217000000000000171e+01 8.127884506780259000e+15
5.489000000000000057e+01 6.828494992312517000e+15
5.775000000000000000e+01 5.675205463952434000e+15
6.075000000000000000e+01 4.742629480361161000e+15
6.392000000000000171e+01 3.891571782937218000e+15
6.723999999999999488e+01 3.221137878283196500e+15
7.075000000000000000e+01 2.596581942098393000e+15
7.442999999999999261e+01 2.115662628475906250e+15
7.829999999999999716e+01 1.667594305734292750e+15
8.237999999999999545e+01 1.330016109313245500e+15
8.667000000000000171e+01 1.021939027621651750e+15
9.117999999999999261e+01 7.883106133298198750e+14
9.593000000000000682e+01 5.894626173307301250e+14
1.009000000000000057e+02 4.396058171100635625e+14
1.062000000000000028e+02 3.201476530212303750e+14
1.116999999999999886e+02 2.307810947487200312e+14
1.175000000000000000e+02 1.661543955802451875e+14
1.236000000000000085e+02 1.164912471232248281e+14
1.300999999999999943e+02 8.299744963298340625e+13
1.369000000000000057e+02 5.687923674637348438e+13
1.440000000000000000e+02 4.031153010126189062e+13
1.515000000000000000e+02 2.671250126306584766e+13
1.593999999999999773e+02 1.826231233532408984e+13
1.676999999999999886e+02 1.113862897677700391e+13
1.764000000000000057e+02 7.212927380544621094e+12
1.855999999999999943e+02 4.091965122413013672e+12
1.952000000000000171e+02 2.458765210975828125e+12
2.054000000000000057e+02 1.376748477200844727e+12
2.160999999999999943e+02 7.760400937977320557e+11
2.273999999999999773e+02 4.293538271156743164e+11
2.391999999999999886e+02 2.290937507831508484e+11
2.516999999999999886e+02 1.196211715001259003e+11
2.647999999999999545e+02 5.562532481740924835e+10
2.785000000000000000e+02 2.728574672464341354e+10
2.930000000000000000e+02 1.141306516821943474e+10
3.083000000000000114e+02 5.199443924718451500e+09
3.244000000000000341e+02 1.991422646305096865e+09
3.411999999999999886e+02 8.491395730393188000e+08
3.590000000000000000e+02 2.868259320130368471e+08
3.776999999999999886e+02 1.059460964471947253e+08
3.973999999999999773e+02 3.280654679058644921e+07
4.181000000000000227e+02 1.053350587638767809e+07
4.398000000000000114e+02 3.640848337448667269e+06
4.626999999999999886e+02 9.984920879230800783e+05
4.868000000000000114e+02 3.025079704412147403e+05
5.122000000000000455e+02 7.096754662321777141e+04
5.387999999999999545e+02 1.748207155983263146e+04
5.668999999999999773e+02 3.862235194954665985e+03
5.964000000000000909e+02 7.531799178436732518e+02
6.275000000000000000e+02 1.536438750112109233e+02
6.601000000000000227e+02 1.978342929276174189e+01
6.945000000000000000e+02 3.882872987694200972e+00
7.307000000000000455e+02 3.612144071046773930e-01
7.687000000000000455e+02 6.928525210461282391e-02
8.087999999999999545e+02 4.057348744898619901e-03
8.508999999999999773e+02 7.691535832747500726e-04
8.952000000000000455e+02 2.346933648364038085e-05
9.417999999999999545e+02 5.405411824268938532e-06
9.908000000000000682e+02 3.697131370361248871e-07
1.042000000000000000e+03 2.924204134072429821e-08
1.097000000000000000e+03 3.025562490633529950e-09
1.154000000000000000e+03 5.927959549504183113e-11
1.214000000000000000e+03 8.211647661897822931e-12
1.277000000000000000e+03 6.283734010344593019e-14
1.344000000000000000e+03 9.268740800922429914e-15
1.414000000000000000e+03 3.262176034699617039e-17
1.487000000000000000e+03 5.482379686152101721e-18
1.565000000000000000e+03 5.553582294886561658e-21
1.646000000000000000e+03 9.866876987987784320e-22
1.732000000000000000e+03 4.286990009045513750e-25
1.822000000000000000e+03 7.829560093524040336e-26
1.917000000000000000e+03 1.058184699090175902e-29
2.017000000000000000e+03 1.932542663461968598e-30
2.122000000000000000e+03 6.952562089558074151e-35
2.232000000000000000e+03 1.782395140905048788e-35
2.348000000000000000e+03 1.342804503803281884e-36
2.470000000000000000e+03 3.796232774597729188e-41
2.599000000000000000e+03 4.499928546461942630e-42
2.734000000000000000e+03 1.630194483711470197e-47
2.877000000000000000e+03 2.315488570261042176e-48
3.027000000000000000e+03 1.118095693405612741e-54
3.184000000000000000e+03 1.795694235259368610e-55
3.350000000000000000e+03 1.083258085649806892e-62
3.524000000000000000e+03 1.866691477069888649e-63
3.708000000000000000e+03 1.550880426327005597e-71
3.901000000000000000e+03 2.762509569822609253e-72
4.104000000000000000e+03 1.697508579810527845e-81
4.318000000000000000e+03 3.109310085116467593e-82
4.543000000000000000e+03 1.328220640012190477e-92
4.779000000000000000e+03 2.729471453363489108e-93
5.028000000000000000e+03 6.353796996613806026e-95
5.290000000000000000e+03 1.711057297360487831e-105
5.565000000000000000e+03 1.630290486232329586e-106
5.855000000000000000e+03 3.720339087512305041e-119
6.160000000000000000e+03 4.819920092197354373e-120
6.481000000000000000e+03 1.696309721325837309e-134
6.818000000000000000e+03 2.551726522468077096e-135
7.173000000000000000e+03 1.370764818182914144e-151
7.547000000000000000e+03 2.236400629066777694e-152
7.940000000000000000e+03 1.353847450102636682e-170
8.353000000000000000e+03 2.319178801692505180e-171
8.788000000000000000e+03 6.942275283073577169e-192
9.246000000000000000e+03 1.218340821438229321e-192
9.727000000000000000e+03 1.434856307937219895e-215
1.023000000000000000e+04 2.707758917808644255e-216
1.077000000000000000e+04 6.548805812191734685e-242
1.133000000000000000e+04 1.525576656587671136e-242
1.192000000000000000e+04 8.272714225432494642e-244
1.254000000000000000e+04 7.500206410251469067e-272
1.319000000000000000e+04 8.464832104437895977e-273
1.388000000000000000e+04 1.252437530673641426e-304
1.460000000000000000e+04 1.747194420458832757e-305
1.536000000000000000e+04 0.000000000000000000e+00
1.616000000000000000e+04 0.000000000000000000e+00
1.700000000000000000e+04 0.000000000000000000e+00
1.789000000000000000e+04 0.000000000000000000e+00
1.882000000000000000e+04 0.000000000000000000e+00
1.980000000000000000e+04 0.000000000000000000e+00
2.083000000000000000e+04 0.000000000000000000e+00
2.191000000000000000e+04 0.000000000000000000e+00
2.305000000000000000e+04 0.000000000000000000e+00
2.425000000000000000e+04 0.000000000000000000e+00
2.552000000000000000e+04 0.000000000000000000e+00
2.684000000000000000e+04 0.000000000000000000e+00
2.824000000000000000e+04 0.000000000000000000e+00
2.971000000000000000e+04 0.000000000000000000e+00
3.126000000000000000e+04 0.000000000000000000e+00
3.289000000000000000e+04 0.000000000000000000e+00
3.460000000000000000e+04 0.000000000000000000e+00
3.640000000000000000e+04 0.000000000000000000e+00
3.830000000000000000e+04 0.000000000000000000e+00
4.029000000000000000e+04 0.000000000000000000e+00
4.239000000000000000e+04 0.000000000000000000e+00
4.460000000000000000e+04 0.000000000000000000e+00
4.692000000000000000e+04 0.000000000000000000e+00
4.936000000000000000e+04 0.000000000000000000e+00
5.193000000000000000e+04 0.000000000000000000e+00
5.464000000000000000e+04 0.000000000000000000e+00
5.748000000000000000e+04 0.000000000000000000e+00
6.047000000000000000e+04 0.000000000000000000e+00
6.362000000000000000e+04 0.000000000000000000e+00
6.693000000000000000e+04 0.000000000000000000e+00
7.042000000000000000e+04 0.000000000000000000e+00
7.409000000000000000e+04 0.000000000000000000e+00
7.794000000000000000e+04 0.000000000000000000e+00
8.200000000000000000e+04 0.000000000000000000e+00
8.627000000000000000e+04 0.000000000000000000e+00
9.076000000000000000e+04 0.000000000000000000e+00
9.549000000000000000e+04 0.000000000000000000e+00
1.005000000000000000e+05 0.000000000000000000e+00
1.057000000000000000e+05 0.000000000000000000e+00
1.112000000000000000e+05 0.000000000000000000e+00
1.170000000000000000e+05 0.000000000000000000e+00
1.231000000000000000e+05 0.000000000000000000e+00
1.295000000000000000e+05 0.000000000000000000e+00
1.362000000000000000e+05 0.000000000000000000e+00
1.433000000000000000e+05 0.000000000000000000e+00
1.508000000000000000e+05 0.000000000000000000e+00
1.586000000000000000e+05 0.000000000000000000e+00
1.669000000000000000e+05 0.000000000000000000e+00
1.756000000000000000e+05 0.000000000000000000e+00
1.847000000000000000e+05 0.000000000000000000e+00
1.943000000000000000e+05 0.000000000000000000e+00
2.045000000000000000e+05 0.000000000000000000e+00
2.151000000000000000e+05 0.000000000000000000e+00
2.263000000000000000e+05 0.000000000000000000e+00
2.381000000000000000e+05 0.000000000000000000e+00
2.505000000000000000e+05 0.000000000000000000e+00
2.635000000000000000e+05 0.000000000000000000e+00
2.773000000000000000e+05 0.000000000000000000e+00
2.917000000000000000e+05 0.000000000000000000e+00
3.069000000000000000e+05 0.000000000000000000e+00
3.229000000000000000e+05 0.000000000000000000e+00
3.397000000000000000e+05 0.000000000000000000e+00
3.574000000000000000e+05 0.000000000000000000e+00
3.760000000000000000e+05 0.000000000000000000e+00
3.955000000000000000e+05 0.000000000000000000e+00
4.161000000000000000e+05 0.000000000000000000e+00
4.378000000000000000e+05 0.000000000000000000e+00
4.606000000000000000e+05 0.000000000000000000e+00
4.846000000000000000e+05 0.000000000000000000e+00
5.098000000000000000e+05 0.000000000000000000e+00
5.364000000000000000e+05 0.000000000000000000e+00
5.643000000000000000e+05 0.000000000000000000e+00
5.937000000000000000e+05 0.000000000000000000e+00
6.246000000000000000e+05 0.000000000000000000e+00
6.571000000000000000e+05 0.000000000000000000e+00
6.913000000000000000e+05 0.000000000000000000e+00
7.273000000000000000e+05 0.000000000000000000e+00
7.652000000000000000e+05 0.000000000000000000e+00
8.050000000000000000e+05 0.000000000000000000e+00
8.469000000000000000e+05 0.000000000000000000e+00
8.910000000000000000e+05 0.000000000000000000e+00
9.374000000000000000e+05 0.000000000000000000e+00
9.863000000000000000e+05 0.000000000000000000e+00
1.038000000000000000e+06 0.000000000000000000e+00
1.092000000000000000e+06 0.000000000000000000e+00
1.148000000000000000e+06 0.000000000000000000e+00
1.208000000000000000e+06 0.000000000000000000e+00
1.271000000000000000e+06 0.000000000000000000e+00
1.337000000000000000e+06 0.000000000000000000e+00
1.407000000000000000e+06 0.000000000000000000e+00
1.480000000000000000e+06 0.000000000000000000e+00
1.557000000000000000e+06 0.000000000000000000e+00
1.638000000000000000e+06 0.000000000000000000e+00
1.724000000000000000e+06 0.000000000000000000e+00
1.814000000000000000e+06 0.000000000000000000e+00
1.908000000000000000e+06 0.000000000000000000e+00
2.007000000000000000e+06 0.000000000000000000e+00
2.112000000000000000e+06 0.000000000000000000e+00
2.222000000000000000e+06 0.000000000000000000e+00
2.337000000000000000e+06 0.000000000000000000e+00
2.459000000000000000e+06 0.000000000000000000e+00
2.587000000000000000e+06 0.000000000000000000e+00
2.722000000000000000e+06 0.000000000000000000e+00
2.864000000000000000e+06 0.000000000000000000e+00
3.013000000000000000e+06 0.000000000000000000e+00
3.170000000000000000e+06 0.000000000000000000e+00
3.335000000000000000e+06 0.000000000000000000e+00
3.508000000000000000e+06 0.000000000000000000e+00
3.691000000000000000e+06 0.000000000000000000e+00
3.883000000000000000e+06 0.000000000000000000e+00
4.085000000000000000e+06 0.000000000000000000e+00
4.298000000000000000e+06 0.000000000000000000e+00
4.522000000000000000e+06 0.000000000000000000e+00
4.757000000000000000e+06 0.000000000000000000e+00
5.005000000000000000e+06 0.000000000000000000e+00
5.266000000000000000e+06 0.000000000000000000e+00
5.540000000000000000e+06 0.000000000000000000e+00
5.828000000000000000e+06 0.000000000000000000e+00
6.132000000000000000e+06 0.000000000000000000e+00
6.451000000000000000e+06 0.000000000000000000e+00
6.787000000000000000e+06 0.000000000000000000e+00
7.140000000000000000e+06 0.000000000000000000e+00
7.512000000000000000e+06 0.000000000000000000e+00
7.903000000000000000e+06 0.000000000000000000e+00
8.315000000000000000e+06 0.000000000000000000e+00
8.748000000000000000e+06 0.000000000000000000e+00
9.203000000000000000e+06 0.000000000000000000e+00
9.682000000000000000e+06 0.000000000000000000e+00
1.019000000000000000e+07 0.000000000000000000e+00
1.072000000000000000e+07 0.000000000000000000e+00
1.127000000000000000e+07 0.000000000000000000e+00
1.186000000000000000e+07 0.000000000000000000e+00
1.248000000000000000e+07 0.000000000000000000e+00
1.313000000000000000e+07 0.000000000000000000e+00
1.381000000000000000e+07 0.000000000000000000e+00
1.453000000000000000e+07 0.000000000000000000e+00
1.529000000000000000e+07 0.000000000000000000e+00
1.608000000000000000e+07 0.000000000000000000e+00
1.692000000000000000e+07 0.000000000000000000e+00
1.780000000000000000e+07 0.000000000000000000e+00
1.873000000000000000e+07 0.000000000000000000e+00
1.971000000000000000e+07 0.000000000000000000e+00
2.073000000000000000e+07 0.000000000000000000e+00
2.181000000000000000e+07 0.000000000000000000e+00
2.295000000000000000e+07 0.000000000000000000e+00
2.414000000000000000e+07 0.000000000000000000e+00
2.540000000000000000e+07 0.000000000000000000e+00
2.672000000000000000e+07 0.000000000000000000e+00
2.811000000000000000e+07 0.000000000000000000e+00
2.958000000000000000e+07 0.000000000000000000e+00
3.112000000000000000e+07 0.000000000000000000e+00
3.274000000000000000e+07 0.000000000000000000e+00
3.444000000000000000e+07 0.000000000000000000e+00
3.623000000000000000e+07 0.000000000000000000e+00
3.812000000000000000e+07 0.000000000000000000e+00
4.011000000000000000e+07 0.000000000000000000e+00
4.219000000000000000e+07 0.000000000000000000e+00
4.439000000000000000e+07 0.000000000000000000e+00
4.670000000000000000e+07 0.000000000000000000e+00
4.913000000000000000e+07 0.000000000000000000e+00
5.169000000000000000e+07 0.000000000000000000e+00
5.438000000000000000e+07 0.000000000000000000e+00
5.722000000000000000e+07 0.000000000000000000e+00
6.019000000000000000e+07 0.000000000000000000e+00
6.333000000000000000e+07 0.000000000000000000e+00
6.663000000000000000e+07 0.000000000000000000e+00
7.010000000000000000e+07 0.000000000000000000e+00
7.375000000000000000e+07 0.000000000000000000e+00
7.759000000000000000e+07 0.000000000000000000e+00
8.163000000000000000e+07 0.000000000000000000e+00
8.588000000000000000e+07 0.000000000000000000e+00
9.035000000000000000e+07 0.000000000000000000e+00
9.505000000000000000e+07 0.000000000000000000e+00
1.000000000000000000e+08 0.000000000000000000e+00
