4.999999999999999237e-03 2.631694605388814418e+20
9.999999999999998473e-03 1.870785446558380196e+20
1.499999999999999771e-02 1.440210475457513390e+20
1.999999999999999695e-02 1.157796609448080998e+20
2.499999999999999445e-02 9.572311291167483494e+19
2.999999999999999195e-02 8.073100956178382848e+19
3.499999999999999639e-02 6.911169967784326758e+19
3.999999999999999389e-02 5.986008826637410304e+19
4.499999999999999140e-02 5.233592858618732544e+19
4.999999999999998890e-02 4.611199097791409357e+19
5.499999999999998640e-02 4.089211020229995725e+19
5.999999999999999084e-02 3.646270655682777088e+19
6.499999999999998834e-02 3.266730950946626765e+19
6.999999999999999278e-02 2.938716976240751002e+19
7.499999999999999722e-02 2.653191319470142259e+19
7.999999999999998779e-02 2.403015127284798669e+19
8.499999999999999223e-02 2.182601382283297997e+19
8.999999999999999667e-02 1.987426902307584410e+19
