1.473707518796992133e+01 5.911900752444643082e+20
1.573707518796992133e+01 6.134305601408309658e+20
1.673707518796992133e+01 6.320100087974040699e+20
1.773707518796992133e+01 6.483445195553202504e+20
1.873707518796992133e+01 6.613602570991558984e+20
1.973707518796992133e+01 6.715635294235633910e+20
2.073707518796992133e+01 6.792810737704097546e+20
2.173707518796992133e+01 6.845792099705894994e+20
2.273707518796992133e+01 6.876321155121595023e+20
2.373707518796992133e+01 6.888098732042127933e+20
2.473707518796992133e+01 6.882406578684202844e+20
2.573707518796992133e+01 6.861996389814691430e+20
2.673707518796992133e+01 6.828141379450133545e+20
2.773707518796992133e+01 6.779311337348403036e+20
2.873707518796992133e+01 6.725161167243124408e+20
2.973707518796992133e+01 6.660666185532293775e+20
3.073707518796992133e+01 6.587999548359527629e+20
3.173707518796992133e+01 6.506342350298201457e+20
3.273707518796992133e+01 6.419991435778524447e+20
3.373707518796992133e+01 6.327192015002261258e+20
3.473707518796992133e+01 6.231167429147552645e+20
3.573707518796992133e+01 6.132262593999711764e+20
3.673707518796992133e+01 6.031886326609898373e+20
3.773707518796992133e+01 5.931029211300884644e+20
3.873707518796992133e+01 5.830250945600080445e+20
3.973707518796992133e+01 5.729836019417266258e+20
4.073707518796992133e+01 5.630274634007710269e+20
4.173707518796992133e+01 5.530854293565489807e+20
4.273707518796992133e+01 5.432049263489432945e+20
4.373707518796992133e+01 5.333399879973026529e+20
4.473707518796992133e+01 5.234887239363967058e+20
4.573707518796992133e+01 5.136555241244455731e+20
4.673707518796992133e+01 5.038569086362858291e+20
4.773707518796992133e+01 4.940889286974325391e+20
4.873707518796992133e+01 4.843753020098605220e+20
4.973707518796992133e+01 4.747334193851508982e+20
5.073707518796992133e+01 4.651758783196235039e+20
5.173707518796992133e+01 4.557194627042870559e+20
5.273707518796992133e+01 4.463686566571402199e+20
5.373707518796992133e+01 4.371452711083199693e+20
5.473707518796992133e+01 4.280386954644114637e+20
5.573707518796992133e+01 4.190802149761582367e+20
5.673707518796992133e+01 4.102690353868741018e+20
5.773707518796992133e+01 4.016107130673583882e+20
5.873707518796992133e+01 3.931207422812089876e+20
5.973707518796992133e+01 3.848177197763042345e+20
6.073707518796992133e+01 3.766862869796637245e+20
6.173707518796992133e+01 3.687244007999621693e+20
6.273707518796992133e+01 3.609446418909271163e+20
6.373707518796992133e+01 3.533271001126217974e+20
6.473707518796992133e+01 3.458887821335232512e+20
6.573707518796992133e+01 3.386147126744482447e+20
6.673707518796992133e+01 3.315050427292458680e+20
6.773707518796992133e+01 3.245562291568577741e+20
6.873707518796992133e+01 3.177555176029959619e+20
6.973707518796992133e+01 3.111154977939619840e+20
7.073707518796992133e+01 3.046211594551054828e+20
7.173707518796992133e+01 2.982631713621549384e+20
7.273707518796992133e+01 2.920469804727317955e+20
7.373707518796992133e+01 2.859691811999662080e+20
7.473707518796992133e+01 2.800204790635389583e+20
7.573707518796992133e+01 2.742045533863509361e+20
7.673707518796992133e+01 2.685015733960780677e+20
7.773707518796992133e+01 2.629468331498729636e+20
7.873707518796992133e+01 2.574967090530970829e+20
7.973707518796992133e+01 2.521672021503122801e+20
8.073707518796992133e+01 2.469543748931592847e+20
8.173707518796992133e+01 2.418510872170281042e+20
8.273707518796992133e+01 2.368619327060890092e+20
8.373707518796992133e+01 2.319897503341730857e+20
8.473707518796992133e+01 2.272207244002960343e+20
8.573707518796992133e+01 2.225593818691395912e+20
8.673707518796992133e+01 2.180054418199023124e+20
