1.221799999999999287e+01 8.415424685218816000e+19
1.621799999999999287e+01 9.814720755330587034e+19
2.021799999999999287e+01 1.048243067095410278e+20
2.421799999999999287e+01 1.060036457987848929e+20
2.821799999999999287e+01 1.036231784210927124e+20
3.221799999999998931e+01 9.867029216259604480e+19
3.621799999999998931e+01 9.292818637817226854e+19
4.021799999999998931e+01 8.692439190373620122e+19
4.421799999999998931e+01 8.113472521342586061e+19
4.821799999999998931e+01 7.521327678403674112e+19
5.221799999999998931e+01 6.952109079656091648e+19
5.621799999999998931e+01 6.417154284906799923e+19
6.021799999999998931e+01 5.917901162107596800e+19
6.421799999999998931e+01 5.468181747462391398e+19
6.821799999999998931e+01 5.060222696466203443e+19
7.221799999999998931e+01 4.695226737719711334e+19
7.621799999999998931e+01 4.344668638216083866e+19
8.021799999999998931e+01 4.029934690332351693e+19
8.421799999999998931e+01 3.721890472877359923e+19
8.821799999999998931e+01 3.438573403498047488e+19
9.221799999999998931e+01 3.182147522386139955e+19
9.621799999999998931e+01 2.941504268554908058e+19
1.002179999999999893e+02 2.727064488358911181e+19
