1.000000000000000021e-03 3.447990189960841082e+22
1.051999999999999984e-03 3.409128664401069474e+22
1.106999999999999911e-03 3.365084137559590280e+22
1.163999999999999887e-03 3.320521712960464434e+22
1.224999999999999960e-03 3.272549761930040967e+22
1.288999999999999998e-03 3.219652306116820546e+22
1.356000000000000000e-03 3.165918277949378370e+22
1.427000000000000100e-03 3.106513575425942015e+22
1.500999999999999947e-03 3.050477036581521719e+22
1.579000000000000108e-03 2.985359672507312479e+22
1.661000000000000150e-03 2.925251062026065884e+22
1.747999999999999988e-03 2.856527988054753804e+22
1.839000000000000140e-03 2.791876586187996424e+22
1.935000000000000088e-03 2.720966362677840026e+22
2.034999999999999917e-03 2.653514542943007932e+22
2.141000000000000108e-03 2.582974716638759223e+22
2.252999999999999794e-03 2.515378096034058705e+22
2.370000000000000145e-03 2.442826556459226392e+22
2.492999999999999990e-03 2.374322169071857041e+22
2.623000000000000331e-03 2.303530908425026064e+22
2.759999999999999867e-03 2.233986280272702105e+22
2.903999999999999897e-03 2.166805566805117187e+22
3.054999999999999990e-03 2.098553197673828057e+22
3.213999999999999843e-03 2.033234434604966452e+22
3.380999999999999891e-03 1.968339010353955550e+22
3.556999999999999832e-03 1.906840960673389321e+22
3.742000000000000100e-03 1.846765213029991711e+22
3.936999999999999528e-03 1.786539805824236755e+22
4.142000000000000716e-03 1.730747207090421157e+22
4.357999999999999895e-03 1.674456201060570418e+22
4.585000000000000533e-03 1.623211339535059675e+22
4.824000000000000163e-03 1.573020820877290661e+22
5.074999999999999650e-03 1.525450354638918045e+22
5.338999999999999996e-03 1.481212948363198910e+22
5.616999999999999597e-03 1.438540041587454168e+22
5.908999999999999322e-03 1.398235676489770494e+22
6.217000000000000304e-03 1.360391888001741881e+22
6.540999999999999939e-03 1.325226778812948362e+22
6.880999999999999964e-03 1.291930230012678190e+22
7.239999999999999908e-03 1.261594230791261389e+22
7.617000000000000506e-03 1.231705212518155682e+22
8.012999999999999290e-03 1.206012705988205661e+22
8.429999999999999993e-03 1.181022979975670242e+22
8.868999999999998413e-03 1.159622729662163268e+22
9.330999999999999017e-03 1.138688728346550652e+22
9.816999999999999338e-03 1.120170728455584874e+22
1.032999999999999891e-02 1.103003558179508532e+22
1.086999999999999945e-02 1.086853505751111749e+22
1.143000000000000092e-02 1.073827645366322017e+22
1.203000000000000076e-02 1.060799787072721676e+22
1.264999999999999979e-02 1.050651993262161658e+22
1.330999999999999892e-02 1.039646946121113980e+22
1.400999999999999988e-02 1.031259784315850352e+22
1.473000000000000004e-02 1.022987191750756821e+22
1.549999999999999989e-02 1.016444222866917949e+22
1.631000000000000158e-02 1.009361713821668868e+22
1.715999999999999817e-02 1.004337737025200534e+22
1.805000000000000007e-02 9.989222795997719036e+21
1.898999999999999994e-02 9.944622558586907656e+21
1.997999999999999776e-02 9.903707095732525728e+21
2.101999999999999702e-02 9.865811244308934689e+21
2.212000000000000077e-02 9.831494674607736095e+21
2.326999999999999902e-02 9.795080627193699631e+21
2.447999999999999829e-02 9.765750106494838243e+21
2.574999999999999858e-02 9.730572461076627063e+21
2.708999999999999950e-02 9.701015580987214529e+21
2.850000000000000103e-02 9.664375276398167720e+21
2.998999999999999930e-02 9.630932897450686415e+21
3.155000000000000165e-02 9.592966956098953150e+21
3.318999999999999728e-02 9.555122210752444760e+21
3.491999999999999965e-02 9.514129217956295475e+21
3.673999999999999488e-02 9.470763364574447010e+21
3.864999999999999686e-02 9.423325531805067510e+21
4.066000000000000170e-02 9.371163606217670001e+21
4.277999999999999858e-02 9.315563592391304675e+21
4.500999999999999446e-02 9.254675701097683747e+21
4.734999999999999626e-02 9.193029103207416070e+21
4.982000000000000317e-02 9.123319674321978262e+21
5.240999999999999825e-02 9.054032100469256487e+21
5.513999999999999457e-02 8.975628440245866856e+21
5.800999999999999907e-02 8.895575345315341926e+21
6.102999999999999398e-02 8.807180462458361872e+21
6.421000000000000318e-02 8.717698557865087730e+21
6.755999999999999506e-02 8.621046227439574843e+21
7.106999999999999429e-02 8.520788408825902268e+21
7.477000000000000313e-02 8.414853656061561274e+21
7.867000000000000381e-02 8.306514713152813269e+21
8.276000000000000023e-02 8.191346033879739793e+21
8.707000000000000850e-02 8.075233900877792150e+21
9.160999999999999699e-02 7.951423496488739668e+21
9.637999999999999345e-02 7.826737410129303437e+21
1.014000000000000040e-01 7.696402302564447551e+21
1.067000000000000032e-01 7.562773799152735224e+21
1.122000000000000081e-01 7.427037626035043566e+21
1.180999999999999966e-01 7.286317171351742317e+21
1.242000000000000048e-01 7.143571930808886231e+21
1.307000000000000106e-01 6.997979561909489238e+21
1.375000000000000111e-01 6.849941861414171836e+21
1.446999999999999953e-01 6.699808048652680692e+21
1.522000000000000020e-01 6.546799528176866296e+21
1.600999999999999923e-01 6.393329355126733799e+21
1.683999999999999941e-01 6.237336211736394465e+21
1.771999999999999964e-01 6.079610934701976453e+21
1.864000000000000101e-01 5.922351989628945302e+21
1.960999999999999965e-01 5.763787477993887105e+21
2.064000000000000001e-01 5.601799311658262200e+21
2.170999999999999874e-01 5.442454274002312495e+21
2.283999999999999919e-01 5.282315399325612507e+21
2.403000000000000136e-01 5.122691369025601012e+21
2.528000000000000247e-01 4.963339539904795247e+21
2.660000000000000142e-01 4.803537647188259635e+21
2.798000000000000487e-01 4.647587275095585325e+21
2.943999999999999950e-01 4.489491496084945502e+21
3.096999999999999753e-01 4.335908392723571802e+21
3.259000000000000230e-01 4.179933469372633842e+21
3.427999999999999936e-01 4.031076955256609833e+21
3.606999999999999651e-01 3.879732941867214438e+21
3.795000000000000040e-01 3.732917456935477314e+21
3.991999999999999993e-01 3.587525691572951712e+21
4.200000000000000400e-01 3.445131350808631706e+21
4.419000000000000150e-01 3.305106031575291658e+21
4.649000000000000354e-01 3.168207920075265540e+21
4.891000000000000347e-01 3.034504702715009958e+21
5.144999999999999574e-01 2.902841105381432754e+21
5.413000000000000034e-01 2.775775885465679823e+21
5.695000000000000062e-01 2.650256774413032096e+21
5.992000000000000659e-01 2.530513953276833563e+21
6.304000000000000714e-01 2.410891895456948290e+21
6.632000000000000117e-01 2.298205184621655622e+21
6.976999999999999869e-01 2.186624400141804372e+21
7.340999999999999748e-01 2.080223480611766796e+21
7.722999999999999865e-01 1.975902641150115971e+21
8.125000000000000000e-01 1.876534843066404045e+21
8.548000000000000043e-01 1.779881432966322717e+21
8.992999999999999883e-01 1.687371393186999566e+21
9.460999999999999410e-01 1.598311398222748713e+21
9.954000000000000625e-01 1.512503485103234351e+21
1.046999999999999931e+00 1.431219104471176184e+21
1.101999999999999869e+00 1.351531568208946921e+21
1.159000000000000030e+00 1.277277646659121578e+21
1.219000000000000083e+00 1.205534344519031456e+21
1.283000000000000140e+00 1.137025257434923794e+21
1.350000000000000089e+00 1.071056417972103021e+21
1.419999999999999929e+00 1.009835864285993632e+21
1.493999999999999995e+00 9.507145226410545644e+20
1.572000000000000064e+00 8.946377504261520753e+20
1.654000000000000137e+00 8.416582515541171241e+20
1.739999999999999991e+00 7.915160600468209009e+20
1.830000000000000071e+00 7.445601365487300116e+20
1.925999999999999934e+00 6.995143066606356398e+20
2.025999999999999801e+00 6.575784507194557071e+20
2.131000000000000227e+00 6.176756248494187479e+20
2.241999999999999993e+00 5.804345154580443300e+20
2.358999999999999986e+00 5.450893762311023493e+20
2.481999999999999762e+00 5.119709782682683310e+20
2.611000000000000210e+00 4.810335182551165174e+20
2.746999999999999886e+00 4.519576953514113106e+20
2.890000000000000124e+00 4.247427654588055552e+20
3.040999999999999925e+00 3.991953865098136781e+20
3.198999999999999844e+00 3.754506969517904364e+20
3.366000000000000103e+00 3.530605624531090145e+20
3.540999999999999925e+00 3.324377319554183987e+20
3.725000000000000089e+00 3.129893584197567119e+20
3.918999999999999595e+00 2.950276677129103933e+20
4.123000000000000220e+00 2.780895533605216256e+20
4.338000000000000078e+00 2.624375297407175557e+20
4.564000000000000057e+00 2.476905666885579244e+20
4.801000000000000156e+00 2.341094160400976773e+20
5.051000000000000156e+00 2.213575544615013581e+20
5.314000000000000057e+00 2.094456508822954639e+20
5.590999999999999304e+00 1.982788046311767736e+20
5.881999999999999673e+00 1.878597303219775734e+20
6.187999999999999723e+00 1.781218872882727158e+20
6.511000000000000121e+00 1.689080142958417347e+20
6.850000000000000533e+00 1.603315959969575404e+20
7.205999999999999517e+00 1.522062180336667853e+20
7.581999999999999851e+00 1.445298667017920840e+20
7.976000000000000867e+00 1.372377524177114890e+20
8.391999999999999460e+00 1.303238069599889654e+20
8.829000000000000625e+00 1.237550641333531116e+20
9.288000000000000256e+00 1.175068480336230646e+20
9.772000000000000242e+00 1.114769611261472604e+20
1.027999999999999936e+01 1.057182868973240648e+20
1.082000000000000028e+01 1.001424946324638925e+20
1.137999999999999901e+01 9.484242067156967424e+19
1.196999999999999886e+01 8.967609534253268992e+19
1.259999999999999964e+01 8.461340611565874381e+19
1.325000000000000000e+01 7.980809838638712422e+19
1.393999999999999950e+01 7.509831411196357837e+19
1.466999999999999993e+01 7.050229787705165414e+19
1.542999999999999972e+01 6.609429321652285440e+19
1.623000000000000043e+01 6.182150427990414950e+19
1.708000000000000185e+01 5.764540676561762714e+19
1.796999999999999886e+01 5.364212656650707763e+19
1.889999999999999858e+01 4.980515130458664141e+19
1.989000000000000057e+01 4.606345694102020915e+19
2.092000000000000171e+01 4.252448538552102093e+19
2.200999999999999801e+01 3.912050481547312333e+19
2.316000000000000014e+01 3.586640631338279322e+19
2.437000000000000099e+01 3.278604886814117478e+19
2.562999999999999901e+01 2.988708764996845568e+19
2.697000000000000242e+01 2.716141909763155968e+19
2.837000000000000099e+01 2.459688926642072371e+19
2.985000000000000142e+01 2.219511569550924595e+19
3.139999999999999858e+01 2.001213262975966413e+19
3.303999999999999915e+01 1.792628559507561882e+19
3.475999999999999801e+01 1.607030343741163930e+19
3.657000000000000028e+01 1.433999754267378278e+19
3.846999999999999886e+01 1.275665041776643277e+19
4.048000000000000398e+01 1.134990766427335885e+19
4.259000000000000341e+01 1.003267946677883904e+19
4.479999999999999716e+01 8.896390393322531840e+18
4.714000000000000057e+01 7.834098365912953856e+18
4.959000000000000341e+01 6.901633546379222016e+18
5.217000000000000171e+01 6.070252610119119872e+18
5.489000000000000057e+01 5.307927548585729024e+18
5.775000000000000000e+01 4.654638384811607040e+18
6.075000000000000000e+01 4.054947392746001408e+18
6.392000000000000171e+01 3.532380176015194624e+18
6.723999999999999488e+01 3.074802958848306688e+18
7.075000000000000000e+01 2.655813811316453376e+18
7.442999999999999261e+01 2.310018962688825856e+18
7.829999999999999716e+01 1.982142866205223424e+18
8.237999999999999545e+01 1.723841526530113024e+18
8.667000000000000171e+01 1.474698310165974272e+18
9.117999999999999261e+01 1.277739338803886080e+18
9.593000000000000682e+01 1.092836050669139840e+18
1.009000000000000057e+02 9.428788542011631360e+17
1.062000000000000028e+02 8.056592363067001600e+17
1.116999999999999886e+02 6.924118754857135360e+17
1.175000000000000000e+02 5.933586133054506240e+17
1.236000000000000085e+02 5.073024165947931520e+17
1.300999999999999943e+02 4.342943094370382080e+17
1.369000000000000057e+02 3.696665411991025920e+17
1.440000000000000000e+02 3.173851846008405760e+17
1.515000000000000000e+02 2.694471835669533760e+17
1.593999999999999773e+02 2.313355384174152320e+17
1.676999999999999886e+02 1.959439057264505280e+17
1.764000000000000057e+02 1.683962567923448640e+17
1.855999999999999943e+02 1.425710324469651040e+17
1.952000000000000171e+02 1.225281031961894080e+17
2.054000000000000057e+02 1.040602342692973600e+17
2.160999999999999943e+02 8.903047787065041600e+16
2.273999999999999773e+02 7.569766894810627200e+16
2.391999999999999886e+02 6.464495622368275200e+16
2.516999999999999886e+02 5.503116493832160800e+16
2.647999999999999545e+02 4.684193869864807200e+16
2.785000000000000000e+02 3.993246805783224000e+16
2.930000000000000000e+02 3.389108207194218000e+16
3.083000000000000114e+02 2.888816883583653200e+16
3.244000000000000341e+02 2.446958823513698000e+16
3.411999999999999886e+02 2.090202415472090400e+16
3.590000000000000000e+02 1.768748132645715000e+16
3.776999999999999886e+02 1.511356287438960800e+16
3.973999999999999773e+02 1.275707293658844400e+16
4.181000000000000227e+02 1.091154364339259800e+16
4.398000000000000114e+02 9.232693736623794000e+15
4.626999999999999886e+02 7.879571800062901000e+15
4.868000000000000114e+02 6.668915137678648000e+15
5.122000000000000455e+02 5.675228960112583000e+15
5.387999999999999545e+02 4.819512953978818000e+15
5.668999999999999773e+02 4.096369077453812500e+15
5.964000000000000909e+02 3.483984564626332500e+15
6.275000000000000000e+02 2.958368841978411000e+15
6.601000000000000227e+02 2.517668654844328000e+15
6.945000000000000000e+02 2.132020209320950750e+15
7.307000000000000455e+02 1.810186873261915250e+15
7.687000000000000455e+02 1.518902352897744500e+15
8.087999999999999545e+02 1.278490916760480250e+15
8.508999999999999773e+02 1.059480022781977375e+15
8.952000000000000455e+02 8.867965072642813750e+14
9.417999999999999545e+02 7.285695752196281250e+14
9.908000000000000682e+02 6.158077795733031250e+14
1.042000000000000000e+03 5.202646495030844375e+14
1.097000000000000000e+03 4.525074467892252500e+14
1.154000000000000000e+03 4.023533009710818750e+14
1.214000000000000000e+03 3.695398770206677500e+14
1.277000000000000000e+03 3.482148227512100625e+14
1.344000000000000000e+03 3.340660735935330000e+14
1.414000000000000000e+03 3.253258702915764375e+14
1.487000000000000000e+03 3.172867679646248750e+14
1.565000000000000000e+03 3.078783444971285625e+14
1.646000000000000000e+03 2.957196890504748750e+14
1.732000000000000000e+03 2.781188081091835000e+14
1.822000000000000000e+03 2.566806933911336875e+14
1.917000000000000000e+03 2.301039039496967500e+14
2.017000000000000000e+03 2.002384734320883750e+14
2.122000000000000000e+03 1.697843170334025938e+14
2.232000000000000000e+03 1.381955666047425938e+14
2.348000000000000000e+03 1.109733486186981406e+14
2.470000000000000000e+03 8.531210444644064062e+13
2.599000000000000000e+03 6.508828662585436719e+13
2.734000000000000000e+03 4.827182155062418750e+13
2.877000000000000000e+03 3.554038716076072656e+13
3.027000000000000000e+03 2.605678454122066797e+13
3.184000000000000000e+03 1.903419129655680078e+13
3.350000000000000000e+03 1.415828093268354492e+13
3.524000000000000000e+03 1.038313300458170117e+13
3.708000000000000000e+03 7.558964664924986328e+12
3.901000000000000000e+03 5.225157931707965820e+12
4.104000000000000000e+03 3.552825484258316406e+12
4.318000000000000000e+03 2.150727591686415527e+12
4.543000000000000000e+03 1.348577278266841064e+12
4.779000000000000000e+03 7.236351548623087158e+11
5.028000000000000000e+03 4.337814705339267578e+11
5.290000000000000000e+03 2.430874019822310486e+11
5.565000000000000000e+03 1.413498160147660522e+11
5.855000000000000000e+03 7.586574313683795166e+10
6.160000000000000000e+03 3.976478765867928314e+10
6.481000000000000000e+03 1.948929542254205322e+10
6.818000000000000000e+03 8.649516443708328247e+09
7.173000000000000000e+03 4.065997733484456062e+09
7.547000000000000000e+03 1.679072108373820782e+09
7.940000000000000000e+03 7.518889705037237406e+08
8.353000000000000000e+03 2.561513578063633144e+08
8.788000000000000000e+03 1.051694696812771410e+08
9.246000000000000000e+03 3.096344638736662269e+07
9.727000000000000000e+03 1.194015304891286418e+07
1.023000000000000000e+04 2.806251424974103924e+06
1.077000000000000000e+04 9.509044156033693580e+05
1.133000000000000000e+04 2.106643614452397742e+05
1.192000000000000000e+04 6.624172585097160481e+04
1.254000000000000000e+04 1.727547349178287186e+04
1.319000000000000000e+04 3.509239020346908092e+03
1.388000000000000000e+04 8.449125587359258134e+02
1.460000000000000000e+04 1.347442853794611040e+02
1.536000000000000000e+04 3.034903423869365469e+01
1.616000000000000000e+04 2.904065292370589635e+00
1.700000000000000000e+04 5.430530866712943716e-01
1.789000000000000000e+04 4.478743609782782908e-02
1.882000000000000000e+04 8.089320755455363735e-03
1.980000000000000000e+04 3.529623315056319320e-04
2.083000000000000000e+04 4.699567642913632279e-05
2.191000000000000000e+04 1.773238238866082536e-06
2.305000000000000000e+04 2.202574355358858509e-07
2.425000000000000000e+04 4.689191056770664744e-09
2.552000000000000000e+04 4.253228651840712907e-10
2.684000000000000000e+04 5.894627402362563064e-11
2.824000000000000000e+04 1.563037211748138644e-12
2.971000000000000000e+04 1.153630229871695799e-13
3.126000000000000000e+04 1.432903468614509825e-15
3.289000000000000000e+04 7.576721168182812283e-17
3.460000000000000000e+04 4.125907662313666502e-19
3.640000000000000000e+04 1.551199117281520083e-20
3.830000000000000000e+04 4.778578139572631838e-23
4.029000000000000000e+04 1.406464277727194617e-24
4.239000000000000000e+04 1.943394781442546024e-27
4.460000000000000000e+04 3.827196954906828389e-29
4.692000000000000000e+04 2.207628777181089942e-32
4.936000000000000000e+04 2.788031539758076732e-34
5.193000000000000000e+04 6.635668928794233885e-38
5.464000000000000000e+04 5.217215719846594814e-40
5.748000000000000000e+04 4.571906393039544905e-44
6.047000000000000000e+04 2.209879978625744516e-46
6.362000000000000000e+04 4.207893869773927502e-47
6.693000000000000000e+04 1.995430741312036169e-51
7.042000000000000000e+04 4.809776725265982514e-54
7.409000000000000000e+04 4.852461064605459450e-59
7.794000000000000000e+04 5.916123337398620712e-62
8.200000000000000000e+04 1.746775039073174933e-67
8.627000000000000000e+04 1.083165035538583516e-70
9.076000000000000000e+04 6.394763179180292833e-77
9.549000000000000000e+04 1.401018055184236428e-80
1.005000000000000000e+05 9.510862121117683449e-88
1.057000000000000000e+05 1.404807056935675021e-91
1.112000000000000000e+05 1.722621358437097934e-99
1.170000000000000000e+05 7.915706033575374518e-104
1.231000000000000000e+05 1.198771539495991110e-112
1.295000000000000000e+05 1.943686572983944372e-117
1.362000000000000000e+05 1.947436547357722368e-118
1.433000000000000000e+05 6.751775045408822673e-128
1.508000000000000000e+05 2.231829853929643216e-133
1.586000000000000000e+05 5.091227460713651607e-144
1.669000000000000000e+05 3.292229919295297214e-150
1.756000000000000000e+05 2.552103592046639480e-162
1.847000000000000000e+05 4.544829655792769914e-169
1.943000000000000000e+05 1.679782468345202782e-182
2.045000000000000000e+05 4.453711632078353178e-190
2.151000000000000000e+05 3.406918449997351073e-205
2.263000000000000000e+05 1.476012599973677343e-213
2.381000000000000000e+05 2.004256453837466382e-230
2.505000000000000000e+05 8.581193979067903760e-240
2.635000000000000000e+05 1.735717910819575343e-258
2.773000000000000000e+05 5.442741457848990589e-269
2.917000000000000000e+05 5.641340634560330049e-290
3.069000000000000000e+05 2.943778029187292506e-301
3.229000000000000000e+05 1.399315913427331366e-301
3.397000000000000000e+05 1.112488610103373554e-301
3.574000000000000000e+05 1.112422123417430855e-301
3.760000000000000000e+05 1.112422123417430855e-301
3.955000000000000000e+05 1.112422123417430855e-301
4.161000000000000000e+05 1.112422123417430855e-301
4.378000000000000000e+05 1.112422123417430855e-301
4.606000000000000000e+05 1.112422123417430855e-301
4.846000000000000000e+05 1.112422123417430855e-301
5.098000000000000000e+05 1.112422123417430855e-301
5.364000000000000000e+05 1.112422123417430855e-301
5.643000000000000000e+05 1.112422123417430855e-301
5.937000000000000000e+05 1.112422123417430855e-301
6.246000000000000000e+05 1.112422123417430855e-301
6.571000000000000000e+05 1.112422123417430855e-301
6.913000000000000000e+05 1.112422123417430855e-301
7.273000000000000000e+05 1.112422123417430855e-301
7.652000000000000000e+05 1.112422123417430855e-301
8.050000000000000000e+05 1.112422123417430855e-301
8.469000000000000000e+05 1.112422123417430855e-301
8.910000000000000000e+05 1.112422123417430855e-301
9.374000000000000000e+05 1.112422123417430855e-301
9.863000000000000000e+05 1.112422123417430855e-301
1.038000000000000000e+06 1.112422123417430855e-301
1.092000000000000000e+06 1.112422123417430855e-301
1.148000000000000000e+06 1.112422123417430855e-301
1.208000000000000000e+06 1.112422123417430855e-301
1.271000000000000000e+06 1.112422123417430855e-301
1.337000000000000000e+06 1.112422123417430855e-301
1.407000000000000000e+06 1.112422123417430855e-301
1.480000000000000000e+06 1.112422123417430855e-301
1.557000000000000000e+06 1.112422123417430855e-301
1.638000000000000000e+06 1.112422123417430855e-301
1.724000000000000000e+06 1.112422123417430855e-301
1.814000000000000000e+06 1.112422123417430855e-301
1.908000000000000000e+06 1.112422123417430855e-301
2.007000000000000000e+06 1.112422123417430855e-301
2.112000000000000000e+06 1.112422123417430855e-301
2.222000000000000000e+06 1.112422123417430855e-301
2.337000000000000000e+06 1.112422123417430855e-301
2.459000000000000000e+06 1.112422123417430855e-301
2.587000000000000000e+06 1.112422123417430855e-301
2.722000000000000000e+06 1.112422123417430855e-301
2.864000000000000000e+06 1.112422123417430855e-301
3.013000000000000000e+06 1.112422123417430855e-301
3.170000000000000000e+06 1.112422123417430855e-301
3.335000000000000000e+06 1.112422123417430855e-301
3.508000000000000000e+06 1.112422123417430855e-301
3.691000000000000000e+06 1.112422123417430855e-301
3.883000000000000000e+06 1.112422123417430855e-301
4.085000000000000000e+06 1.112422123417430855e-301
4.298000000000000000e+06 1.112422123417430855e-301
4.522000000000000000e+06 1.112422123417430855e-301
4.757000000000000000e+06 1.112422123417430855e-301
5.005000000000000000e+06 1.112422123417430855e-301
5.266000000000000000e+06 1.112422123417430855e-301
5.540000000000000000e+06 1.112422123417430855e-301
5.828000000000000000e+06 1.112422123417430855e-301
6.132000000000000000e+06 1.112422123417430855e-301
6.451000000000000000e+06 1.112422123417430855e-301
6.787000000000000000e+06 1.112422123417430855e-301
7.140000000000000000e+06 1.112422123417430855e-301
7.512000000000000000e+06 1.112422123417430855e-301
7.903000000000000000e+06 1.112422123417430855e-301
8.315000000000000000e+06 1.112422123417430855e-301
8.748000000000000000e+06 1.112422123417430855e-301
9.203000000000000000e+06 1.112422123417430855e-301
9.682000000000000000e+06 1.112422123417430855e-301
1.019000000000000000e+07 1.112422123417430855e-301
1.072000000000000000e+07 1.112422123417430855e-301
1.127000000000000000e+07 1.112422123417430855e-301
1.186000000000000000e+07 1.112422123417430855e-301
1.248000000000000000e+07 1.112422123417430855e-301
1.313000000000000000e+07 1.112422123417430855e-301
1.381000000000000000e+07 1.112422123417430855e-301
1.453000000000000000e+07 1.112422123417430855e-301
1.529000000000000000e+07 1.112422123417430855e-301
1.608000000000000000e+07 1.112422123417430855e-301
1.692000000000000000e+07 1.112422123417430855e-301
1.780000000000000000e+07 1.112422123417430855e-301
1.873000000000000000e+07 1.112422123417430855e-301
1.971000000000000000e+07 1.112422123417430855e-301
2.073000000000000000e+07 1.112422123417430855e-301
2.181000000000000000e+07 1.112422123417430855e-301
2.295000000000000000e+07 1.112422123417430855e-301
2.414000000000000000e+07 1.112422123417430855e-301
2.540000000000000000e+07 1.112422123417430855e-301
2.672000000000000000e+07 1.112422123417430855e-301
2.811000000000000000e+07 1.112422123417430855e-301
2.958000000000000000e+07 1.112422123417430855e-301
3.112000000000000000e+07 1.112422123417430855e-301
3.274000000000000000e+07 1.112422123417430855e-301
3.444000000000000000e+07 1.112422123417430855e-301
3.623000000000000000e+07 1.112422123417430855e-301
3.812000000000000000e+07 1.112422123417430855e-301
4.011000000000000000e+07 1.112422123417430855e-301
4.219000000000000000e+07 1.112422123417430855e-301
4.439000000000000000e+07 1.112422123417430855e-301
4.670000000000000000e+07 1.112422123417430855e-301
4.913000000000000000e+07 1.112422123417430855e-301
5.169000000000000000e+07 1.112422123417430855e-301
5.438000000000000000e+07 1.112422123417430855e-301
5.722000000000000000e+07 1.112422123417430855e-301
6.019000000000000000e+07 1.112422123417430855e-301
6.333000000000000000e+07 1.112422123417430855e-301
6.663000000000000000e+07 1.112422123417430855e-301
7.010000000000000000e+07 1.112422123417430855e-301
7.375000000000000000e+07 1.112422123417430855e-301
7.759000000000000000e+07 1.112422123417430855e-301
8.163000000000000000e+07 1.112422123417430855e-301
8.588000000000000000e+07 1.112422123417430855e-301
9.035000000000000000e+07 1.112422123417430855e-301
9.505000000000000000e+07 1.112422123417430855e-301
1.000000000000000000e+08 1.112422123417430855e-301
