4.999999999999999237e-03 6.544672288270326765e-01
9.999999999999998473e-03 5.345717422174851158e-02
1.499999999999999771e-02 6.401161440995807410e-03
1.999999999999999695e-02 1.045632256232090782e-03
2.499999999999999445e-02 1.958997065377706477e-04
2.999999999999999195e-02 4.031075871211571538e-05
3.499999999999999639e-02 9.189789073108849818e-06
3.999999999999999389e-02 2.199665323407207255e-06
4.499999999999999140e-02 5.397457203793802714e-07
4.999999999999998890e-02 1.362522608349517808e-07
5.499999999999998640e-02 3.549034759352881432e-08
5.999999999999999084e-02 8.841832049930329153e-09
6.499999999999998834e-02 2.277853969242121873e-09
6.999999999999999278e-02 5.188089765041885229e-10
7.499999999999999722e-02 1.047102885710188465e-10
7.999999999999998779e-02 2.036709979827916000e-11
8.499999999999999223e-02 2.285353072757417544e-12
8.999999999999999667e-02 6.974860301222714057e-14
