1.473707518796992133e+01 8.557595735014048444e+01
1.573707518796992133e+01 7.230961682749062902e+01
1.673707518796992133e+01 5.989237443385010096e+01
1.773707518796992133e+01 4.946240878935803664e+01
1.873707518796992133e+01 4.052838359653159728e+01
1.973707518796992133e+01 3.318810981655306591e+01
2.073707518796992133e+01 2.721399176237989082e+01
2.173707518796992133e+01 2.231846749898000937e+01
2.273707518796992133e+01 1.825439251675494035e+01
2.373707518796992133e+01 1.486023730503645268e+01
2.473707518796992133e+01 1.199582498003706021e+01
2.573707518796992133e+01 9.591519207742308595e+00
2.673707518796992133e+01 7.584819737911876913e+00
2.773707518796992133e+01 5.907270687207569537e+00
2.873707518796992133e+01 4.587707231726215085e+00
2.973707518796992133e+01 3.531028633884952139e+00
3.073707518796992133e+01 2.698709319105245807e+00
3.173707518796992133e+01 2.048548487047201050e+00
3.273707518796992133e+01 1.554145855850349589e+00
3.373707518796992133e+01 1.175940023721345096e+00
3.473707518796992133e+01 8.900914003156961130e-01
3.573707518796992133e+01 6.735450886402716275e-01
3.673707518796992133e+01 5.095220235066698633e-01
3.773707518796992133e+01 3.852171944230701750e-01
3.873707518796992133e+01 2.907188807822076448e-01
3.973707518796992133e+01 2.188905157232675647e-01
4.073707518796992133e+01 1.644863703275515343e-01
4.173707518796992133e+01 1.230973131997696590e-01
4.273707518796992133e+01 9.188328986838240064e-02
4.373707518796992133e+01 6.835308899962445894e-02
4.473707518796992133e+01 5.070387646314556546e-02
4.573707518796992133e+01 3.753821044624677805e-02
4.673707518796992133e+01 2.776921832656135264e-02
4.773707518796992133e+01 2.050936889309936881e-02
4.873707518796992133e+01 1.513778030583794003e-02
4.973707518796992133e+01 1.116082460120969462e-02
5.073707518796992133e+01 8.219426157337559810e-03
5.173707518796992133e+01 6.042597833986224944e-03
5.273707518796992133e+01 4.431053390314586109e-03
5.373707518796992133e+01 3.241867224944377634e-03
5.473707518796992133e+01 2.364287943272334880e-03
5.573707518796992133e+01 1.721004299128245114e-03
5.673707518796992133e+01 1.248555720201460686e-03
5.773707518796992133e+01 9.035326697303296475e-04
5.873707518796992133e+01 6.526146982117879023e-04
5.973707518796992133e+01 4.708626815188058593e-04
6.073707518796992133e+01 3.390676051111237766e-04
6.173707518796992133e+01 2.435805528599718013e-04
6.273707518796992133e+01 1.746869705505577422e-04
6.373707518796992133e+01 1.248923141690068460e-04
6.473707518796992133e+01 8.917442975697016053e-05
6.573707518796992133e+01 6.354235682073963135e-05
6.673707518796992133e+01 4.520705978361243689e-05
6.773707518796992133e+01 3.211938460432469479e-05
6.873707518796992133e+01 2.276746410375730424e-05
6.973707518796992133e+01 1.613400760459917933e-05
7.073707518796992133e+01 1.142332657079750608e-05
7.173707518796992133e+01 8.087050461449081425e-06
7.273707518796992133e+01 5.725534753331499719e-06
7.373707518796992133e+01 4.056450830792310996e-06
7.473707518796992133e+01 2.873673571014894293e-06
7.573707518796992133e+01 2.036973285375512694e-06
7.673707518796992133e+01 1.443788128854751507e-06
7.773707518796992133e+01 1.024746224451096795e-06
7.873707518796992133e+01 7.255031392748912382e-07
7.973707518796992133e+01 5.143655437817469811e-07
8.073707518796992133e+01 3.643719219239472512e-07
8.173707518796992133e+01 2.572318019471029577e-07
8.273707518796992133e+01 1.813872817757198886e-07
8.373707518796992133e+01 1.279853779548450299e-07
8.473707518796992133e+01 9.007592833357917266e-08
8.573707518796992133e+01 6.322335488576111680e-08
8.673707518796992133e+01 4.439248914212877195e-08
