4.999999999999999237e-03 1.318518995601350419e+01
9.999999999999998473e-03 3.803387793007714901e+00
1.499999999999999771e-02 1.396482760141099622e+00
1.999999999999999695e-02 6.056573766325993313e-01
2.499999999999999445e-02 2.857663617883697271e-01
2.999999999999999195e-02 1.402771594404300382e-01
3.499999999999999639e-02 7.078345825457461882e-02
3.999999999999999389e-02 3.684632433568650611e-02
4.499999999999999140e-02 1.992893360655708865e-02
4.999999999999998890e-02 1.115627814931069786e-02
5.499999999999998640e-02 6.498642135144082344e-03
5.999999999999999084e-02 3.877323647653722546e-03
6.499999999999998834e-02 2.357347123013046452e-03
6.999999999999999278e-02 1.466499059635642359e-03
7.499999999999999722e-02 9.136816627028186829e-04
7.999999999999998779e-02 5.746077264892016784e-04
8.499999999999999223e-02 3.679850403709680512e-04
8.999999999999999667e-02 2.362659402225235784e-04
