1.000000000000000021e-03 7.686052838376696172e+01
1.051999999999999984e-03 7.491151263442097274e+01
1.106999999999999911e-03 7.337996451364055872e+01
1.163999999999999887e-03 7.157977275655423455e+01
1.224999999999999960e-03 7.030691763710103714e+01
1.288999999999999998e-03 6.868350720807060839e+01
1.356000000000000000e-03 6.767997395379369152e+01
1.427000000000000100e-03 6.628053059726053675e+01
1.500999999999999947e-03 6.549897389260024738e+01
1.579000000000000108e-03 6.444769634431116856e+01
1.661000000000000150e-03 6.373151552634968198e+01
1.747999999999999988e-03 6.306179486258489675e+01
1.839000000000000140e-03 6.252001604422448366e+01
1.935000000000000088e-03 6.215572864473603687e+01
2.034999999999999917e-03 6.183038158807931950e+01
2.141000000000000108e-03 6.180375937678396525e+01
2.252999999999999794e-03 6.162520742670571394e+01
2.370000000000000145e-03 6.179020029791526980e+01
2.492999999999999990e-03 6.188484528179404975e+01
2.623000000000000331e-03 6.214477856716291626e+01
2.759999999999999867e-03 6.244204204041619732e+01
2.903999999999999897e-03 6.286203395761651791e+01
3.054999999999999990e-03 6.334435147865998772e+01
3.213999999999999843e-03 6.388140823699914961e+01
3.380999999999999891e-03 6.450144613946093841e+01
3.556999999999999832e-03 6.513238594838725248e+01
3.742000000000000100e-03 6.585650838051533640e+01
3.936999999999999528e-03 6.652678466214219100e+01
4.142000000000000716e-03 6.729145374010600733e+01
4.357999999999999895e-03 6.801374916866826936e+01
4.585000000000000533e-03 6.883442430088298636e+01
4.824000000000000163e-03 6.957239061538415115e+01
5.074999999999999650e-03 7.038368340630877640e+01
5.338999999999999996e-03 7.115348422447925714e+01
5.616999999999999597e-03 7.194474737750299198e+01
5.908999999999999322e-03 7.272155470506794472e+01
6.217000000000000304e-03 7.343956906646177174e+01
6.540999999999999939e-03 7.418642951339312219e+01
6.880999999999999964e-03 7.484475058012094451e+01
7.239999999999999908e-03 7.553458753277743654e+01
7.617000000000000506e-03 7.614488248087545230e+01
8.012999999999999290e-03 7.678941223380820702e+01
8.429999999999999993e-03 7.733041643297450207e+01
8.868999999999998413e-03 7.785799896305377388e+01
9.330999999999999017e-03 7.831241679055867166e+01
9.816999999999999338e-03 7.874145176975891047e+01
1.032999999999999891e-02 7.907941562870639984e+01
1.086999999999999945e-02 7.935466058518993293e+01
1.143000000000000092e-02 7.964333257163198709e+01
1.203000000000000076e-02 7.975243940199027293e+01
1.264999999999999979e-02 7.992730560957159014e+01
1.330999999999999892e-02 7.997431307971046976e+01
1.400999999999999988e-02 8.001090686774193728e+01
1.473000000000000004e-02 7.991307343255891737e+01
1.549999999999999989e-02 7.981470635238130740e+01
1.631000000000000158e-02 7.963946842704949347e+01
1.715999999999999817e-02 7.937021942682298459e+01
1.805000000000000007e-02 7.907840431106546930e+01
1.898999999999999994e-02 7.871958590856853277e+01
1.997999999999999776e-02 7.830424129676202938e+01
2.101999999999999702e-02 7.778712916240019126e+01
2.212000000000000077e-02 7.723544057033619481e+01
2.326999999999999902e-02 7.657496472985224045e+01
2.447999999999999829e-02 7.591459971963001863e+01
2.574999999999999858e-02 7.508365870711669743e+01
2.708999999999999950e-02 7.432909439270864027e+01
2.850000000000000103e-02 7.337180313127942100e+01
2.998999999999999930e-02 7.245544022172855136e+01
3.155000000000000165e-02 7.142439930829453942e+01
3.318999999999999728e-02 7.043511602032640440e+01
3.491999999999999965e-02 6.932298006898533060e+01
3.673999999999999488e-02 6.821761567548745120e+01
3.864999999999999686e-02 6.704560462299539836e+01
4.066000000000000170e-02 6.587081814595012474e+01
4.277999999999999858e-02 6.463952604802140911e+01
4.500999999999999446e-02 6.338846140855072520e+01
4.734999999999999626e-02 6.211849366053736077e+01
4.982000000000000317e-02 6.077023642600775588e+01
5.240999999999999825e-02 5.944843729343318017e+01
5.513999999999999457e-02 5.802316939794167894e+01
5.800999999999999907e-02 5.666799562005616053e+01
6.102999999999999398e-02 5.516743083026386785e+01
6.421000000000000318e-02 5.375328098715390723e+01
6.755999999999999506e-02 5.222353148309149873e+01
7.106999999999999429e-02 5.077831002184138498e+01
7.477000000000000313e-02 4.926076806421956178e+01
7.867000000000000381e-02 4.780779900907090507e+01
8.276000000000000023e-02 4.633211062700401328e+01
8.707000000000000850e-02 4.490720889678018324e+01
9.160999999999999699e-02 4.349144878539008374e+01
9.637999999999999345e-02 4.208840745345040801e+01
1.014000000000000040e-01 4.074395792781097470e+01
1.067000000000000032e-01 3.936105177277386247e+01
1.122000000000000081e-01 3.809424046712689460e+01
1.180999999999999966e-01 3.674115114834907558e+01
1.242000000000000048e-01 3.551098185726012701e+01
1.307000000000000106e-01 3.420374666478600290e+01
1.375000000000000111e-01 3.298932056396944290e+01
1.446999999999999953e-01 3.173084705208928114e+01
1.522000000000000020e-01 3.052776743716329833e+01
1.600999999999999923e-01 2.932685050817545402e+01
1.683999999999999941e-01 2.815659513190514218e+01
1.771999999999999964e-01 2.703537383117940607e+01
1.864000000000000101e-01 2.594096538586352807e+01
1.960999999999999965e-01 2.494678833933841844e+01
2.064000000000000001e-01 2.395506389713698780e+01
2.170999999999999874e-01 2.309783765426511337e+01
2.283999999999999919e-01 2.225546782246578204e+01
2.403000000000000136e-01 2.150166109825213567e+01
2.528000000000000247e-01 2.077912379441297830e+01
2.660000000000000142e-01 2.012007752965491392e+01
2.798000000000000487e-01 1.951166880049139962e+01
2.943999999999999950e-01 1.892857815617528416e+01
3.096999999999999753e-01 1.840154555188759034e+01
3.259000000000000230e-01 1.786923082320227962e+01
3.427999999999999936e-01 1.739451870349062190e+01
3.606999999999999651e-01 1.688591065909317379e+01
3.795000000000000040e-01 1.642781066083238528e+01
3.991999999999999993e-01 1.594954896109494769e+01
4.200000000000000400e-01 1.551804421260413847e+01
4.419000000000000150e-01 1.511475310736554789e+01
4.649000000000000354e-01 1.476295753269547717e+01
4.891000000000000347e-01 1.449831667737814023e+01
5.144999999999999574e-01 1.426866952723078796e+01
5.413000000000000034e-01 1.415298130304339352e+01
5.695000000000000062e-01 1.405761961067458543e+01
5.992000000000000659e-01 1.405496129087129376e+01
6.304000000000000714e-01 1.406275083765412859e+01
6.632000000000000117e-01 1.413769197690425727e+01
6.976999999999999869e-01 1.422494976087847007e+01
7.340999999999999748e-01 1.434045852442002378e+01
7.722999999999999865e-01 1.446608931153222244e+01
8.125000000000000000e-01 1.457559309154143889e+01
8.548000000000000043e-01 1.468670117330866276e+01
8.992999999999999883e-01 1.473527292279282541e+01
9.460999999999999410e-01 1.477934147617559724e+01
9.954000000000000625e-01 1.476520597620516284e+01
1.046999999999999931e+00 1.475512699603392974e+01
1.101999999999999869e+00 1.475932525398586748e+01
1.159000000000000030e+00 1.477838777191755426e+01
1.219000000000000083e+00 1.488814369210167143e+01
1.283000000000000140e+00 1.502214666154790912e+01
1.350000000000000089e+00 1.526606918697982351e+01
1.419999999999999929e+00 1.552910696173092475e+01
1.493999999999999995e+00 1.585503689728567878e+01
1.572000000000000064e+00 1.619601764090169738e+01
1.654000000000000137e+00 1.655442236551005308e+01
1.739999999999999991e+00 1.693049970775320290e+01
1.830000000000000071e+00 1.727315089454548769e+01
1.925999999999999934e+00 1.762609091296179287e+01
2.025999999999999801e+00 1.789511561449920407e+01
2.131000000000000227e+00 1.812698117637374295e+01
2.241999999999999993e+00 1.824614272749465727e+01
2.358999999999999986e+00 1.826823775099668268e+01
2.481999999999999762e+00 1.820750332678434091e+01
2.611000000000000210e+00 1.804379564889015697e+01
2.746999999999999886e+00 1.789437417549180509e+01
2.890000000000000124e+00 1.769578264488481167e+01
3.040999999999999925e+00 1.758355463984875300e+01
3.198999999999999844e+00 1.750379703713127810e+01
3.366000000000000103e+00 1.749059146971967138e+01
3.540999999999999925e+00 1.755548252641237639e+01
3.725000000000000089e+00 1.759262788752726792e+01
3.918999999999999595e+00 1.769757643683495019e+01
4.123000000000000220e+00 1.771471332125636877e+01
4.338000000000000078e+00 1.777545072238387291e+01
4.564000000000000057e+00 1.773915782614991343e+01
4.801000000000000156e+00 1.765920597653514790e+01
5.051000000000000156e+00 1.749710468799234775e+01
5.314000000000000057e+00 1.715587849749177352e+01
5.590999999999999304e+00 1.672022685291179300e+01
5.881999999999999673e+00 1.598367481532874024e+01
6.187999999999999723e+00 1.512456522181473773e+01
6.511000000000000121e+00 1.399204007143285011e+01
6.850000000000000533e+00 1.276880745504197989e+01
7.205999999999999517e+00 1.147935849775157990e+01
7.581999999999999851e+00 1.014806263668653941e+01
7.976000000000000867e+00 8.982511195603748888e+00
8.391999999999999460e+00 7.850258735446463021e+00
8.829000000000000625e+00 6.948469460675323006e+00
9.288000000000000256e+00 6.128822121286066960e+00
9.772000000000000242e+00 5.435230772508447217e+00
1.027999999999999936e+01 4.775066836530225345e+00
1.082000000000000028e+01 4.175764977336786643e+00
1.137999999999999901e+01 3.580663473773455507e+00
1.196999999999999886e+01 3.018592984077919539e+00
1.259999999999999964e+01 2.466028248638544085e+00
1.325000000000000000e+01 1.944940228588482256e+00
1.393999999999999950e+01 1.523606705256792537e+00
1.466999999999999993e+01 1.111458933728258103e+00
1.542999999999999972e+01 8.479882054834213534e-01
1.623000000000000043e+01 6.002711688388924216e-01
1.708000000000000185e+01 4.455665590149022748e-01
1.796999999999999886e+01 3.166240494604242173e-01
1.889999999999999858e+01 2.337452432005848735e-01
1.989000000000000057e+01 1.716993900482415292e-01
2.092000000000000171e+01 1.248562002975266427e-01
2.200999999999999801e+01 8.969292871496170605e-02
2.316000000000000014e+01 6.060462392212362381e-02
2.437000000000000099e+01 4.027635674317497916e-02
2.562999999999999901e+01 2.351139157585602213e-02
2.697000000000000242e+01 1.501086002810125830e-02
2.837000000000000099e+01 7.539599328544976942e-03
2.985000000000000142e+01 4.918951571176471971e-03
3.139999999999999858e+01 2.382649224153543521e-03
3.303999999999999915e+01 1.550656751678883283e-03
3.475999999999999801e+01 7.281093101896840558e-04
3.657000000000000028e+01 4.200755673111587762e-04
3.846999999999999886e+01 1.785724594832397566e-04
4.048000000000000398e+01 8.442007710867272668e-05
4.259000000000000341e+01 3.851018363809242603e-05
4.479999999999999716e+01 1.592483625902280965e-05
4.714000000000000057e+01 7.120339045139402467e-06
4.959000000000000341e+01 2.166781041051393190e-06
5.217000000000000171e+01 1.017887725076723686e-06
5.489000000000000057e+01 2.492734437425876476e-07
5.775000000000000000e+01 1.188657369293070001e-07
6.075000000000000000e+01 1.913577995185056045e-08
6.392000000000000171e+01 9.618618004095052547e-09
6.723999999999999488e+01 1.302359336372743939e-09
7.075000000000000000e+01 6.720501125907332400e-10
7.442999999999999261e+01 6.583628187138511301e-11
7.829999999999999716e+01 2.709610911647833771e-11
8.237999999999999545e+01 4.993170851140578974e-12
8.667000000000000171e+01 8.796542668688560153e-13
9.117999999999999261e+01 2.156749643977244518e-13
9.593000000000000682e+01 1.630941406496475306e-14
1.009000000000000057e+02 5.067041140101589691e-15
1.062000000000000028e+02 2.036204052857529013e-16
1.116999999999999886e+02 7.323347108340892098e-17
1.175000000000000000e+02 1.433696627850598798e-18
1.236000000000000085e+02 5.808837258132684629e-19
1.300999999999999943e+02 5.055473886768319457e-21
1.369000000000000057e+02 2.226643003486209725e-21
1.440000000000000000e+02 1.048329503243384167e-23
1.515000000000000000e+02 4.996417925794763495e-24
1.593999999999999773e+02 1.121190006173440673e-26
1.676999999999999886e+02 5.713603733877066543e-27
1.764000000000000057e+02 4.235613263542609873e-28
1.855999999999999943e+02 3.001933721138384736e-30
1.952000000000000171e+02 5.173382810066887316e-31
2.054000000000000057e+02 5.671040273951602987e-34
2.160999999999999943e+02 1.427031258504619241e-34
2.273999999999999773e+02 4.939075491959675107e-38
2.391999999999999886e+02 1.580179168610205328e-38
2.516999999999999886e+02 1.299972542945455005e-42
2.647999999999999545e+02 4.830684219007361259e-43
2.785000000000000000e+02 9.429576540128159025e-48
2.930000000000000000e+02 3.941273818859968697e-48
3.083000000000000114e+02 1.798855662374319813e-53
3.244000000000000341e+02 8.169459330993466402e-54
3.411999999999999886e+02 7.944067940644613711e-60
3.590000000000000000e+02 3.877778071697097557e-60
3.776999999999999886e+02 6.398380609935801890e-67
3.973999999999999773e+02 3.336344931891083804e-67
4.181000000000000227e+02 3.802968245071509546e-68
4.398000000000000114e+02 3.698482406730763156e-75
4.626999999999999886e+02 7.640215488803627405e-76
4.868000000000000114e+02 0.000000000000000000e+00
5.122000000000000455e+02 1.813501598851197191e-84
5.387999999999999545e+02 0.000000000000000000e+00
5.668999999999999773e+02 2.879377260521786102e-94
5.964000000000000909e+02 0.000000000000000000e+00
6.275000000000000000e+02 3.637149295334962345e-105
6.601000000000000227e+02 0.000000000000000000e+00
6.945000000000000000e+02 2.441281943121010239e-117
7.307000000000000455e+02 0.000000000000000000e+00
7.687000000000000455e+02 7.325971803662998361e-131
8.087999999999999545e+02 0.000000000000000000e+00
8.508999999999999773e+02 0.000000000000000000e+00
8.952000000000000455e+02 0.000000000000000000e+00
9.417999999999999545e+02 0.000000000000000000e+00
9.908000000000000682e+02 0.000000000000000000e+00
1.042000000000000000e+03 0.000000000000000000e+00
1.097000000000000000e+03 0.000000000000000000e+00
1.154000000000000000e+03 0.000000000000000000e+00
1.214000000000000000e+03 0.000000000000000000e+00
1.277000000000000000e+03 0.000000000000000000e+00
1.344000000000000000e+03 0.000000000000000000e+00
1.414000000000000000e+03 0.000000000000000000e+00
1.487000000000000000e+03 0.000000000000000000e+00
1.565000000000000000e+03 0.000000000000000000e+00
1.646000000000000000e+03 0.000000000000000000e+00
1.732000000000000000e+03 0.000000000000000000e+00
1.822000000000000000e+03 0.000000000000000000e+00
1.917000000000000000e+03 0.000000000000000000e+00
2.017000000000000000e+03 0.000000000000000000e+00
2.122000000000000000e+03 0.000000000000000000e+00
2.232000000000000000e+03 0.000000000000000000e+00
2.348000000000000000e+03 0.000000000000000000e+00
2.470000000000000000e+03 0.000000000000000000e+00
2.599000000000000000e+03 0.000000000000000000e+00
2.734000000000000000e+03 0.000000000000000000e+00
2.877000000000000000e+03 0.000000000000000000e+00
3.027000000000000000e+03 0.000000000000000000e+00
3.184000000000000000e+03 0.000000000000000000e+00
3.350000000000000000e+03 0.000000000000000000e+00
3.524000000000000000e+03 0.000000000000000000e+00
3.708000000000000000e+03 0.000000000000000000e+00
3.901000000000000000e+03 0.000000000000000000e+00
4.104000000000000000e+03 0.000000000000000000e+00
4.318000000000000000e+03 0.000000000000000000e+00
4.543000000000000000e+03 0.000000000000000000e+00
4.779000000000000000e+03 0.000000000000000000e+00
5.028000000000000000e+03 0.000000000000000000e+00
5.290000000000000000e+03 0.000000000000000000e+00
5.565000000000000000e+03 0.000000000000000000e+00
5.855000000000000000e+03 0.000000000000000000e+00
6.160000000000000000e+03 0.000000000000000000e+00
6.481000000000000000e+03 0.000000000000000000e+00
6.818000000000000000e+03 0.000000000000000000e+00
7.173000000000000000e+03 0.000000000000000000e+00
7.547000000000000000e+03 0.000000000000000000e+00
7.940000000000000000e+03 0.000000000000000000e+00
8.353000000000000000e+03 0.000000000000000000e+00
8.788000000000000000e+03 0.000000000000000000e+00
9.246000000000000000e+03 0.000000000000000000e+00
9.727000000000000000e+03 0.000000000000000000e+00
1.023000000000000000e+04 0.000000000000000000e+00
1.077000000000000000e+04 0.000000000000000000e+00
1.133000000000000000e+04 0.000000000000000000e+00
1.192000000000000000e+04 0.000000000000000000e+00
1.254000000000000000e+04 0.000000000000000000e+00
1.319000000000000000e+04 0.000000000000000000e+00
1.388000000000000000e+04 0.000000000000000000e+00
1.460000000000000000e+04 0.000000000000000000e+00
1.536000000000000000e+04 0.000000000000000000e+00
1.616000000000000000e+04 0.000000000000000000e+00
1.700000000000000000e+04 0.000000000000000000e+00
1.789000000000000000e+04 0.000000000000000000e+00
1.882000000000000000e+04 0.000000000000000000e+00
1.980000000000000000e+04 0.000000000000000000e+00
2.083000000000000000e+04 0.000000000000000000e+00
2.191000000000000000e+04 0.000000000000000000e+00
2.305000000000000000e+04 0.000000000000000000e+00
2.425000000000000000e+04 0.000000000000000000e+00
2.552000000000000000e+04 0.000000000000000000e+00
2.684000000000000000e+04 0.000000000000000000e+00
2.824000000000000000e+04 0.000000000000000000e+00
2.971000000000000000e+04 0.000000000000000000e+00
3.126000000000000000e+04 0.000000000000000000e+00
3.289000000000000000e+04 0.000000000000000000e+00
3.460000000000000000e+04 0.000000000000000000e+00
3.640000000000000000e+04 0.000000000000000000e+00
3.830000000000000000e+04 0.000000000000000000e+00
4.029000000000000000e+04 0.000000000000000000e+00
4.239000000000000000e+04 0.000000000000000000e+00
4.460000000000000000e+04 0.000000000000000000e+00
4.692000000000000000e+04 0.000000000000000000e+00
4.936000000000000000e+04 0.000000000000000000e+00
5.193000000000000000e+04 0.000000000000000000e+00
5.464000000000000000e+04 0.000000000000000000e+00
5.748000000000000000e+04 0.000000000000000000e+00
6.047000000000000000e+04 0.000000000000000000e+00
6.362000000000000000e+04 0.000000000000000000e+00
6.693000000000000000e+04 0.000000000000000000e+00
7.042000000000000000e+04 0.000000000000000000e+00
7.409000000000000000e+04 0.000000000000000000e+00
7.794000000000000000e+04 0.000000000000000000e+00
8.200000000000000000e+04 0.000000000000000000e+00
8.627000000000000000e+04 0.000000000000000000e+00
9.076000000000000000e+04 0.000000000000000000e+00
9.549000000000000000e+04 0.000000000000000000e+00
1.005000000000000000e+05 0.000000000000000000e+00
1.057000000000000000e+05 0.000000000000000000e+00
1.112000000000000000e+05 0.000000000000000000e+00
1.170000000000000000e+05 0.000000000000000000e+00
1.231000000000000000e+05 0.000000000000000000e+00
1.295000000000000000e+05 0.000000000000000000e+00
1.362000000000000000e+05 0.000000000000000000e+00
1.433000000000000000e+05 0.000000000000000000e+00
1.508000000000000000e+05 0.000000000000000000e+00
1.586000000000000000e+05 0.000000000000000000e+00
1.669000000000000000e+05 0.000000000000000000e+00
1.756000000000000000e+05 0.000000000000000000e+00
1.847000000000000000e+05 0.000000000000000000e+00
1.943000000000000000e+05 0.000000000000000000e+00
2.045000000000000000e+05 0.000000000000000000e+00
2.151000000000000000e+05 0.000000000000000000e+00
2.263000000000000000e+05 0.000000000000000000e+00
2.381000000000000000e+05 0.000000000000000000e+00
2.505000000000000000e+05 0.000000000000000000e+00
2.635000000000000000e+05 0.000000000000000000e+00
2.773000000000000000e+05 0.000000000000000000e+00
2.917000000000000000e+05 0.000000000000000000e+00
3.069000000000000000e+05 0.000000000000000000e+00
3.229000000000000000e+05 0.000000000000000000e+00
3.397000000000000000e+05 0.000000000000000000e+00
3.574000000000000000e+05 0.000000000000000000e+00
3.760000000000000000e+05 0.000000000000000000e+00
3.955000000000000000e+05 0.000000000000000000e+00
4.161000000000000000e+05 0.000000000000000000e+00
4.378000000000000000e+05 0.000000000000000000e+00
4.606000000000000000e+05 0.000000000000000000e+00
4.846000000000000000e+05 0.000000000000000000e+00
5.098000000000000000e+05 0.000000000000000000e+00
5.364000000000000000e+05 0.000000000000000000e+00
5.643000000000000000e+05 0.000000000000000000e+00
5.937000000000000000e+05 0.000000000000000000e+00
6.246000000000000000e+05 0.000000000000000000e+00
6.571000000000000000e+05 0.000000000000000000e+00
6.913000000000000000e+05 0.000000000000000000e+00
7.273000000000000000e+05 0.000000000000000000e+00
7.652000000000000000e+05 0.000000000000000000e+00
8.050000000000000000e+05 0.000000000000000000e+00
8.469000000000000000e+05 0.000000000000000000e+00
8.910000000000000000e+05 0.000000000000000000e+00
9.374000000000000000e+05 0.000000000000000000e+00
9.863000000000000000e+05 0.000000000000000000e+00
1.038000000000000000e+06 0.000000000000000000e+00
1.092000000000000000e+06 0.000000000000000000e+00
1.148000000000000000e+06 0.000000000000000000e+00
1.208000000000000000e+06 0.000000000000000000e+00
1.271000000000000000e+06 0.000000000000000000e+00
1.337000000000000000e+06 0.000000000000000000e+00
1.407000000000000000e+06 0.000000000000000000e+00
1.480000000000000000e+06 0.000000000000000000e+00
1.557000000000000000e+06 0.000000000000000000e+00
1.638000000000000000e+06 0.000000000000000000e+00
1.724000000000000000e+06 0.000000000000000000e+00
1.814000000000000000e+06 0.000000000000000000e+00
1.908000000000000000e+06 0.000000000000000000e+00
2.007000000000000000e+06 0.000000000000000000e+00
2.112000000000000000e+06 0.000000000000000000e+00
2.222000000000000000e+06 0.000000000000000000e+00
2.337000000000000000e+06 0.000000000000000000e+00
2.459000000000000000e+06 0.000000000000000000e+00
2.587000000000000000e+06 0.000000000000000000e+00
2.722000000000000000e+06 0.000000000000000000e+00
2.864000000000000000e+06 0.000000000000000000e+00
3.013000000000000000e+06 0.000000000000000000e+00
3.170000000000000000e+06 0.000000000000000000e+00
3.335000000000000000e+06 0.000000000000000000e+00
3.508000000000000000e+06 0.000000000000000000e+00
3.691000000000000000e+06 0.000000000000000000e+00
3.883000000000000000e+06 0.000000000000000000e+00
4.085000000000000000e+06 0.000000000000000000e+00
4.298000000000000000e+06 0.000000000000000000e+00
4.522000000000000000e+06 0.000000000000000000e+00
4.757000000000000000e+06 0.000000000000000000e+00
5.005000000000000000e+06 0.000000000000000000e+00
5.266000000000000000e+06 0.000000000000000000e+00
5.540000000000000000e+06 0.000000000000000000e+00
5.828000000000000000e+06 0.000000000000000000e+00
6.132000000000000000e+06 0.000000000000000000e+00
6.451000000000000000e+06 0.000000000000000000e+00
6.787000000000000000e+06 0.000000000000000000e+00
7.140000000000000000e+06 0.000000000000000000e+00
7.512000000000000000e+06 0.000000000000000000e+00
7.903000000000000000e+06 0.000000000000000000e+00
8.315000000000000000e+06 0.000000000000000000e+00
8.748000000000000000e+06 0.000000000000000000e+00
9.203000000000000000e+06 0.000000000000000000e+00
9.682000000000000000e+06 0.000000000000000000e+00
1.019000000000000000e+07 0.000000000000000000e+00
1.072000000000000000e+07 0.000000000000000000e+00
1.127000000000000000e+07 0.000000000000000000e+00
1.186000000000000000e+07 0.000000000000000000e+00
1.248000000000000000e+07 0.000000000000000000e+00
1.313000000000000000e+07 0.000000000000000000e+00
1.381000000000000000e+07 0.000000000000000000e+00
1.453000000000000000e+07 0.000000000000000000e+00
1.529000000000000000e+07 0.000000000000000000e+00
1.608000000000000000e+07 0.000000000000000000e+00
1.692000000000000000e+07 0.000000000000000000e+00
1.780000000000000000e+07 0.000000000000000000e+00
1.873000000000000000e+07 0.000000000000000000e+00
1.971000000000000000e+07 0.000000000000000000e+00
2.073000000000000000e+07 0.000000000000000000e+00
2.181000000000000000e+07 0.000000000000000000e+00
2.295000000000000000e+07 0.000000000000000000e+00
2.414000000000000000e+07 0.000000000000000000e+00
2.540000000000000000e+07 0.000000000000000000e+00
2.672000000000000000e+07 0.000000000000000000e+00
2.811000000000000000e+07 0.000000000000000000e+00
2.958000000000000000e+07 0.000000000000000000e+00
3.112000000000000000e+07 0.000000000000000000e+00
3.274000000000000000e+07 0.000000000000000000e+00
3.444000000000000000e+07 0.000000000000000000e+00
3.623000000000000000e+07 0.000000000000000000e+00
3.812000000000000000e+07 0.000000000000000000e+00
4.011000000000000000e+07 0.000000000000000000e+00
4.219000000000000000e+07 0.000000000000000000e+00
4.439000000000000000e+07 0.000000000000000000e+00
4.670000000000000000e+07 0.000000000000000000e+00
4.913000000000000000e+07 0.000000000000000000e+00
5.169000000000000000e+07 0.000000000000000000e+00
5.438000000000000000e+07 0.000000000000000000e+00
5.722000000000000000e+07 0.000000000000000000e+00
6.019000000000000000e+07 0.000000000000000000e+00
6.333000000000000000e+07 0.000000000000000000e+00
6.663000000000000000e+07 0.000000000000000000e+00
7.010000000000000000e+07 0.000000000000000000e+00
7.375000000000000000e+07 0.000000000000000000e+00
7.759000000000000000e+07 0.000000000000000000e+00
8.163000000000000000e+07 0.000000000000000000e+00
8.588000000000000000e+07 0.000000000000000000e+00
9.035000000000000000e+07 0.000000000000000000e+00
9.505000000000000000e+07 0.000000000000000000e+00
1.000000000000000000e+08 0.000000000000000000e+00
