1.603007518796992770e+01 1.104759187074088004e+03
1.703007518796992770e+01 1.147857283631323980e+03
1.803007518796992770e+01 1.159187864460786159e+03
1.903007518796992770e+01 1.152213313308091983e+03
2.003007518796992770e+01 1.116037009796520579e+03
2.103007518796992770e+01 1.059172815503608490e+03
2.203007518796992770e+01 9.887833477134552140e+02
2.303007518796992770e+01 9.091561470858584926e+02
2.403007518796992770e+01 8.248935277682375045e+02
2.503007518796992770e+01 7.408181477547389022e+02
2.603007518796992770e+01 6.594118959983820787e+02
2.703007518796992770e+01 5.831716195650683403e+02
2.803007518796992770e+01 5.132478743658107305e+02
2.903007518796992770e+01 4.498537884872338850e+02
3.003007518796992770e+01 3.945067386404451213e+02
3.103007518796992770e+01 3.458382657587139306e+02
3.203007518796992770e+01 3.032488124743604772e+02
3.303007518796992770e+01 2.660605558179108812e+02
3.403007518796992770e+01 2.338039669920652557e+02
3.503007518796992770e+01 2.055773236099569203e+02
3.603007518796992770e+01 1.809018890768768983e+02
3.703007518796992770e+01 1.591431355519299018e+02
3.803007518796992770e+01 1.398760252872891385e+02
3.903007518796992770e+01 1.227222217786098639e+02
4.003007518796992770e+01 1.073959120212929150e+02
4.103007518796992770e+01 9.368040574261398490e+01
4.203007518796992770e+01 8.146608437293386373e+01
4.303007518796992770e+01 7.052803684640564086e+01
4.403007518796992770e+01 6.085262961289711114e+01
4.503007518796992770e+01 5.227856374446115240e+01
4.603007518796992770e+01 4.474016857316920692e+01
4.703007518796992770e+01 3.815401809724991722e+01
4.803007518796992770e+01 3.243903963760109832e+01
4.903007518796992770e+01 2.750969454234166989e+01
5.003007518796992770e+01 2.327380372527348840e+01
5.103007518796992770e+01 1.966419472069564378e+01
5.203007518796992770e+01 1.658938466446478088e+01
5.303007518796992770e+01 1.398323930967631057e+01
5.403007518796992770e+01 1.178029001501695916e+01
5.503007518796992770e+01 9.921070091481839270e+00
5.603007518796992770e+01 8.350511526044234856e+00
5.703007518796992770e+01 7.027527254024869663e+00
5.803007518796992770e+01 5.910889172874079556e+00
5.903007518796992770e+01 4.970145959895450716e+00
6.003007518796992770e+01 4.176897914780008492e+00
6.103007518796992770e+01 3.509074674982689768e+00
6.203007518796992770e+01 2.945596363208192070e+00
6.303007518796992770e+01 2.469796301047401332e+00
6.403007518796992770e+01 2.069136361854445383e+00
6.503007518796992770e+01 1.730592146104307893e+00
6.603007518796992770e+01 1.446050275192672041e+00
6.703007518796992770e+01 1.206562769324399209e+00
6.803007518796992770e+01 1.005287424380392203e+00
6.903007518796992770e+01 8.363638961526803639e-01
7.003007518796992770e+01 6.947190219043983817e-01
7.103007518796992770e+01 5.766099352674596279e-01
7.203007518796992770e+01 4.780997998118428072e-01
7.303007518796992770e+01 3.957992290277259073e-01
7.403007518796992770e+01 3.272955036239620363e-01
7.503007518796992770e+01 2.703601869269346425e-01
7.603007518796992770e+01 2.231861369679459806e-01
7.703007518796992770e+01 1.842324747025415876e-01
7.803007518796992770e+01 1.518387915083076189e-01
7.903007518796992770e+01 1.251905210085927367e-01
8.003007518796992770e+01 1.031041296512693051e-01
8.103007518796992770e+01 8.485100846607505909e-02
8.203007518796992770e+01 6.977369906800545696e-02
8.303007518796992770e+01 5.737393700010017666e-02
8.403007518796992770e+01 4.717867317627623402e-02
8.503007518796992770e+01 3.877947329839075835e-02
8.603007518796992770e+01 3.183949970455135503e-02
8.703007518796992770e+01 2.614815007570131175e-02
8.803007518796992770e+01 2.145725087298164246e-02
