Hawking secondary spectra for each particle type.
energy/particle         photon       electron           nu_e          nu_mu         nu_tau         proton
    1.00000e-06    5.53710e+23    0.00000e+00    1.69221e+23    1.07800e+19    0.00000e+00    0.00000e+00
    1.05200e-06    5.20828e+23    0.00000e+00    1.79005e+23    1.49980e+19    0.00000e+00    0.00000e+00
    1.10700e-06    5.08149e+23    0.00000e+00    1.88705e+23    1.73132e+19    0.00000e+00    0.00000e+00
    1.16400e-06    4.67836e+23    0.00000e+00    1.98105e+23    1.96161e+19    0.00000e+00    0.00000e+00
    1.22500e-06    4.61254e+23    0.00000e+00    2.07614e+23    2.37109e+19    0.00000e+00    0.00000e+00
    1.28900e-06    4.29747e+23    0.00000e+00    2.17112e+23    2.70918e+19    0.00000e+00    0.00000e+00
    1.35600e-06    4.13654e+23    0.00000e+00    2.34319e+23    3.31343e+19    0.00000e+00    0.00000e+00
    1.42700e-06    3.99672e+23    0.00000e+00    2.34587e+23    3.49338e+19    0.00000e+00    0.00000e+00
    1.50100e-06    3.77977e+23    0.00000e+00    2.55840e+23    4.83294e+19    0.00000e+00    0.00000e+00
    1.57900e-06    3.61366e+23    0.00000e+00    2.54024e+23    4.82821e+19    0.00000e+00    0.00000e+00
    1.66100e-06    3.39599e+23    0.00000e+00    2.71621e+23    6.59906e+19    0.00000e+00    0.00000e+00
    1.74800e-06    3.28245e+23    0.00000e+00    2.79195e+23    6.61488e+19    0.00000e+00    0.00000e+00
    1.83900e-06    3.08479e+23    0.00000e+00    2.88272e+23    8.92450e+19    0.00000e+00    0.00000e+00
    1.93500e-06    2.94282e+23    0.00000e+00    3.01157e+23    8.81291e+19    0.00000e+00    0.00000e+00
    2.03500e-06    2.81372e+23    0.00000e+00    3.02937e+23    1.05591e+20    0.00000e+00    0.00000e+00
    2.14100e-06    2.67445e+23    0.00000e+00    3.19481e+23    1.16753e+20    0.00000e+00    0.00000e+00
    2.25300e-06    2.56131e+23    0.00000e+00    3.20665e+23    1.53924e+20    0.00000e+00    0.00000e+00
    2.37000e-06    2.40784e+23    0.00000e+00    3.31632e+23    1.70661e+20    0.00000e+00    0.00000e+00
    2.49300e-06    2.32010e+23    0.00000e+00    3.36618e+23    1.97343e+20    0.00000e+00    0.00000e+00
    2.62300e-06    2.19232e+23    0.00000e+00    3.42572e+23    2.31628e+20    0.00000e+00    0.00000e+00
    2.76000e-06    2.07835e+23    0.00000e+00    3.46388e+23    2.57791e+20    0.00000e+00    0.00000e+00
    2.90400e-06    2.00929e+23    0.00000e+00    3.48364e+23    3.10055e+20    0.00000e+00    0.00000e+00
    3.05500e-06    1.87888e+23    0.00000e+00    3.49778e+23    3.26721e+20    0.00000e+00    0.00000e+00
    3.21400e-06    1.82804e+23    0.00000e+00    3.54173e+23    4.28997e+20    0.00000e+00    0.00000e+00
    3.38100e-06    1.69090e+23    0.00000e+00    3.51255e+23    4.36719e+20    0.00000e+00    0.00000e+00
    3.55700e-06    1.64316e+23    0.00000e+00    3.51823e+23    5.59694e+20    0.00000e+00    0.00000e+00
    3.74200e-06    1.54489e+23    0.00000e+00    3.46633e+23    5.69481e+20    0.00000e+00    0.00000e+00
    3.93700e-06    1.49165e+23    0.00000e+00    3.46536e+23    7.25538e+20    0.00000e+00    0.00000e+00
    4.14200e-06    1.37690e+23    0.00000e+00    3.38095e+23    7.30201e+20    0.00000e+00    0.00000e+00
    4.35800e-06    1.35549e+23    0.00000e+00    3.35530e+23    9.52829e+20    0.00000e+00    0.00000e+00
    4.58500e-06    1.26183e+23    0.00000e+00    3.21788e+23    9.53362e+20    0.00000e+00    0.00000e+00
    4.82400e-06    1.21981e+23    0.00000e+00    3.20738e+23    1.11327e+21    0.00000e+00    0.00000e+00
    5.07500e-06    1.14303e+23    0.00000e+00    3.04535e+23    1.18981e+21    0.00000e+00    0.00000e+00
    5.33900e-06    1.11355e+23    0.00000e+00    2.99887e+23    1.47349e+21    0.00000e+00    0.00000e+00
    5.61700e-06    1.03660e+23    0.00000e+00    2.85913e+23    1.59034e+21    0.00000e+00    0.00000e+00
    5.90900e-06    1.00121e+23    0.00000e+00    2.75609e+23    1.75516e+21    0.00000e+00    0.00000e+00
    6.21700e-06    9.48315e+22    0.00000e+00    2.62730e+23    1.93737e+21    0.00000e+00    0.00000e+00
    6.54100e-06    8.96870e+22    0.00000e+00    2.48512e+23    2.17787e+21    0.00000e+00    0.00000e+00
    6.88100e-06    8.74029e+22    0.00000e+00    2.37468e+23    2.36990e+21    0.00000e+00    0.00000e+00
    7.24000e-06    8.14693e+22    0.00000e+00    2.22042e+23    2.58627e+21    0.00000e+00    0.00000e+00
    7.61700e-06    7.94913e+22    0.00000e+00    2.11474e+23    2.98273e+21    0.00000e+00    0.00000e+00
    8.01300e-06    7.40415e+22    0.00000e+00    1.96061e+23    3.15013e+21    0.00000e+00    0.00000e+00
    8.43000e-06    7.17362e+22    0.00000e+00    1.84983e+23    3.57201e+21    0.00000e+00    0.00000e+00
    8.86900e-06    6.71628e+22    0.00000e+00    1.69932e+23    3.84136e+21    0.00000e+00    0.00000e+00
    9.33100e-06    6.55058e+22    0.00000e+00    1.60152e+23    4.22621e+21    0.00000e+00    0.00000e+00
    9.81700e-06    6.17162e+22    0.00000e+00    1.45422e+23    4.52226e+21    0.00000e+00    0.00000e+00
    1.03300e-05    5.97574e+22    0.00000e+00    1.35584e+23    5.12276e+21    0.00000e+00    0.00000e+00
    1.08700e-05    5.55985e+22    0.00000e+00    1.23376e+23    5.42105e+21    0.00000e+00    0.00000e+00
    1.14300e-05    5.47111e+22    0.00000e+00    1.13846e+23    5.99719e+21    0.00000e+00    0.00000e+00
    1.20300e-05    5.11127e+22    0.00000e+00    1.03085e+23    6.46939e+21    0.00000e+00    0.00000e+00
    1.26500e-05    4.94314e+22    0.00000e+00    9.45492e+22    7.02620e+21    0.00000e+00    0.00000e+00
    1.33100e-05    4.66725e+22    0.00000e+00    8.62407e+22    7.78453e+21    0.00000e+00    0.00000e+00
    1.40100e-05    4.49283e+22    0.00000e+00    7.77791e+22    8.06981e+21    0.00000e+00    0.00000e+00
    1.47300e-05    4.22364e+22    0.00000e+00    7.17817e+22    8.98199e+21    0.00000e+00    0.00000e+00
    1.55000e-05    4.08238e+22    0.00000e+00    6.39842e+22    9.65002e+21    0.00000e+00    0.00000e+00
    1.63100e-05    3.87078e+22    0.00000e+00    5.90262e+22    1.03261e+22    0.00000e+00    0.00000e+00
    1.71600e-05    3.71503e+22    0.00000e+00    5.28841e+22    1.12711e+22    0.00000e+00    0.00000e+00
    1.80500e-05    3.52449e+22    0.00000e+00    4.89247e+22    1.19344e+22    0.00000e+00    0.00000e+00
    1.89900e-05    3.34700e+22    0.00000e+00    4.46252e+22    1.30148e+22    0.00000e+00    0.00000e+00
    1.99800e-05    3.20337e+22    0.00000e+00    4.11122e+22    1.37870e+22    0.00000e+00    0.00000e+00
    2.10200e-05    3.06036e+22    0.00000e+00    3.77133e+22    1.51656e+22    0.00000e+00    0.00000e+00
    2.21200e-05    2.91105e+22    0.00000e+00    3.52550e+22    1.57763e+22    0.00000e+00    0.00000e+00
    2.32700e-05    2.78558e+22    0.00000e+00    3.28698e+22    1.72685e+22    0.00000e+00    0.00000e+00
    2.44800e-05    2.65430e+22    0.00000e+00    3.11282e+22    1.81389e+22    0.00000e+00    0.00000e+00
    2.57500e-05    2.56191e+22    0.00000e+00    2.93736e+22    1.93589e+22    0.00000e+00    0.00000e+00
    2.70900e-05    2.44204e+22    0.00000e+00    2.81302e+22    2.07600e+22    0.00000e+00    0.00000e+00
    2.85000e-05    2.34318e+22    0.00000e+00    2.73975e+22    2.20329e+22    0.00000e+00    0.00000e+00
    2.99900e-05    2.27710e+22    0.00000e+00    2.62957e+22    2.34438e+22    0.00000e+00    0.00000e+00
    3.15500e-05    2.16313e+22    0.00000e+00    2.63490e+22    2.47577e+22    0.00000e+00    0.00000e+00
    3.31900e-05    2.12581e+22    0.00000e+00    2.53963e+22    2.61395e+22    0.00000e+00    0.00000e+00
    3.49200e-05    1.98994e+22    0.00000e+00    2.59597e+22    2.77286e+22    0.00000e+00    0.00000e+00
    3.67400e-05    1.98129e+22    0.00000e+00    2.53318e+22    2.93537e+22    0.00000e+00    0.00000e+00
    3.86500e-05    1.88216e+22    0.00000e+00    2.61450e+22    3.08544e+22    0.00000e+00    0.00000e+00
    4.06600e-05    1.83995e+22    0.00000e+00    2.60275e+22    3.24876e+22    0.00000e+00    0.00000e+00
    4.27800e-05    1.78493e+22    0.00000e+00    2.67091e+22    3.39376e+22    0.00000e+00    0.00000e+00
    4.50100e-05    1.75087e+22    0.00000e+00    2.67999e+22    3.58567e+22    0.00000e+00    0.00000e+00
    4.73500e-05    1.68011e+22    0.00000e+00    2.77290e+22    3.71977e+22    0.00000e+00    0.00000e+00
    4.98200e-05    1.68292e+22    0.00000e+00    2.81552e+22    3.91166e+22    0.00000e+00    0.00000e+00
    5.24100e-05    1.62745e+22    0.00000e+00    2.90978e+22    4.07039e+22    0.00000e+00    0.00000e+00
    5.51400e-05    1.61561e+22    0.00000e+00    2.97564e+22    4.24322e+22    0.00000e+00    0.00000e+00
    5.80100e-05    1.56901e+22    0.00000e+00    3.04057e+22    4.44244e+22    0.00000e+00    0.00000e+00
    6.10300e-05    1.55454e+22    0.00000e+00    3.15064e+22    4.57154e+22    0.00000e+00    0.00000e+00
    6.42100e-05    1.54901e+22    0.00000e+00    3.18473e+22    4.77361e+22    0.00000e+00    0.00000e+00
    6.75600e-05    1.52590e+22    0.00000e+00    3.30112e+22    4.91603e+22    0.00000e+00    0.00000e+00
    7.10700e-05    1.52436e+22    0.00000e+00    3.35144e+22    5.12293e+22    0.00000e+00    0.00000e+00
    7.47700e-05    1.51821e+22    0.00000e+00    3.44748e+22    5.23620e+22    0.00000e+00    0.00000e+00
    7.86700e-05    1.50470e+22    0.00000e+00    3.52431e+22    5.44633e+22    0.00000e+00    0.00000e+00
    8.27600e-05    1.52193e+22    0.00000e+00    3.60208e+22    5.58661e+22    0.00000e+00    0.00000e+00
    8.70700e-05    1.51289e+22    0.00000e+00    3.68287e+22    5.77056e+22    0.00000e+00    0.00000e+00
    9.16100e-05    1.52584e+22    0.00000e+00    3.73395e+22    5.89222e+22    0.00000e+00    0.00000e+00
    9.63800e-05    1.53872e+22    0.00000e+00    3.81608e+22    6.08214e+22    0.00000e+00    0.00000e+00
    1.01400e-04    1.54986e+22    0.00000e+00    3.87100e+22    6.20600e+22    0.00000e+00    0.00000e+00
    1.06700e-04    1.57658e+22    0.00000e+00    3.91779e+22    6.33006e+22    0.00000e+00    0.00000e+00
    1.12200e-04    1.57057e+22    0.00000e+00    3.99562e+22    6.48932e+22    1.06872e+17    0.00000e+00
    1.18100e-04    1.62264e+22    0.00000e+00    4.03520e+22    6.59940e+22    1.18075e+17    0.00000e+00
    1.24200e-04    1.61884e+22    0.00000e+00    4.08945e+22    6.74650e+22    1.29987e+17    0.00000e+00
    1.30700e-04    1.65824e+22    0.00000e+00    4.13035e+22    6.83885e+22    1.43638e+17    0.00000e+00
    1.37500e-04    1.67059e+22    0.00000e+00    4.15908e+22    6.96040e+22    1.58126e+17    0.00000e+00
    1.44700e-04    1.70954e+22    0.00000e+00    4.19591e+22    7.04974e+22    1.74849e+17    0.00000e+00
    1.52200e-04    1.73901e+22    0.00000e+00    4.22362e+22    7.14355e+22    1.92277e+17    0.00000e+00
    1.60100e-04    1.76603e+22    0.00000e+00    4.24636e+22    7.21233e+22    2.12572e+17    0.00000e+00
    1.68400e-04    1.79735e+22    0.00000e+00    4.26781e+22    7.31036e+22    2.33894e+17    0.00000e+00
    1.77200e-04    1.83453e+22    0.00000e+00    4.28085e+22    7.33332e+22    2.58582e+17    0.00000e+00
    1.86400e-04    1.86923e+22    0.00000e+00    4.29354e+22    7.42000e+22    2.84722e+17    0.00000e+00
    1.96100e-04    1.89750e+22    0.00000e+00    4.27377e+22    7.43067e+22    3.14443e+17    0.00000e+00
    2.06400e-04    1.92955e+22    0.00000e+00    4.28888e+22    7.51077e+22    3.46811e+17    0.00000e+00
    2.17100e-04    1.96315e+22    0.00000e+00    4.26812e+22    7.49344e+22    3.82630e+17    0.00000e+00
    2.28400e-04    2.00399e+22    0.00000e+00    4.26147e+22    7.52005e+22    4.21904e+17    0.00000e+00
    2.40300e-04    2.01979e+22    0.00000e+00    4.23888e+22    7.51903e+22    4.65379e+17    0.00000e+00
    2.52800e-04    2.06665e+22    0.00000e+00    4.21022e+22    7.50184e+22    5.13429e+17    0.00000e+00
    2.66000e-04    2.07903e+22    0.00000e+00    4.18230e+22    7.50007e+22    5.66062e+17    0.00000e+00
    2.79800e-04    2.12456e+22    0.00000e+00    4.15155e+22    7.45586e+22    6.24733e+17    0.00000e+00
    2.94400e-04    2.13642e+22    0.00000e+00    4.11583e+22    7.43156e+22    6.88241e+17    0.00000e+00
    3.09700e-04    2.17453e+22    0.00000e+00    4.06247e+22    7.37881e+22    7.60184e+17    0.00000e+00
    3.25900e-04    2.18110e+22    0.00000e+00    4.01317e+22    7.32115e+22    8.37066e+17    0.00000e+00
    3.42800e-04    2.21643e+22    0.00000e+00    3.96131e+22    7.24863e+22    9.24956e+17    0.00000e+00
    3.60700e-04    2.22820e+22    0.00000e+00    3.90855e+22    7.18290e+22    1.01805e+18    0.00000e+00
    3.79500e-04    2.24381e+22    0.00000e+00    3.82908e+22    7.08161e+22    1.12571e+18    0.00000e+00
    3.99200e-04    2.26118e+22    0.00000e+00    3.78381e+22    7.00919e+22    1.23903e+18    0.00000e+00
    4.20000e-04    2.26659e+22    0.00000e+00    3.70016e+22    6.88119e+22    1.36912e+18    0.00000e+00
    4.41900e-04    2.28369e+22    0.00000e+00    3.64114e+22    6.79505e+22    1.50844e+18    0.00000e+00
    4.64900e-04    2.27516e+22    0.00000e+00    3.54830e+22    6.65304e+22    1.66556e+18    0.00000e+00
    4.89100e-04    2.29393e+22   1.15650e-185    3.47796e+22    6.54778e+22    1.83583e+18    0.00000e+00
    5.14500e-04    2.27218e+22    3.13947e+22    3.38657e+22    6.40042e+22    2.02524e+18    0.00000e+00
    5.41300e-04    2.28766e+22    3.06785e+22    3.30936e+22    6.26972e+22    2.23379e+18    0.00000e+00
    5.69500e-04    2.26659e+22    3.01472e+22    3.21911e+22    6.11873e+22    2.46330e+18    0.00000e+00
    5.99200e-04    2.26386e+22    2.92888e+22    3.12667e+22    5.97377e+22    2.71893e+18    0.00000e+00
    6.30400e-04    2.24684e+22    2.86848e+22    3.03781e+22    5.81650e+22    2.99606e+18    0.00000e+00
    6.63200e-04    2.23299e+22    2.78933e+22    2.93977e+22    5.65353e+22    3.30829e+18    0.00000e+00
    6.97700e-04    2.20681e+22    2.71925e+22    2.84951e+22    5.49907e+22    3.64254e+18    0.00000e+00
    7.34100e-04    2.19435e+22    2.64183e+22    2.74877e+22    5.31675e+22    4.02577e+18    0.00000e+00
    7.72300e-04    2.15537e+22    2.55637e+22    2.65663e+22    5.16695e+22    4.42944e+18    0.00000e+00
    8.12500e-04    2.14275e+22    2.48140e+22    2.55150e+22    4.97166e+22    4.89754e+18    0.00000e+00
    8.54800e-04    2.09750e+22    2.39473e+22    2.46406e+22    4.81719e+22    5.39009e+18    0.00000e+00
    8.99300e-04    2.07115e+22    2.32226e+22    2.36050e+22    4.63030e+22    5.95797e+18    0.00000e+00
    9.46100e-04    2.03332e+22    2.23082e+22    2.26579e+22    4.46250e+22    6.56068e+18    0.00000e+00
    9.95400e-04    1.99042e+22    2.15569e+22    2.16768e+22    4.28203e+22    7.24779e+18    0.00000e+00
    1.04700e-03    1.95603e+22    2.06923e+22    2.07292e+22    4.10426e+22    7.98277e+18    0.00000e+00
    1.10200e-03    1.90484e+22    1.98812e+22    1.97769e+22    3.93418e+22    8.81975e+18    0.00000e+00
    1.15900e-03    1.87181e+22    1.90407e+22    1.88522e+22    3.75437e+22    9.71771e+18    0.00000e+00
    1.21900e-03    1.81198e+22    1.82008e+22    1.79294e+22    3.59008e+22    1.07141e+19    0.00000e+00
    1.28300e-03    1.77519e+22    1.74194e+22    1.70085e+22    3.41024e+22    1.18292e+19    0.00000e+00
    1.35000e-03    1.71629e+22    1.65767e+22    1.61382e+22    3.24994e+22    1.30259e+19    0.00000e+00
    1.42000e-03    1.67202e+22    1.58395e+22    1.52724e+22    3.08184e+22    1.43250e+19    0.00000e+00
    1.49400e-03    1.61546e+22    1.50002e+22    1.44051e+22    2.92115e+22    1.57539e+19    0.00000e+00
    1.57200e-03    1.56577e+22    1.42688e+22    1.36145e+22    2.75921e+22    1.74348e+19    0.00000e+00
    1.65400e-03    1.51128e+22    1.34700e+22    1.27991e+22    2.60640e+22    1.92253e+19    0.00000e+00
    1.74000e-03    1.45747e+22    1.27662e+22    1.20334e+22    2.45834e+22    2.12794e+19    0.00000e+00
    1.83000e-03    1.40021e+22    1.20283e+22    1.12857e+22    2.30678e+22    2.34290e+19    0.00000e+00
    1.92600e-03    1.34908e+22    1.13547e+22    1.05831e+22    2.17069e+22    2.59618e+19    0.00000e+00
    2.02600e-03    1.29111e+22    1.06478e+22    9.87262e+21    2.02742e+22    2.86048e+19    0.00000e+00
    2.13100e-03    1.23900e+22    1.00222e+22    9.24051e+21    1.90120e+22    3.16318e+19    0.00000e+00
    2.24200e-03    1.18184e+22    9.37275e+21    8.57631e+21    1.76921e+22    3.48761e+19    0.00000e+00
    2.35900e-03    1.12887e+22    8.77522e+21    7.99623e+21    1.65034e+22    3.85562e+19    0.00000e+00
    2.48200e-03    1.07682e+22    8.19914e+21    7.40517e+21    1.53173e+22    4.25289e+19    0.00000e+00
    2.61100e-03    1.02106e+22    7.62619e+21    6.86706e+21    1.42243e+22    4.69512e+19    0.00000e+00
    2.74700e-03    9.74105e+21    7.12182e+21    6.33595e+21    1.31404e+22    5.17959e+19    0.00000e+00
    2.89000e-03    9.16849e+21    6.58240e+21    5.85846e+21    1.21702e+22    5.71357e+19    0.00000e+00
    3.04100e-03    8.73714e+21    6.13789e+21    5.38701e+21    1.12040e+22    6.30730e+19    0.00000e+00
    3.19900e-03    8.20534e+21    5.67048e+21    4.95853e+21    1.03057e+22    6.94939e+19    0.00000e+00
    3.36600e-03    7.75996e+21    5.25581e+21    4.55425e+21    9.46312e+21    7.67180e+19    0.00000e+00
    3.54100e-03    7.29142e+21    4.84329e+21    4.16239e+21    8.66080e+21    8.44436e+19    0.00000e+00
    3.72500e-03    6.85344e+21    4.48744e+21    3.81466e+21    7.94336e+21    9.32086e+19    0.00000e+00
    3.91900e-03    6.41141e+21    4.12906e+21    3.47416e+21    7.22708e+21    1.02510e+20    0.00000e+00
    4.12300e-03    6.00019e+21    3.81814e+21    3.17336e+21    6.61328e+21    1.13165e+20    0.00000e+00
    4.33800e-03    5.60124e+21    3.51096e+21    2.88685e+21    6.00180e+21    1.24394e+20    0.00000e+00
    4.56400e-03    5.21283e+21    3.24113e+21    2.63632e+21    5.46305e+21    1.37288e+20    0.00000e+00
    4.80100e-03    4.85842e+21    2.98925e+21    2.38988e+21    4.94036e+21    1.50885e+20    0.00000e+00
    5.05100e-03    4.48850e+21    2.76070e+21    2.18637e+21    4.48329e+21    1.66299e+20    0.00000e+00
    5.31400e-03    4.17895e+21    2.55569e+21    1.97749e+21    4.05215e+21    1.82785e+20    0.00000e+00
    5.59100e-03    3.83469e+21    2.37217e+21    1.81611e+21    3.66823e+21    2.01248e+20    0.00000e+00
    5.88200e-03    3.55618e+21    2.21213e+21    1.64773e+21    3.31795e+21    2.21195e+20    0.00000e+00
    6.18800e-03    3.25643e+21    2.06403e+21    1.51963e+21    2.99809e+21    2.43184e+20    0.00000e+00
    6.51100e-03    2.99836e+21    1.94917e+21    1.39140e+21    2.71490e+21    2.67281e+20    0.00000e+00
    6.85000e-03    2.73131e+21    1.84352e+21    1.29027e+21    2.45800e+21    2.93496e+20    0.00000e+00
    7.20600e-03    2.51082e+21    1.75818e+21    1.19591e+21    2.23571e+21    3.22381e+20    0.00000e+00
    7.58200e-03    2.27930e+21    1.69346e+21    1.12189e+21    2.03404e+21    3.53610e+20    0.00000e+00
    7.97600e-03    2.08149e+21    1.64486e+21    1.06108e+21    1.86488e+21    3.88236e+20    0.00000e+00
    8.39200e-03    1.88388e+21    1.61689e+21    1.01170e+21    1.71723e+21    4.25241e+20    0.00000e+00
    8.82900e-03    1.70974e+21    1.60438e+21    9.74968e+20    1.59133e+21    4.66735e+20    0.00000e+00
    9.28800e-03    1.54724e+21    1.60845e+21    9.52905e+20    1.48940e+21    5.10372e+20    0.00000e+00
    9.77200e-03    1.39447e+21    1.62987e+21    9.39184e+20    1.40359e+21    5.59847e+20    0.00000e+00
    1.02800e-02    1.26142e+21    1.66552e+21    9.39408e+20    1.34378e+21    6.11774e+20    0.00000e+00
    1.08200e-02    1.13037e+21    1.72764e+21    9.51760e+20    1.29717e+21    6.70516e+20    0.00000e+00
    1.13800e-02    1.02217e+21    1.79212e+21    9.71026e+20    1.26957e+21    7.31897e+20    0.00000e+00
    1.19700e-02    9.13170e+20    1.88582e+21    1.00419e+21    1.25856e+21    7.99948e+20    0.00000e+00
    1.26000e-02    8.26248e+20    1.98820e+21    1.04534e+21    1.26256e+21    8.73758e+20    0.00000e+00
    1.32500e-02    7.38304e+20    2.11411e+21    1.09870e+21    1.28339e+21    9.52970e+20    0.00000e+00
    1.39400e-02    6.68022e+20    2.25174e+21    1.16021e+21    1.31686e+21    1.03894e+21    0.00000e+00
    1.46700e-02    5.98780e+20    2.41409e+21    1.23502e+21    1.36562e+21    1.13263e+21    0.00000e+00
    1.54300e-02    5.45400e+20    2.58977e+21    1.31668e+21    1.42828e+21    1.23302e+21    0.00000e+00
    1.62300e-02    4.92832e+20    2.78589e+21    1.41135e+21    1.50312e+21    1.34078e+21    0.00000e+00
    1.70800e-02    4.55483e+20    3.00488e+21    1.51613e+21    1.59357e+21    1.45912e+21    0.00000e+00
    1.79700e-02    4.16768e+20    3.24126e+21    1.63218e+21    1.69551e+21    1.58453e+21    0.00000e+00
    1.89000e-02    3.91663e+20    3.50030e+21    1.75834e+21    1.81175e+21    1.72062e+21    0.00000e+00
    1.98900e-02    3.68131e+20    3.78073e+21    1.89747e+21    1.94084e+21    1.86613e+21    0.00000e+00
    2.09200e-02    3.54266e+20    4.08632e+21    2.04787e+21    2.08333e+21    2.02332e+21    0.00000e+00
    2.20100e-02    3.44854e+20    4.41106e+21    2.20956e+21    2.23880e+21    2.18967e+21    0.00000e+00
    2.31600e-02    3.42574e+20    4.76813e+21    2.38668e+21    2.41050e+21    2.37110e+21    0.00000e+00
    2.43700e-02    3.44501e+20    5.14483e+21    2.57465e+21    2.59375e+21    2.56223e+21    0.00000e+00
    2.56300e-02    3.55223e+20    5.54476e+21    2.77371e+21    2.78958e+21    2.76416e+21    0.00000e+00
    2.69700e-02    3.69262e+20    5.97176e+21    2.98692e+21    2.99960e+21    2.97951e+21    0.00000e+00
    2.83700e-02    3.92963e+20    6.41405e+21    3.20776e+21    3.21798e+21    3.20196e+21    0.00000e+00
    2.98500e-02    4.20166e+20    6.87978e+21    3.44034e+21    3.44863e+21    3.43604e+21    0.00000e+00
    3.14000e-02    4.56841e+20    7.34501e+21    3.67286e+21    3.67929e+21    3.66947e+21    0.00000e+00
    3.30400e-02    4.98279e+20    7.81940e+21    3.90982e+21    3.91512e+21    3.90743e+21    0.00000e+00
    3.47600e-02    5.49653e+20    8.26701e+21    4.13368e+21    4.13781e+21    4.13177e+21    0.00000e+00
    3.65700e-02    6.07492e+20    8.67314e+21    4.33659e+21    4.33986e+21    4.33527e+21    0.00000e+00
    3.84700e-02    6.74432e+20    9.02677e+21    4.51345e+21    4.51603e+21    4.51241e+21    0.00000e+00
    4.04800e-02    7.52679e+20    9.23340e+21    4.61670e+21    4.61869e+21    4.61601e+21    0.00000e+00
    4.25900e-02    8.34973e+20    9.38131e+21    4.69067e+21    4.69227e+21    4.69013e+21    0.00000e+00
    4.48000e-02    9.27586e+20    9.21902e+21    4.60949e+21    4.61067e+21    4.60914e+21    0.00000e+00
    4.71400e-02    1.02362e+21    9.02556e+21    4.51278e+21    4.51375e+21    4.51251e+21    0.00000e+00
    4.95900e-02    1.11954e+21    8.40919e+21    4.20458e+21    4.20528e+21    4.20441e+21    0.00000e+00
    5.21700e-02    1.21944e+21    7.76017e+21    3.88008e+21    3.88064e+21    3.87995e+21    0.00000e+00
    5.48900e-02    1.28903e+21    6.84977e+21    3.42488e+21    3.42529e+21    3.42480e+21    0.00000e+00
    5.77500e-02    1.35793e+21    5.87166e+21    2.93582e+21    2.93614e+21    2.93577e+21    0.00000e+00
    6.07500e-02    1.35518e+21    4.91811e+21    2.45905e+21    2.45928e+21    2.45901e+21    0.00000e+00
    6.39200e-02    1.33056e+21    3.93066e+21    1.96532e+21    1.96550e+21    1.96530e+21    0.00000e+00
    6.72400e-02    1.23064e+21    3.11059e+21    1.55529e+21    1.55542e+21    1.55528e+21    0.00000e+00
    7.07500e-02    1.08427e+21    2.35940e+21    1.17970e+21    1.17979e+21    1.17969e+21    0.00000e+00
    7.44300e-02    9.14462e+20    1.76365e+21    8.81826e+20    8.81886e+20    8.81820e+20    0.00000e+00
    7.83000e-02    7.20055e+20    1.31504e+21    6.57518e+20    6.57562e+20    6.57515e+20    0.00000e+00
    8.23800e-02    5.41574e+20    9.42283e+20    4.71141e+20    4.71171e+20    4.71139e+20    0.00000e+00
    8.66700e-02    3.95574e+20    7.09367e+20    3.54683e+20    3.54701e+20    3.54682e+20    0.00000e+00
    9.11800e-02    2.63866e+20    5.00640e+20    2.50320e+20    2.50332e+20    2.50319e+20    0.00000e+00
    9.59300e-02    1.88573e+20    3.85731e+20    1.92865e+20    1.92872e+20    1.92865e+20    0.00000e+00
    1.00900e-01    1.16050e+20    2.72407e+20    1.36203e+20    1.36207e+20    1.36203e+20    0.00000e+00
    1.06200e-01    8.38386e+19    2.01315e+20    1.00657e+20    1.00660e+20    1.00657e+20    0.00000e+00
    1.11700e-01    5.04175e+19    1.27540e+20    6.37700e+19    6.37712e+19    6.37700e+19    0.00000e+00
    1.17500e-01    3.74448e+19    8.98378e+19    4.49189e+19    4.49195e+19    4.49189e+19    0.00000e+00
    1.23600e-01    2.38561e+19    5.02809e+19    2.51404e+19    2.51407e+19    2.51404e+19    0.00000e+00
    1.30100e-01    1.61377e+19    3.22411e+19    1.61206e+19    1.61207e+19    1.61206e+19    0.00000e+00
    1.36900e-01    9.16372e+18    1.72952e+19    8.64759e+18    8.64766e+18    8.64759e+18    0.00000e+00
    1.44000e-01    5.49215e+18    1.02409e+19    5.12043e+18    5.12046e+18    5.12043e+18    0.00000e+00
    1.51500e-01    2.90438e+18    5.84762e+18    2.92381e+18    2.92382e+18    2.92381e+18    0.00000e+00
    1.59400e-01    1.46901e+18    3.21325e+18    1.60663e+18    1.60663e+18    1.60663e+18    0.00000e+00
    1.67700e-01    8.09076e+17    1.75609e+18    8.78044e+17    8.78046e+17    8.78044e+17    0.00000e+00
    1.76400e-01    3.74984e+17    7.97212e+17    3.98606e+17    3.98607e+17    3.98606e+17    0.00000e+00
    1.85600e-01    2.07213e+17    4.26231e+17    2.13116e+17    2.13116e+17    2.13116e+17    0.00000e+00
    1.95200e-01    8.08666e+16    1.51648e+17    7.58242e+16    7.58243e+16    7.58242e+16    0.00000e+00
    2.05400e-01    4.39688e+16    8.48550e+16    4.24275e+16    4.24276e+16    4.24275e+16    0.00000e+00
    2.16100e-01    1.25080e+16    2.74170e+16    1.37085e+16    1.37085e+16    1.37085e+16    0.00000e+00
    2.27400e-01    7.03813e+15    1.51472e+16    7.57361e+15    7.57362e+15    7.57361e+15    0.00000e+00
    2.39200e-01    1.74534e+15    3.29673e+15    1.64837e+15    1.64837e+15    1.64837e+15    0.00000e+00
    2.51700e-01    9.92678e+14    1.89501e+15    9.47503e+14    9.47503e+14    9.47503e+14    0.00000e+00
    2.64800e-01    2.03923e+14    4.25996e+14    2.12998e+14    2.12998e+14    2.12998e+14    0.00000e+00
    2.78500e-01    9.97084e+13    2.12218e+14    1.06109e+14    1.06109e+14    1.06109e+14    0.00000e+00
    2.93000e-01    2.59142e+13    5.29486e+13    2.64743e+13    2.64743e+13    2.64743e+13    0.00000e+00
    3.08300e-01    7.73192e+12    1.47882e+13    7.39409e+12    7.39410e+12    7.39409e+12    0.00000e+00
    3.24400e-01    2.35277e+12    4.56720e+12    2.28360e+12    2.28360e+12    2.28360e+12    0.00000e+00
    3.41200e-01    4.45754e+11    9.14974e+11    4.57487e+11    4.57487e+11    4.57487e+11    0.00000e+00
    3.59000e-01    1.54161e+11    3.17192e+11    1.58596e+11    1.58596e+11    1.58596e+11    0.00000e+00
    3.77700e-01    1.52094e+10    3.20346e+10    1.60173e+10    1.60173e+10    1.60173e+10    0.00000e+00
    3.97400e-01    6.02958e+09    1.26578e+10    6.32891e+09    6.32891e+09    6.32891e+09    0.00000e+00
    4.18100e-01    4.56568e+08    9.07390e+08    4.53695e+08    4.53695e+08    4.53695e+08    0.00000e+00
    4.39800e-01    1.98708e+08    3.94863e+08    1.97431e+08    1.97431e+08    1.97431e+08    0.00000e+00
    4.62700e-01    6.72932e+06    1.32935e+07    6.64673e+06    6.64673e+06    6.64673e+06    0.00000e+00
    4.86800e-01    3.18867e+06    6.29839e+06    3.14920e+06    3.14920e+06    3.14920e+06    0.00000e+00
    5.12200e-01    7.52917e+04    1.47547e+05    7.37737e+04    7.37737e+04    7.37737e+04    0.00000e+00
    5.38800e-01    3.82552e+04    7.49769e+04    3.74885e+04    3.74885e+04    3.74885e+04    0.00000e+00
    5.66900e-01    4.03597e+02    8.09022e+02    4.04511e+02    4.04511e+02    4.04511e+02    0.00000e+00
    5.96400e-01    2.17357e+02    4.35726e+02    2.17863e+02    2.17863e+02    2.17863e+02    0.00000e+00
    6.27500e-01    2.10167e+01    4.21841e+01    2.10920e+01    2.10920e+01    2.10920e+01    0.00000e+00
    6.60100e-01    7.03820e-01    1.44527e+00    7.22637e-01    7.22637e-01    7.22637e-01    0.00000e+00
    6.94500e-01    1.36926e-01    2.81055e-01    1.40528e-01    1.40528e-01    1.40528e-01    0.00000e+00
    7.30700e-01    1.30985e-03    2.59461e-03    1.29730e-03    1.29730e-03    1.29730e-03    0.00000e+00
    7.68700e-01    3.58505e-04    7.10135e-04    3.55067e-04    3.55067e-04    3.55067e-04    0.00000e+00
    8.08800e-01    1.00070e-06    1.97328e-06    9.86639e-07    9.86639e-07    9.86639e-07    0.00000e+00
    8.50900e-01    3.38787e-07    6.68050e-07    3.34025e-07    3.34025e-07    3.34025e-07    0.00000e+00
    8.95200e-01    4.39976e-10    8.62796e-10    4.31398e-10    4.31398e-10    4.31398e-10   6.89486e-188
    9.41800e-01    1.73328e-10    3.39897e-10    1.69948e-10    1.69948e-10    1.69948e-10    3.24446e-21
    9.90800e-01    5.89172e-14    1.15483e-13    5.77414e-14    5.77414e-14    5.77414e-14    5.96986e-22
    1.04200e+00    2.62483e-14    5.14489e-14    2.57244e-14    2.57244e-14    2.57244e-14    6.50437e-26
    1.09700e+00    3.23148e-18    6.24097e-18    3.12049e-18    3.12049e-18    3.12049e-18    1.19672e-26
    1.15400e+00    1.55507e-18    3.00331e-18    1.50165e-18    1.50165e-18    1.50165e-18    8.54685e-31
    1.21400e+00    6.27629e-23    1.19929e-22    5.99647e-23    5.99647e-23    5.99647e-23    3.52156e-31
    1.27700e+00    3.25213e-23    6.21427e-23    3.10713e-23    3.10713e-23    3.10713e-23    6.47868e-32
    1.34400e+00    3.59532e-25    6.87002e-25    3.43501e-25    3.43501e-25    3.43501e-25    4.52531e-37
    1.41400e+00    1.77582e-28    3.37517e-28    1.68759e-28    1.68759e-28    1.68759e-28    8.32524e-38
    1.48700e+00    2.39432e-29    4.55071e-29    2.27536e-29    2.27536e-29    2.27536e-29    1.16654e-43
    1.56500e+00    2.30005e-34    4.32889e-34    2.16445e-34    2.16445e-34    2.16445e-34    2.14608e-44
    1.64600e+00    5.18176e-35    9.75250e-35    4.87625e-35    4.87625e-35    4.87625e-35    5.02157e-51
    1.73200e+00    5.96444e-41    1.10284e-40    5.51422e-41    5.51422e-41    5.51422e-41    9.23819e-52
    1.82200e+00    1.78017e-41    3.29158e-41    1.64579e-41    1.64579e-41    1.64579e-41    3.84679e-59
    1.91700e+00    2.51749e-48    4.64421e-48    2.32211e-48    2.32211e-48    2.32211e-48    7.07695e-60
    2.01700e+00    9.01795e-49    1.66361e-48    8.31806e-49    8.31806e-49    8.31806e-49    2.72106e-68
    2.12200e+00    1.84517e-56    3.45048e-56    1.72524e-56    1.72524e-56    1.72524e-56    5.00593e-69
    2.23200e+00    7.63358e-57    1.42748e-56    7.13742e-57    7.13742e-57    7.13742e-57    2.16391e-78
    2.34800e+00    1.32905e-65    2.36256e-65    1.18128e-65    1.18128e-65    1.18128e-65    3.98094e-79
    2.47000e+00    6.09934e-66    1.08424e-65    5.42118e-66    5.42118e-66    5.42118e-66    1.06408e-89
    2.59900e+00    1.02636e-75    1.80191e-75    9.00953e-76    9.00953e-76    9.00953e-76    1.95758e-90
    2.73400e+00    5.10271e-76    8.95845e-76    4.47923e-76    4.47923e-76    4.47923e-76   6.02020e-102
    2.87700e+00    4.82704e-87    8.45506e-87    4.22753e-87    4.22753e-87    4.22753e-87   2.48050e-102
    3.02700e+00    2.55061e-87    4.46766e-87    2.23383e-87    2.23383e-87    2.23383e-87   4.56337e-103
    3.18400e+00    1.67951e-88    2.94183e-88    1.47092e-88    1.47092e-88    1.47092e-88   1.94358e-116
    3.35000e+00   6.27423e-100    1.04855e-99   5.24275e-100   5.24275e-100   5.24275e-100   3.57560e-117
    3.52400e+00   1.07757e-100   1.80084e-100   9.00419e-101   9.00419e-101   9.00419e-101   4.49604e-132
    3.70800e+00   4.79937e-114   8.15197e-114   4.07598e-114   4.07598e-114   4.07598e-114   8.27136e-133
    3.90100e+00   1.22016e-114   2.07250e-114   1.03625e-114   1.03625e-114   1.03625e-114   1.55779e-149
    4.10400e+00   1.17546e-129   1.85449e-129   9.27245e-130   9.27245e-130   9.27245e-130   2.86586e-150
    4.31800e+00   3.79349e-130   5.98491e-130   2.99245e-130   2.99245e-130   2.99245e-130   4.75048e-169
    4.54300e+00   4.05375e-147   6.25561e-147   3.12780e-147   3.12780e-147   3.12780e-147   8.73946e-170
    4.77900e+00   1.54883e-147   2.39010e-147   1.19505e-147   1.19505e-147   1.19505e-147   1.85886e-190
    5.02800e+00   1.21849e-166   1.84887e-166   9.24434e-167   9.24434e-167   9.24434e-167   6.60238e-191
    5.29000e+00   5.23816e-167   7.94809e-167   3.97404e-167   3.97404e-167   3.97404e-167   1.58309e-191
    5.56500e+00   2.75108e-188   4.00795e-188   2.00397e-188   2.00397e-188   2.00397e-188   4.37636e-215
    5.85500e+00   1.29912e-188   1.89264e-188   9.46322e-189   9.46322e-189   9.46322e-189   1.16417e-215
    6.16000e+00   1.76824e-212   2.40547e-212   1.20274e-212   1.20274e-212   1.20274e-212   1.39649e-217
    6.48100e+00   8.99013e-213   1.22301e-212   6.11507e-213   6.11507e-213   6.11507e-213   1.22152e-242
    6.81800e+00   1.74720e-239   2.68354e-239   1.34177e-239   1.34177e-239   1.34177e-239   3.23247e-272
    7.17300e+00   9.45159e-240   1.45168e-239   7.25840e-240   7.25840e-240   7.25840e-240   7.55645e-273
    7.54700e+00   1.00192e-240   1.53887e-240   7.69434e-241   7.69434e-241   7.69434e-241   1.43170e-273
    7.94000e+00   9.34265e-270   1.37790e-269   6.88949e-270   6.88949e-270   6.88949e-270    0.00000e+00
    8.35300e+00   1.90246e-270   2.80584e-270   1.40292e-270   1.40292e-270   1.40292e-270    0.00000e+00
    8.78800e+00    0.00000e+00    0.00000e+00    0.00000e+00    0.00000e+00    0.00000e+00    0.00000e+00
    9.24600e+00    0.00000e+00    0.00000e+00    0.00000e+00    0.00000e+00    0.00000e+00    0.00000e+00
    9.72700e+00    0.00000e+00    0.00000e+00    0.00000e+00    0.00000e+00    0.00000e+00    0.00000e+00
    1.02300e+01    0.00000e+00    0.00000e+00    0.00000e+00    0.00000e+00    0.00000e+00    0.00000e+00
    1.07700e+01    0.00000e+00    0.00000e+00    0.00000e+00    0.00000e+00    0.00000e+00    0.00000e+00
    1.13300e+01    0.00000e+00    0.00000e+00    0.00000e+00    0.00000e+00    0.00000e+00    0.00000e+00
    1.19200e+01    0.00000e+00    0.00000e+00    0.00000e+00    0.00000e+00    0.00000e+00    0.00000e+00
    1.25400e+01    0.00000e+00    0.00000e+00    0.00000e+00    0.00000e+00    0.00000e+00    0.00000e+00
    1.31900e+01    0.00000e+00    0.00000e+00    0.00000e+00    0.00000e+00    0.00000e+00    0.00000e+00
    1.38800e+01    0.00000e+00    0.00000e+00    0.00000e+00    0.00000e+00    0.00000e+00    0.00000e+00
    1.46000e+01    0.00000e+00    0.00000e+00    0.00000e+00    0.00000e+00    0.00000e+00    0.00000e+00
    1.53600e+01    0.00000e+00    0.00000e+00    0.00000e+00    0.00000e+00    0.00000e+00    0.00000e+00
    1.61600e+01    0.00000e+00    0.00000e+00    0.00000e+00    0.00000e+00    0.00000e+00    0.00000e+00
    1.70000e+01    0.00000e+00    0.00000e+00    0.00000e+00    0.00000e+00    0.00000e+00    0.00000e+00
    1.78900e+01    0.00000e+00    0.00000e+00    0.00000e+00    0.00000e+00    0.00000e+00    0.00000e+00
    1.88200e+01    0.00000e+00    0.00000e+00    0.00000e+00    0.00000e+00    0.00000e+00    0.00000e+00
    1.98000e+01    0.00000e+00    0.00000e+00    0.00000e+00    0.00000e+00    0.00000e+00    0.00000e+00
    2.08300e+01    0.00000e+00    0.00000e+00    0.00000e+00    0.00000e+00    0.00000e+00    0.00000e+00
    2.19100e+01    0.00000e+00    0.00000e+00    0.00000e+00    0.00000e+00    0.00000e+00    0.00000e+00
    2.30500e+01    0.00000e+00    0.00000e+00    0.00000e+00    0.00000e+00    0.00000e+00    0.00000e+00
    2.42500e+01    0.00000e+00    0.00000e+00    0.00000e+00    0.00000e+00    0.00000e+00    0.00000e+00
    2.55200e+01    0.00000e+00    0.00000e+00    0.00000e+00    0.00000e+00    0.00000e+00    0.00000e+00
    2.68400e+01    0.00000e+00    0.00000e+00    0.00000e+00    0.00000e+00    0.00000e+00    0.00000e+00
    2.82400e+01    0.00000e+00    0.00000e+00    0.00000e+00    0.00000e+00    0.00000e+00    0.00000e+00
    2.97100e+01    0.00000e+00    0.00000e+00    0.00000e+00    0.00000e+00    0.00000e+00    0.00000e+00
    3.12600e+01    0.00000e+00    0.00000e+00    0.00000e+00    0.00000e+00    0.00000e+00    0.00000e+00
    3.28900e+01    0.00000e+00    0.00000e+00    0.00000e+00    0.00000e+00    0.00000e+00    0.00000e+00
    3.46000e+01    0.00000e+00    0.00000e+00    0.00000e+00    0.00000e+00    0.00000e+00    0.00000e+00
    3.64000e+01    0.00000e+00    0.00000e+00    0.00000e+00    0.00000e+00    0.00000e+00    0.00000e+00
    3.83000e+01    0.00000e+00    0.00000e+00    0.00000e+00    0.00000e+00    0.00000e+00    0.00000e+00
    4.02900e+01    0.00000e+00    0.00000e+00    0.00000e+00    0.00000e+00    0.00000e+00    0.00000e+00
    4.23900e+01    0.00000e+00    0.00000e+00    0.00000e+00    0.00000e+00    0.00000e+00    0.00000e+00
    4.46000e+01    0.00000e+00    0.00000e+00    0.00000e+00    0.00000e+00    0.00000e+00    0.00000e+00
    4.69200e+01    0.00000e+00    0.00000e+00    0.00000e+00    0.00000e+00    0.00000e+00    0.00000e+00
    4.93600e+01    0.00000e+00    0.00000e+00    0.00000e+00    0.00000e+00    0.00000e+00    0.00000e+00
    5.19300e+01    0.00000e+00    0.00000e+00    0.00000e+00    0.00000e+00    0.00000e+00    0.00000e+00
    5.46400e+01    0.00000e+00    0.00000e+00    0.00000e+00    0.00000e+00    0.00000e+00    0.00000e+00
    5.74800e+01    0.00000e+00    0.00000e+00    0.00000e+00    0.00000e+00    0.00000e+00    0.00000e+00
    6.04700e+01    0.00000e+00    0.00000e+00    0.00000e+00    0.00000e+00    0.00000e+00    0.00000e+00
    6.36200e+01    0.00000e+00    0.00000e+00    0.00000e+00    0.00000e+00    0.00000e+00    0.00000e+00
    6.69300e+01    0.00000e+00    0.00000e+00    0.00000e+00    0.00000e+00    0.00000e+00    0.00000e+00
    7.04200e+01    0.00000e+00    0.00000e+00    0.00000e+00    0.00000e+00    0.00000e+00    0.00000e+00
    7.40900e+01    0.00000e+00    0.00000e+00    0.00000e+00    0.00000e+00    0.00000e+00    0.00000e+00
    7.79400e+01    0.00000e+00    0.00000e+00    0.00000e+00    0.00000e+00    0.00000e+00    0.00000e+00
    8.20000e+01    0.00000e+00    0.00000e+00    0.00000e+00    0.00000e+00    0.00000e+00    0.00000e+00
    8.62700e+01    0.00000e+00    0.00000e+00    0.00000e+00    0.00000e+00    0.00000e+00    0.00000e+00
    9.07600e+01    0.00000e+00    0.00000e+00    0.00000e+00    0.00000e+00    0.00000e+00    0.00000e+00
    9.54900e+01    0.00000e+00    0.00000e+00    0.00000e+00    0.00000e+00    0.00000e+00    0.00000e+00
    1.00500e+02    0.00000e+00    0.00000e+00    0.00000e+00    0.00000e+00    0.00000e+00    0.00000e+00
    1.05700e+02    0.00000e+00    0.00000e+00    0.00000e+00    0.00000e+00    0.00000e+00    0.00000e+00
    1.11200e+02    0.00000e+00    0.00000e+00    0.00000e+00    0.00000e+00    0.00000e+00    0.00000e+00
    1.17000e+02    0.00000e+00    0.00000e+00    0.00000e+00    0.00000e+00    0.00000e+00    0.00000e+00
    1.23100e+02    0.00000e+00    0.00000e+00    0.00000e+00    0.00000e+00    0.00000e+00    0.00000e+00
    1.29500e+02    0.00000e+00    0.00000e+00    0.00000e+00    0.00000e+00    0.00000e+00    0.00000e+00
    1.36200e+02    0.00000e+00    0.00000e+00    0.00000e+00    0.00000e+00    0.00000e+00    0.00000e+00
    1.43300e+02    0.00000e+00    0.00000e+00    0.00000e+00    0.00000e+00    0.00000e+00    0.00000e+00
    1.50800e+02    0.00000e+00    0.00000e+00    0.00000e+00    0.00000e+00    0.00000e+00    0.00000e+00
    1.58600e+02    0.00000e+00    0.00000e+00    0.00000e+00    0.00000e+00    0.00000e+00    0.00000e+00
    1.66900e+02    0.00000e+00    0.00000e+00    0.00000e+00    0.00000e+00    0.00000e+00    0.00000e+00
    1.75600e+02    0.00000e+00    0.00000e+00    0.00000e+00    0.00000e+00    0.00000e+00    0.00000e+00
    1.84700e+02    0.00000e+00    0.00000e+00    0.00000e+00    0.00000e+00    0.00000e+00    0.00000e+00
    1.94300e+02    0.00000e+00    0.00000e+00    0.00000e+00    0.00000e+00    0.00000e+00    0.00000e+00
    2.04500e+02    0.00000e+00    0.00000e+00    0.00000e+00    0.00000e+00    0.00000e+00    0.00000e+00
    2.15100e+02    0.00000e+00    0.00000e+00    0.00000e+00    0.00000e+00    0.00000e+00    0.00000e+00
    2.26300e+02    0.00000e+00    0.00000e+00    0.00000e+00    0.00000e+00    0.00000e+00    0.00000e+00
    2.38100e+02    0.00000e+00    0.00000e+00    0.00000e+00    0.00000e+00    0.00000e+00    0.00000e+00
    2.50500e+02    0.00000e+00    0.00000e+00    0.00000e+00    0.00000e+00    0.00000e+00    0.00000e+00
    2.63500e+02    0.00000e+00    0.00000e+00    0.00000e+00    0.00000e+00    0.00000e+00    0.00000e+00
    2.77300e+02    0.00000e+00    0.00000e+00    0.00000e+00    0.00000e+00    0.00000e+00    0.00000e+00
    2.91700e+02    0.00000e+00    0.00000e+00    0.00000e+00    0.00000e+00    0.00000e+00    0.00000e+00
    3.06900e+02    0.00000e+00    0.00000e+00    0.00000e+00    0.00000e+00    0.00000e+00    0.00000e+00
    3.22900e+02    0.00000e+00    0.00000e+00    0.00000e+00    0.00000e+00    0.00000e+00    0.00000e+00
    3.39700e+02    0.00000e+00    0.00000e+00    0.00000e+00    0.00000e+00    0.00000e+00    0.00000e+00
    3.57400e+02    0.00000e+00    0.00000e+00    0.00000e+00    0.00000e+00    0.00000e+00    0.00000e+00
    3.76000e+02    0.00000e+00    0.00000e+00    0.00000e+00    0.00000e+00    0.00000e+00    0.00000e+00
    3.95500e+02    0.00000e+00    0.00000e+00    0.00000e+00    0.00000e+00    0.00000e+00    0.00000e+00
    4.16100e+02    0.00000e+00    0.00000e+00    0.00000e+00    0.00000e+00    0.00000e+00    0.00000e+00
    4.37800e+02    0.00000e+00    0.00000e+00    0.00000e+00    0.00000e+00    0.00000e+00    0.00000e+00
    4.60600e+02    0.00000e+00    0.00000e+00    0.00000e+00    0.00000e+00    0.00000e+00    0.00000e+00
    4.84600e+02    0.00000e+00    0.00000e+00    0.00000e+00    0.00000e+00    0.00000e+00    0.00000e+00
    5.09800e+02    0.00000e+00    0.00000e+00    0.00000e+00    0.00000e+00    0.00000e+00    0.00000e+00
    5.36400e+02    0.00000e+00    0.00000e+00    0.00000e+00    0.00000e+00    0.00000e+00    0.00000e+00
    5.64300e+02    0.00000e+00    0.00000e+00    0.00000e+00    0.00000e+00    0.00000e+00    0.00000e+00
    5.93700e+02    0.00000e+00    0.00000e+00    0.00000e+00    0.00000e+00    0.00000e+00    0.00000e+00
    6.24600e+02    0.00000e+00    0.00000e+00    0.00000e+00    0.00000e+00    0.00000e+00    0.00000e+00
    6.57100e+02    0.00000e+00    0.00000e+00    0.00000e+00    0.00000e+00    0.00000e+00    0.00000e+00
    6.91300e+02    0.00000e+00    0.00000e+00    0.00000e+00    0.00000e+00    0.00000e+00    0.00000e+00
    7.27300e+02    0.00000e+00    0.00000e+00    0.00000e+00    0.00000e+00    0.00000e+00    0.00000e+00
    7.65200e+02    0.00000e+00    0.00000e+00    0.00000e+00    0.00000e+00    0.00000e+00    0.00000e+00
    8.05000e+02    0.00000e+00    0.00000e+00    0.00000e+00    0.00000e+00    0.00000e+00    0.00000e+00
    8.46900e+02    0.00000e+00    0.00000e+00    0.00000e+00    0.00000e+00    0.00000e+00    0.00000e+00
    8.91000e+02    0.00000e+00    0.00000e+00    0.00000e+00    0.00000e+00    0.00000e+00    0.00000e+00
    9.37400e+02    0.00000e+00    0.00000e+00    0.00000e+00    0.00000e+00    0.00000e+00    0.00000e+00
    9.86300e+02    0.00000e+00    0.00000e+00    0.00000e+00    0.00000e+00    0.00000e+00    0.00000e+00
    1.03800e+03    0.00000e+00    0.00000e+00    0.00000e+00    0.00000e+00    0.00000e+00    0.00000e+00
    1.09200e+03    0.00000e+00    0.00000e+00    0.00000e+00    0.00000e+00    0.00000e+00    0.00000e+00
    1.14800e+03    0.00000e+00    0.00000e+00    0.00000e+00    0.00000e+00    0.00000e+00    0.00000e+00
    1.20800e+03    0.00000e+00    0.00000e+00    0.00000e+00    0.00000e+00    0.00000e+00    0.00000e+00
    1.27100e+03    0.00000e+00    0.00000e+00    0.00000e+00    0.00000e+00    0.00000e+00    0.00000e+00
    1.33700e+03    0.00000e+00    0.00000e+00    0.00000e+00    0.00000e+00    0.00000e+00    0.00000e+00
    1.40700e+03    0.00000e+00    0.00000e+00    0.00000e+00    0.00000e+00    0.00000e+00    0.00000e+00
    1.48000e+03    0.00000e+00    0.00000e+00    0.00000e+00    0.00000e+00    0.00000e+00    0.00000e+00
    1.55700e+03    0.00000e+00    0.00000e+00    0.00000e+00    0.00000e+00    0.00000e+00    0.00000e+00
    1.63800e+03    0.00000e+00    0.00000e+00    0.00000e+00    0.00000e+00    0.00000e+00    0.00000e+00
    1.72400e+03    0.00000e+00    0.00000e+00    0.00000e+00    0.00000e+00    0.00000e+00    0.00000e+00
    1.81400e+03    0.00000e+00    0.00000e+00    0.00000e+00    0.00000e+00    0.00000e+00    0.00000e+00
    1.90800e+03    0.00000e+00    0.00000e+00    0.00000e+00    0.00000e+00    0.00000e+00    0.00000e+00
    2.00700e+03    0.00000e+00    0.00000e+00    0.00000e+00    0.00000e+00    0.00000e+00    0.00000e+00
    2.11200e+03    0.00000e+00    0.00000e+00    0.00000e+00    0.00000e+00    0.00000e+00    0.00000e+00
    2.22200e+03    0.00000e+00    0.00000e+00    0.00000e+00    0.00000e+00    0.00000e+00    0.00000e+00
    2.33700e+03    0.00000e+00    0.00000e+00    0.00000e+00    0.00000e+00    0.00000e+00    0.00000e+00
    2.45900e+03    0.00000e+00    0.00000e+00    0.00000e+00    0.00000e+00    0.00000e+00    0.00000e+00
    2.58700e+03    0.00000e+00    0.00000e+00    0.00000e+00    0.00000e+00    0.00000e+00    0.00000e+00
    2.72200e+03    0.00000e+00    0.00000e+00    0.00000e+00    0.00000e+00    0.00000e+00    0.00000e+00
    2.86400e+03    0.00000e+00    0.00000e+00    0.00000e+00    0.00000e+00    0.00000e+00    0.00000e+00
    3.01300e+03    0.00000e+00    0.00000e+00    0.00000e+00    0.00000e+00    0.00000e+00    0.00000e+00
    3.17000e+03    0.00000e+00    0.00000e+00    0.00000e+00    0.00000e+00    0.00000e+00    0.00000e+00
    3.33500e+03    0.00000e+00    0.00000e+00    0.00000e+00    0.00000e+00    0.00000e+00    0.00000e+00
    3.50800e+03    0.00000e+00    0.00000e+00    0.00000e+00    0.00000e+00    0.00000e+00    0.00000e+00
    3.69100e+03    0.00000e+00    0.00000e+00    0.00000e+00    0.00000e+00    0.00000e+00    0.00000e+00
    3.88300e+03    0.00000e+00    0.00000e+00    0.00000e+00    0.00000e+00    0.00000e+00    0.00000e+00
    4.08500e+03    0.00000e+00    0.00000e+00    0.00000e+00    0.00000e+00    0.00000e+00    0.00000e+00
    4.29800e+03    0.00000e+00    0.00000e+00    0.00000e+00    0.00000e+00    0.00000e+00    0.00000e+00
    4.52200e+03    0.00000e+00    0.00000e+00    0.00000e+00    0.00000e+00    0.00000e+00    0.00000e+00
    4.75700e+03    0.00000e+00    0.00000e+00    0.00000e+00    0.00000e+00    0.00000e+00    0.00000e+00
    5.00500e+03    0.00000e+00    0.00000e+00    0.00000e+00    0.00000e+00    0.00000e+00    0.00000e+00
    5.26600e+03    0.00000e+00    0.00000e+00    0.00000e+00    0.00000e+00    0.00000e+00    0.00000e+00
    5.54000e+03    0.00000e+00    0.00000e+00    0.00000e+00    0.00000e+00    0.00000e+00    0.00000e+00
    5.82800e+03    0.00000e+00    0.00000e+00    0.00000e+00    0.00000e+00    0.00000e+00    0.00000e+00
    6.13200e+03    0.00000e+00    0.00000e+00    0.00000e+00    0.00000e+00    0.00000e+00    0.00000e+00
    6.45100e+03    0.00000e+00    0.00000e+00    0.00000e+00    0.00000e+00    0.00000e+00    0.00000e+00
    6.78700e+03    0.00000e+00    0.00000e+00    0.00000e+00    0.00000e+00    0.00000e+00    0.00000e+00
    7.14000e+03    0.00000e+00    0.00000e+00    0.00000e+00    0.00000e+00    0.00000e+00    0.00000e+00
    7.51200e+03    0.00000e+00    0.00000e+00    0.00000e+00    0.00000e+00    0.00000e+00    0.00000e+00
    7.90300e+03    0.00000e+00    0.00000e+00    0.00000e+00    0.00000e+00    0.00000e+00    0.00000e+00
    8.31500e+03    0.00000e+00    0.00000e+00    0.00000e+00    0.00000e+00    0.00000e+00    0.00000e+00
    8.74800e+03    0.00000e+00    0.00000e+00    0.00000e+00    0.00000e+00    0.00000e+00    0.00000e+00
    9.20300e+03    0.00000e+00    0.00000e+00    0.00000e+00    0.00000e+00    0.00000e+00    0.00000e+00
    9.68200e+03    0.00000e+00    0.00000e+00    0.00000e+00    0.00000e+00    0.00000e+00    0.00000e+00
    1.01900e+04    0.00000e+00    0.00000e+00    0.00000e+00    0.00000e+00    0.00000e+00    0.00000e+00
    1.07200e+04    0.00000e+00    0.00000e+00    0.00000e+00    0.00000e+00    0.00000e+00    0.00000e+00
    1.12700e+04    0.00000e+00    0.00000e+00    0.00000e+00    0.00000e+00    0.00000e+00    0.00000e+00
    1.18600e+04    0.00000e+00    0.00000e+00    0.00000e+00    0.00000e+00    0.00000e+00    0.00000e+00
    1.24800e+04    0.00000e+00    0.00000e+00    0.00000e+00    0.00000e+00    0.00000e+00    0.00000e+00
    1.31300e+04    0.00000e+00    0.00000e+00    0.00000e+00    0.00000e+00    0.00000e+00    0.00000e+00
    1.38100e+04    0.00000e+00    0.00000e+00    0.00000e+00    0.00000e+00    0.00000e+00    0.00000e+00
    1.45300e+04    0.00000e+00    0.00000e+00    0.00000e+00    0.00000e+00    0.00000e+00    0.00000e+00
    1.52900e+04    0.00000e+00    0.00000e+00    0.00000e+00    0.00000e+00    0.00000e+00    0.00000e+00
    1.60800e+04    0.00000e+00    0.00000e+00    0.00000e+00    0.00000e+00    0.00000e+00    0.00000e+00
    1.69200e+04    0.00000e+00    0.00000e+00    0.00000e+00    0.00000e+00    0.00000e+00    0.00000e+00
    1.78000e+04    0.00000e+00    0.00000e+00    0.00000e+00    0.00000e+00    0.00000e+00    0.00000e+00
    1.87300e+04    0.00000e+00    0.00000e+00    0.00000e+00    0.00000e+00    0.00000e+00    0.00000e+00
    1.97100e+04    0.00000e+00    0.00000e+00    0.00000e+00    0.00000e+00    0.00000e+00    0.00000e+00
    2.07300e+04    0.00000e+00    0.00000e+00    0.00000e+00    0.00000e+00    0.00000e+00    0.00000e+00
    2.18100e+04    0.00000e+00    0.00000e+00    0.00000e+00    0.00000e+00    0.00000e+00    0.00000e+00
    2.29500e+04    0.00000e+00    0.00000e+00    0.00000e+00    0.00000e+00    0.00000e+00    0.00000e+00
    2.41400e+04    0.00000e+00    0.00000e+00    0.00000e+00    0.00000e+00    0.00000e+00    0.00000e+00
    2.54000e+04    0.00000e+00    0.00000e+00    0.00000e+00    0.00000e+00    0.00000e+00    0.00000e+00
    2.67200e+04    0.00000e+00    0.00000e+00    0.00000e+00    0.00000e+00    0.00000e+00    0.00000e+00
    2.81100e+04    0.00000e+00    0.00000e+00    0.00000e+00    0.00000e+00    0.00000e+00    0.00000e+00
    2.95800e+04    0.00000e+00    0.00000e+00    0.00000e+00    0.00000e+00    0.00000e+00    0.00000e+00
    3.11200e+04    0.00000e+00    0.00000e+00    0.00000e+00    0.00000e+00    0.00000e+00    0.00000e+00
    3.27400e+04    0.00000e+00    0.00000e+00    0.00000e+00    0.00000e+00    0.00000e+00    0.00000e+00
    3.44400e+04    0.00000e+00    0.00000e+00    0.00000e+00    0.00000e+00    0.00000e+00    0.00000e+00
    3.62300e+04    0.00000e+00    0.00000e+00    0.00000e+00    0.00000e+00    0.00000e+00    0.00000e+00
    3.81200e+04    0.00000e+00    0.00000e+00    0.00000e+00    0.00000e+00    0.00000e+00    0.00000e+00
    4.01100e+04    0.00000e+00    0.00000e+00    0.00000e+00    0.00000e+00    0.00000e+00    0.00000e+00
    4.21900e+04    0.00000e+00    0.00000e+00    0.00000e+00    0.00000e+00    0.00000e+00    0.00000e+00
    4.43900e+04    0.00000e+00    0.00000e+00    0.00000e+00    0.00000e+00    0.00000e+00    0.00000e+00
    4.67000e+04    0.00000e+00    0.00000e+00    0.00000e+00    0.00000e+00    0.00000e+00    0.00000e+00
    4.91300e+04    0.00000e+00    0.00000e+00    0.00000e+00    0.00000e+00    0.00000e+00    0.00000e+00
    5.16900e+04    0.00000e+00    0.00000e+00    0.00000e+00    0.00000e+00    0.00000e+00    0.00000e+00
    5.43800e+04    0.00000e+00    0.00000e+00    0.00000e+00    0.00000e+00    0.00000e+00    0.00000e+00
    5.72200e+04    0.00000e+00    0.00000e+00    0.00000e+00    0.00000e+00    0.00000e+00    0.00000e+00
    6.01900e+04    0.00000e+00    0.00000e+00    0.00000e+00    0.00000e+00    0.00000e+00    0.00000e+00
    6.33300e+04    0.00000e+00    0.00000e+00    0.00000e+00    0.00000e+00    0.00000e+00    0.00000e+00
    6.66300e+04    0.00000e+00    0.00000e+00    0.00000e+00    0.00000e+00    0.00000e+00    0.00000e+00
    7.01000e+04    0.00000e+00    0.00000e+00    0.00000e+00    0.00000e+00    0.00000e+00    0.00000e+00
    7.37500e+04    0.00000e+00    0.00000e+00    0.00000e+00    0.00000e+00    0.00000e+00    0.00000e+00
    7.75900e+04    0.00000e+00    0.00000e+00    0.00000e+00    0.00000e+00    0.00000e+00    0.00000e+00
    8.16300e+04    0.00000e+00    0.00000e+00    0.00000e+00    0.00000e+00    0.00000e+00    0.00000e+00
    8.58800e+04    0.00000e+00    0.00000e+00    0.00000e+00    0.00000e+00    0.00000e+00    0.00000e+00
    9.03500e+04    0.00000e+00    0.00000e+00    0.00000e+00    0.00000e+00    0.00000e+00    0.00000e+00
    9.50500e+04    0.00000e+00    0.00000e+00    0.00000e+00    0.00000e+00    0.00000e+00    0.00000e+00
    1.00000e+05    0.00000e+00    0.00000e+00    0.00000e+00    0.00000e+00    0.00000e+00    0.00000e+00
