1.603007518796992770e+01 4.563726400320483378e+00
1.703007518796992770e+01 3.251356103908794815e+00
1.803007518796992770e+01 2.256709899437666422e+00
1.903007518796992770e+01 1.559819098662482917e+00
2.003007518796992770e+01 1.058537594937511095e+00
2.103007518796992770e+01 7.124889372443172775e-01
2.203007518796992770e+01 4.778275375725258844e-01
2.303007518796992770e+01 3.192781912466987615e-01
2.403007518796992770e+01 2.124144127897149015e-01
2.503007518796992770e+01 1.407900039693021355e-01
2.603007518796992770e+01 9.281545213456567078e-02
2.703007518796992770e+01 6.087743837739906932e-02
2.803007518796992770e+01 3.972367778756046020e-02
2.903007518796992770e+01 2.569693151327552896e-02
3.003007518796992770e+01 1.666686839986285251e-02
3.103007518796992770e+01 1.077087253724854157e-02
3.203007518796992770e+01 6.938998707840807710e-03
3.303007518796992770e+01 4.448141952576357278e-03
3.403007518796992770e+01 2.854277086629441584e-03
3.503007518796992770e+01 1.824910573641408797e-03
3.603007518796992770e+01 1.166081319493314419e-03
3.703007518796992770e+01 7.434477206870912210e-04
3.803007518796992770e+01 4.737726704510859419e-04
3.903007518796992770e+01 3.015805639106164133e-04
4.003007518796992770e+01 1.918024878413569691e-04
4.103007518796992770e+01 1.219471187450585755e-04
4.203007518796992770e+01 7.760558014335832029e-05
4.303007518796992770e+01 4.937333381097915995e-05
4.403007518796992770e+01 3.145982268164149734e-05
4.503007518796992770e+01 2.003543678504314911e-05
4.603007518796992770e+01 1.276697932420623714e-05
4.703007518796992770e+01 8.132210961798271899e-06
4.803007518796992770e+01 5.181350135412583096e-06
4.903007518796992770e+01 3.302600254731213700e-06
5.003007518796992770e+01 2.104210968294702758e-06
5.103007518796992770e+01 1.341355057694401956e-06
5.203007518796992770e+01 8.530911672342796477e-07
5.303007518796992770e+01 5.425951369227185566e-07
5.403007518796992770e+01 3.448193072667299479e-07
5.503007518796992770e+01 2.191773292886347686e-07
5.603007518796992770e+01 1.390342163283880980e-07
5.703007518796992770e+01 8.804682078312566439e-08
5.803007518796992770e+01 5.577135099448449828e-08
5.903007518796992770e+01 3.527964552924623457e-08
6.003007518796992770e+01 2.229271224094682742e-08
6.103007518796992770e+01 1.408069724630952122e-08
6.203007518796992770e+01 8.878605393952746818e-09
6.303007518796992770e+01 5.597842805372031265e-09
6.403007518796992770e+01 3.528215067288843374e-09
6.503007518796992770e+01 2.220343930684363887e-09
6.603007518796992770e+01 1.397025079060311747e-09
6.703007518796992770e+01 8.789706252446804472e-10
6.803007518796992770e+01 5.522798011916675316e-10
6.903007518796992770e+01 3.464407231859775812e-10
7.003007518796992770e+01 2.172573305307793920e-10
7.103007518796992770e+01 1.363198948947216974e-10
7.203007518796992770e+01 8.548941065972527970e-11
7.303007518796992770e+01 5.362018264766455747e-11
7.403007518796992770e+01 3.354988031146960417e-11
7.503007518796992770e+01 2.097786546250119226e-11
7.603007518796992770e+01 1.312073707212326174e-11
7.703007518796992770e+01 8.224868835339614273e-12
7.803007518796992770e+01 5.150070032375953064e-12
7.903007518796992770e+01 3.226344036597623976e-12
8.003007518796992770e+01 2.010874490881192094e-12
8.103007518796992770e+01 1.258766890725976841e-12
8.203007518796992770e+01 7.878198741472332310e-13
8.303007518796992770e+01 4.938195606568981715e-13
8.403007518796992770e+01 3.083228470422794776e-13
8.503007518796992770e+01 1.932194033205640128e-13
8.603007518796992770e+01 1.213134796643056258e-13
8.703007518796992770e+01 7.587211666193464368e-14
8.803007518796992770e+01 4.746596525274476039e-14
