1.903427155601598031e+01 2.070247201670216142e-01
2.003427155601598031e+01 1.406252376937999760e-01
2.103427155601598031e+01 9.456418291591028868e-02
2.203427155601598031e+01 6.328427974534843459e-02
2.303427155601598031e+01 4.232775638789829098e-02
2.403427155601598031e+01 2.815715636801898944e-02
2.503427155601598031e+01 1.867535285326320932e-02
2.603427155601598031e+01 1.232233007660719394e-02
2.703427155601598031e+01 8.079122244912743944e-03
2.803427155601598031e+01 5.274578840791239835e-03
2.903427155601598031e+01 3.427494232373114787e-03
3.003427155601598031e+01 2.216750733621983445e-03
3.103427155601598031e+01 1.428661242986360540e-03
3.203427155601598031e+01 9.203929386295291561e-04
3.303427155601598031e+01 5.900502165754469789e-04
3.403427155601598031e+01 3.777351516300307167e-04
3.503427155601598031e+01 2.417990918833966231e-04
3.603427155601598031e+01 1.538521251726379917e-04
3.703427155601598031e+01 9.836966885852301717e-05
3.803427155601598031e+01 6.240761750027343561e-05
3.903427155601598031e+01 3.965722195417100852e-05
4.003427155601598031e+01 2.537900424305864503e-05
4.103427155601598031e+01 1.602990262669405248e-05
4.203427155601598031e+01 1.019908891967865427e-05
4.303427155601598031e+01 6.537982150472670392e-06
4.403427155601598031e+01 4.150442980653956608e-06
4.503427155601598031e+01 2.650967883425269591e-06
4.603427155601598031e+01 1.691011604064225156e-06
4.703427155601598031e+01 1.077973313117022854e-06
4.803427155601598031e+01 6.869957593227030545e-07
4.903427155601598031e+01 4.378507239152271947e-07
5.003427155601598031e+01 2.792769332016086531e-07
5.103427155601598031e+01 1.778877609339657525e-07
5.203427155601598031e+01 1.132026892196637621e-07
5.303427155601598031e+01 7.202191384402354181e-08
5.403427155601598031e+01 4.573424218113658839e-08
5.503427155601598031e+01 2.905631820034162338e-08
5.603427155601598031e+01 1.845594067560434857e-08
5.703427155601598031e+01 1.168474863643813086e-08
5.803427155601598031e+01 7.401041668546238458e-09
5.903427155601598031e+01 4.671901622993195384e-09
6.003427155601598031e+01 2.957037341872680758e-09
6.103427155601598031e+01 1.862097137688112998e-09
6.203427155601598031e+01 1.172924312823310003e-09
6.303427155601598031e+01 7.420879999495463791e-10
6.403427155601598031e+01 4.647617086084866569e-10
6.503427155601598031e+01 2.923586306996227542e-10
6.603427155601598031e+01 1.847715493086996506e-10
6.703427155601598031e+01 1.156882812776853197e-10
6.803427155601598031e+01 7.271208560605253436e-11
6.903427155601598031e+01 4.591546098647283604e-11
7.003427155601598031e+01 2.870307894057631934e-11
7.103427155601598031e+01 1.799525680003552148e-11
7.203427155601598031e+01 1.133704991539464988e-11
7.303427155601598031e+01 7.073143900749231885e-12
7.403427155601598031e+01 4.422544326993867499e-12
7.503427155601598031e+01 2.779681796567789294e-12
7.603427155601598031e+01 1.735525437902622054e-12
7.703427155601598031e+01 1.085986286849296410e-12
7.803427155601598031e+01 6.829795706760289037e-13
7.903427155601598031e+01 4.257123986526910886e-13
8.003427155601598031e+01 2.655186827715264995e-13
8.103427155601598031e+01 1.664859580851662954e-13
8.203427155601598031e+01 1.038935174462793050e-13
8.303427155601598031e+01 6.492076981876748968e-14
8.403427155601598031e+01 4.078218971359361109e-14
8.503427155601598031e+01 2.554005465251843419e-14
8.603427155601598031e+01 1.601587850026117420e-14
