1.903427155601598031e+01 6.422522214268443200e+16
2.003427155601598031e+01 6.006432719530792800e+16
2.103427155601598031e+01 5.618359157236620800e+16
2.203427155601598031e+01 5.257270755443832800e+16
2.303427155601598031e+01 4.923035508635532800e+16
2.403427155601598031e+01 4.610552634568435200e+16
2.503427155601598031e+01 4.319436649676959200e+16
2.603427155601598031e+01 4.045648033631825600e+16
2.703427155601598031e+01 3.786696976259275200e+16
2.803427155601598031e+01 3.541816844702662800e+16
2.903427155601598031e+01 3.308943927993524400e+16
3.003427155601598031e+01 3.086756544039640800e+16
3.103427155601598031e+01 2.874423133973321200e+16
3.203427155601598031e+01 2.673861598346144400e+16
3.303427155601598031e+01 2.481211513175860800e+16
3.403427155601598031e+01 2.297965180614702800e+16
3.503427155601598031e+01 2.125544668048529600e+16
3.603427155601598031e+01 1.959861263450137200e+16
3.703427155601598031e+01 1.807546199878543600e+16
3.803427155601598031e+01 1.661008863814229000e+16
3.903427155601598031e+01 1.525645717236378400e+16
4.003427155601598031e+01 1.402272408159052200e+16
4.103427155601598031e+01 1.282373037795217600e+16
4.203427155601598031e+01 1.174094892437002000e+16
4.303427155601598031e+01 1.076017658733815600e+16
4.403427155601598031e+01 9.820268697512572000e+15
4.503427155601598031e+01 8.970517935687957000e+15
4.603427155601598031e+01 8.182140657211229000e+15
4.703427155601598031e+01 7.457113653695769000e+15
4.803427155601598031e+01 6.791745072116069000e+15
4.903427155601598031e+01 6.181576025187941000e+15
5.003427155601598031e+01 5.625889807516043000e+15
5.103427155601598031e+01 5.118751294909254000e+15
5.203427155601598031e+01 4.656737910521866000e+15
5.303427155601598031e+01 4.236632305612462000e+15
5.403427155601598031e+01 3.854994083441194000e+15
5.503427155601598031e+01 3.508614597632690000e+15
5.603427155601598031e+01 3.193885280500674500e+15
5.703427155601598031e+01 2.908066565278842000e+15
5.803427155601598031e+01 2.649096602275776500e+15
5.903427155601598031e+01 2.412898713574479500e+15
6.003427155601598031e+01 2.199685753879631500e+15
6.103427155601598031e+01 2.004732288268898000e+15
6.203427155601598031e+01 1.828124495196273750e+15
6.303427155601598031e+01 1.668626482875432000e+15
6.403427155601598031e+01 1.520979365010268500e+15
6.503427155601598031e+01 1.387819273290410750e+15
6.603427155601598031e+01 1.267347704326025000e+15
6.703427155601598031e+01 1.154879544938508250e+15
6.803427155601598031e+01 1.053214828788288500e+15
6.903427155601598031e+01 9.612220868251620000e+14
7.003427155601598031e+01 8.747426904359558750e+14
7.103427155601598031e+01 7.964417635448350000e+14
7.203427155601598031e+01 7.256979636640770000e+14
7.303427155601598031e+01 6.589563426330690000e+14
7.403427155601598031e+01 5.984752049511010000e+14
7.503427155601598031e+01 5.439899762548875000e+14
7.603427155601598031e+01 4.926338260457916875e+14
7.703427155601598031e+01 4.460971625057059375e+14
7.803427155601598031e+01 4.043177818943281250e+14
7.903427155601598031e+01 3.650497195380626250e+14
8.003427155601598031e+01 3.294851023430128750e+14
8.103427155601598031e+01 2.976823763853845625e+14
8.203427155601598031e+01 2.680364626351716250e+14
8.303427155601598031e+01 2.412349768931208750e+14
8.403427155601598031e+01 2.173511977574748750e+14
8.503427155601598031e+01 1.953423177952904375e+14
8.603427155601598031e+01 1.754995968275620312e+14
