1.774127155601597394e+01 3.034781496398206800e+16
1.874127155601597394e+01 2.803294856712389600e+16
1.974127155601597394e+01 2.584923368812666800e+16
2.074127155601597394e+01 2.379410603291254000e+16
2.174127155601597394e+01 2.187901068172989600e+16
2.274127155601597394e+01 2.006903096757098400e+16
2.374127155601597394e+01 1.837905287720012800e+16
2.474127155601597394e+01 1.679118823490636600e+16
2.574127155601597394e+01 1.529942836149217400e+16
2.674127155601597394e+01 1.390894248984280000e+16
2.774127155601597394e+01 1.261020002484566800e+16
2.874127155601597394e+01 1.139915023618865600e+16
2.974127155601597394e+01 1.027440889866944800e+16
3.074127155601597394e+01 9.245461404393324000e+15
3.174127155601597394e+01 8.291178716488609000e+15
3.274127155601597394e+01 7.418137529015087000e+15
3.374127155601597394e+01 6.627904878542824000e+15
3.474127155601597394e+01 5.901221055745644000e+15
3.574127155601597394e+01 5.258466968811015000e+15
3.674127155601597394e+01 4.670878863784468000e+15
3.774127155601597394e+01 4.149916289945254000e+15
3.874127155601597394e+01 3.693580406920492000e+15
3.974127155601597394e+01 3.275966898945428000e+15
4.074127155601597394e+01 2.911594409280525500e+15
4.174127155601597394e+01 2.592915758909522000e+15
4.274127155601597394e+01 2.304196418943898500e+15
4.374127155601597394e+01 2.051316639474800000e+15
4.474127155601597394e+01 1.825904056903839250e+15
4.574127155601597394e+01 1.625650575448611250e+15
4.674127155601597394e+01 1.447589370702113250e+15
4.774127155601597394e+01 1.288808638429116750e+15
4.874127155601597394e+01 1.147683570035264500e+15
4.974127155601597394e+01 1.021813085743769500e+15
5.074127155601597394e+01 9.094301940566871250e+14
5.174127155601597394e+01 8.091229339084090000e+14
5.274127155601597394e+01 7.194225210076866250e+14
5.374127155601597394e+01 6.392932916222727500e+14
5.474127155601597394e+01 5.675694358779456250e+14
5.574127155601597394e+01 5.033592178022706250e+14
5.674127155601597394e+01 4.461451495298468125e+14
5.774127155601597394e+01 3.945969285310189375e+14
5.874127155601597394e+01 3.491334606137650000e+14
5.974127155601597394e+01 3.081408181944398750e+14
6.074127155601597394e+01 2.718906140597215000e+14
6.174127155601597394e+01 2.401115184476079375e+14
6.274127155601597394e+01 2.111629666079738125e+14
6.374127155601597394e+01 1.859129966839742188e+14
6.474127155601597394e+01 1.638464578142396875e+14
6.574127155601597394e+01 1.438234702831452812e+14
6.674127155601597394e+01 1.263669718090337188e+14
6.774127155601597394e+01 1.111582058835332969e+14
6.874127155601597394e+01 9.743191561408982812e+13
6.974127155601597394e+01 8.546902325216490625e+13
7.074127155601597394e+01 7.507182635740846875e+13
7.174127155601597394e+01 6.573470405615004688e+13
7.274127155601597394e+01 5.759747949394877344e+13
7.374127155601597394e+01 5.053654252888956250e+13
7.474127155601597394e+01 4.421492532786975781e+13
7.574127155601597394e+01 3.870331144420994531e+13
7.674127155601597394e+01 3.392711635733493750e+13
7.774127155601597394e+01 2.966617402442723438e+13
7.874127155601597394e+01 2.594971257769583203e+13
7.974127155601597394e+01 2.273147773880199609e+13
8.074127155601597394e+01 1.986045930766101172e+13
8.174127155601597394e+01 1.735324382717296094e+13
8.274127155601597394e+01 1.518506793894217773e+13
8.374127155601597394e+01 1.326310108952855273e+13
8.474127155601597394e+01 1.158559265317229688e+13
