1.900000000000000000e+01 2.620648951690336400e+16
2.000000000000000000e+01 2.556785082997088400e+16
2.100000000000000000e+01 2.472050839847525200e+16
2.200000000000000000e+01 2.369567753523148000e+16
2.300000000000000000e+01 2.275522374429185200e+16
2.400000000000000000e+01 2.176647456179996800e+16
2.500000000000000000e+01 2.074075980302109600e+16
2.600000000000000000e+01 1.980013571990590400e+16
2.700000000000000000e+01 1.888379099681312000e+16
2.800000000000000000e+01 1.799166233474113800e+16
2.900000000000000000e+01 1.717033008690570800e+16
3.000000000000000000e+01 1.617245481346953200e+16
3.100000000000000000e+01 1.503713047376882800e+16
3.200000000000000000e+01 1.401336805089354000e+16
3.300000000000000000e+01 1.299524678801764600e+16
3.400000000000000000e+01 1.199164055345514000e+16
3.500000000000000000e+01 1.109099825851291800e+16
3.600000000000000000e+01 1.028028469054855600e+16
3.700000000000000000e+01 9.548411481178540000e+15
3.800000000000000000e+01 8.810876095877682000e+15
3.900000000000000000e+01 8.077032180467224000e+15
4.000000000000000000e+01 7.420433060823954000e+15
4.100000000000000000e+01 6.831330353256625000e+15
4.200000000000000000e+01 6.290220689110824000e+15
4.300000000000000000e+01 5.792602119147884000e+15
4.400000000000000000e+01 5.344355836115835000e+15
4.500000000000000000e+01 4.939633066766016000e+15
4.600000000000000000e+01 4.573385739675724000e+15
4.700000000000000000e+01 4.200800151466788500e+15
4.800000000000000000e+01 3.827752521960747500e+15
4.900000000000000000e+01 3.494461851914333500e+15
5.000000000000000000e+01 3.196011782047406500e+15
5.100000000000000000e+01 2.928174751706358500e+15
5.200000000000000000e+01 2.687304588737365500e+15
5.300000000000000000e+01 2.460669029550406000e+15
5.400000000000000000e+01 2.247871049530322000e+15
5.500000000000000000e+01 2.056856876896422000e+15
5.600000000000000000e+01 1.885062302600455500e+15
5.700000000000000000e+01 1.730262970292432000e+15
5.800000000000000000e+01 1.590524462031878500e+15
5.900000000000000000e+01 1.464160407011565000e+15
6.000000000000000000e+01 1.338460974969323000e+15
6.100000000000000000e+01 1.214901834380339250e+15
6.200000000000000000e+01 1.104473644768460875e+15
6.300000000000000000e+01 1.005603240612798250e+15
6.400000000000000000e+01 9.169265826856286250e+14
6.500000000000000000e+01 8.372582939570665000e+14
6.600000000000000000e+01 7.655660101114110000e+14
6.700000000000000000e+01 6.931568573353238750e+14
6.800000000000000000e+01 6.213280999861432500e+14
6.900000000000000000e+01 5.578266441417146250e+14
7.000000000000000000e+01 5.015873917939823750e+14
7.100000000000000000e+01 4.516938836815821250e+14
7.200000000000000000e+01 4.073558704916125625e+14
7.300000000000000000e+01 3.678905161458390625e+14
7.400000000000000000e+01 3.327066059219136250e+14
7.500000000000000000e+01 2.991778465880797500e+14
7.600000000000000000e+01 2.674551698458243438e+14
7.700000000000000000e+01 2.394445397508110625e+14
7.800000000000000000e+01 2.146718171135578750e+14
7.900000000000000000e+01 1.927283819052615938e+14
8.000000000000000000e+01 1.732614107537615000e+14
8.100000000000000000e+01 1.559656940710073438e+14
8.200000000000000000e+01 1.405767340135871250e+14
8.300000000000000000e+01 1.268649104406918125e+14
8.400000000000000000e+01 1.136219472792263125e+14
8.500000000000000000e+01 1.009670982821473594e+14
8.600000000000000000e+01 8.984501619908517188e+13
8.700000000000000000e+01 8.005544190026373438e+13
8.800000000000000000e+01 7.142614795108987500e+13
8.900000000000000000e+01 6.380875900888498438e+13
9.000000000000000000e+01 5.707523274467514844e+13
9.100000000000000000e+01 5.111489112704260156e+13
9.200000000000000000e+01 4.583191122161759375e+13
9.300000000000000000e+01 4.114320042724773438e+13
9.400000000000000000e+01 3.662243088750628906e+13
9.500000000000000000e+01 3.231456293830558594e+13
9.600000000000000000e+01 2.855062907049050391e+13
9.700000000000000000e+01 2.525734369119774219e+13
9.800000000000000000e+01 2.237190367240230469e+13
9.900000000000000000e+01 1.984040361202681250e+13
1.000000000000000000e+02 1.761650333721275000e+13
1.010000000000000000e+02 1.566030552307705078e+13
1.020000000000000000e+02 1.393740865989886523e+13
1.030000000000000000e+02 1.241810661998670508e+13
1.040000000000000000e+02 1.107671100686663477e+13
