4.999999999999999237e-03 1.126206863445385600e+16
6.999999999999999278e-03 5.802760665928704000e+15
8.999999999999999320e-03 3.238191575455069000e+15
1.099999999999999936e-02 1.905082328166110500e+15
1.299999999999999940e-02 1.165374217915585000e+15
1.499999999999999944e-02 7.351293309028722500e+14
1.700000000000000122e-02 4.755860490236085000e+14
1.899999999999999953e-02 3.142539679172248750e+14
2.099999999999999784e-02 2.114078088266067500e+14
2.299999999999999961e-02 1.444051332705862188e+14
2.500000000000000139e-02 9.992384948242837500e+13
2.699999999999999623e-02 6.991297970507972656e+13
2.899999999999999800e-02 4.937245835420568750e+13
3.099999999999999978e-02 3.514267632312067969e+13
3.300000000000000155e-02 2.517998480707559375e+13
3.499999999999999639e-02 1.814158949421264453e+13
3.699999999999999817e-02 1.312849953616609766e+13
3.899999999999999994e-02 9.536776515049300781e+12
4.100000000000000172e-02 6.947679071009833008e+12
4.299999999999999656e-02 5.072887753222733398e+12
4.499999999999999833e-02 3.710303211687876953e+12
4.700000000000000011e-02 2.716595708617181641e+12
4.899999999999999495e-02 1.990223886298084229e+12
5.099999999999999672e-02 1.458497716354188477e+12
5.299999999999999850e-02 1.068375154878962280e+12
5.500000000000000028e-02 7.819086763242288818e+11
5.700000000000000205e-02 5.715356277545755615e+11
5.899999999999999689e-02 4.170200946985866699e+11
6.099999999999999867e-02 3.035628956841398315e+11
6.300000000000000044e-02 2.203244245469754028e+11
6.500000000000000222e-02 1.593370681371105347e+11
6.700000000000000400e-02 1.147431637776246185e+11
6.900000000000000577e-02 8.221828108894531250e+10
7.100000000000000755e-02 5.856983183608766937e+10
7.300000000000000933e-02 4.144133572343994904e+10
7.500000000000001110e-02 2.909321114126686859e+10
7.700000000000001288e-02 2.024092566877035522e+10
7.900000000000000078e-02 1.393891284057237244e+10
8.100000000000000255e-02 9.495491604429380417e+09
8.300000000000000433e-02 6.399097274798546791e+09
8.500000000000000611e-02 4.262704502782969475e+09
8.700000000000000788e-02 2.812984797585684776e+09
8.900000000000000966e-02 1.854372636404511452e+09
9.100000000000001144e-02 1.237983475046214104e+09
9.299999999999999933e-02 8.528336207932964563e+08
9.500000000000000111e-02 6.320326223066699505e+08
9.700000000000000289e-02 5.120451005131372809e+08
