1.221799999999999287e+01 2.789058522705810400e+16
1.321799999999999287e+01 2.589699785483541200e+16
1.421799999999999287e+01 2.410105476480342800e+16
1.521799999999999287e+01 2.246976843900658400e+16
1.621799999999999287e+01 2.096480397482296400e+16
1.721799999999999287e+01 1.956938759799577200e+16
1.821799999999999287e+01 1.828096185480631600e+16
1.921799999999999287e+01 1.708619380102163400e+16
2.021799999999999287e+01 1.596880560909484800e+16
2.121799999999999287e+01 1.492113824459603200e+16
2.221799999999999287e+01 1.398490359329704600e+16
2.321799999999999287e+01 1.309524481011756200e+16
2.421799999999999287e+01 1.224946691194846400e+16
2.521799999999999287e+01 1.148872146876891400e+16
2.621799999999999287e+01 1.075572325471664200e+16
2.721799999999999287e+01 1.005060603833634200e+16
2.821799999999999287e+01 9.414327530671728000e+15
2.921799999999999287e+01 8.791247222557017000e+15
3.021799999999999287e+01 8.183893750572436000e+15
3.121799999999999287e+01 7.636003329515895000e+15
3.221799999999998931e+01 7.083007308311059000e+15
3.321799999999998931e+01 6.531456621698021000e+15
3.421799999999998931e+01 6.037150792707805000e+15
3.521799999999998931e+01 5.592745947944490000e+15
3.621799999999998931e+01 5.192010683911079000e+15
3.721799999999998931e+01 4.789663268697807000e+15
3.821799999999998931e+01 4.390516623916078000e+15
3.921799999999998931e+01 4.033577493297686000e+15
4.021799999999998931e+01 3.713482088733751500e+15
4.121799999999998931e+01 3.400905373906781500e+15
4.221799999999998931e+01 3.098095523854661500e+15
4.321799999999998931e+01 2.828346842083965000e+15
4.421799999999998931e+01 2.587412625071239000e+15
4.521799999999998931e+01 2.371670008733718500e+15
4.621799999999998931e+01 2.162390395433512000e+15
4.721799999999998931e+01 1.960926629757267500e+15
4.821799999999998931e+01 1.781844726185497500e+15
4.921799999999998931e+01 1.622272486559437000e+15
5.021799999999998931e+01 1.479753893450347000e+15
5.121799999999998931e+01 1.352182166927347250e+15
5.221799999999998931e+01 1.230686323913897500e+15
5.321799999999998931e+01 1.115529614726056750e+15
5.421799999999998931e+01 1.012982864223941375e+15
5.521799999999998931e+01 9.214713272257510000e+14
5.621799999999998931e+01 8.396403054530122500e+14
5.721799999999998931e+01 7.663212403683620000e+14
5.821799999999998931e+01 7.005035014954917500e+14
5.921799999999998931e+01 6.384631885374877500e+14
6.021799999999998931e+01 5.801602140503488750e+14
6.121799999999998931e+01 5.280069034371759375e+14
6.221799999999998931e+01 4.812702104276195625e+14
6.321799999999998931e+01 4.393142229525634375e+14
6.421799999999998931e+01 4.015860382620637500e+14
6.521799999999998931e+01 3.676038689883785625e+14
6.621799999999998931e+01 3.349958424872438750e+14
6.721799999999998931e+01 3.038857241317308750e+14
6.821799999999998931e+01 2.760589735168501562e+14
6.921799999999998931e+01 2.511286060440243125e+14
7.021799999999998931e+01 2.287578860300503125e+14
7.121799999999998931e+01 2.086532160066248125e+14
7.221799999999998931e+01 1.905581129731393750e+14
7.321799999999998931e+01 1.742480934338558750e+14
7.421799999999998931e+01 1.580978912405903438e+14
7.521799999999998931e+01 1.423076971894033750e+14
7.621799999999998931e+01 1.282715793268240625e+14
7.721799999999998931e+01 1.157755065888906094e+14
7.821799999999998931e+01 1.046338465704962656e+14
7.921799999999998931e+01 9.468530188621279688e+13
8.021799999999998931e+01 8.578946929265156250e+13
8.121799999999998931e+01 7.782391995502271875e+13
8.221799999999998931e+01 7.068171680622176562e+13
8.321799999999998931e+01 6.365691574081698438e+13
8.421799999999998931e+01 5.683751521381946094e+13
8.521799999999998931e+01 5.081620099975094531e+13
8.621799999999998931e+01 4.549184184951124219e+13
8.721799999999998931e+01 4.077707967377337500e+13
8.821799999999998931e+01 3.659632610056142969e+13
8.921799999999998931e+01 3.288406862609691406e+13
9.021799999999998931e+01 2.958343576842503906e+13
9.121799999999998931e+01 2.664497934008677344e+13
9.221799999999998931e+01 2.402563909027750781e+13
9.321799999999998931e+01 2.154076151645186719e+13
9.421799999999998931e+01 1.919976670137284375e+13
9.521799999999998931e+01 1.713387993753565625e+13
9.621799999999998931e+01 1.530838732709196094e+13
9.721799999999998931e+01 1.369325017694157031e+13
9.821799999999998931e+01 1.226243640346975977e+13
9.921799999999998931e+01 1.099335301504118945e+13
1.002179999999999893e+02 9.866363581244105469e+12
1.012179999999999893e+02 8.864377286014025391e+12
1.022179999999999893e+02 7.972498380083913086e+12
1.032179999999999893e+02 7.177726682373809570e+12
