1.000000000000000021e-03 1.187109676920255906e+24
1.051999999999999984e-03 1.201825533129533812e+24
1.106999999999999911e-03 1.215459968444730035e+24
1.163999999999999887e-03 1.228335764830771434e+24
1.224999999999999960e-03 1.240213294726035345e+24
1.288999999999999998e-03 1.251580605433147459e+24
1.356000000000000000e-03 1.261542297100618297e+24
1.427000000000000100e-03 1.270226319403025917e+24
1.500999999999999947e-03 1.277333651881290682e+24
1.579000000000000108e-03 1.283693641691765643e+24
1.661000000000000150e-03 1.288700323185557873e+24
1.747999999999999988e-03 1.292293920300667603e+24
1.839000000000000140e-03 1.294460156978603779e+24
1.935000000000000088e-03 1.295291722349266575e+24
2.034999999999999917e-03 1.295350040447339280e+24
2.141000000000000108e-03 1.293909843073597924e+24
2.252999999999999794e-03 1.290734709347798990e+24
2.370000000000000145e-03 1.285947225245721479e+24
2.492999999999999990e-03 1.279804619556167069e+24
2.623000000000000331e-03 1.272346921282837986e+24
2.759999999999999867e-03 1.263318070541815697e+24
2.903999999999999897e-03 1.253029298360272149e+24
3.054999999999999990e-03 1.241415279833380337e+24
3.213999999999999843e-03 1.228621371829931819e+24
3.380999999999999891e-03 1.214573171168377378e+24
3.556999999999999832e-03 1.198950022573628200e+24
3.742000000000000100e-03 1.182268483391812855e+24
3.936999999999999528e-03 1.164611462679695194e+24
4.142000000000000716e-03 1.145795808549552882e+24
4.357999999999999895e-03 1.125665979768765675e+24
4.585000000000000533e-03 1.104548075893019361e+24
4.824000000000000163e-03 1.082315756815691154e+24
5.074999999999999650e-03 1.059801817991719806e+24
5.338999999999999996e-03 1.036028490829661074e+24
5.616999999999999597e-03 1.011494581735138089e+24
5.908999999999999322e-03 9.863711903796982364e+23
6.217000000000000304e-03 9.607891494275738134e+23
6.540999999999999939e-03 9.347249750053904093e+23
6.880999999999999964e-03 9.081304802527737828e+23
7.239999999999999908e-03 8.810765377055581232e+23
7.617000000000000506e-03 8.536090989505957834e+23
8.012999999999999290e-03 8.259972907882076512e+23
8.429999999999999993e-03 7.982279520192212102e+23
8.868999999999998413e-03 7.703023691851382003e+23
9.330999999999999017e-03 7.422854615473295679e+23
9.816999999999999338e-03 7.143903803241277057e+23
1.032999999999999891e-02 6.865456138575965889e+23
1.086999999999999945e-02 6.588696577672045197e+23
1.143000000000000092e-02 6.317579691199220228e+23
1.203000000000000076e-02 6.043215127166456452e+23
1.264999999999999979e-02 5.777839077254230505e+23
1.330999999999999892e-02 5.512311983587249441e+23
1.400999999999999988e-02 5.250957740652845702e+23
1.473000000000000004e-02 5.000110037864807190e+23
1.549999999999999989e-02 4.749852119855631989e+23
1.631000000000000158e-02 4.504817033311369245e+23
1.715999999999999817e-02 4.265910948742532935e+23
1.805000000000000007e-02 4.035478377991029328e+23
1.898999999999999994e-02 3.811831222014846467e+23
1.997999999999999776e-02 3.593449424978930911e+23
2.101999999999999702e-02 3.382360624209151918e+23
2.212000000000000077e-02 3.177874750428059785e+23
2.326999999999999902e-02 2.982725583178167893e+23
2.447999999999999829e-02 2.794986369148141416e+23
2.574999999999999858e-02 2.614433112715880909e+23
2.708999999999999950e-02 2.441685136028038962e+23
2.850000000000000103e-02 2.276684698191580994e+23
2.998999999999999930e-02 2.118951741567650077e+23
3.155000000000000165e-02 1.969066213005812407e+23
3.318999999999999728e-02 1.827630967143868221e+23
3.491999999999999965e-02 1.692933450216034072e+23
3.673999999999999488e-02 1.565568664840194574e+23
3.864999999999999686e-02 1.446016418903648098e+23
4.066000000000000170e-02 1.333051438988427170e+23
4.277999999999999858e-02 1.226892628131966332e+23
4.500999999999999446e-02 1.127461433792588111e+23
4.734999999999999626e-02 1.034876657884300617e+23
4.982000000000000317e-02 9.479074165734285037e+22
5.240999999999999825e-02 8.672306166472030290e+22
5.513999999999999457e-02 7.920872130319518532e+22
5.800999999999999907e-02 7.225486853652249523e+22
6.102999999999999398e-02 6.581619641668553251e+22
6.421000000000000318e-02 5.987264245015223730e+22
6.755999999999999506e-02 5.435157564574026800e+22
7.106999999999999429e-02 4.930903368726800132e+22
7.477000000000000313e-02 4.466036531821512806e+22
7.867000000000000381e-02 4.039069549822819801e+22
8.276000000000000023e-02 3.649141143259223530e+22
8.707000000000000850e-02 3.291446902368125531e+22
9.160999999999999699e-02 2.966296219062800640e+22
9.637999999999999345e-02 2.668925814570523138e+22
1.014000000000000040e-01 2.397068369631637406e+22
1.067000000000000032e-01 2.150871796412740062e+22
1.122000000000000081e-01 1.930126673037928012e+22
1.180999999999999966e-01 1.726359524864226125e+22
1.242000000000000048e-01 1.545408935685427456e+22
1.307000000000000106e-01 1.379158256416070828e+22
1.375000000000000111e-01 1.230868439287347963e+22
1.446999999999999953e-01 1.096799269384224558e+22
1.522000000000000020e-01 9.769357877385378136e+21
1.600999999999999923e-01 8.697238153868254118e+21
1.683999999999999941e-01 7.738964673149665280e+21
1.771999999999999964e-01 6.869103592260055859e+21
1.864000000000000101e-01 6.097427755251927089e+21
1.960999999999999965e-01 5.406160463942869058e+21
2.064000000000000001e-01 4.781468587273337438e+21
2.170999999999999874e-01 4.234998423667466568e+21
2.283999999999999919e-01 3.749566238782554898e+21
2.403000000000000136e-01 3.314585376692670824e+21
2.528000000000000247e-01 2.930586815008808632e+21
2.660000000000000142e-01 2.591035823497245884e+21
2.798000000000000487e-01 2.292243333897374925e+21
2.943999999999999950e-01 2.027560516811073782e+21
3.096999999999999753e-01 1.794295681140882145e+21
3.259000000000000230e-01 1.587686088464671703e+21
3.427999999999999936e-01 1.406186687182089748e+21
3.606999999999999651e-01 1.245536865546933371e+21
3.795000000000000040e-01 1.105858900349702373e+21
3.991999999999999993e-01 9.832658531910027837e+20
4.200000000000000400e-01 8.746277349330961039e+20
4.419000000000000150e-01 7.792905487903288197e+20
4.649000000000000354e-01 6.956683713904443392e+20
4.891000000000000347e-01 6.213352484133430886e+20
5.144999999999999574e-01 5.559508966907052687e+20
5.413000000000000034e-01 4.989732099846687949e+20
5.695000000000000062e-01 4.482922842608391291e+20
5.992000000000000659e-01 4.030356663359249449e+20
6.304000000000000714e-01 3.632061256203869225e+20
6.632000000000000117e-01 3.270707765750357688e+20
6.976999999999999869e-01 2.952292578501003837e+20
7.340999999999999748e-01 2.663417834966006170e+20
7.722999999999999865e-01 2.403876279310542438e+20
8.125000000000000000e-01 2.169821846538611917e+20
8.548000000000000043e-01 1.957586362910333010e+20
8.992999999999999883e-01 1.767126721053012460e+20
9.460999999999999410e-01 1.593706366492866642e+20
9.954000000000000625e-01 1.433345797050199572e+20
1.046999999999999931e+00 1.290384082965756477e+20
1.101999999999999869e+00 1.158084226891788452e+20
1.159000000000000030e+00 1.037929519711775457e+20
1.219000000000000083e+00 9.303738264882631475e+19
1.283000000000000140e+00 8.295418545383497728e+19
1.350000000000000089e+00 7.391642159089239654e+19
1.419999999999999929e+00 6.586293800089139610e+19
1.493999999999999995e+00 5.844722848081045094e+19
1.572000000000000064e+00 5.188969128495780659e+19
1.654000000000000137e+00 4.585634995508233011e+19
1.739999999999999991e+00 4.054437668799388058e+19
1.830000000000000071e+00 3.585021140563552256e+19
1.925999999999999934e+00 3.140385163255859610e+19
2.025999999999999801e+00 2.780631477062648218e+19
2.131000000000000227e+00 2.430189877049377178e+19
2.241999999999999993e+00 2.139258098222501478e+19
2.358999999999999986e+00 1.867044639473288806e+19
2.481999999999999762e+00 1.631696909247498035e+19
2.611000000000000210e+00 1.426263648291838362e+19
2.746999999999999886e+00 1.240572227161067110e+19
2.890000000000000124e+00 1.082312536269447168e+19
3.040999999999999925e+00 9.397495205581768704e+18
3.198999999999999844e+00 8.170607497032877056e+18
3.366000000000000103e+00 7.102931856004092928e+18
3.540999999999999925e+00 6.153113282504499200e+18
3.725000000000000089e+00 5.361061195454423040e+18
3.918999999999999595e+00 4.628851683584786432e+18
4.123000000000000220e+00 4.043039927140988928e+18
4.338000000000000078e+00 3.479272326990523392e+18
4.564000000000000057e+00 3.042450799802917376e+18
4.801000000000000156e+00 2.615418832873059328e+18
5.051000000000000156e+00 2.285169008790002432e+18
5.314000000000000057e+00 1.970248992646933248e+18
5.590999999999999304e+00 1.713280113203074560e+18
5.881999999999999673e+00 1.477286253452918272e+18
6.187999999999999723e+00 1.276354396754396672e+18
6.511000000000000121e+00 1.098645426899082496e+18
6.850000000000000533e+00 9.439345364174919680e+17
7.205999999999999517e+00 8.086336844655878400e+17
7.581999999999999851e+00 6.877004094641683200e+17
7.976000000000000867e+00 5.866686382130152960e+17
8.391999999999999460e+00 4.962844727206834560e+17
8.829000000000000625e+00 4.211390342435447680e+17
9.288000000000000256e+00 3.550049590349536000e+17
9.772000000000000242e+00 3.026830058180191360e+17
1.027999999999999936e+01 2.566340974650272320e+17
1.082000000000000028e+01 2.190431193849150400e+17
1.137999999999999901e+01 1.859865338888069760e+17
1.196999999999999886e+01 1.587543881167584640e+17
1.259999999999999964e+01 1.347482636418039680e+17
1.325000000000000000e+01 1.148486580130765600e+17
1.393999999999999950e+01 9.756155318119414400e+16
1.466999999999999993e+01 8.271678385242424000e+16
1.542999999999999972e+01 7.020667522391887200e+16
1.623000000000000043e+01 5.934709469778612800e+16
1.708000000000000185e+01 5.013882707437401600e+16
1.796999999999999886e+01 4.217739087348662400e+16
1.889999999999999858e+01 3.556569775461932800e+16
1.989000000000000057e+01 2.971416477583273200e+16
2.092000000000000171e+01 2.495043312243472000e+16
2.200999999999999801e+01 2.068179344082926400e+16
2.316000000000000014e+01 1.715226457514786400e+16
2.437000000000000099e+01 1.402092552821124400e+16
2.562999999999999901e+01 1.149863489304636400e+16
2.697000000000000242e+01 9.271347646056408000e+15
2.837000000000000099e+01 7.441612168015289000e+15
2.985000000000000142e+01 5.872016020850891000e+15
3.139999999999999858e+01 4.584059349932179000e+15
3.303999999999999915e+01 3.523063605170128000e+15
3.475999999999999801e+01 2.665126693227671000e+15
3.657000000000000028e+01 1.994933183480445750e+15
3.846999999999999886e+01 1.462606364889238500e+15
4.048000000000000398e+01 1.068856171385217750e+15
4.259000000000000341e+01 7.622647271781177500e+14
4.479999999999999716e+01 5.475173018812635625e+14
4.714000000000000057e+01 3.822632132419014375e+14
4.959000000000000341e+01 2.699276880445332812e+14
5.217000000000000171e+01 1.853204515010225938e+14
5.489000000000000057e+01 1.275584464006248750e+14
5.775000000000000000e+01 8.461715194483537500e+13
6.075000000000000000e+01 5.568480840617418750e+13
6.392000000000000171e+01 3.551067857754810938e+13
6.723999999999999488e+01 2.188160516215419141e+13
7.075000000000000000e+01 1.318083945930226172e+13
7.442999999999999261e+01 7.567373700768898438e+12
7.829999999999999716e+01 4.369836521335972168e+12
8.237999999999999545e+01 2.404375330994751953e+12
8.667000000000000171e+01 1.324029290858867676e+12
9.117999999999999261e+01 6.920823743048621826e+11
9.593000000000000682e+01 3.564250482450969849e+11
1.009000000000000057e+02 1.738658297617024231e+11
1.062000000000000028e+02 8.086056309888595581e+10
1.116999999999999886e+02 3.663234706867469025e+10
1.175000000000000000e+02 1.530428063885774612e+10
1.236000000000000085e+02 6.612227396390915871e+09
1.300999999999999943e+02 2.450647218531329155e+09
1.369000000000000057e+02 1.068315021768413305e+09
1.440000000000000000e+02 3.671932773282408714e+08
1.515000000000000000e+02 1.447558026446596682e+08
1.593999999999999773e+02 4.539272805349574238e+07
1.676999999999999886e+02 1.510824411722826026e+07
1.764000000000000057e+02 4.691033713481673039e+06
1.855999999999999943e+02 1.277204159685976570e+06
1.952000000000000171e+02 3.737258585162844975e+05
2.054000000000000057e+02 7.418402657236385858e+04
2.160999999999999943e+02 2.149663979628138986e+04
2.273999999999999773e+02 3.348666409326439407e+03
2.391999999999999886e+02 9.430039714867920111e+02
2.516999999999999886e+02 9.030114484226611182e+01
2.647999999999999545e+02 2.615028660387573822e+01
2.785000000000000000e+02 2.022670522913548652e+00
2.930000000000000000e+02 6.057166410953067626e-01
3.083000000000000114e+02 3.733424684279524480e-02
3.244000000000000341e+02 8.086297093914280101e-03
3.411999999999999886e+02 1.042804926306881716e-03
3.590000000000000000e+02 7.172547975437511074e-05
3.776999999999999886e+02 1.232644002992535437e-05
3.973999999999999773e+02 3.178924293304464718e-07
4.181000000000000227e+02 6.445815032244770369e-08
4.398000000000000114e+02 6.966488406796852835e-10
4.626999999999999886e+02 1.584116172137044072e-10
4.868000000000000114e+02 9.211283617213714136e-13
5.122000000000000455e+02 2.230434664029237166e-13
5.387999999999999545e+02 4.972498499760428578e-16
5.668999999999999773e+02 1.279522184196691141e-16
5.964000000000000909e+02 1.114074560569791365e-19
6.275000000000000000e+02 2.993135604944468803e-20
6.601000000000000227e+02 1.112355571411269132e-23
6.945000000000000000e+02 3.461503090438460048e-24
7.307000000000000455e+02 2.197760716072564198e-25
7.687000000000000455e+02 1.178184627811644035e-28
8.087999999999999545e+02 1.569323145091270128e-29
8.508999999999999773e+02 1.112908088259748707e-33
8.952000000000000455e+02 1.999153418695666110e-34
9.417999999999999545e+02 2.806615621766016561e-39
9.908000000000000682e+02 5.902130401446507502e-40
1.042000000000000000e+03 1.641516347638263538e-45
1.097000000000000000e+03 3.724875409146954014e-46
1.154000000000000000e+03 1.861056050293366513e-52
1.214000000000000000e+03 4.615898651692100433e-53
1.277000000000000000e+03 2.899708514335728614e-60
1.344000000000000000e+03 7.464054045155709140e-61
1.414000000000000000e+03 5.676090171892554009e-69
1.487000000000000000e+03 1.583794508241560156e-69
1.565000000000000000e+03 1.145154321980524613e-78
1.646000000000000000e+03 3.853050593954906388e-79
1.732000000000000000e+03 3.789038790528784261e-80
1.822000000000000000e+03 7.605928152237138899e-90
1.917000000000000000e+03 1.160929948944253812e-90
2.017000000000000000e+03 7.502843350325326396e-102
2.122000000000000000e+03 1.434526638950681621e-102
2.232000000000000000e+03 2.806065719490215921e-115
2.348000000000000000e+03 6.106472349556744533e-116
2.470000000000000000e+03 3.805368315240228325e-130
2.599000000000000000e+03 9.042367893303692571e-131
2.734000000000000000e+03 8.150909364103908081e-147
2.877000000000000000e+03 2.077200850373262511e-147
3.027000000000000000e+03 2.241516414636436863e-165
3.184000000000000000e+03 6.004135165724582286e-166
3.350000000000000000e+03 3.818146731013311302e-186
3.524000000000000000e+03 1.134717837181605334e-186
3.708000000000000000e+03 4.418334280025931844e-188
3.901000000000000000e+03 1.155495730223151551e-209
4.104000000000000000e+03 1.390345763127200032e-210
4.318000000000000000e+03 2.736024973693822645e-235
4.543000000000000000e+03 4.625749342793231355e-236
4.779000000000000000e+03 6.152855324525591451e-264
5.028000000000000000e+03 1.245479307914266515e-264
5.290000000000000000e+03 8.584896269471200948e-296
5.565000000000000000e+03 1.959844602302981249e-296
5.855000000000000000e+03 0.000000000000000000e+00
6.160000000000000000e+03 0.000000000000000000e+00
6.481000000000000000e+03 0.000000000000000000e+00
6.818000000000000000e+03 0.000000000000000000e+00
7.173000000000000000e+03 0.000000000000000000e+00
7.547000000000000000e+03 0.000000000000000000e+00
7.940000000000000000e+03 0.000000000000000000e+00
8.353000000000000000e+03 0.000000000000000000e+00
8.788000000000000000e+03 0.000000000000000000e+00
9.246000000000000000e+03 0.000000000000000000e+00
9.727000000000000000e+03 0.000000000000000000e+00
1.023000000000000000e+04 0.000000000000000000e+00
1.077000000000000000e+04 0.000000000000000000e+00
1.133000000000000000e+04 0.000000000000000000e+00
1.192000000000000000e+04 0.000000000000000000e+00
1.254000000000000000e+04 0.000000000000000000e+00
1.319000000000000000e+04 0.000000000000000000e+00
1.388000000000000000e+04 0.000000000000000000e+00
1.460000000000000000e+04 0.000000000000000000e+00
1.536000000000000000e+04 0.000000000000000000e+00
1.616000000000000000e+04 0.000000000000000000e+00
1.700000000000000000e+04 0.000000000000000000e+00
1.789000000000000000e+04 0.000000000000000000e+00
1.882000000000000000e+04 0.000000000000000000e+00
1.980000000000000000e+04 0.000000000000000000e+00
2.083000000000000000e+04 0.000000000000000000e+00
2.191000000000000000e+04 0.000000000000000000e+00
2.305000000000000000e+04 0.000000000000000000e+00
2.425000000000000000e+04 0.000000000000000000e+00
2.552000000000000000e+04 0.000000000000000000e+00
2.684000000000000000e+04 0.000000000000000000e+00
2.824000000000000000e+04 0.000000000000000000e+00
2.971000000000000000e+04 0.000000000000000000e+00
3.126000000000000000e+04 0.000000000000000000e+00
3.289000000000000000e+04 0.000000000000000000e+00
3.460000000000000000e+04 0.000000000000000000e+00
3.640000000000000000e+04 0.000000000000000000e+00
3.830000000000000000e+04 0.000000000000000000e+00
4.029000000000000000e+04 0.000000000000000000e+00
4.239000000000000000e+04 0.000000000000000000e+00
4.460000000000000000e+04 0.000000000000000000e+00
4.692000000000000000e+04 0.000000000000000000e+00
4.936000000000000000e+04 0.000000000000000000e+00
5.193000000000000000e+04 0.000000000000000000e+00
5.464000000000000000e+04 0.000000000000000000e+00
5.748000000000000000e+04 0.000000000000000000e+00
6.047000000000000000e+04 0.000000000000000000e+00
6.362000000000000000e+04 0.000000000000000000e+00
6.693000000000000000e+04 0.000000000000000000e+00
7.042000000000000000e+04 0.000000000000000000e+00
7.409000000000000000e+04 0.000000000000000000e+00
7.794000000000000000e+04 0.000000000000000000e+00
8.200000000000000000e+04 0.000000000000000000e+00
8.627000000000000000e+04 0.000000000000000000e+00
9.076000000000000000e+04 0.000000000000000000e+00
9.549000000000000000e+04 0.000000000000000000e+00
1.005000000000000000e+05 0.000000000000000000e+00
1.057000000000000000e+05 0.000000000000000000e+00
1.112000000000000000e+05 0.000000000000000000e+00
1.170000000000000000e+05 0.000000000000000000e+00
1.231000000000000000e+05 0.000000000000000000e+00
1.295000000000000000e+05 0.000000000000000000e+00
1.362000000000000000e+05 0.000000000000000000e+00
1.433000000000000000e+05 0.000000000000000000e+00
1.508000000000000000e+05 0.000000000000000000e+00
1.586000000000000000e+05 0.000000000000000000e+00
1.669000000000000000e+05 0.000000000000000000e+00
1.756000000000000000e+05 0.000000000000000000e+00
1.847000000000000000e+05 0.000000000000000000e+00
1.943000000000000000e+05 0.000000000000000000e+00
2.045000000000000000e+05 0.000000000000000000e+00
2.151000000000000000e+05 0.000000000000000000e+00
2.263000000000000000e+05 0.000000000000000000e+00
2.381000000000000000e+05 0.000000000000000000e+00
2.505000000000000000e+05 0.000000000000000000e+00
2.635000000000000000e+05 0.000000000000000000e+00
2.773000000000000000e+05 0.000000000000000000e+00
2.917000000000000000e+05 0.000000000000000000e+00
3.069000000000000000e+05 0.000000000000000000e+00
3.229000000000000000e+05 0.000000000000000000e+00
3.397000000000000000e+05 0.000000000000000000e+00
3.574000000000000000e+05 0.000000000000000000e+00
3.760000000000000000e+05 0.000000000000000000e+00
3.955000000000000000e+05 0.000000000000000000e+00
4.161000000000000000e+05 0.000000000000000000e+00
4.378000000000000000e+05 0.000000000000000000e+00
4.606000000000000000e+05 0.000000000000000000e+00
4.846000000000000000e+05 0.000000000000000000e+00
5.098000000000000000e+05 0.000000000000000000e+00
5.364000000000000000e+05 0.000000000000000000e+00
5.643000000000000000e+05 0.000000000000000000e+00
5.937000000000000000e+05 0.000000000000000000e+00
6.246000000000000000e+05 0.000000000000000000e+00
6.571000000000000000e+05 0.000000000000000000e+00
6.913000000000000000e+05 0.000000000000000000e+00
7.273000000000000000e+05 0.000000000000000000e+00
7.652000000000000000e+05 0.000000000000000000e+00
8.050000000000000000e+05 0.000000000000000000e+00
8.469000000000000000e+05 0.000000000000000000e+00
8.910000000000000000e+05 0.000000000000000000e+00
9.374000000000000000e+05 0.000000000000000000e+00
9.863000000000000000e+05 0.000000000000000000e+00
1.038000000000000000e+06 0.000000000000000000e+00
1.092000000000000000e+06 0.000000000000000000e+00
1.148000000000000000e+06 0.000000000000000000e+00
1.208000000000000000e+06 0.000000000000000000e+00
1.271000000000000000e+06 0.000000000000000000e+00
1.337000000000000000e+06 0.000000000000000000e+00
1.407000000000000000e+06 0.000000000000000000e+00
1.480000000000000000e+06 0.000000000000000000e+00
1.557000000000000000e+06 0.000000000000000000e+00
1.638000000000000000e+06 0.000000000000000000e+00
1.724000000000000000e+06 0.000000000000000000e+00
1.814000000000000000e+06 0.000000000000000000e+00
1.908000000000000000e+06 0.000000000000000000e+00
2.007000000000000000e+06 0.000000000000000000e+00
2.112000000000000000e+06 0.000000000000000000e+00
2.222000000000000000e+06 0.000000000000000000e+00
2.337000000000000000e+06 0.000000000000000000e+00
2.459000000000000000e+06 0.000000000000000000e+00
2.587000000000000000e+06 0.000000000000000000e+00
2.722000000000000000e+06 0.000000000000000000e+00
2.864000000000000000e+06 0.000000000000000000e+00
3.013000000000000000e+06 0.000000000000000000e+00
3.170000000000000000e+06 0.000000000000000000e+00
3.335000000000000000e+06 0.000000000000000000e+00
3.508000000000000000e+06 0.000000000000000000e+00
3.691000000000000000e+06 0.000000000000000000e+00
3.883000000000000000e+06 0.000000000000000000e+00
4.085000000000000000e+06 0.000000000000000000e+00
4.298000000000000000e+06 0.000000000000000000e+00
4.522000000000000000e+06 0.000000000000000000e+00
4.757000000000000000e+06 0.000000000000000000e+00
5.005000000000000000e+06 0.000000000000000000e+00
5.266000000000000000e+06 0.000000000000000000e+00
5.540000000000000000e+06 0.000000000000000000e+00
5.828000000000000000e+06 0.000000000000000000e+00
6.132000000000000000e+06 0.000000000000000000e+00
6.451000000000000000e+06 0.000000000000000000e+00
6.787000000000000000e+06 0.000000000000000000e+00
7.140000000000000000e+06 0.000000000000000000e+00
7.512000000000000000e+06 0.000000000000000000e+00
7.903000000000000000e+06 0.000000000000000000e+00
8.315000000000000000e+06 0.000000000000000000e+00
8.748000000000000000e+06 0.000000000000000000e+00
9.203000000000000000e+06 0.000000000000000000e+00
9.682000000000000000e+06 0.000000000000000000e+00
1.019000000000000000e+07 0.000000000000000000e+00
1.072000000000000000e+07 0.000000000000000000e+00
1.127000000000000000e+07 0.000000000000000000e+00
1.186000000000000000e+07 0.000000000000000000e+00
1.248000000000000000e+07 0.000000000000000000e+00
1.313000000000000000e+07 0.000000000000000000e+00
1.381000000000000000e+07 0.000000000000000000e+00
1.453000000000000000e+07 0.000000000000000000e+00
1.529000000000000000e+07 0.000000000000000000e+00
1.608000000000000000e+07 0.000000000000000000e+00
1.692000000000000000e+07 0.000000000000000000e+00
1.780000000000000000e+07 0.000000000000000000e+00
1.873000000000000000e+07 0.000000000000000000e+00
1.971000000000000000e+07 0.000000000000000000e+00
2.073000000000000000e+07 0.000000000000000000e+00
2.181000000000000000e+07 0.000000000000000000e+00
2.295000000000000000e+07 0.000000000000000000e+00
2.414000000000000000e+07 0.000000000000000000e+00
2.540000000000000000e+07 0.000000000000000000e+00
2.672000000000000000e+07 0.000000000000000000e+00
2.811000000000000000e+07 0.000000000000000000e+00
2.958000000000000000e+07 0.000000000000000000e+00
3.112000000000000000e+07 0.000000000000000000e+00
3.274000000000000000e+07 0.000000000000000000e+00
3.444000000000000000e+07 0.000000000000000000e+00
3.623000000000000000e+07 0.000000000000000000e+00
3.812000000000000000e+07 0.000000000000000000e+00
4.011000000000000000e+07 0.000000000000000000e+00
4.219000000000000000e+07 0.000000000000000000e+00
4.439000000000000000e+07 0.000000000000000000e+00
4.670000000000000000e+07 0.000000000000000000e+00
4.913000000000000000e+07 0.000000000000000000e+00
5.169000000000000000e+07 0.000000000000000000e+00
5.438000000000000000e+07 0.000000000000000000e+00
5.722000000000000000e+07 0.000000000000000000e+00
6.019000000000000000e+07 0.000000000000000000e+00
6.333000000000000000e+07 0.000000000000000000e+00
6.663000000000000000e+07 0.000000000000000000e+00
7.010000000000000000e+07 0.000000000000000000e+00
7.375000000000000000e+07 0.000000000000000000e+00
7.759000000000000000e+07 0.000000000000000000e+00
8.163000000000000000e+07 0.000000000000000000e+00
8.588000000000000000e+07 0.000000000000000000e+00
9.035000000000000000e+07 0.000000000000000000e+00
9.505000000000000000e+07 0.000000000000000000e+00
1.000000000000000000e+08 0.000000000000000000e+00
