1.000000000000000021e-03 1.255812670834363918e+24
1.051999999999999984e-03 1.271390117975720244e+24
1.106999999999999911e-03 1.285786997594123577e+24
1.163999999999999887e-03 1.299431550355980954e+24
1.224999999999999960e-03 1.311982891865833499e+24
1.288999999999999998e-03 1.324005269342438061e+24
1.356000000000000000e-03 1.334583335760843621e+24
1.427000000000000100e-03 1.343788295416380270e+24
1.500999999999999947e-03 1.351306560289319363e+24
1.579000000000000108e-03 1.358073782698977631e+24
1.661000000000000150e-03 1.363364641166990391e+24
1.747999999999999988e-03 1.367189036520193938e+24
1.839000000000000140e-03 1.369488974051052809e+24
1.935000000000000088e-03 1.370373369428248319e+24
2.034999999999999917e-03 1.370463211170162817e+24
2.141000000000000108e-03 1.368954394882270921e+24
2.252999999999999794e-03 1.365611229442155804e+24
2.370000000000000145e-03 1.360569721384681391e+24
2.492999999999999990e-03 1.354094955425889469e+24
2.623000000000000331e-03 1.346214078645638420e+24
2.759999999999999867e-03 1.336694005373797111e+24
2.903999999999999897e-03 1.325818699456436750e+24
3.054999999999999990e-03 1.313546237700406864e+24
3.213999999999999843e-03 1.300023559448020187e+24
3.380999999999999891e-03 1.285179258738136500e+24
3.556999999999999832e-03 1.268675856348723345e+24
3.742000000000000100e-03 1.251040278848007754e+24
3.936999999999999528e-03 1.232381925015378616e+24
4.142000000000000716e-03 1.212484100097119342e+24
4.357999999999999895e-03 1.191207148553639689e+24
4.585000000000000533e-03 1.168882819851156493e+24
4.824000000000000163e-03 1.145368030202356971e+24
5.074999999999999650e-03 1.121558986304269389e+24
5.338999999999999996e-03 1.096428849008033627e+24
5.616999999999999597e-03 1.070481704533241841e+24
5.908999999999999322e-03 1.043907975381930148e+24
6.217000000000000304e-03 1.016854924032666195e+24
6.540999999999999939e-03 9.892868499699147452e+23
6.880999999999999964e-03 9.611575646677461442e+23
7.239999999999999908e-03 9.325440236551145689e+23
7.617000000000000506e-03 9.034919526349298918e+23
8.012999999999999290e-03 8.742828170417399702e+23
8.429999999999999993e-03 8.449046281955975155e+23
8.868999999999998413e-03 8.153651783528664101e+23
9.330999999999999017e-03 7.857266871610505544e+23
9.816999999999999338e-03 7.562149052164303843e+23
1.032999999999999891e-02 7.267567084209247460e+23
1.086999999999999945e-02 6.974752118416115960e+23
1.143000000000000092e-02 6.687902387919782685e+23
1.203000000000000076e-02 6.397620567393712975e+23
1.264999999999999979e-02 6.116834442839668640e+23
1.330999999999999892e-02 5.835864952205391702e+23
1.400999999999999988e-02 5.559308026247087642e+23
1.473000000000000004e-02 5.293877289045090181e+23
1.549999999999999989e-02 5.029052525520669481e+23
1.631000000000000158e-02 4.769766983504365156e+23
1.715999999999999817e-02 4.516928131600081245e+23
1.805000000000000007e-02 4.273052002430109593e+23
1.898999999999999994e-02 4.036373900937758444e+23
1.997999999999999776e-02 3.805252373491202193e+23
2.101999999999999702e-02 3.581840672567932161e+23
2.212000000000000077e-02 3.365413141438331565e+23
2.326999999999999902e-02 3.158851955141163300e+23
2.447999999999999829e-02 2.960138588380765262e+23
2.574999999999999858e-02 2.769030445054955325e+23
2.708999999999999950e-02 2.586158824593676839e+23
2.850000000000000103e-02 2.411487004031892293e+23
2.998999999999999930e-02 2.244510341799414879e+23
3.155000000000000165e-02 2.085835513566637484e+23
3.318999999999999728e-02 1.936090844543278373e+23
3.491999999999999965e-02 1.793484605432631237e+23
3.673999999999999488e-02 1.658634090604020986e+23
3.864999999999999686e-02 1.532055684652329861e+23
4.066000000000000170e-02 1.412444539288614087e+23
4.277999999999999858e-02 1.300032277508553022e+23
4.500999999999999446e-02 1.194740426178601188e+23
4.734999999999999626e-02 1.096697888109887027e+23
4.982000000000000317e-02 1.004596266469667079e+23
5.240999999999999825e-02 9.191502981864445968e+22
5.513999999999999457e-02 8.395631175434670755e+22
5.800999999999999907e-02 7.659036215759525747e+22
6.102999999999999398e-02 6.977002675292278148e+22
6.421000000000000318e-02 6.347366359942485875e+22
6.755999999999999506e-02 5.762500997527564295e+22
7.106999999999999429e-02 5.228258314481935634e+22
7.477000000000000313e-02 4.735752317058292489e+22
7.867000000000000381e-02 4.283375114741192694e+22
8.276000000000000023e-02 3.870247483010927559e+22
8.707000000000000850e-02 3.491229751337725146e+22
9.160999999999999699e-02 3.146669864416965349e+22
9.637999999999999345e-02 2.831558138947392923e+22
1.014000000000000040e-01 2.543442060613741288e+22
1.067000000000000032e-01 2.282477298081542124e+22
1.122000000000000081e-01 2.048478831274012285e+22
1.180999999999999966e-01 1.832458276182137871e+22
1.242000000000000048e-01 1.640596782724179139e+22
1.307000000000000106e-01 1.464325072228449465e+22
1.375000000000000111e-01 1.307062935730185149e+22
1.446999999999999953e-01 1.164872287069960510e+22
1.522000000000000020e-01 1.037747811608651681e+22
1.600999999999999923e-01 9.240088798892954485e+21
1.683999999999999941e-01 8.223543662067175129e+21
1.771999999999999964e-01 7.300629129088792003e+21
1.864000000000000101e-01 6.481767965183718719e+21
1.960999999999999965e-01 5.748148062377292595e+21
2.064000000000000001e-01 5.085099064503766614e+21
2.170999999999999874e-01 4.504933648261639045e+21
2.283999999999999919e-01 3.989445916424865841e+21
2.403000000000000136e-01 3.527567764433275453e+21
2.528000000000000247e-01 3.119663408125608722e+21
2.660000000000000142e-01 2.758895577224262975e+21
2.798000000000000487e-01 2.441398805293779911e+21
2.943999999999999950e-01 2.160047324407961485e+21
3.096999999999999753e-01 1.912083099619065856e+21
3.259000000000000230e-01 1.692363535216324379e+21
3.427999999999999936e-01 1.499314733516530385e+21
3.606999999999999651e-01 1.328376607770402619e+21
3.795000000000000040e-01 1.179722039740921414e+21
3.991999999999999993e-01 1.049207502287117877e+21
4.200000000000000400e-01 9.335270277002521477e+20
4.419000000000000150e-01 8.319653995057132339e+20
4.649000000000000354e-01 7.428603790298382336e+20
4.891000000000000347e-01 6.636312594420320174e+20
5.144999999999999574e-01 5.939182341080888115e+20
5.413000000000000034e-01 5.331282779924340408e+20
5.695000000000000062e-01 4.790579123220921713e+20
5.992000000000000659e-01 4.307568410255401943e+20
6.304000000000000714e-01 3.882292662609324278e+20
6.632000000000000117e-01 3.496504133483963351e+20
6.976999999999999869e-01 3.156315552535009690e+20
7.340999999999999748e-01 2.847776114813335306e+20
7.722999999999999865e-01 2.570455796681188639e+20
8.125000000000000000e-01 2.320310561263546204e+20
8.548000000000000043e-01 2.093513009674825564e+20
8.992999999999999883e-01 1.889920936104074936e+20
9.460999999999999410e-01 1.704538601515054203e+20
9.954000000000000625e-01 1.533154558627641098e+20
1.046999999999999931e+00 1.380273197216166707e+20
1.101999999999999869e+00 1.238854004512720978e+20
1.159000000000000030e+00 1.110406173465472041e+20
1.219000000000000083e+00 9.953896447400006451e+19
1.283000000000000140e+00 8.876263532347393638e+19
1.350000000000000089e+00 7.909856971168969523e+19
1.419999999999999929e+00 7.048724721324712755e+19
1.493999999999999995e+00 6.255769874815253709e+19
1.572000000000000064e+00 5.554269507344302899e+19
1.654000000000000137e+00 4.909516889303024435e+19
1.739999999999999991e+00 4.340700498481162650e+19
1.830000000000000071e+00 3.839030317209156813e+19
1.925999999999999934e+00 3.362980642072486298e+19
2.025999999999999801e+00 2.977553676204244582e+19
2.131000000000000227e+00 2.602668382433331200e+19
2.241999999999999993e+00 2.290859804325971149e+19
2.358999999999999986e+00 2.000042034226787942e+19
2.481999999999999762e+00 1.747911886623093350e+19
2.611000000000000210e+00 1.528007741067333427e+19
2.746999999999999886e+00 1.328919885721923994e+19
2.890000000000000124e+00 1.159534229327920128e+19
3.040999999999999925e+00 1.007106685459630285e+19
3.198999999999999844e+00 8.758124702676567040e+18
3.366000000000000103e+00 7.616695961400943616e+18
3.540999999999999925e+00 6.600713838635703296e+18
3.725000000000000089e+00 5.752110937351495680e+18
3.918999999999999595e+00 4.967992411951363072e+18
4.123000000000000220e+00 4.342733234477394944e+18
4.338000000000000078e+00 3.742857626752350720e+18
4.564000000000000057e+00 3.274683588524585984e+18
4.801000000000000156e+00 2.817929264413243904e+18
5.051000000000000156e+00 2.463249984973261824e+18
5.314000000000000057e+00 2.126139809790936832e+18
5.590999999999999304e+00 1.849756686151521280e+18
5.881999999999999673e+00 1.596434876819038208e+18
6.187999999999999723e+00 1.379769994287080192e+18
6.511000000000000121e+00 1.187836142425524224e+18
6.850000000000000533e+00 1.020626167191327616e+18
7.205999999999999517e+00 8.745861780521674240e+17
7.581999999999999851e+00 7.441119411956974080e+17
7.976000000000000867e+00 6.349475236204103680e+17
8.391999999999999460e+00 5.375077205722492800e+17
8.829000000000000625e+00 4.564755121818000640e+17
9.288000000000000256e+00 3.853532093531011200e+17
9.772000000000000242e+00 3.288756241290092800e+17
1.027999999999999936e+01 2.793913842001502080e+17
1.082000000000000028e+01 2.388029131722727680e+17
1.137999999999999901e+01 2.032619928498137600e+17
1.196999999999999886e+01 1.738012458083009600e+17
1.259999999999999964e+01 1.479480018022243840e+17
1.325000000000000000e+01 1.264130880712345440e+17
1.393999999999999950e+01 1.077249009481572160e+17
1.466999999999999993e+01 9.165977686072388800e+16
1.542999999999999972e+01 7.813142738790102400e+16
1.623000000000000043e+01 6.637836796521007200e+16
1.708000000000000185e+01 5.639643798346650400e+16
1.796999999999999886e+01 4.777196677275818400e+16
1.889999999999999858e+01 4.057896885274626400e+16
1.989000000000000057e+01 3.423868501280492000e+16
2.092000000000000171e+01 2.906673988877680400e+16
2.200999999999999801e+01 2.445345869970003200e+16
2.316000000000000014e+01 2.062217541220921600e+16
2.437000000000000099e+01 1.725419271652287600e+16
2.562999999999999901e+01 1.452082941512506400e+16
2.697000000000000242e+01 1.211544741092324800e+16
2.837000000000000099e+01 1.011014104029700600e+16
2.985000000000000142e+01 8.374888164750763000e+15
3.139999999999999858e+01 6.900134971378988000e+15
3.303999999999999915e+01 5.636803589308302000e+15
3.475999999999999801e+01 4.563292758383606000e+15
3.657000000000000028e+01 3.663402884058405500e+15
3.846999999999999886e+01 2.898232874446349500e+15
4.048000000000000398e+01 2.271349978611335500e+15
4.259000000000000341e+01 1.741771030927263000e+15
4.479999999999999716e+01 1.330567110558765000e+15
4.714000000000000057e+01 9.870351379886310000e+14
4.959000000000000341e+01 7.328443500106886250e+14
5.217000000000000171e+01 5.274357749926232500e+14
5.489000000000000057e+01 3.815196603616489375e+14
5.775000000000000000e+01 2.699428314435511250e+14
6.075000000000000000e+01 1.917724918856447500e+14
6.392000000000000171e+01 1.353064187005600000e+14
6.723999999999999488e+01 9.433081746754723438e+13
7.075000000000000000e+01 6.525812091502771875e+13
7.442999999999999261e+01 4.408027088723878906e+13
7.829999999999999716e+01 2.927607355338939453e+13
8.237999999999999545e+01 1.858398042705021875e+13
8.667000000000000171e+01 1.156015656151226953e+13
9.117999999999999261e+01 6.762557609216438477e+12
9.593000000000000682e+01 3.939042083029470215e+12
1.009000000000000057e+02 2.206329672244368164e+12
1.062000000000000028e+02 1.218568903375756592e+12
1.116999999999999886e+02 6.612494916851212158e+11
1.175000000000000000e+02 3.488248869130551758e+11
1.236000000000000085e+02 1.766730075481295776e+11
1.300999999999999943e+02 8.333519185730187988e+10
1.369000000000000057e+02 4.058241849391335297e+10
1.440000000000000000e+02 1.724957902095195007e+10
1.515000000000000000e+02 8.062299614512219429e+09
1.593999999999999773e+02 3.299939515769962788e+09
1.676999999999999886e+02 1.392873574152059793e+09
1.764000000000000057e+02 5.171790046750088930e+08
1.855999999999999943e+02 1.841525171295484006e+08
1.952000000000000171e+02 6.525897144435521960e+07
2.054000000000000057e+02 1.971765494697855785e+07
2.160999999999999943e+02 6.582610380656598136e+06
2.273999999999999773e+02 1.588834090640586102e+06
2.391999999999999886e+02 5.076697051582983113e+05
2.516999999999999886e+02 9.157670967869881133e+04
2.647999999999999545e+02 2.902970208470262151e+04
2.785000000000000000e+02 4.041915816817936502e+03
2.930000000000000000e+02 1.287890613436543390e+03
3.083000000000000114e+02 1.320330251474926797e+02
3.244000000000000341e+02 3.831856852533144320e+01
3.411999999999999886e+02 6.138345610092112992e+00
3.590000000000000000e+02 9.301176921982459156e-01
3.776999999999999886e+02 1.724036127858681600e-01
3.973999999999999773e+02 1.066462149221384867e-02
4.181000000000000227e+02 2.288555082805471957e-03
4.398000000000000114e+02 8.970972996273473947e-05
4.626999999999999886e+02 2.103979835895393772e-05
4.868000000000000114e+02 3.505894075632260723e-07
5.122000000000000455e+02 8.717859922509889046e-08
5.387999999999999545e+02 7.572352811682460262e-10
5.668999999999999773e+02 1.996268342368444868e-10
5.964000000000000909e+02 9.434056620328851265e-13
6.275000000000000000e+02 2.592373472481147971e-13
6.601000000000000227e+02 4.947870566934943834e-16
6.945000000000000000e+02 1.566580348985203655e-16
7.307000000000000455e+02 1.007786658017859396e-17
7.687000000000000455e+02 4.010124916560229158e-20
8.087999999999999545e+02 5.404728578707491599e-21
8.508999999999999773e+02 4.381170507721120978e-24
8.952000000000000455e+02 7.981284704822633396e-25
9.417999999999999545e+02 1.350588154199418322e-28
9.908000000000000682e+02 2.886613452667724552e-29
1.042000000000000000e+03 1.198616362438981208e-33
1.097000000000000000e+03 2.770711665241098563e-34
1.154000000000000000e+03 2.832719373972973099e-39
1.214000000000000000e+03 7.163271093258130866e-40
1.277000000000000000e+03 1.572579234832774157e-45
1.344000000000000000e+03 4.133385120632268103e-46
1.414000000000000000e+03 1.713126892200591122e-52
1.487000000000000000e+03 4.879030103207274416e-53
1.565000000000000000e+03 2.558840784296293475e-60
1.646000000000000000e+03 8.736313391193654896e-61
1.732000000000000000e+03 8.658077368319278006e-62
1.822000000000000000e+03 1.948129930174808678e-69
1.917000000000000000e+03 3.009190035128209372e-70
2.017000000000000000e+03 4.176992704458395228e-79
2.122000000000000000e+03 8.109570015275210886e-80
2.232000000000000000e+03 7.514303614008262247e-90
2.348000000000000000e+03 1.663704300033069246e-90
2.470000000000000000e+03 6.899261936333640001e-102
2.599000000000000000e+03 1.670468795739037513e-102
2.734000000000000000e+03 2.420539354440605657e-115
2.877000000000000000e+03 6.289796025165573167e-116
3.027000000000000000e+03 3.057567676573167982e-130
3.184000000000000000e+03 8.360729659341343733e-131
3.350000000000000000e+03 6.280469531447740532e-147
3.524000000000000000e+03 1.901437679990390016e-147
3.708000000000000000e+03 7.426067060597824309e-149
3.901000000000000000e+03 5.898922140095769158e-166
4.104000000000000000e+03 7.164384091846776405e-167
4.318000000000000000e+03 1.084785945746415455e-186
4.543000000000000000e+03 1.858061214443325098e-187
4.779000000000000000e+03 9.534445192406192184e-210
5.028000000000000000e+03 1.960634663910505777e-210
5.290000000000000000e+03 2.052677004228792499e-235
5.565000000000000000e+03 4.768936381772072127e-236
5.855000000000000000e+03 4.158468044809126081e-264
6.160000000000000000e+03 1.034437232181516493e-264
6.481000000000000000e+03 5.147670991641820467e-296
6.818000000000000000e+03 1.362985277426460180e-296
7.173000000000000000e+03 0.000000000000000000e+00
7.547000000000000000e+03 0.000000000000000000e+00
7.940000000000000000e+03 0.000000000000000000e+00
8.353000000000000000e+03 0.000000000000000000e+00
8.788000000000000000e+03 0.000000000000000000e+00
9.246000000000000000e+03 0.000000000000000000e+00
9.727000000000000000e+03 0.000000000000000000e+00
1.023000000000000000e+04 0.000000000000000000e+00
1.077000000000000000e+04 0.000000000000000000e+00
1.133000000000000000e+04 0.000000000000000000e+00
1.192000000000000000e+04 0.000000000000000000e+00
1.254000000000000000e+04 0.000000000000000000e+00
1.319000000000000000e+04 0.000000000000000000e+00
1.388000000000000000e+04 0.000000000000000000e+00
1.460000000000000000e+04 0.000000000000000000e+00
1.536000000000000000e+04 0.000000000000000000e+00
1.616000000000000000e+04 0.000000000000000000e+00
1.700000000000000000e+04 0.000000000000000000e+00
1.789000000000000000e+04 0.000000000000000000e+00
1.882000000000000000e+04 0.000000000000000000e+00
1.980000000000000000e+04 0.000000000000000000e+00
2.083000000000000000e+04 0.000000000000000000e+00
2.191000000000000000e+04 0.000000000000000000e+00
2.305000000000000000e+04 0.000000000000000000e+00
2.425000000000000000e+04 0.000000000000000000e+00
2.552000000000000000e+04 0.000000000000000000e+00
2.684000000000000000e+04 0.000000000000000000e+00
2.824000000000000000e+04 0.000000000000000000e+00
2.971000000000000000e+04 0.000000000000000000e+00
3.126000000000000000e+04 0.000000000000000000e+00
3.289000000000000000e+04 0.000000000000000000e+00
3.460000000000000000e+04 0.000000000000000000e+00
3.640000000000000000e+04 0.000000000000000000e+00
3.830000000000000000e+04 0.000000000000000000e+00
4.029000000000000000e+04 0.000000000000000000e+00
4.239000000000000000e+04 0.000000000000000000e+00
4.460000000000000000e+04 0.000000000000000000e+00
4.692000000000000000e+04 0.000000000000000000e+00
4.936000000000000000e+04 0.000000000000000000e+00
5.193000000000000000e+04 0.000000000000000000e+00
5.464000000000000000e+04 0.000000000000000000e+00
5.748000000000000000e+04 0.000000000000000000e+00
6.047000000000000000e+04 0.000000000000000000e+00
6.362000000000000000e+04 0.000000000000000000e+00
6.693000000000000000e+04 0.000000000000000000e+00
7.042000000000000000e+04 0.000000000000000000e+00
7.409000000000000000e+04 0.000000000000000000e+00
7.794000000000000000e+04 0.000000000000000000e+00
8.200000000000000000e+04 0.000000000000000000e+00
8.627000000000000000e+04 0.000000000000000000e+00
9.076000000000000000e+04 0.000000000000000000e+00
9.549000000000000000e+04 0.000000000000000000e+00
1.005000000000000000e+05 0.000000000000000000e+00
1.057000000000000000e+05 0.000000000000000000e+00
1.112000000000000000e+05 0.000000000000000000e+00
1.170000000000000000e+05 0.000000000000000000e+00
1.231000000000000000e+05 0.000000000000000000e+00
1.295000000000000000e+05 0.000000000000000000e+00
1.362000000000000000e+05 0.000000000000000000e+00
1.433000000000000000e+05 0.000000000000000000e+00
1.508000000000000000e+05 0.000000000000000000e+00
1.586000000000000000e+05 0.000000000000000000e+00
1.669000000000000000e+05 0.000000000000000000e+00
1.756000000000000000e+05 0.000000000000000000e+00
1.847000000000000000e+05 0.000000000000000000e+00
1.943000000000000000e+05 0.000000000000000000e+00
2.045000000000000000e+05 0.000000000000000000e+00
2.151000000000000000e+05 0.000000000000000000e+00
2.263000000000000000e+05 0.000000000000000000e+00
2.381000000000000000e+05 0.000000000000000000e+00
2.505000000000000000e+05 0.000000000000000000e+00
2.635000000000000000e+05 0.000000000000000000e+00
2.773000000000000000e+05 0.000000000000000000e+00
2.917000000000000000e+05 0.000000000000000000e+00
3.069000000000000000e+05 0.000000000000000000e+00
3.229000000000000000e+05 0.000000000000000000e+00
3.397000000000000000e+05 0.000000000000000000e+00
3.574000000000000000e+05 0.000000000000000000e+00
3.760000000000000000e+05 0.000000000000000000e+00
3.955000000000000000e+05 0.000000000000000000e+00
4.161000000000000000e+05 0.000000000000000000e+00
4.378000000000000000e+05 0.000000000000000000e+00
4.606000000000000000e+05 0.000000000000000000e+00
4.846000000000000000e+05 0.000000000000000000e+00
5.098000000000000000e+05 0.000000000000000000e+00
5.364000000000000000e+05 0.000000000000000000e+00
5.643000000000000000e+05 0.000000000000000000e+00
5.937000000000000000e+05 0.000000000000000000e+00
6.246000000000000000e+05 0.000000000000000000e+00
6.571000000000000000e+05 0.000000000000000000e+00
6.913000000000000000e+05 0.000000000000000000e+00
7.273000000000000000e+05 0.000000000000000000e+00
7.652000000000000000e+05 0.000000000000000000e+00
8.050000000000000000e+05 0.000000000000000000e+00
8.469000000000000000e+05 0.000000000000000000e+00
8.910000000000000000e+05 0.000000000000000000e+00
9.374000000000000000e+05 0.000000000000000000e+00
9.863000000000000000e+05 0.000000000000000000e+00
1.038000000000000000e+06 0.000000000000000000e+00
1.092000000000000000e+06 0.000000000000000000e+00
1.148000000000000000e+06 0.000000000000000000e+00
1.208000000000000000e+06 0.000000000000000000e+00
1.271000000000000000e+06 0.000000000000000000e+00
1.337000000000000000e+06 0.000000000000000000e+00
1.407000000000000000e+06 0.000000000000000000e+00
1.480000000000000000e+06 0.000000000000000000e+00
1.557000000000000000e+06 0.000000000000000000e+00
1.638000000000000000e+06 0.000000000000000000e+00
1.724000000000000000e+06 0.000000000000000000e+00
1.814000000000000000e+06 0.000000000000000000e+00
1.908000000000000000e+06 0.000000000000000000e+00
2.007000000000000000e+06 0.000000000000000000e+00
2.112000000000000000e+06 0.000000000000000000e+00
2.222000000000000000e+06 0.000000000000000000e+00
2.337000000000000000e+06 0.000000000000000000e+00
2.459000000000000000e+06 0.000000000000000000e+00
2.587000000000000000e+06 0.000000000000000000e+00
2.722000000000000000e+06 0.000000000000000000e+00
2.864000000000000000e+06 0.000000000000000000e+00
3.013000000000000000e+06 0.000000000000000000e+00
3.170000000000000000e+06 0.000000000000000000e+00
3.335000000000000000e+06 0.000000000000000000e+00
3.508000000000000000e+06 0.000000000000000000e+00
3.691000000000000000e+06 0.000000000000000000e+00
3.883000000000000000e+06 0.000000000000000000e+00
4.085000000000000000e+06 0.000000000000000000e+00
4.298000000000000000e+06 0.000000000000000000e+00
4.522000000000000000e+06 0.000000000000000000e+00
4.757000000000000000e+06 0.000000000000000000e+00
5.005000000000000000e+06 0.000000000000000000e+00
5.266000000000000000e+06 0.000000000000000000e+00
5.540000000000000000e+06 0.000000000000000000e+00
5.828000000000000000e+06 0.000000000000000000e+00
6.132000000000000000e+06 0.000000000000000000e+00
6.451000000000000000e+06 0.000000000000000000e+00
6.787000000000000000e+06 0.000000000000000000e+00
7.140000000000000000e+06 0.000000000000000000e+00
7.512000000000000000e+06 0.000000000000000000e+00
7.903000000000000000e+06 0.000000000000000000e+00
8.315000000000000000e+06 0.000000000000000000e+00
8.748000000000000000e+06 0.000000000000000000e+00
9.203000000000000000e+06 0.000000000000000000e+00
9.682000000000000000e+06 0.000000000000000000e+00
1.019000000000000000e+07 0.000000000000000000e+00
1.072000000000000000e+07 0.000000000000000000e+00
1.127000000000000000e+07 0.000000000000000000e+00
1.186000000000000000e+07 0.000000000000000000e+00
1.248000000000000000e+07 0.000000000000000000e+00
1.313000000000000000e+07 0.000000000000000000e+00
1.381000000000000000e+07 0.000000000000000000e+00
1.453000000000000000e+07 0.000000000000000000e+00
1.529000000000000000e+07 0.000000000000000000e+00
1.608000000000000000e+07 0.000000000000000000e+00
1.692000000000000000e+07 0.000000000000000000e+00
1.780000000000000000e+07 0.000000000000000000e+00
1.873000000000000000e+07 0.000000000000000000e+00
1.971000000000000000e+07 0.000000000000000000e+00
2.073000000000000000e+07 0.000000000000000000e+00
2.181000000000000000e+07 0.000000000000000000e+00
2.295000000000000000e+07 0.000000000000000000e+00
2.414000000000000000e+07 0.000000000000000000e+00
2.540000000000000000e+07 0.000000000000000000e+00
2.672000000000000000e+07 0.000000000000000000e+00
2.811000000000000000e+07 0.000000000000000000e+00
2.958000000000000000e+07 0.000000000000000000e+00
3.112000000000000000e+07 0.000000000000000000e+00
3.274000000000000000e+07 0.000000000000000000e+00
3.444000000000000000e+07 0.000000000000000000e+00
3.623000000000000000e+07 0.000000000000000000e+00
3.812000000000000000e+07 0.000000000000000000e+00
4.011000000000000000e+07 0.000000000000000000e+00
4.219000000000000000e+07 0.000000000000000000e+00
4.439000000000000000e+07 0.000000000000000000e+00
4.670000000000000000e+07 0.000000000000000000e+00
4.913000000000000000e+07 0.000000000000000000e+00
5.169000000000000000e+07 0.000000000000000000e+00
5.438000000000000000e+07 0.000000000000000000e+00
5.722000000000000000e+07 0.000000000000000000e+00
6.019000000000000000e+07 0.000000000000000000e+00
6.333000000000000000e+07 0.000000000000000000e+00
6.663000000000000000e+07 0.000000000000000000e+00
7.010000000000000000e+07 0.000000000000000000e+00
7.375000000000000000e+07 0.000000000000000000e+00
7.759000000000000000e+07 0.000000000000000000e+00
8.163000000000000000e+07 0.000000000000000000e+00
8.588000000000000000e+07 0.000000000000000000e+00
9.035000000000000000e+07 0.000000000000000000e+00
9.505000000000000000e+07 0.000000000000000000e+00
1.000000000000000000e+08 0.000000000000000000e+00
