1.603007518796992770e+01 3.524879617199423620e+01
1.703007518796992770e+01 2.805629866549485385e+01
1.803007518796992770e+01 2.220770635580586472e+01
1.903007518796992770e+01 1.757326027726314877e+01
2.003007518796992770e+01 1.372009611196434875e+01
2.103007518796992770e+01 1.056742576273394185e+01
2.203007518796992770e+01 8.038489354927524033e+00
2.303007518796992770e+01 6.034549416529825017e+00
2.403007518796992770e+01 4.476257844764918836e+00
2.503007518796992770e+01 3.293017856932663356e+00
2.603007518796992770e+01 2.406833980970122688e+00
2.703007518796992770e+01 1.752389062154489752e+00
2.803007518796992770e+01 1.272812059078536562e+00
2.903007518796992770e+01 9.205545815723049641e-01
3.003007518796992770e+01 6.679736778448630563e-01
3.103007518796992770e+01 4.835431030670915842e-01
3.203007518796992770e+01 3.493085049760298322e-01
3.303007518796992770e+01 2.511232905508993807e-01
3.403007518796992770e+01 1.803431322689774130e-01
3.503007518796992770e+01 1.288118586957122391e-01
3.603007518796992770e+01 9.178889610573202906e-02
3.703007518796992770e+01 6.520453490930776252e-02
3.803007518796992770e+01 4.622075912934277969e-02
3.903007518796992770e+01 3.272664932997461362e-02
4.003007518796992770e+01 2.314785458250513336e-02
4.103007518796992770e+01 1.635808591579310939e-02
4.203007518796992770e+01 1.156604599385047463e-02
4.303007518796992770e+01 8.172990757924748773e-03
4.403007518796992770e+01 5.777028992237602002e-03
4.503007518796992770e+01 4.077996606337997570e-03
4.603007518796992770e+01 2.877516328868959944e-03
4.703007518796992770e+01 2.027672835299847848e-03
4.803007518796992770e+01 1.426992468988383042e-03
4.903007518796992770e+01 1.003158661464442335e-03
5.003007518796992770e+01 7.038676403182849957e-04
5.103007518796992770e+01 4.936325147584348042e-04
5.203007518796992770e+01 3.452849203786247773e-04
5.303007518796992770e+01 2.413267111897235808e-04
5.403007518796992770e+01 1.684236885529526205e-04
5.503007518796992770e+01 1.175053387238621987e-04
5.603007518796992770e+01 8.181841888646199730e-05
5.703007518796992770e+01 5.691382608126041912e-05
5.803007518796992770e+01 3.954968291017201904e-05
5.903007518796992770e+01 2.745323470663822864e-05
6.003007518796992770e+01 1.904062750024284147e-05
6.103007518796992770e+01 1.319835870546139424e-05
6.203007518796992770e+01 9.131281191239949390e-06
6.303007518796992770e+01 6.314786915860617821e-06
6.403007518796992770e+01 4.361703112191152843e-06
6.503007518796992770e+01 3.005683563826565732e-06
6.603007518796992770e+01 2.069970132815628938e-06
6.703007518796992770e+01 1.424227975692323228e-06
6.803007518796992770e+01 9.788568902610603847e-07
6.903007518796992770e+01 6.708811531729557994e-07
7.003007518796992770e+01 4.599258648840125477e-07
7.103007518796992770e+01 3.155237383671645523e-07
7.203007518796992770e+01 2.161116805926507953e-07
7.303007518796992770e+01 1.480332627923909150e-07
7.403007518796992770e+01 1.012836323603146047e-07
7.503007518796992770e+01 6.928033610543438331e-08
7.603007518796992770e+01 4.743414439692938593e-08
7.703007518796992770e+01 3.237795559825769249e-08
7.803007518796992770e+01 2.211573953654476566e-08
7.903007518796992770e+01 1.514829691287901162e-08
8.003007518796992770e+01 1.034308734860439171e-08
8.103007518796992770e+01 7.065871913244139240e-09
8.203007518796992770e+01 4.827681424255386964e-09
8.303007518796992770e+01 3.307389858535177170e-09
8.403007518796992770e+01 2.263200957109444582e-09
8.503007518796992770e+01 1.549790842212263012e-09
8.603007518796992770e+01 1.060127532341985195e-09
8.703007518796992770e+01 7.257387290477495203e-10
8.803007518796992770e+01 4.977616805543001221e-10
