1.221799999999999287e+01 1.629857359717700405e+00
1.321799999999999287e+01 1.270326412334370270e+00
1.421799999999999287e+01 9.924692518905615657e-01
1.521799999999999287e+01 7.754703267544507117e-01
1.621799999999999287e+01 6.035806232736422583e-01
1.721799999999999287e+01 4.670706159145271430e-01
1.821799999999999287e+01 3.567482486445403000e-01
1.921799999999999287e+01 2.683823893274139283e-01
2.021799999999999287e+01 1.976892817260813562e-01
2.121799999999999287e+01 1.421685355153954888e-01
2.221799999999999287e+01 1.037739076932717164e-01
2.321799999999999287e+01 7.439478363969698194e-02
2.421799999999999287e+01 5.221983908518068596e-02
2.521799999999999287e+01 3.717413729550095303e-02
2.621799999999999287e+01 2.624172435581217933e-02
2.721799999999999287e+01 1.832297365848673670e-02
2.821799999999999287e+01 1.295810946656915028e-02
2.921799999999999287e+01 9.088489285706245063e-03
3.021799999999999287e+01 6.306677163081587413e-03
3.121799999999999287e+01 4.427966343008150722e-03
3.221799999999998931e+01 3.062265649647203433e-03
3.321799999999998931e+01 2.079742681295209360e-03
3.421799999999998931e+01 1.428556803667746814e-03
3.521799999999998931e+01 9.918049373611320663e-04
3.621799999999998931e+01 6.955668031592070026e-04
3.721799999999998931e+01 4.804378103385815090e-04
3.821799999999998931e+01 3.258926721384790325e-04
3.921799999999998931e+01 2.232636471059490596e-04
4.021799999999998931e+01 1.544019344437373145e-04
4.121799999999998931e+01 1.054075365425061731e-04
4.221799999999998931e+01 7.084471133820477169e-05
4.321799999999998931e+01 4.805546945044922394e-05
4.421799999999998931e+01 3.288489696541212041e-05
4.521799999999998931e+01 2.269337775088753068e-05
4.621799999999998931e+01 1.539880623415664965e-05
4.721799999999998931e+01 1.024312466763707893e-05
4.821799999999998931e+01 6.871561681628853149e-06
4.921799999999998931e+01 4.647359338917277660e-06
5.021799999999998931e+01 3.167700206170754512e-06
5.121799999999998931e+01 2.175386235398241540e-06
5.221799999999998931e+01 1.466756167327697994e-06
5.321799999999998931e+01 9.678667066525904059e-07
5.421799999999998931e+01 6.435876282160911076e-07
5.521799999999998931e+01 4.311350327677965215e-07
5.621799999999998931e+01 2.908826972152019130e-07
5.721799999999998931e+01 1.976118068612680446e-07
5.821799999999998931e+01 1.351435736611082047e-07
5.921799999999998931e+01 9.066753467486903263e-08
6.021799999999998931e+01 5.947816996974715243e-08
6.121799999999998931e+01 3.928781692894601791e-08
6.221799999999998931e+01 2.612499862977519686e-08
6.321799999999998931e+01 1.748480893482815286e-08
6.421799999999998931e+01 1.177563126175178121e-08
6.521799999999998931e+01 7.978893890121394647e-09
6.621799999999998931e+01 5.306490571520800715e-09
6.721799999999998931e+01 3.452756340284640922e-09
6.821799999999998931e+01 2.260806817130859186e-09
6.921799999999998931e+01 1.489432052772231020e-09
7.021799999999998931e+01 9.871014298861185235e-10
7.121799999999998931e+01 6.579820370112434447e-10
7.221799999999998931e+01 4.410703024206398900e-10
7.321799999999998931e+01 2.972872833072224570e-10
7.421799999999998931e+01 1.974960683622378949e-10
7.521799999999998931e+01 1.289711662146737215e-10
7.621799999999998931e+01 8.469490513952524698e-11
7.721799999999998931e+01 5.592286205026581764e-11
7.821799999999998931e+01 3.712173957522861554e-11
7.921799999999998931e+01 2.476941536834324609e-11
8.021799999999998931e+01 1.661099183520320937e-11
8.121799999999998931e+01 1.119473167376927567e-11
8.221799999999998931e+01 7.580852481353637060e-12
8.321799999999998931e+01 5.081359130037159526e-12
8.421799999999998931e+01 3.364588383048535392e-12
8.521799999999998931e+01 2.238653207167558567e-12
8.621799999999998931e+01 1.496565371533790428e-12
8.721799999999998931e+01 1.005104911344739116e-12
8.821799999999998931e+01 6.780916242074819311e-13
8.921799999999998931e+01 4.594969465232299996e-13
9.021799999999998931e+01 3.127170735868830745e-13
9.121799999999998931e+01 2.137244072185604570e-13
9.221799999999998931e+01 1.466730775143455297e-13
9.321799999999998931e+01 9.915181965879031931e-14
9.421799999999998931e+01 6.586119540597554152e-14
9.521799999999998931e+01 4.393654068603242377e-14
9.621799999999998931e+01 2.943408805036280794e-14
9.721799999999998931e+01 1.980004269296194086e-14
9.821799999999998931e+01 1.337321976236532216e-14
9.921799999999998931e+01 9.068276416094241348e-15
1.002179999999999893e+02 6.173025816187548061e-15
1.012179999999999893e+02 4.218156542278909233e-15
1.022179999999999893e+02 2.893118411883544895e-15
1.032179999999999893e+02 1.991577645274676576e-15
