1.903427155601598031e+01 1.059215421074230390e+00
2.003427155601598031e+01 7.878312409821368600e-01
2.103427155601598031e+01 5.750615546783997001e-01
2.203427155601598031e+01 4.141135748021767538e-01
2.303427155601598031e+01 2.962873477838097735e-01
2.403427155601598031e+01 2.100683988083355547e-01
2.503427155601598031e+01 1.484241055714257962e-01
2.603427155601598031e+01 1.046120605058669800e-01
2.703427155601598031e+01 7.354480134474612740e-02
2.803427155601598031e+01 5.166465271018359784e-02
2.903427155601598031e+01 3.622626256731222016e-02
3.003427155601598031e+01 2.533090126861735694e-02
3.103427155601598031e+01 1.765397432394227861e-02
3.203427155601598031e+01 1.229261354880138539e-02
3.303427155601598031e+01 8.516406970726314238e-03
3.403427155601598031e+01 5.884729554736432139e-03
3.503427155601598031e+01 4.061485407650584391e-03
3.603427155601598031e+01 2.786752132892589273e-03
3.703427155601598031e+01 1.919456181815079425e-03
3.803427155601598031e+01 1.312211074409805984e-03
3.903427155601598031e+01 8.980437392656702260e-04
4.003427155601598031e+01 6.179075150706544268e-04
4.103427155601598031e+01 4.195125223893602620e-04
4.203427155601598031e+01 2.864996954347462030e-04
4.303427155601598031e+01 1.967836457174682811e-04
4.403427155601598031e+01 1.336079200543175869e-04
4.503427155601598031e+01 9.113470379412616648e-05
4.603427155601598031e+01 6.195831578774266745e-05
4.703427155601598031e+01 4.204222711511332517e-05
4.803427155601598031e+01 2.847408085446047511e-05
4.903427155601598031e+01 1.925254599388524703e-05
5.003427155601598031e+01 1.301534741465171729e-05
5.103427155601598031e+01 8.778796327913073179e-06
5.203427155601598031e+01 5.916932361444489029e-06
5.303427155601598031e+01 3.985442955251705221e-06
5.403427155601598031e+01 2.682019085809757138e-06
5.503427155601598031e+01 1.804618760353146588e-06
5.603427155601598031e+01 1.212755609329370106e-06
5.703427155601598031e+01 8.138704641530224943e-07
5.803427155601598031e+01 5.462507506375838599e-07
5.903427155601598031e+01 3.650342478051009857e-07
6.003427155601598031e+01 2.443936671051002130e-07
6.103427155601598031e+01 1.629721756749491096e-07
6.203427155601598031e+01 1.087448364092799535e-07
6.303427155601598031e+01 7.281531161511930710e-08
6.403427155601598031e+01 4.823754039178633206e-08
6.503427155601598031e+01 3.207201488548035714e-08
6.603427155601598031e+01 2.140787883814064947e-08
6.703427155601598031e+01 1.415773845966421443e-08
6.803427155601598031e+01 9.393386296162600803e-09
6.903427155601598031e+01 6.257255607742297007e-09
7.003427155601598031e+01 4.127466787781646753e-09
7.103427155601598031e+01 2.729230218582683346e-09
7.203427155601598031e+01 1.812933292762298558e-09
7.303427155601598031e+01 1.197284015242436735e-09
7.403427155601598031e+01 7.928212061677352648e-10
7.503427155601598031e+01 5.274175949296458726e-10
7.603427155601598031e+01 3.490395499466998185e-10
7.703427155601598031e+01 2.314945585367723899e-10
7.803427155601598031e+01 1.542583621251513315e-10
7.903427155601598031e+01 1.024532001548999140e-10
8.003427155601598031e+01 6.819309048099407430e-11
8.103427155601598031e+01 4.560334252678350407e-11
8.203427155601598031e+01 3.045289463540794366e-11
8.303427155601598031e+01 2.038240674563734921e-11
8.403427155601598031e+01 1.370446923388903718e-11
8.503427155601598031e+01 9.204568471552817850e-12
8.603427155601598031e+01 6.194137254329004224e-12
