1.903427155601598031e+01 1.914819462477381551e+00
2.003427155601598031e+01 1.550214436811363505e+00
2.103427155601598031e+01 1.311214622532229646e+00
2.203427155601598031e+01 1.090380026526439394e+00
2.303427155601598031e+01 9.102005172248887055e-01
2.403427155601598031e+01 7.889714234292506401e-01
2.503427155601598031e+01 6.686580062348773668e-01
2.603427155601598031e+01 5.771960858484918022e-01
2.703427155601598031e+01 4.952608630440437643e-01
2.803427155601598031e+01 4.203597958949510383e-01
2.903427155601598031e+01 3.566573110596810703e-01
3.003427155601598031e+01 2.978900507663762576e-01
3.103427155601598031e+01 2.443882286460676290e-01
3.203427155601598031e+01 1.958411120787275916e-01
3.303427155601598031e+01 1.558383049001818288e-01
3.403427155601598031e+01 1.240157782187425034e-01
3.503427155601598031e+01 9.861114109264638994e-02
3.603427155601598031e+01 7.798294635373384520e-02
3.703427155601598031e+01 5.913366491497942107e-02
3.803427155601598031e+01 4.709766400567977351e-02
3.903427155601598031e+01 3.810709458131671112e-02
4.003427155601598031e+01 2.977277225307830427e-02
4.103427155601598031e+01 2.461278263901911859e-02
4.203427155601598031e+01 1.987224757510533749e-02
4.303427155601598031e+01 1.531631377315953273e-02
4.403427155601598031e+01 1.180216000625980248e-02
4.503427155601598031e+01 8.519140917033402038e-03
4.603427155601598031e+01 6.802458861685448631e-03
4.703427155601598031e+01 5.753400944951703351e-03
4.803427155601598031e+01 4.695840037540702921e-03
4.903427155601598031e+01 3.558010890103846004e-03
5.003427155601598031e+01 2.428583760948714414e-03
5.103427155601598031e+01 1.774025464550778525e-03
5.203427155601598031e+01 1.495939955325881936e-03
5.303427155601598031e+01 1.220060617371376051e-03
5.403427155601598031e+01 9.777283711352498935e-04
5.503427155601598031e+01 7.348983612717337709e-04
5.603427155601598031e+01 5.224225795936709429e-04
5.703427155601598031e+01 4.152221459992401259e-04
5.803427155601598031e+01 3.337209660379441612e-04
5.903427155601598031e+01 2.677812942986665759e-04
6.003427155601598031e+01 2.110919115307332747e-04
6.103427155601598031e+01 1.668936627471540480e-04
6.203427155601598031e+01 1.288483213386543993e-04
6.303427155601598031e+01 9.380571655762253726e-05
6.403427155601598031e+01 7.403347103408208763e-05
6.503427155601598031e+01 5.639851224115817951e-05
6.603427155601598031e+01 4.014177594071045515e-05
6.703427155601598031e+01 3.201782751333117597e-05
6.803427155601598031e+01 2.522684691860276534e-05
6.903427155601598031e+01 1.877427342005636804e-05
7.003427155601598031e+01 1.467952763513661138e-05
7.103427155601598031e+01 1.104004319477468951e-05
7.203427155601598031e+01 7.612978875102520127e-06
7.303427155601598031e+01 5.975474235809870682e-06
7.403427155601598031e+01 4.742622686912447233e-06
7.503427155601598031e+01 3.556379264083828002e-06
7.603427155601598031e+01 2.853392947822716755e-06
7.703427155601598031e+01 2.278376709834327212e-06
7.803427155601598031e+01 1.714258889991365554e-06
7.903427155601598031e+01 1.292006957960490482e-06
8.003427155601598031e+01 9.135159267030056704e-07
8.103427155601598031e+01 5.483060451131040092e-07
8.203427155601598031e+01 4.074817239362695060e-07
8.303427155601598031e+01 3.469226011604384669e-07
8.403427155601598031e+01 2.867056041201949209e-07
8.503427155601598031e+01 2.342020544606120754e-07
8.603427155601598031e+01 1.849022537139550863e-07
