1.900000000000000000e+01 7.074215843059162623e+00
2.000000000000000000e+01 6.433942708653987985e+00
2.100000000000000000e+01 5.762954231553252704e+00
2.200000000000000000e+01 5.083971230634396932e+00
2.300000000000000000e+01 4.509534133005634438e+00
2.400000000000000000e+01 3.987040395121226766e+00
2.500000000000000000e+01 3.512591516397029157e+00
2.600000000000000000e+01 3.109737147104407740e+00
2.700000000000000000e+01 2.745941315980620079e+00
2.800000000000000000e+01 2.417726108841761867e+00
2.900000000000000000e+01 2.138116870354233701e+00
3.000000000000000000e+01 1.871353905946627316e+00
3.100000000000000000e+01 1.620509504700566872e+00
3.200000000000000000e+01 1.409621729990471861e+00
3.300000000000000000e+01 1.202984651227579249e+00
3.400000000000000000e+01 1.006618876439127508e+00
3.500000000000000000e+01 8.466107916524296950e-01
3.600000000000000000e+01 7.154727432710782375e-01
3.700000000000000000e+01 6.074069768768637356e-01
3.800000000000000000e+01 5.080054279258858774e-01
3.900000000000000000e+01 4.182509333519146000e-01
4.000000000000000000e+01 3.460337055274843032e-01
4.100000000000000000e+01 2.876137118692236871e-01
4.200000000000000000e+01 2.374911097754760225e-01
4.300000000000000000e+01 1.947053324513186856e-01
4.400000000000000000e+01 1.603506793433328859e-01
4.500000000000000000e+01 1.326291221818981791e-01
4.600000000000000000e+01 1.101540546497918188e-01
4.700000000000000000e+01 9.048461167092719526e-02
4.800000000000000000e+01 7.345673097857166600e-02
4.900000000000000000e+01 5.988772853430359561e-02
5.000000000000000000e+01 4.902520218351788528e-02
5.100000000000000000e+01 4.029086136774976540e-02
5.200000000000000000e+01 3.323790506224227198e-02
5.300000000000000000e+01 2.707059404486953508e-02
5.400000000000000000e+01 2.174766792051840286e-02
5.500000000000000000e+01 1.754113725146761241e-02
5.600000000000000000e+01 1.420270568939315317e-02
5.700000000000000000e+01 1.154234671959968733e-02
5.800000000000000000e+01 9.413936557814868433e-03
5.900000000000000000e+01 7.704594853346144988e-03
6.000000000000000000e+01 6.244737827499812800e-03
6.100000000000000000e+01 5.008769595735137158e-03
6.200000000000000000e+01 4.031752192762354248e-03
6.300000000000000000e+01 3.256517477721459618e-03
6.400000000000000000e+01 2.639143361449131520e-03
6.500000000000000000e+01 2.145743873315830545e-03
6.600000000000000000e+01 1.750070265753954487e-03
6.700000000000000000e+01 1.412383326981133704e-03
6.800000000000000000e+01 1.126963677584660829e-03
6.900000000000000000e+01 9.021713513761064939e-04
7.000000000000000000e+01 7.245181386858681868e-04
7.100000000000000000e+01 5.836489019152257514e-04
7.200000000000000000e+01 4.715838760432949548e-04
7.300000000000000000e+01 3.821512709613378474e-04
7.400000000000000000e+01 3.105606503665707461e-04
7.500000000000000000e+01 2.491149909336521783e-04
7.600000000000000000e+01 1.970435207942410560e-04
7.700000000000000000e+01 1.563319565481154061e-04
7.800000000000000000e+01 1.244006692841892285e-04
7.900000000000000000e+01 9.927830457143054269e-05
8.000000000000000000e+01 7.945316951594678446e-05
8.100000000000000000e+01 6.376216652047213837e-05
8.200000000000000000e+01 5.130748187629497874e-05
8.300000000000000000e+01 4.139386895566491868e-05
8.400000000000000000e+01 3.295583594588314525e-05
8.500000000000000000e+01 2.586483149453511920e-05
8.600000000000000000e+01 2.035687545389136291e-05
8.700000000000000000e+01 1.606602980732310519e-05
8.800000000000000000e+01 1.271378311101661918e-05
8.900000000000000000e+01 1.008749949367359209e-05
9.000000000000000000e+01 8.024340414467645878e-06
9.100000000000000000e+01 6.399229492336738278e-06
9.200000000000000000e+01 5.115814427449489184e-06
9.300000000000000000e+01 4.099658072108438275e-06
9.400000000000000000e+01 3.241407728599604118e-06
9.500000000000000000e+01 2.525740714156672620e-06
9.600000000000000000e+01 1.973208536722988845e-06
9.700000000000000000e+01 1.545478716520603754e-06
9.800000000000000000e+01 1.213490304145774886e-06
9.900000000000000000e+01 9.551485788182539472e-07
1.000000000000000000e+02 7.536082732305941503e-07
1.010000000000000000e+02 5.959912349303218638e-07
1.020000000000000000e+02 4.724257670797950033e-07
1.030000000000000000e+02 3.753248767584487140e-07
1.040000000000000000e+02 2.988424823594059775e-07
