1.221799999999999287e+01 7.329680088096187873e+00
1.321799999999999287e+01 7.323103064495603221e+00
1.421799999999999287e+01 7.030038374197539852e+00
1.521799999999999287e+01 6.503356362712181316e+00
1.621799999999999287e+01 5.850617773923423748e+00
1.721799999999999287e+01 5.122639428206354317e+00
1.821799999999999287e+01 4.416636509887325701e+00
1.921799999999999287e+01 3.748442168930493423e+00
2.021799999999999287e+01 3.159713679444311474e+00
2.121799999999999287e+01 2.643499148565815027e+00
2.221799999999999287e+01 2.229483915852056075e+00
2.321799999999999287e+01 1.877831698074463151e+00
2.421799999999999287e+01 1.578554056154357843e+00
2.521799999999999287e+01 1.336155590076627986e+00
2.621799999999999287e+01 1.125346038546679361e+00
2.721799999999999287e+01 9.425322473275108415e-01
2.821799999999999287e+01 7.943990482114282603e-01
2.921799999999999287e+01 6.612927053559171098e-01
3.021799999999999287e+01 5.433069956068415918e-01
3.121799999999999287e+01 4.491946590395229366e-01
3.221799999999998931e+01 3.641405153284196228e-01
3.321799999999998931e+01 2.890927828898974816e-01
3.421799999999998931e+01 2.310674631417440894e-01
3.521799999999998931e+01 1.858689000783033118e-01
3.621799999999998931e+01 1.504139081307873937e-01
3.721799999999998931e+01 1.199987546317419218e-01
3.821799999999998931e+01 9.426947986054072526e-02
3.921799999999998931e+01 7.451456275157970766e-02
4.021799999999998931e+01 5.924525645011023689e-02
4.121799999999998931e+01 4.675064362454892791e-02
4.221799999999998931e+01 3.657993726800971845e-02
4.321799999999998931e+01 2.878500765225416869e-02
4.421799999999998931e+01 2.277434853441991092e-02
4.521799999999998931e+01 1.811245919548832434e-02
4.621799999999998931e+01 1.423408240880939812e-02
4.721799999999998931e+01 1.104096560912184999e-02
4.821799999999998931e+01 8.609440853898649160e-03
4.921799999999998931e+01 6.747454119519910413e-03
5.021799999999998931e+01 5.313912647925084741e-03
5.121799999999998931e+01 4.204514699067565461e-03
5.221799999999998931e+01 3.281841153986437068e-03
5.321799999999998931e+01 2.523883202644522893e-03
5.421799999999998931e+01 1.950412102638757845e-03
5.521799999999998931e+01 1.514302314169740059e-03
5.621799999999998931e+01 1.181015461880801070e-03
5.721799999999998931e+01 9.250961910539391968e-04
5.821799999999998931e+01 7.276818892609367932e-04
5.921799999999998931e+01 5.652358506725369469e-04
6.021799999999998931e+01 4.330316233520929334e-04
6.121799999999998931e+01 3.331970783886550793e-04
6.221799999999998931e+01 2.574622351195181703e-04
6.321799999999998931e+01 1.997554691918192139e-04
6.421799999999998931e+01 1.555970442780570454e-04
6.521799999999998931e+01 1.216658796582143203e-04
6.621799999999998931e+01 9.387906841150051799e-05
6.721799999999998931e+01 7.138958304944415087e-05
6.821799999999998931e+01 5.450616664402848797e-05
6.921799999999998931e+01 4.177829261113947992e-05
7.021799999999998931e+01 3.214413038405966453e-05
7.121799999999998931e+01 2.482289046919974732e-05
7.221799999999998931e+01 1.923793052811578248e-05
7.321799999999998931e+01 1.496156964605767981e-05
7.421799999999998931e+01 1.147687995184669242e-05
7.521799999999998931e+01 8.671707133672393238e-06
7.621799999999998931e+01 6.576327238384977275e-06
7.721799999999998931e+01 5.005170176459471515e-06
7.821799999999998931e+01 3.822707423088790419e-06
7.921799999999998931e+01 2.929555442134238012e-06
8.021799999999998931e+01 2.252547401408855530e-06
8.121799999999998931e+01 1.737609499044533964e-06
8.221799999999998931e+01 1.344628213297252416e-06
8.321799999999998931e+01 1.025284592237554163e-06
8.421799999999998931e+01 7.691974905006977779e-07
8.521799999999998931e+01 5.790242152350592096e-07
8.621799999999998931e+01 4.373075856190594996e-07
8.721799999999998931e+01 3.313415188760617741e-07
8.821799999999998931e+01 2.518439582952434137e-07
8.921799999999998931e+01 1.920097927687249597e-07
9.021799999999998931e+01 1.468323469868074244e-07
9.121799999999998931e+01 1.126154439272537289e-07
9.221799999999998931e+01 8.662121700381402879e-08
9.321799999999998931e+01 6.553808440004699186e-08
9.421799999999998931e+01 4.869485116359976411e-08
9.521799999999998931e+01 3.629342791415946784e-08
9.621799999999998931e+01 2.713316033912526444e-08
9.721799999999998931e+01 2.034571179473868442e-08
9.821799999999998931e+01 1.530097182871245826e-08
9.921799999999998931e+01 1.154019295256754602e-08
1.002179999999999893e+02 8.728309337299608484e-09
1.012179999999999893e+02 6.619817394728148409e-09
1.022179999999999893e+02 5.034278505180014322e-09
1.032179999999999893e+02 3.838672164940156759e-09
