4.999999999999999237e-03 2.489037472086955404e+03
9.999999999999998473e-03 2.185739610882248144e+03
1.499999999999999771e-02 1.944260508146278653e+03
1.999999999999999695e-02 1.741496086496861608e+03
2.499999999999999445e-02 1.566831981329890368e+03
2.999999999999999195e-02 1.414053331953231918e+03
3.499999999999999639e-02 1.279093969197154820e+03
3.999999999999999389e-02 1.159014219767612303e+03
4.499999999999999140e-02 1.051611139566600514e+03
4.999999999999998890e-02 9.551627655146508005e+02
5.499999999999998640e-02 8.682775171443444151e+02
5.999999999999999084e-02 7.898181415246315282e+02
6.499999999999998834e-02 7.188469005210158684e+02
6.999999999999999278e-02 6.545333975392607044e+02
7.499999999999999722e-02 5.961923944201174663e+02
7.999999999999998779e-02 5.432012573958861594e+02
8.499999999999999223e-02 4.950319845630059490e+02
8.999999999999999667e-02 4.512105586583953709e+02
