1.900000000000000000e+01 8.254980914273082249e+01
2.000000000000000000e+01 9.668386723759851975e+01
2.100000000000000000e+01 1.120515310956271691e+02
2.200000000000000000e+01 1.286306702488973315e+02
2.300000000000000000e+01 1.467799146912900881e+02
2.400000000000000000e+01 1.669112451494916058e+02
2.500000000000000000e+01 1.891946929038510916e+02
2.600000000000000000e+01 2.134222499667159241e+02
2.700000000000000000e+01 2.411492560380197574e+02
2.800000000000000000e+01 2.728701092731496942e+02
2.900000000000000000e+01 3.074509631119427127e+02
3.000000000000000000e+01 3.429756145268412979e+02
3.100000000000000000e+01 3.790820075375557963e+02
3.200000000000000000e+01 4.176811862165050684e+02
3.300000000000000000e+01 4.602533244644486103e+02
3.400000000000000000e+01 5.071908996311719875e+02
3.500000000000000000e+01 5.573669351861177574e+02
3.600000000000000000e+01 6.109041776168309070e+02
3.700000000000000000e+01 6.679264225627490532e+02
3.800000000000000000e+01 7.282970363227431108e+02
3.900000000000000000e+01 7.920905490307827677e+02
4.000000000000000000e+01 8.596656735312618594e+02
4.100000000000000000e+01 9.311448848003421972e+02
4.200000000000000000e+01 1.007919248973972003e+03
4.300000000000000000e+01 1.090341164655262901e+03
4.400000000000000000e+01 1.177398119913483015e+03
4.500000000000000000e+01 1.269237802453923450e+03
4.600000000000000000e+01 1.366009167128368063e+03
4.700000000000000000e+01 1.455405691974917772e+03
4.800000000000000000e+01 1.535825814772541207e+03
4.900000000000000000e+01 1.618911786205849694e+03
5.000000000000000000e+01 1.704695442837107294e+03
5.100000000000000000e+01 1.793208353243662486e+03
5.200000000000000000e+01 1.884481825516220852e+03
5.300000000000000000e+01 1.971571353940319568e+03
5.400000000000000000e+01 2.053846553725154536e+03
5.500000000000000000e+01 2.137965360099051395e+03
5.600000000000000000e+01 2.223934749813453891e+03
5.700000000000000000e+01 2.311761600710773109e+03
5.800000000000000000e+01 2.401452694841073026e+03
5.900000000000000000e+01 2.493014721428365192e+03
6.000000000000000000e+01 2.567098113573583760e+03
6.100000000000000000e+01 2.622638347618505122e+03
6.200000000000000000e+01 2.678455328199839641e+03
6.300000000000000000e+01 2.734545972935863574e+03
6.400000000000000000e+01 2.790907281904169849e+03
6.500000000000000000e+01 2.847536334188076580e+03
6.600000000000000000e+01 2.904430284618340920e+03
6.700000000000000000e+01 2.930701502175176756e+03
6.800000000000000000e+01 2.926223626452034296e+03
6.900000000000000000e+01 2.921817346148945035e+03
7.000000000000000000e+01 2.917480510717439756e+03
7.100000000000000000e+01 2.913211063570157876e+03
7.200000000000000000e+01 2.909007036728109142e+03
7.300000000000000000e+01 2.904866545841982315e+03
7.400000000000000000e+01 2.900787785556674862e+03
7.500000000000000000e+01 2.870945467637978709e+03
7.600000000000000000e+01 2.816485817972462428e+03
7.700000000000000000e+01 2.763746607993959060e+03
7.800000000000000000e+01 2.712652323358974172e+03
7.900000000000000000e+01 2.663131669874917407e+03
8.000000000000000000e+01 2.615117288296372863e+03
8.100000000000000000e+01 2.568545491650002532e+03
8.200000000000000000e+01 2.523356023057657239e+03
8.300000000000000000e+01 2.479491832232335582e+03
8.400000000000000000e+01 2.415525174721743952e+03
8.500000000000000000e+01 2.333186848766541516e+03
8.600000000000000000e+01 2.254564328219408708e+03
8.700000000000000000e+01 2.179449824964166510e+03
8.800000000000000000e+01 2.107649362609099626e+03
8.900000000000000000e+01 2.038981715926175411e+03
9.000000000000000000e+01 1.973277442429684697e+03
9.100000000000000000e+01 1.910377997179748945e+03
9.200000000000000000e+01 1.850134922844762741e+03
9.300000000000000000e+01 1.792409107895543002e+03
9.400000000000000000e+01 1.729177701737485904e+03
9.500000000000000000e+01 1.661160979780940806e+03
9.600000000000000000e+01 1.596486959706495327e+03
9.700000000000000000e+01 1.534959233667261287e+03
9.800000000000000000e+01 1.476394784206563372e+03
9.900000000000000000e+01 1.420622947724529013e+03
1.000000000000000000e+02 1.367484467562971759e+03
1.010000000000000000e+02 1.316830628164862901e+03
1.020000000000000000e+02 1.268522462653560979e+03
1.030000000000000000e+02 1.222430026965772186e+03
1.040000000000000000e+02 1.178431734373053359e+03
