1.473707518796992133e+01 1.122017771355341438e+03
1.573707518796992133e+01 1.275082277491721015e+03
1.673707518796992133e+01 1.441231857122696510e+03
1.773707518796992133e+01 1.619517416035762608e+03
1.873707518796992133e+01 1.811129664685367061e+03
1.973707518796992133e+01 2.015563125964236860e+03
2.073707518796992133e+01 2.232546689112949934e+03
2.173707518796992133e+01 2.461915884146965254e+03
2.273707518796992133e+01 2.703498947964801118e+03
2.373707518796992133e+01 2.957244617837908663e+03
2.473707518796992133e+01 3.223232645817704451e+03
2.573707518796992133e+01 3.501588131305503794e+03
2.673707518796992133e+01 3.792433070478909030e+03
2.773707518796992133e+01 4.095757839804646210e+03
2.873707518796992133e+01 4.411559983412908878e+03
2.973707518796992133e+01 4.739563455471168709e+03
3.073707518796992133e+01 5.079667979057144294e+03
3.173707518796992133e+01 5.431290469579420460e+03
3.273707518796992133e+01 5.794149919488044361e+03
3.373707518796992133e+01 6.167159896787358775e+03
3.473707518796992133e+01 6.549988581035622701e+03
3.573707518796992133e+01 6.941425326094745287e+03
3.673707518796992133e+01 7.340521936030248071e+03
3.773707518796992133e+01 7.746000552428989977e+03
3.873707518796992133e+01 8.156177582178092962e+03
3.973707518796992133e+01 8.568783864179858938e+03
4.073707518796992133e+01 8.982202105438307626e+03
4.173707518796992133e+01 9.391827578499036463e+03
4.273707518796992133e+01 9.796674134211907585e+03
4.373707518796992133e+01 1.019143645508142981e+04
4.473707518796992133e+01 1.057336720996609256e+04
4.573707518796992133e+01 1.093895533136742961e+04
4.673707518796992133e+01 1.128473697488254948e+04
4.773707518796992133e+01 1.160787017945906882e+04
4.873707518796992133e+01 1.190497936755083902e+04
4.973707518796992133e+01 1.217470632969327926e+04
5.073707518796992133e+01 1.241361190208507469e+04
5.173707518796992133e+01 1.262042633711126109e+04
5.273707518796992133e+01 1.279239763941370256e+04
5.373707518796992133e+01 1.293032261142456809e+04
5.473707518796992133e+01 1.303000521296328407e+04
5.573707518796992133e+01 1.309235952254996664e+04
5.673707518796992133e+01 1.311756987003534778e+04
5.773707518796992133e+01 1.310531065235340793e+04
5.873707518796992133e+01 1.305585868704562381e+04
5.973707518796992133e+01 1.297423629746463121e+04
6.073707518796992133e+01 1.285836497031479121e+04
6.173707518796992133e+01 1.270977923385033137e+04
6.273707518796992133e+01 1.253304777757981719e+04
6.373707518796992133e+01 1.232568271700586411e+04
6.473707518796992133e+01 1.209463969432032172e+04
6.573707518796992133e+01 1.183853731804468771e+04
6.673707518796992133e+01 1.156223422895506883e+04
6.773707518796992133e+01 1.126781851124200512e+04
6.873707518796992133e+01 1.095653548264938763e+04
6.973707518796992133e+01 1.063471540766185717e+04
7.073707518796992133e+01 1.030191596647705592e+04
7.173707518796992133e+01 9.958933002931960800e+03
7.273707518796992133e+01 9.611020754128421686e+03
7.373707518796992133e+01 9.259767974443209823e+03
7.473707518796992133e+01 8.906329940816918679e+03
7.573707518796992133e+01 8.553655016004006029e+03
7.673707518796992133e+01 8.199575426805215102e+03
7.773707518796992133e+01 7.855249638450251950e+03
7.873707518796992133e+01 7.513099078138184268e+03
7.973707518796992133e+01 7.177060920236636775e+03
8.073707518796992133e+01 6.848305934291762242e+03
8.173707518796992133e+01 6.528026343764131525e+03
8.273707518796992133e+01 6.216991375410597357e+03
8.373707518796992133e+01 5.916482579047738909e+03
8.473707518796992133e+01 5.625540898212071625e+03
8.573707518796992133e+01 5.345674129325812828e+03
8.673707518796992133e+01 5.076778793270857932e+03
