1.000000000000000021e-03 2.242908384530218427e+03
1.051999999999999984e-03 2.255425706627445379e+03
1.106999999999999911e-03 2.266424677018258080e+03
1.163999999999999887e-03 2.275472425548888168e+03
1.224999999999999960e-03 2.281947270788767128e+03
1.288999999999999998e-03 2.287095090103243820e+03
1.356000000000000000e-03 2.289551338829705401e+03
1.427000000000000100e-03 2.289622327482503351e+03
1.500999999999999947e-03 2.288215061084952140e+03
1.579000000000000108e-03 2.283954681401939069e+03
1.661000000000000150e-03 2.278308077788677565e+03
1.747999999999999988e-03 2.269677198022760422e+03
1.839000000000000140e-03 2.259279671683563720e+03
1.935000000000000088e-03 2.245803851522352033e+03
2.034999999999999917e-03 2.230740625436195842e+03
2.141000000000000108e-03 2.213386235769552513e+03
2.252999999999999794e-03 2.193378225683522032e+03
2.370000000000000145e-03 2.172059612969440423e+03
2.492999999999999990e-03 2.148279356116052440e+03
2.623000000000000331e-03 2.122354488171511548e+03
2.759999999999999867e-03 2.094814097673018296e+03
2.903999999999999897e-03 2.065446328830534185e+03
3.054999999999999990e-03 2.034932159848983702e+03
3.213999999999999843e-03 2.002536111608455712e+03
3.380999999999999891e-03 1.969642836268136307e+03
3.556999999999999832e-03 1.935234095560278774e+03
3.742000000000000100e-03 1.900454881464728714e+03
3.936999999999999528e-03 1.864737405308570715e+03
4.142000000000000716e-03 1.828610795265810793e+03
4.357999999999999895e-03 1.792028370718878023e+03
4.585000000000000533e-03 1.756103415466354136e+03
4.824000000000000163e-03 1.719896956107374308e+03
5.074999999999999650e-03 1.684646439953485697e+03
5.338999999999999996e-03 1.650068699721756047e+03
5.616999999999999597e-03 1.616176408481663884e+03
5.908999999999999322e-03 1.583828015484114076e+03
6.217000000000000304e-03 1.552734399059881071e+03
6.540999999999999939e-03 1.523073457742452092e+03
6.880999999999999964e-03 1.495198168893445200e+03
7.239999999999999908e-03 1.469389546077301020e+03
7.617000000000000506e-03 1.445284062152123852e+03
8.012999999999999290e-03 1.423472971443378356e+03
8.429999999999999993e-03 1.403523538363023590e+03
8.868999999999998413e-03 1.386124809151808222e+03
9.330999999999999017e-03 1.370516658130961559e+03
9.816999999999999338e-03 1.357665679667429004e+03
1.032999999999999891e-02 1.346541401302115219e+03
1.086999999999999945e-02 1.338064766515813517e+03
1.143000000000000092e-02 1.331490166284582301e+03
1.203000000000000076e-02 1.327075374708349273e+03
1.264999999999999979e-02 1.324913796876326160e+03
1.330999999999999892e-02 1.324567091933220809e+03
1.400999999999999988e-02 1.325797508355424952e+03
1.473000000000000004e-02 1.329242283353927633e+03
1.549999999999999989e-02 1.333661609664369735e+03
1.631000000000000158e-02 1.340139675380481094e+03
1.715999999999999817e-02 1.347634967853602348e+03
1.805000000000000007e-02 1.356375917024716273e+03
1.898999999999999994e-02 1.366301803505128873e+03
1.997999999999999776e-02 1.376785701144282484e+03
2.101999999999999702e-02 1.388581224947804913e+03
2.212000000000000077e-02 1.400380739141600543e+03
2.326999999999999902e-02 1.413420036161417784e+03
2.447999999999999829e-02 1.425997251467526439e+03
2.574999999999999858e-02 1.439535283750177996e+03
2.708999999999999950e-02 1.452963629284872923e+03
2.850000000000000103e-02 1.466317670203824491e+03
2.998999999999999930e-02 1.479764109804498730e+03
3.155000000000000165e-02 1.492884033732436819e+03
3.318999999999999728e-02 1.505771738789372193e+03
3.491999999999999965e-02 1.518257198224839385e+03
3.673999999999999488e-02 1.530348889461092085e+03
3.864999999999999686e-02 1.541566349435688153e+03
4.066000000000000170e-02 1.552461011255536505e+03
4.277999999999999858e-02 1.562521365405505094e+03
4.500999999999999446e-02 1.571843090817117627e+03
4.734999999999999626e-02 1.580239063214921316e+03
4.982000000000000317e-02 1.587868721389639859e+03
5.240999999999999825e-02 1.594456623728018940e+03
5.513999999999999457e-02 1.600023957620192050e+03
5.800999999999999907e-02 1.604657510875190383e+03
6.102999999999999398e-02 1.607988159935300246e+03
6.421000000000000318e-02 1.610392828745290444e+03
6.755999999999999506e-02 1.611617778035330730e+03
7.106999999999999429e-02 1.611606463889229417e+03
7.477000000000000313e-02 1.610418945650572368e+03
7.867000000000000381e-02 1.608026287002865047e+03
8.276000000000000023e-02 1.604352839721484315e+03
8.707000000000000850e-02 1.599458364852217983e+03
9.160999999999999699e-02 1.593240331533147582e+03
9.637999999999999345e-02 1.585757758229980482e+03
1.014000000000000040e-01 1.577048072434185315e+03
1.067000000000000032e-01 1.567066468811957293e+03
1.122000000000000081e-01 1.555972882528479659e+03
1.180999999999999966e-01 1.543376987880601973e+03
1.242000000000000048e-01 1.529841282851599772e+03
1.307000000000000106e-01 1.514839242415191620e+03
1.375000000000000111e-01 1.498840933795419687e+03
1.446999999999999953e-01 1.481573450091776294e+03
1.522000000000000020e-01 1.463349845895118051e+03
1.600999999999999923e-01 1.444010245060816032e+03
1.683999999999999941e-01 1.423625964805232115e+03
1.771999999999999964e-01 1.402106854586636928e+03
1.864000000000000101e-01 1.379737750306817134e+03
1.960999999999999965e-01 1.356420004919221356e+03
2.064000000000000001e-01 1.331955222112210095e+03
2.170999999999999874e-01 1.307039549362710432e+03
2.283999999999999919e-01 1.281252075492997619e+03
2.403000000000000136e-01 1.254721038447032242e+03
2.528000000000000247e-01 1.227605787709129572e+03
2.660000000000000142e-01 1.199736307225058226e+03
2.798000000000000487e-01 1.171512696426102821e+03
2.943999999999999950e-01 1.142635753796113704e+03
3.096999999999999753e-01 1.113439187900182105e+03
3.259000000000000230e-01 1.083747083978457340e+03
3.427999999999999936e-01 1.054002665587370075e+03
3.606999999999999651e-01 1.023829380506416101e+03
3.795000000000000040e-01 9.935272480086628093e+02
3.991999999999999993e-01 9.632136909102423488e+02
4.200000000000000400e-01 9.327191284750645082e+02
4.419000000000000150e-01 9.021818515795584972e+02
4.649000000000000354e-01 8.717916230252333207e+02
4.891000000000000347e-01 8.415073217111562371e+02
5.144999999999999574e-01 8.115188692753026771e+02
5.413000000000000034e-01 7.816650692175562654e+02
5.695000000000000062e-01 7.521319913168260882e+02
5.992000000000000659e-01 7.228495401741811293e+02
6.304000000000000714e-01 6.939992212204847419e+02
6.632000000000000117e-01 6.655794669580313894e+02
6.976999999999999869e-01 6.375967393355001605e+02
7.340999999999999748e-01 6.101236146834819465e+02
7.722999999999999865e-01 5.832080902567923886e+02
8.125000000000000000e-01 5.570065676852099159e+02
8.548000000000000043e-01 5.313656871239516022e+02
8.992999999999999883e-01 5.064658150115385524e+02
9.460999999999999410e-01 4.821837961939730803e+02
9.954000000000000625e-01 4.586040872721771393e+02
1.046999999999999931e+00 4.358402793952038792e+02
1.101999999999999869e+00 4.134851265657441672e+02
1.159000000000000030e+00 3.922878114080840533e+02
1.219000000000000083e+00 3.717812011785180175e+02
1.283000000000000140e+00 3.519053327410781549e+02
1.350000000000000089e+00 3.328615270013816598e+02
1.419999999999999929e+00 3.148720767439401698e+02
1.493999999999999995e+00 2.974575261204849994e+02
1.572000000000000064e+00 2.808736178690261340e+02
1.654000000000000137e+00 2.650274171231455966e+02
1.739999999999999991e+00 2.499940103035938819e+02
1.830000000000000071e+00 2.358890320805464285e+02
1.925999999999999934e+00 2.223130763202922822e+02
2.025999999999999801e+00 2.098057959568699857e+02
2.131000000000000227e+00 1.980159034379523746e+02
2.241999999999999993e+00 1.870641668616605671e+02
2.358999999999999986e+00 1.766996538926525204e+02
2.481999999999999762e+00 1.670904156452857592e+02
2.611000000000000210e+00 1.581066878467298125e+02
2.746999999999999886e+00 1.496775838975805755e+02
2.890000000000000124e+00 1.418904513022954461e+02
3.040999999999999925e+00 1.345767087820356096e+02
3.198999999999999844e+00 1.279100760397634815e+02
3.366000000000000103e+00 1.217470426364760101e+02
3.540999999999999925e+00 1.161589243585820554e+02
3.725000000000000089e+00 1.111070163590543984e+02
3.918999999999999595e+00 1.065219275828524133e+02
4.123000000000000220e+00 1.024746659047492869e+02
4.338000000000000078e+00 9.878806565055521105e+01
4.564000000000000057e+00 9.558949446711798714e+01
4.801000000000000156e+00 9.273196274125800187e+01
5.051000000000000156e+00 9.021447591375051900e+01
5.314000000000000057e+00 8.805569310901343272e+01
5.590999999999999304e+00 8.613939315927584062e+01
5.881999999999999673e+00 8.453528179367488349e+01
6.187999999999999723e+00 8.317491326064508428e+01
6.511000000000000121e+00 8.201243206380283368e+01
6.850000000000000533e+00 8.109643042198877083e+01
7.205999999999999517e+00 8.031195753850984431e+01
7.581999999999999851e+00 7.971357933352450686e+01
7.976000000000000867e+00 7.924013184257118780e+01
8.391999999999999460e+00 7.887730040571221934e+01
8.829000000000000625e+00 7.863122638044737300e+01
9.288000000000000256e+00 7.844393854973549196e+01
9.772000000000000242e+00 7.834118644029430811e+01
1.027999999999999936e+01 7.826907237962220165e+01
1.082000000000000028e+01 7.823377204145927521e+01
1.137999999999999901e+01 7.821061553702290325e+01
1.196999999999999886e+01 7.818116474471140975e+01
1.259999999999999964e+01 7.813813694253579456e+01
1.325000000000000000e+01 7.805662264665180317e+01
1.393999999999999950e+01 7.792672155422008018e+01
1.466999999999999993e+01 7.773734776752442599e+01
1.542999999999999972e+01 7.747258638331121006e+01
1.623000000000000043e+01 7.712491951066783713e+01
1.708000000000000185e+01 7.667262035999324610e+01
1.796999999999999886e+01 7.611790218394011731e+01
1.889999999999999858e+01 7.544371409731333245e+01
1.989000000000000057e+01 7.464027814471353395e+01
2.092000000000000171e+01 7.370088320104071045e+01
2.200999999999999801e+01 7.261492758998649322e+01
2.316000000000000014e+01 7.137073841665620932e+01
2.437000000000000099e+01 6.996979785976020594e+01
2.562999999999999901e+01 6.842240487304789553e+01
2.697000000000000242e+01 6.668602471464362225e+01
2.837000000000000099e+01 6.478308652305000237e+01
2.985000000000000142e+01 6.269718539124215084e+01
3.139999999999999858e+01 6.045106147429552834e+01
3.303999999999999915e+01 5.801555830796282009e+01
3.475999999999999801e+01 5.540040221249910246e+01
3.657000000000000028e+01 5.261511655129764620e+01
3.846999999999999886e+01 4.966435655298337792e+01
4.048000000000000398e+01 4.654285085354543128e+01
4.259000000000000341e+01 4.327116145495006094e+01
4.479999999999999716e+01 3.988607186819618278e+01
4.714000000000000057e+01 3.635714657724773247e+01
4.959000000000000341e+01 3.277359209178095512e+01
5.217000000000000171e+01 2.914746078975919374e+01
5.489000000000000057e+01 2.553326323824946087e+01
5.775000000000000000e+01 2.199470606457511224e+01
6.075000000000000000e+01 1.861495471255619805e+01
6.392000000000000171e+01 1.544616096051518639e+01
6.723999999999999488e+01 1.256688469976205624e+01
7.075000000000000000e+01 1.000449316875064198e+01
7.442999999999999261e+01 7.812020183773356052e+00
7.829999999999999716e+01 5.981909862261147737e+00
8.237999999999999545e+01 4.501840455693482568e+00
8.667000000000000171e+01 3.331865341884338250e+00
9.117999999999999261e+01 2.441434765505377413e+00
9.593000000000000682e+01 1.767869767427999506e+00
1.009000000000000057e+02 1.276642995552164095e+00
1.062000000000000028e+02 9.126266841425607623e-01
1.116999999999999886e+02 6.502560444440659282e-01
1.175000000000000000e+02 4.589160595151522415e-01
1.236000000000000085e+02 3.154531532948769978e-01
1.300999999999999943e+02 2.100687378544900952e-01
1.369000000000000057e+02 1.349690834699033282e-01
1.440000000000000000e+02 8.381343939459284798e-02
1.515000000000000000e+02 4.986007008743265079e-02
1.593999999999999773e+02 2.898750261685800744e-02
1.676999999999999886e+02 1.632848594740515802e-02
1.764000000000000057e+02 9.101007099393848554e-03
1.855999999999999943e+02 4.983600661330175874e-03
1.952000000000000171e+02 2.636728394627446681e-03
2.054000000000000057e+02 1.338875684691168133e-03
2.160999999999999943e+02 6.361312015580669610e-04
2.273999999999999773e+02 2.930831124014487976e-04
2.391999999999999886e+02 1.250005891662814110e-04
2.516999999999999886e+02 5.729157410906595554e-05
2.647999999999999545e+02 2.287048016360693041e-05
2.785000000000000000e+02 9.892829449229250272e-06
2.930000000000000000e+02 3.557732107097838600e-06
3.083000000000000114e+02 1.346220217748981141e-06
3.244000000000000341e+02 4.525321534093019549e-07
3.411999999999999886e+02 1.462567978071280229e-07
3.590000000000000000e+02 4.597328094188721126e-08
3.776999999999999886e+02 1.171473763970953165e-08
3.973999999999999773e+02 3.566243904367867961e-09
4.181000000000000227e+02 7.253339813306845866e-10
4.398000000000000114e+02 2.181086227784072806e-10
4.626999999999999886e+02 2.977830010166809746e-11
4.868000000000000114e+02 8.615103506887738198e-12
5.122000000000000455e+02 8.478163309312414464e-13
5.387999999999999545e+02 2.589367484714730675e-13
5.668999999999999773e+02 1.523405599839355459e-14
5.964000000000000909e+02 4.982232400477541746e-15
6.275000000000000000e+02 5.554708776757642950e-16
6.601000000000000227e+02 7.270747280234633818e-17
6.945000000000000000e+02 1.184225539654883936e-17
7.307000000000000455e+02 4.568566828492032309e-19
7.687000000000000455e+02 9.029062197373270463e-20
8.087999999999999545e+02 2.071174865161047088e-21
8.508999999999999773e+02 4.877447816313087650e-22
8.952000000000000455e+02 4.029100330079233471e-24
9.417999999999999545e+02 1.042694238275534884e-24
9.908000000000000682e+02 4.079929564356667063e-27
1.042000000000000000e+03 1.192794622577336690e-27
1.097000000000000000e+03 2.023778690810551639e-30
1.154000000000000000e+03 6.185926833612580701e-31
1.214000000000000000e+03 3.400426249978089508e-34
1.277000000000000000e+03 1.139151145008092496e-34
1.344000000000000000e+03 1.262253126016066178e-36
1.414000000000000000e+03 1.041370267230885571e-38
1.487000000000000000e+03 1.248807024760724531e-39
1.565000000000000000e+03 2.870042210035273530e-43
1.646000000000000000e+03 5.348919089878296497e-44
1.732000000000000000e+03 2.081039996536866096e-48
1.822000000000000000e+03 4.908141397274462442e-49
1.917000000000000000e+03 3.819652516044704990e-54
2.017000000000000000e+03 1.055404599438650442e-54
2.122000000000000000e+03 1.557001900498756394e-60
2.232000000000000000e+03 4.933442866592391373e-61
2.348000000000000000e+03 1.103705054686979650e-67
2.470000000000000000e+03 3.913880190883242012e-68
2.599000000000000000e+03 1.057766067327533526e-75
2.734000000000000000e+03 4.056333839244875845e-76
2.877000000000000000e+03 1.607756663923155872e-84
3.027000000000000000e+03 6.845445016130750141e-85
3.184000000000000000e+03 4.364281820807807534e-86
3.350000000000000000e+03 8.612175195457287506e-95
3.524000000000000000e+03 1.365854209212867756e-95
3.708000000000000000e+03 8.365841096283733293e-106
3.901000000000000000e+03 1.916023340825097761e-106
4.104000000000000000e+03 4.589677912464700964e-118
4.318000000000000000e+03 1.316603119065655294e-118
4.543000000000000000e+03 1.081259756205614420e-131
4.779000000000000000e+03 3.670065750580003548e-132
5.028000000000000000e+03 5.315100631734944633e-147
5.290000000000000000e+03 2.026648530770921424e-147
5.565000000000000000e+03 5.463702928809009397e-164
5.855000000000000000e+03 2.306242565094912433e-164
6.160000000000000000e+03 6.198355692171418768e-183
6.481000000000000000e+03 2.820568133724863433e-183
6.818000000000000000e+03 5.365241270380611291e-204
7.173000000000000000e+03 2.687387813453772217e-204
7.547000000000000000e+03 2.792522020741728588e-205
7.940000000000000000e+03 8.793307261026811620e-228
8.353000000000000000e+03 1.732825574527920580e-228
8.788000000000000000e+03 5.157725627189974984e-254
9.246000000000000000e+03 1.389184235682645707e-254
9.727000000000000000e+03 3.411642415769942122e-283
1.023000000000000000e+04 1.146682192255136329e-283
1.077000000000000000e+04 1.184937233064575651e-315
1.133000000000000000e+04 4.443514611640517544e-316
1.192000000000000000e+04 0.000000000000000000e+00
1.254000000000000000e+04 0.000000000000000000e+00
1.319000000000000000e+04 0.000000000000000000e+00
1.388000000000000000e+04 0.000000000000000000e+00
1.460000000000000000e+04 0.000000000000000000e+00
1.536000000000000000e+04 0.000000000000000000e+00
1.616000000000000000e+04 0.000000000000000000e+00
1.700000000000000000e+04 0.000000000000000000e+00
1.789000000000000000e+04 0.000000000000000000e+00
1.882000000000000000e+04 0.000000000000000000e+00
1.980000000000000000e+04 0.000000000000000000e+00
2.083000000000000000e+04 0.000000000000000000e+00
2.191000000000000000e+04 0.000000000000000000e+00
2.305000000000000000e+04 0.000000000000000000e+00
2.425000000000000000e+04 0.000000000000000000e+00
2.552000000000000000e+04 0.000000000000000000e+00
2.684000000000000000e+04 0.000000000000000000e+00
2.824000000000000000e+04 0.000000000000000000e+00
2.971000000000000000e+04 0.000000000000000000e+00
3.126000000000000000e+04 0.000000000000000000e+00
3.289000000000000000e+04 0.000000000000000000e+00
3.460000000000000000e+04 0.000000000000000000e+00
3.640000000000000000e+04 0.000000000000000000e+00
3.830000000000000000e+04 0.000000000000000000e+00
4.029000000000000000e+04 0.000000000000000000e+00
4.239000000000000000e+04 0.000000000000000000e+00
4.460000000000000000e+04 0.000000000000000000e+00
4.692000000000000000e+04 0.000000000000000000e+00
4.936000000000000000e+04 0.000000000000000000e+00
5.193000000000000000e+04 0.000000000000000000e+00
5.464000000000000000e+04 0.000000000000000000e+00
5.748000000000000000e+04 0.000000000000000000e+00
6.047000000000000000e+04 0.000000000000000000e+00
6.362000000000000000e+04 0.000000000000000000e+00
6.693000000000000000e+04 0.000000000000000000e+00
7.042000000000000000e+04 0.000000000000000000e+00
7.409000000000000000e+04 0.000000000000000000e+00
7.794000000000000000e+04 0.000000000000000000e+00
8.200000000000000000e+04 0.000000000000000000e+00
8.627000000000000000e+04 0.000000000000000000e+00
9.076000000000000000e+04 0.000000000000000000e+00
9.549000000000000000e+04 0.000000000000000000e+00
1.005000000000000000e+05 0.000000000000000000e+00
1.057000000000000000e+05 0.000000000000000000e+00
1.112000000000000000e+05 0.000000000000000000e+00
1.170000000000000000e+05 0.000000000000000000e+00
1.231000000000000000e+05 0.000000000000000000e+00
1.295000000000000000e+05 0.000000000000000000e+00
1.362000000000000000e+05 0.000000000000000000e+00
1.433000000000000000e+05 0.000000000000000000e+00
1.508000000000000000e+05 0.000000000000000000e+00
1.586000000000000000e+05 0.000000000000000000e+00
1.669000000000000000e+05 0.000000000000000000e+00
1.756000000000000000e+05 0.000000000000000000e+00
1.847000000000000000e+05 0.000000000000000000e+00
1.943000000000000000e+05 0.000000000000000000e+00
2.045000000000000000e+05 0.000000000000000000e+00
2.151000000000000000e+05 0.000000000000000000e+00
2.263000000000000000e+05 0.000000000000000000e+00
2.381000000000000000e+05 0.000000000000000000e+00
2.505000000000000000e+05 0.000000000000000000e+00
2.635000000000000000e+05 0.000000000000000000e+00
2.773000000000000000e+05 0.000000000000000000e+00
2.917000000000000000e+05 0.000000000000000000e+00
3.069000000000000000e+05 0.000000000000000000e+00
3.229000000000000000e+05 0.000000000000000000e+00
3.397000000000000000e+05 0.000000000000000000e+00
3.574000000000000000e+05 0.000000000000000000e+00
3.760000000000000000e+05 0.000000000000000000e+00
3.955000000000000000e+05 0.000000000000000000e+00
4.161000000000000000e+05 0.000000000000000000e+00
4.378000000000000000e+05 0.000000000000000000e+00
4.606000000000000000e+05 0.000000000000000000e+00
4.846000000000000000e+05 0.000000000000000000e+00
5.098000000000000000e+05 0.000000000000000000e+00
5.364000000000000000e+05 0.000000000000000000e+00
5.643000000000000000e+05 0.000000000000000000e+00
5.937000000000000000e+05 0.000000000000000000e+00
6.246000000000000000e+05 0.000000000000000000e+00
6.571000000000000000e+05 0.000000000000000000e+00
6.913000000000000000e+05 0.000000000000000000e+00
7.273000000000000000e+05 0.000000000000000000e+00
7.652000000000000000e+05 0.000000000000000000e+00
8.050000000000000000e+05 0.000000000000000000e+00
8.469000000000000000e+05 0.000000000000000000e+00
8.910000000000000000e+05 0.000000000000000000e+00
9.374000000000000000e+05 0.000000000000000000e+00
9.863000000000000000e+05 0.000000000000000000e+00
1.038000000000000000e+06 0.000000000000000000e+00
1.092000000000000000e+06 0.000000000000000000e+00
1.148000000000000000e+06 0.000000000000000000e+00
1.208000000000000000e+06 0.000000000000000000e+00
1.271000000000000000e+06 0.000000000000000000e+00
1.337000000000000000e+06 0.000000000000000000e+00
1.407000000000000000e+06 0.000000000000000000e+00
1.480000000000000000e+06 0.000000000000000000e+00
1.557000000000000000e+06 0.000000000000000000e+00
1.638000000000000000e+06 0.000000000000000000e+00
1.724000000000000000e+06 0.000000000000000000e+00
1.814000000000000000e+06 0.000000000000000000e+00
1.908000000000000000e+06 0.000000000000000000e+00
2.007000000000000000e+06 0.000000000000000000e+00
2.112000000000000000e+06 0.000000000000000000e+00
2.222000000000000000e+06 0.000000000000000000e+00
2.337000000000000000e+06 0.000000000000000000e+00
2.459000000000000000e+06 0.000000000000000000e+00
2.587000000000000000e+06 0.000000000000000000e+00
2.722000000000000000e+06 0.000000000000000000e+00
2.864000000000000000e+06 0.000000000000000000e+00
3.013000000000000000e+06 0.000000000000000000e+00
3.170000000000000000e+06 0.000000000000000000e+00
3.335000000000000000e+06 0.000000000000000000e+00
3.508000000000000000e+06 0.000000000000000000e+00
3.691000000000000000e+06 0.000000000000000000e+00
3.883000000000000000e+06 0.000000000000000000e+00
4.085000000000000000e+06 0.000000000000000000e+00
4.298000000000000000e+06 0.000000000000000000e+00
4.522000000000000000e+06 0.000000000000000000e+00
4.757000000000000000e+06 0.000000000000000000e+00
5.005000000000000000e+06 0.000000000000000000e+00
5.266000000000000000e+06 0.000000000000000000e+00
5.540000000000000000e+06 0.000000000000000000e+00
5.828000000000000000e+06 0.000000000000000000e+00
6.132000000000000000e+06 0.000000000000000000e+00
6.451000000000000000e+06 0.000000000000000000e+00
6.787000000000000000e+06 0.000000000000000000e+00
7.140000000000000000e+06 0.000000000000000000e+00
7.512000000000000000e+06 0.000000000000000000e+00
7.903000000000000000e+06 0.000000000000000000e+00
8.315000000000000000e+06 0.000000000000000000e+00
8.748000000000000000e+06 0.000000000000000000e+00
9.203000000000000000e+06 0.000000000000000000e+00
9.682000000000000000e+06 0.000000000000000000e+00
1.019000000000000000e+07 0.000000000000000000e+00
1.072000000000000000e+07 0.000000000000000000e+00
1.127000000000000000e+07 0.000000000000000000e+00
1.186000000000000000e+07 0.000000000000000000e+00
1.248000000000000000e+07 0.000000000000000000e+00
1.313000000000000000e+07 0.000000000000000000e+00
1.381000000000000000e+07 0.000000000000000000e+00
1.453000000000000000e+07 0.000000000000000000e+00
1.529000000000000000e+07 0.000000000000000000e+00
1.608000000000000000e+07 0.000000000000000000e+00
1.692000000000000000e+07 0.000000000000000000e+00
1.780000000000000000e+07 0.000000000000000000e+00
1.873000000000000000e+07 0.000000000000000000e+00
1.971000000000000000e+07 0.000000000000000000e+00
2.073000000000000000e+07 0.000000000000000000e+00
2.181000000000000000e+07 0.000000000000000000e+00
2.295000000000000000e+07 0.000000000000000000e+00
2.414000000000000000e+07 0.000000000000000000e+00
2.540000000000000000e+07 0.000000000000000000e+00
2.672000000000000000e+07 0.000000000000000000e+00
2.811000000000000000e+07 0.000000000000000000e+00
2.958000000000000000e+07 0.000000000000000000e+00
3.112000000000000000e+07 0.000000000000000000e+00
3.274000000000000000e+07 0.000000000000000000e+00
3.444000000000000000e+07 0.000000000000000000e+00
3.623000000000000000e+07 0.000000000000000000e+00
3.812000000000000000e+07 0.000000000000000000e+00
4.011000000000000000e+07 0.000000000000000000e+00
4.219000000000000000e+07 0.000000000000000000e+00
4.439000000000000000e+07 0.000000000000000000e+00
4.670000000000000000e+07 0.000000000000000000e+00
4.913000000000000000e+07 0.000000000000000000e+00
5.169000000000000000e+07 0.000000000000000000e+00
5.438000000000000000e+07 0.000000000000000000e+00
5.722000000000000000e+07 0.000000000000000000e+00
6.019000000000000000e+07 0.000000000000000000e+00
6.333000000000000000e+07 0.000000000000000000e+00
6.663000000000000000e+07 0.000000000000000000e+00
7.010000000000000000e+07 0.000000000000000000e+00
7.375000000000000000e+07 0.000000000000000000e+00
7.759000000000000000e+07 0.000000000000000000e+00
8.163000000000000000e+07 0.000000000000000000e+00
8.588000000000000000e+07 0.000000000000000000e+00
9.035000000000000000e+07 0.000000000000000000e+00
9.505000000000000000e+07 0.000000000000000000e+00
1.000000000000000000e+08 0.000000000000000000e+00
