1.000000000000000021e-03 2.885717944286654074e+03
1.051999999999999984e-03 2.954734613690199694e+03
1.106999999999999911e-03 2.991421488131624756e+03
1.163999999999999887e-03 3.066127262866222281e+03
1.224999999999999960e-03 3.093362860699670819e+03
1.288999999999999998e-03 3.170032980281784148e+03
1.356000000000000000e-03 3.225842986476090573e+03
1.427000000000000100e-03 3.258585422424320313e+03
1.500999999999999947e-03 3.333230907692388428e+03
1.579000000000000108e-03 3.347016713257194169e+03
1.661000000000000150e-03 3.413351568461403076e+03
1.747999999999999988e-03 3.455539706992636184e+03
1.839000000000000140e-03 3.488445450625627018e+03
1.935000000000000088e-03 3.551520575709759214e+03
2.034999999999999917e-03 3.547100189507718369e+03
2.141000000000000108e-03 3.635699344658320115e+03
2.252999999999999794e-03 3.615473897356943780e+03
2.370000000000000145e-03 3.690788268877334303e+03
2.492999999999999990e-03 3.679579308208374641e+03
2.623000000000000331e-03 3.732380764047450612e+03
2.759999999999999867e-03 3.720193837636692024e+03
2.903999999999999897e-03 3.748825535600481999e+03
3.054999999999999990e-03 3.728898890981045042e+03
3.213999999999999843e-03 3.760935561175150724e+03
3.380999999999999891e-03 3.731219825466126622e+03
3.556999999999999832e-03 3.733326183297128864e+03
3.742000000000000100e-03 3.706369570583191944e+03
3.936999999999999528e-03 3.699134603965300812e+03
4.142000000000000716e-03 3.659991980709541622e+03
4.357999999999999895e-03 3.635885948884998925e+03
4.585000000000000533e-03 3.571716030445963952e+03
4.824000000000000163e-03 3.554870873843668051e+03
5.074999999999999650e-03 3.470447574757468828e+03
5.338999999999999996e-03 3.441715462117087554e+03
5.616999999999999597e-03 3.359234101597927292e+03
5.908999999999999322e-03 3.302288328343505327e+03
6.217000000000000304e-03 3.225002254764505778e+03
6.540999999999999939e-03 3.140769206208664855e+03
6.880999999999999964e-03 3.075387111888505387e+03
7.239999999999999908e-03 2.979021268866362789e+03
7.617000000000000506e-03 2.918182936962783515e+03
8.012999999999999290e-03 2.815620214309819403e+03
8.429999999999999993e-03 2.753777167348407602e+03
8.868999999999998413e-03 2.650741373905817454e+03
9.330999999999999017e-03 2.595340456322591763e+03
9.816999999999999338e-03 2.492297845140563822e+03
1.032999999999999891e-02 2.436607233645064753e+03
1.086999999999999945e-02 2.348337221905425849e+03
1.143000000000000092e-02 2.293183261502835649e+03
1.203000000000000076e-02 2.217008337739425770e+03
1.264999999999999979e-02 2.164546236505516390e+03
1.330999999999999892e-02 2.107698831840514686e+03
1.400999999999999988e-02 2.052810913857141259e+03
1.473000000000000004e-02 2.014080478720560222e+03
1.549999999999999989e-02 1.967414269787712783e+03
1.631000000000000158e-02 1.938186535950685993e+03
1.715999999999999817e-02 1.903319224325790628e+03
1.805000000000000007e-02 1.882818761143721076e+03
1.898999999999999994e-02 1.862637262871194707e+03
1.997999999999999776e-02 1.848224414209390943e+03
2.101999999999999702e-02 1.840007162884405716e+03
2.212000000000000077e-02 1.831774175999791396e+03
2.326999999999999902e-02 1.834716378098004952e+03
2.447999999999999829e-02 1.833370846874180643e+03
2.574999999999999858e-02 1.840781379427523007e+03
2.708999999999999950e-02 1.850976900513527198e+03
2.850000000000000103e-02 1.865239593230392074e+03
2.998999999999999930e-02 1.879412006026316249e+03
3.155000000000000165e-02 1.899578140422309389e+03
3.318999999999999728e-02 1.916190994482973565e+03
3.491999999999999965e-02 1.942505389151664303e+03
3.673999999999999488e-02 1.965062065510009234e+03
3.864999999999999686e-02 1.992978137026390868e+03
4.066000000000000170e-02 2.018603812853972840e+03
4.277999999999999858e-02 2.045101837078379958e+03
4.500999999999999446e-02 2.075601208492931619e+03
4.734999999999999626e-02 2.101269726825720227e+03
4.982000000000000317e-02 2.133202705019591576e+03
5.240999999999999825e-02 2.160266550039890717e+03
5.513999999999999457e-02 2.191707407036542463e+03
5.800999999999999907e-02 2.220988372646786502e+03
6.102999999999999398e-02 2.248686086909612186e+03
6.421000000000000318e-02 2.276026019929141512e+03
6.755999999999999506e-02 2.303953350329508339e+03
7.106999999999999429e-02 2.331277019420062061e+03
7.477000000000000313e-02 2.354066677778865142e+03
7.867000000000000381e-02 2.381336404187822609e+03
8.276000000000000023e-02 2.404117339304392772e+03
8.707000000000000850e-02 2.427973904655836577e+03
9.160999999999999699e-02 2.445722540857470904e+03
9.637999999999999345e-02 2.468813406610612219e+03
1.014000000000000040e-01 2.484115519424085505e+03
1.067000000000000032e-01 2.496677547111748936e+03
1.122000000000000081e-01 2.515523816575865567e+03
1.180999999999999966e-01 2.523045280003623702e+03
1.242000000000000048e-01 2.539012628421285171e+03
1.307000000000000106e-01 2.541367545865207831e+03
1.375000000000000111e-01 2.551324556280691922e+03
1.446999999999999953e-01 2.551970213336645429e+03
1.522000000000000020e-01 2.556970115347030514e+03
1.600999999999999923e-01 2.552845981068848687e+03
1.683999999999999941e-01 2.555007274247380337e+03
1.771999999999999964e-01 2.544608450003028338e+03
1.864000000000000101e-01 2.542346741361473505e+03
1.960999999999999965e-01 2.527485619457598204e+03
2.064000000000000001e-01 2.522255472699327584e+03
2.170999999999999874e-01 2.502533966996452364e+03
2.283999999999999919e-01 2.488260472239996488e+03
2.403000000000000136e-01 2.468800501303660440e+03
2.528000000000000247e-01 2.447073954464666713e+03
2.660000000000000142e-01 2.425111228990695054e+03
2.798000000000000487e-01 2.398195324361387975e+03
2.943999999999999950e-01 2.372570661518789166e+03
3.096999999999999753e-01 2.341698688972557648e+03
3.259000000000000230e-01 2.310550880614416656e+03
3.427999999999999936e-01 2.275986562399551076e+03
3.606999999999999651e-01 2.242945087401335513e+03
3.795000000000000040e-01 2.202292068650170222e+03
3.991999999999999993e-01 2.167467585333251009e+03
4.200000000000000400e-01 2.123105131555267690e+03
4.419000000000000150e-01 2.085393803060307164e+03
4.649000000000000354e-01 2.037522745398046254e+03
4.891000000000000347e-01 1.996626001240964342e+03
5.144999999999999574e-01 1.948403573770304774e+03
5.413000000000000034e-01 1.902634840985013398e+03
5.695000000000000062e-01 1.854391911541878471e+03
5.992000000000000659e-01 1.805890093303151843e+03
6.304000000000000714e-01 1.756727327100757975e+03
6.632000000000000117e-01 1.705581548900497637e+03
6.976999999999999869e-01 1.656310758264590277e+03
7.340999999999999748e-01 1.602672976944410493e+03
7.722999999999999865e-01 1.554567652658855877e+03
8.125000000000000000e-01 1.498411767016008525e+03
8.548000000000000043e-01 1.451262088991236851e+03
8.992999999999999883e-01 1.396226254677680345e+03
9.460999999999999410e-01 1.347389681507269188e+03
9.954000000000000625e-01 1.293944662102111806e+03
1.046999999999999931e+00 1.244467785147950963e+03
1.101999999999999869e+00 1.193275001673112456e+03
1.159000000000000030e+00 1.143829369083839310e+03
1.219000000000000083e+00 1.095178817423588043e+03
1.283000000000000140e+00 1.045872601410399511e+03
1.350000000000000089e+00 9.991297159290993477e+02
1.419999999999999929e+00 9.521258012333779561e+02
1.493999999999999995e+00 9.071821242015944335e+02
1.572000000000000064e+00 8.617887712685771930e+02
1.654000000000000137e+00 8.191058995890141432e+02
1.739999999999999991e+00 7.765761650359805799e+02
1.830000000000000071e+00 7.356568732331110141e+02
1.925999999999999934e+00 6.964175483302793737e+02
2.025999999999999801e+00 6.574268396490822397e+02
2.131000000000000227e+00 6.215688308086048437e+02
2.241999999999999993e+00 5.852749611795136389e+02
2.358999999999999986e+00 5.520449946590438230e+02
2.481999999999999762e+00 5.189453731420678650e+02
2.611000000000000210e+00 4.882682434805261664e+02
2.746999999999999886e+00 4.579997376250635170e+02
2.890000000000000124e+00 4.302384726986630312e+02
3.040999999999999925e+00 4.030483792575177517e+02
3.198999999999999844e+00 3.774568053062769195e+02
3.366000000000000103e+00 3.534741336822798985e+02
3.540999999999999925e+00 3.304980409448413639e+02
3.725000000000000089e+00 3.097076267138118624e+02
3.918999999999999595e+00 2.891619398104858192e+02
4.123000000000000220e+00 2.712901728608869689e+02
4.338000000000000078e+00 2.534583156065054652e+02
4.564000000000000057e+00 2.379076196836192310e+02
4.801000000000000156e+00 2.226386477900890100e+02
5.051000000000000156e+00 2.092996648027770448e+02
5.314000000000000057e+00 1.964244971687238603e+02
5.590999999999999304e+00 1.852031789870774787e+02
5.881999999999999673e+00 1.745233963075278325e+02
6.187999999999999723e+00 1.651521899684875621e+02
6.511000000000000121e+00 1.564094105945043225e+02
6.850000000000000533e+00 1.486991097014553134e+02
7.205999999999999517e+00 1.416938126645100056e+02
7.581999999999999851e+00 1.354749163831816077e+02
7.976000000000000867e+00 1.300028060067355113e+02
8.391999999999999460e+00 1.251322442433954620e+02
8.829000000000000625e+00 1.209029880357255990e+02
9.288000000000000256e+00 1.172392188135259516e+02
9.772000000000000242e+00 1.140725875988123477e+02
1.027999999999999936e+01 1.114377365688316672e+02
1.082000000000000028e+01 1.092234535491778189e+02
1.137999999999999901e+01 1.074224904083674375e+02
1.196999999999999886e+01 1.059968581405595245e+02
1.259999999999999964e+01 1.049165555902230125e+02
1.325000000000000000e+01 1.041556932049825832e+02
1.393999999999999950e+01 1.036450611896491694e+02
1.466999999999999993e+01 1.034172958949025229e+02
1.542999999999999972e+01 1.034065440652348968e+02
1.623000000000000043e+01 1.036079312372909982e+02
1.708000000000000185e+01 1.039984579509686853e+02
1.796999999999999886e+01 1.045611098459415587e+02
1.889999999999999858e+01 1.052820245392263132e+02
1.989000000000000057e+01 1.061518047519923869e+02
2.092000000000000171e+01 1.071466206670131385e+02
2.200999999999999801e+01 1.082665480670885074e+02
2.316000000000000014e+01 1.095618386191275277e+02
2.437000000000000099e+01 1.109188877513195735e+02
2.562999999999999901e+01 1.124446424192494476e+02
2.697000000000000242e+01 1.140504815108814682e+02
2.837000000000000099e+01 1.158041205286553748e+02
2.985000000000000142e+01 1.176609005711592175e+02
3.139999999999999858e+01 1.196390475184144293e+02
3.303999999999999915e+01 1.217506816805968413e+02
3.475999999999999801e+01 1.239223256194042335e+02
3.657000000000000028e+01 1.261784024996800042e+02
3.846999999999999886e+01 1.284429503313597820e+02
4.048000000000000398e+01 1.306196791299543065e+02
4.259000000000000341e+01 1.327455084831544809e+02
4.479999999999999716e+01 1.341799214250939372e+02
4.714000000000000057e+01 1.356561660195203558e+02
4.959000000000000341e+01 1.351692554439576384e+02
5.217000000000000171e+01 1.348141817221004430e+02
5.489000000000000057e+01 1.310139517050161260e+02
5.775000000000000000e+01 1.269484039602918557e+02
6.075000000000000000e+01 1.191038080848853866e+02
6.392000000000000171e+01 1.101313500734635085e+02
6.723999999999999488e+01 9.879862531388531011e+01
7.075000000000000000e+01 8.601508784237962857e+01
7.442999999999999261e+01 7.308110543226773359e+01
7.829999999999999716e+01 5.993185123059576114e+01
8.237999999999999545e+01 4.776468970980076989e+01
8.667000000000000171e+01 3.733527043655148248e+01
9.117999999999999261e+01 2.781211305419090252e+01
9.593000000000000682e+01 2.124410543224156100e+01
1.009000000000000057e+02 1.499374019312899264e+01
1.062000000000000028e+02 1.142870442072658932e+01
1.116999999999999886e+02 7.844604661433183246e+00
1.175000000000000000e+02 6.121752377219140229e+00
1.236000000000000085e+02 4.372273588278630996e+00
1.300999999999999943e+02 3.254115400941028913e+00
1.369000000000000057e+02 2.233242374167279110e+00
1.440000000000000000e+02 1.546224284491333645e+00
1.515000000000000000e+02 9.663548674606625699e-01
1.593999999999999773e+02 5.911539357848349940e-01
1.676999999999999886e+02 3.513432094043549836e-01
1.764000000000000057e+02 1.896056733149423246e-01
1.855999999999999943e+02 1.166391330051313319e-01
1.952000000000000171e+02 6.013021325867738687e-02
2.054000000000000057e+02 3.662959811832405127e-02
2.160999999999999943e+02 1.635968416340596518e-02
2.273999999999999773e+02 9.620162265927148168e-03
2.391999999999999886e+02 3.236240138765337365e-03
2.516999999999999886e+02 1.957483110175150566e-03
2.647999999999999545e+02 6.538805308233479720e-04
2.785000000000000000e+02 3.658740519717226347e-04
2.930000000000000000e+02 1.217535286875636829e-04
3.083000000000000114e+02 5.020829352338788471e-05
3.244000000000000341e+02 1.819874406974530558e-05
3.411999999999999886e+02 5.719571814316080382e-06
3.590000000000000000e+02 2.190328269149716429e-06
3.776999999999999886e+02 4.462176986493243355e-07
3.973999999999999773e+02 1.880197268127240605e-07
4.181000000000000227e+02 2.969657760881514022e-08
4.398000000000000114e+02 1.326502226554421394e-08
4.626999999999999886e+02 1.123476046798481516e-09
4.868000000000000114e+02 5.397145498919124058e-10
5.122000000000000455e+02 3.549089242600519149e-11
5.387999999999999545e+02 1.804945773225138313e-11
5.668999999999999773e+02 5.768265676626826112e-13
5.964000000000000909e+02 3.099785785957736040e-13
6.275000000000000000e+02 3.503929710356226092e-14
6.601000000000000227e+02 4.325449178621158167e-15
6.945000000000000000e+02 8.626035337964934989e-16
7.307000000000000455e+02 2.728694844182755201e-17
7.687000000000000455e+02 7.522978115406614807e-18
8.087999999999999545e+02 1.099888988072583827e-19
8.508999999999999773e+02 3.716527759814551280e-20
8.952000000000000455e+02 2.168610005392291982e-22
9.417999999999999545e+02 8.502921771014534116e-23
9.908000000000000682e+02 2.272250144029477879e-25
1.042000000000000000e+03 1.006675571500438098e-25
1.097000000000000000e+03 1.119209128135052635e-28
1.154000000000000000e+03 5.351310826696007329e-29
1.214000000000000000e+03 1.958739409772710513e-32
1.277000000000000000e+03 1.008784995148798524e-32
1.344000000000000000e+03 1.129743373937034458e-34
1.414000000000000000e+03 8.687161306387545933e-37
1.487000000000000000e+03 1.170035273742678281e-37
1.565000000000000000e+03 2.291586696300121748e-41
1.646000000000000000e+03 5.151704988848925639e-42
1.732000000000000000e+03 1.641799640983137475e-46
1.822000000000000000e+03 4.887173990318405533e-47
1.917000000000000000e+03 3.072257653092128639e-52
2.017000000000000000e+03 1.097392495338431858e-52
2.122000000000000000e+03 1.312126727801452552e-58
2.232000000000000000e+03 5.413268713894703048e-59
2.348000000000000000e+03 1.006067837039861916e-65
2.470000000000000000e+03 4.605577831839710506e-66
2.599000000000000000e+03 1.007291557448006637e-73
2.734000000000000000e+03 4.995884659125743243e-74
2.877000000000000000e+03 1.635182086587811360e-82
3.027000000000000000e+03 8.623819542019522434e-83
3.184000000000000000e+03 5.677123930387281137e-84
3.350000000000000000e+03 1.085444839728677790e-92
3.524000000000000000e+03 1.863070540000165562e-93
3.708000000000000000e+03 1.116522932245778488e-103
3.901000000000000000e+03 2.836478438383240330e-104
4.104000000000000000e+03 6.405924271737582614e-116
4.318000000000000000e+03 2.065706560678192631e-116
4.543000000000000000e+03 1.625028622237427989e-129
4.779000000000000000e+03 6.204201174553422353e-130
5.028000000000000000e+03 8.701257060402226289e-145
5.290000000000000000e+03 3.737992058769587047e-145
5.565000000000000000e+03 9.902757673747940388e-162
5.855000000000000000e+03 4.673566358078930618e-162
6.160000000000000000e+03 1.182119324322084992e-180
6.481000000000000000e+03 6.006939603798948282e-181
6.818000000000000000e+03 1.161657474245824060e-201
7.173000000000000000e+03 6.281905190991593601e-202
7.547000000000000000e+03 6.658632184644089136e-203
7.940000000000000000e+03 2.194897585499079792e-225
8.353000000000000000e+03 4.468939748419941521e-226
8.788000000000000000e+03 1.343896394795483288e-251
9.246000000000000000e+03 3.774907102876632054e-252
9.727000000000000000e+03 9.690684167643285132e-281
1.023000000000000000e+04 3.397961728633516571e-281
1.077000000000000000e+04 3.666373361877965534e-313
1.133000000000000000e+04 1.461731592092477155e-313
1.192000000000000000e+04 0.000000000000000000e+00
1.254000000000000000e+04 0.000000000000000000e+00
1.319000000000000000e+04 0.000000000000000000e+00
1.388000000000000000e+04 0.000000000000000000e+00
1.460000000000000000e+04 0.000000000000000000e+00
1.536000000000000000e+04 0.000000000000000000e+00
1.616000000000000000e+04 0.000000000000000000e+00
1.700000000000000000e+04 0.000000000000000000e+00
1.789000000000000000e+04 0.000000000000000000e+00
1.882000000000000000e+04 0.000000000000000000e+00
1.980000000000000000e+04 0.000000000000000000e+00
2.083000000000000000e+04 0.000000000000000000e+00
2.191000000000000000e+04 0.000000000000000000e+00
2.305000000000000000e+04 0.000000000000000000e+00
2.425000000000000000e+04 0.000000000000000000e+00
2.552000000000000000e+04 0.000000000000000000e+00
2.684000000000000000e+04 0.000000000000000000e+00
2.824000000000000000e+04 0.000000000000000000e+00
2.971000000000000000e+04 0.000000000000000000e+00
3.126000000000000000e+04 0.000000000000000000e+00
3.289000000000000000e+04 0.000000000000000000e+00
3.460000000000000000e+04 0.000000000000000000e+00
3.640000000000000000e+04 0.000000000000000000e+00
3.830000000000000000e+04 0.000000000000000000e+00
4.029000000000000000e+04 0.000000000000000000e+00
4.239000000000000000e+04 0.000000000000000000e+00
4.460000000000000000e+04 0.000000000000000000e+00
4.692000000000000000e+04 0.000000000000000000e+00
4.936000000000000000e+04 0.000000000000000000e+00
5.193000000000000000e+04 0.000000000000000000e+00
5.464000000000000000e+04 0.000000000000000000e+00
5.748000000000000000e+04 0.000000000000000000e+00
6.047000000000000000e+04 0.000000000000000000e+00
6.362000000000000000e+04 0.000000000000000000e+00
6.693000000000000000e+04 0.000000000000000000e+00
7.042000000000000000e+04 0.000000000000000000e+00
7.409000000000000000e+04 0.000000000000000000e+00
7.794000000000000000e+04 0.000000000000000000e+00
8.200000000000000000e+04 0.000000000000000000e+00
8.627000000000000000e+04 0.000000000000000000e+00
9.076000000000000000e+04 0.000000000000000000e+00
9.549000000000000000e+04 0.000000000000000000e+00
1.005000000000000000e+05 0.000000000000000000e+00
1.057000000000000000e+05 0.000000000000000000e+00
1.112000000000000000e+05 0.000000000000000000e+00
1.170000000000000000e+05 0.000000000000000000e+00
1.231000000000000000e+05 0.000000000000000000e+00
1.295000000000000000e+05 0.000000000000000000e+00
1.362000000000000000e+05 0.000000000000000000e+00
1.433000000000000000e+05 0.000000000000000000e+00
1.508000000000000000e+05 0.000000000000000000e+00
1.586000000000000000e+05 0.000000000000000000e+00
1.669000000000000000e+05 0.000000000000000000e+00
1.756000000000000000e+05 0.000000000000000000e+00
1.847000000000000000e+05 0.000000000000000000e+00
1.943000000000000000e+05 0.000000000000000000e+00
2.045000000000000000e+05 0.000000000000000000e+00
2.151000000000000000e+05 0.000000000000000000e+00
2.263000000000000000e+05 0.000000000000000000e+00
2.381000000000000000e+05 0.000000000000000000e+00
2.505000000000000000e+05 0.000000000000000000e+00
2.635000000000000000e+05 0.000000000000000000e+00
2.773000000000000000e+05 0.000000000000000000e+00
2.917000000000000000e+05 0.000000000000000000e+00
3.069000000000000000e+05 0.000000000000000000e+00
3.229000000000000000e+05 0.000000000000000000e+00
3.397000000000000000e+05 0.000000000000000000e+00
3.574000000000000000e+05 0.000000000000000000e+00
3.760000000000000000e+05 0.000000000000000000e+00
3.955000000000000000e+05 0.000000000000000000e+00
4.161000000000000000e+05 0.000000000000000000e+00
4.378000000000000000e+05 0.000000000000000000e+00
4.606000000000000000e+05 0.000000000000000000e+00
4.846000000000000000e+05 0.000000000000000000e+00
5.098000000000000000e+05 0.000000000000000000e+00
5.364000000000000000e+05 0.000000000000000000e+00
5.643000000000000000e+05 0.000000000000000000e+00
5.937000000000000000e+05 0.000000000000000000e+00
6.246000000000000000e+05 0.000000000000000000e+00
6.571000000000000000e+05 0.000000000000000000e+00
6.913000000000000000e+05 0.000000000000000000e+00
7.273000000000000000e+05 0.000000000000000000e+00
7.652000000000000000e+05 0.000000000000000000e+00
8.050000000000000000e+05 0.000000000000000000e+00
8.469000000000000000e+05 0.000000000000000000e+00
8.910000000000000000e+05 0.000000000000000000e+00
9.374000000000000000e+05 0.000000000000000000e+00
9.863000000000000000e+05 0.000000000000000000e+00
1.038000000000000000e+06 0.000000000000000000e+00
1.092000000000000000e+06 0.000000000000000000e+00
1.148000000000000000e+06 0.000000000000000000e+00
1.208000000000000000e+06 0.000000000000000000e+00
1.271000000000000000e+06 0.000000000000000000e+00
1.337000000000000000e+06 0.000000000000000000e+00
1.407000000000000000e+06 0.000000000000000000e+00
1.480000000000000000e+06 0.000000000000000000e+00
1.557000000000000000e+06 0.000000000000000000e+00
1.638000000000000000e+06 0.000000000000000000e+00
1.724000000000000000e+06 0.000000000000000000e+00
1.814000000000000000e+06 0.000000000000000000e+00
1.908000000000000000e+06 0.000000000000000000e+00
2.007000000000000000e+06 0.000000000000000000e+00
2.112000000000000000e+06 0.000000000000000000e+00
2.222000000000000000e+06 0.000000000000000000e+00
2.337000000000000000e+06 0.000000000000000000e+00
2.459000000000000000e+06 0.000000000000000000e+00
2.587000000000000000e+06 0.000000000000000000e+00
2.722000000000000000e+06 0.000000000000000000e+00
2.864000000000000000e+06 0.000000000000000000e+00
3.013000000000000000e+06 0.000000000000000000e+00
3.170000000000000000e+06 0.000000000000000000e+00
3.335000000000000000e+06 0.000000000000000000e+00
3.508000000000000000e+06 0.000000000000000000e+00
3.691000000000000000e+06 0.000000000000000000e+00
3.883000000000000000e+06 0.000000000000000000e+00
4.085000000000000000e+06 0.000000000000000000e+00
4.298000000000000000e+06 0.000000000000000000e+00
4.522000000000000000e+06 0.000000000000000000e+00
4.757000000000000000e+06 0.000000000000000000e+00
5.005000000000000000e+06 0.000000000000000000e+00
5.266000000000000000e+06 0.000000000000000000e+00
5.540000000000000000e+06 0.000000000000000000e+00
5.828000000000000000e+06 0.000000000000000000e+00
6.132000000000000000e+06 0.000000000000000000e+00
6.451000000000000000e+06 0.000000000000000000e+00
6.787000000000000000e+06 0.000000000000000000e+00
7.140000000000000000e+06 0.000000000000000000e+00
7.512000000000000000e+06 0.000000000000000000e+00
7.903000000000000000e+06 0.000000000000000000e+00
8.315000000000000000e+06 0.000000000000000000e+00
8.748000000000000000e+06 0.000000000000000000e+00
9.203000000000000000e+06 0.000000000000000000e+00
9.682000000000000000e+06 0.000000000000000000e+00
1.019000000000000000e+07 0.000000000000000000e+00
1.072000000000000000e+07 0.000000000000000000e+00
1.127000000000000000e+07 0.000000000000000000e+00
1.186000000000000000e+07 0.000000000000000000e+00
1.248000000000000000e+07 0.000000000000000000e+00
1.313000000000000000e+07 0.000000000000000000e+00
1.381000000000000000e+07 0.000000000000000000e+00
1.453000000000000000e+07 0.000000000000000000e+00
1.529000000000000000e+07 0.000000000000000000e+00
1.608000000000000000e+07 0.000000000000000000e+00
1.692000000000000000e+07 0.000000000000000000e+00
1.780000000000000000e+07 0.000000000000000000e+00
1.873000000000000000e+07 0.000000000000000000e+00
1.971000000000000000e+07 0.000000000000000000e+00
2.073000000000000000e+07 0.000000000000000000e+00
2.181000000000000000e+07 0.000000000000000000e+00
2.295000000000000000e+07 0.000000000000000000e+00
2.414000000000000000e+07 0.000000000000000000e+00
2.540000000000000000e+07 0.000000000000000000e+00
2.672000000000000000e+07 0.000000000000000000e+00
2.811000000000000000e+07 0.000000000000000000e+00
2.958000000000000000e+07 0.000000000000000000e+00
3.112000000000000000e+07 0.000000000000000000e+00
3.274000000000000000e+07 0.000000000000000000e+00
3.444000000000000000e+07 0.000000000000000000e+00
3.623000000000000000e+07 0.000000000000000000e+00
3.812000000000000000e+07 0.000000000000000000e+00
4.011000000000000000e+07 0.000000000000000000e+00
4.219000000000000000e+07 0.000000000000000000e+00
4.439000000000000000e+07 0.000000000000000000e+00
4.670000000000000000e+07 0.000000000000000000e+00
4.913000000000000000e+07 0.000000000000000000e+00
5.169000000000000000e+07 0.000000000000000000e+00
5.438000000000000000e+07 0.000000000000000000e+00
5.722000000000000000e+07 0.000000000000000000e+00
6.019000000000000000e+07 0.000000000000000000e+00
6.333000000000000000e+07 0.000000000000000000e+00
6.663000000000000000e+07 0.000000000000000000e+00
7.010000000000000000e+07 0.000000000000000000e+00
7.375000000000000000e+07 0.000000000000000000e+00
7.759000000000000000e+07 0.000000000000000000e+00
8.163000000000000000e+07 0.000000000000000000e+00
8.588000000000000000e+07 0.000000000000000000e+00
9.035000000000000000e+07 0.000000000000000000e+00
9.505000000000000000e+07 0.000000000000000000e+00
1.000000000000000000e+08 0.000000000000000000e+00
