1.000000000000000021e-03 6.428095597564357604e+02
1.051999999999999984e-03 6.993089070627544288e+02
1.106999999999999911e-03 7.249968111133669026e+02
1.163999999999999887e-03 7.906548373173342270e+02
1.224999999999999960e-03 8.114155899109038046e+02
1.288999999999999998e-03 8.829378901785402149e+02
1.356000000000000000e-03 9.362916476463850586e+02
1.427000000000000100e-03 9.689630949418169621e+02
1.500999999999999947e-03 1.045015846607436060e+03
1.579000000000000108e-03 1.063062031855255100e+03
1.661000000000000150e-03 1.135043490672725511e+03
1.747999999999999988e-03 1.185862508969875762e+03
1.839000000000000140e-03 1.229165778942063071e+03
1.935000000000000088e-03 1.305716724187407181e+03
2.034999999999999917e-03 1.316359564071522527e+03
2.141000000000000108e-03 1.422313108888767374e+03
2.252999999999999794e-03 1.422095671673421748e+03
2.370000000000000145e-03 1.518728655907894108e+03
2.492999999999999990e-03 1.531299952092322201e+03
2.623000000000000331e-03 1.610026275875938836e+03
2.759999999999999867e-03 1.625379739963673728e+03
2.903999999999999897e-03 1.683379206769947587e+03
3.054999999999999990e-03 1.693966731132061341e+03
3.213999999999999843e-03 1.758399449566695012e+03
3.380999999999999891e-03 1.761576989197990315e+03
3.556999999999999832e-03 1.798092087736850090e+03
3.742000000000000100e-03 1.805914689118463230e+03
3.936999999999999528e-03 1.834397198656730097e+03
4.142000000000000716e-03 1.831381185443730828e+03
4.357999999999999895e-03 1.843857578166120902e+03
4.585000000000000533e-03 1.815612614979609816e+03
4.824000000000000163e-03 1.834973917736293743e+03
5.074999999999999650e-03 1.785801134803983132e+03
5.338999999999999996e-03 1.791646762395331507e+03
5.616999999999999597e-03 1.743057693116263408e+03
5.908999999999999322e-03 1.718460312859391252e+03
6.217000000000000304e-03 1.672267855704624708e+03
6.540999999999999939e-03 1.617695748466212763e+03
6.880999999999999964e-03 1.580188942995060188e+03
7.239999999999999908e-03 1.509631722789061769e+03
7.617000000000000506e-03 1.472898874810659663e+03
8.012999999999999290e-03 1.392147242866441047e+03
8.429999999999999993e-03 1.350253628985384012e+03
8.868999999999998413e-03 1.264616564754009232e+03
9.330999999999999017e-03 1.224823798191630203e+03
9.816999999999999338e-03 1.134632165473134819e+03
1.032999999999999891e-02 1.090065832342949534e+03
1.086999999999999945e-02 1.010272455389612446e+03
1.143000000000000092e-02 9.616930952182532337e+02
1.203000000000000076e-02 8.899329630310764969e+02
1.264999999999999979e-02 8.396324396291902303e+02
1.330999999999999892e-02 7.831317399072938770e+02
1.400999999999999988e-02 7.270134055017163064e+02
1.473000000000000004e-02 6.848381953666324762e+02
1.549999999999999989e-02 6.337526601233429346e+02
1.631000000000000158e-02 5.980468605702047853e+02
1.715999999999999817e-02 5.556842564721882809e+02
1.805000000000000007e-02 5.264428441190049170e+02
1.898999999999999994e-02 4.963354593660657770e+02
1.997999999999999776e-02 4.714387130651083453e+02
2.101999999999999702e-02 4.514259379366008602e+02
2.212000000000000077e-02 4.313934368581909098e+02
2.326999999999999902e-02 4.212963419365872255e+02
2.447999999999999829e-02 4.073735954066542604e+02
2.574999999999999858e-02 4.012460956773450675e+02
2.708999999999999950e-02 3.980132712286542755e+02
2.850000000000000103e-02 3.989219230265676970e+02
2.998999999999999930e-02 3.996478962218174047e+02
3.155000000000000165e-02 4.066941066898725126e+02
3.318999999999999728e-02 4.104192556936013148e+02
3.491999999999999965e-02 4.242481909268249751e+02
3.673999999999999488e-02 4.347131760489170915e+02
3.864999999999999686e-02 4.514117875907026018e+02
4.066000000000000170e-02 4.661428015984362787e+02
4.277999999999999858e-02 4.825804716728749781e+02
4.500999999999999446e-02 5.037581176758138781e+02
4.734999999999999626e-02 5.210306636107990244e+02
4.982000000000000317e-02 5.453339836299517174e+02
5.240999999999999825e-02 5.658099263118717772e+02
5.513999999999999457e-02 5.916834494163504132e+02
5.800999999999999907e-02 6.163308617715961191e+02
6.102999999999999398e-02 6.406979269743120540e+02
6.421000000000000318e-02 6.656331911838511814e+02
6.755999999999999506e-02 6.923355722941776094e+02
7.106999999999999429e-02 7.196705555308327575e+02
7.477000000000000313e-02 7.436477321282928870e+02
7.867000000000000381e-02 7.733101171849576758e+02
8.276000000000000023e-02 7.997644995829084564e+02
8.707000000000000850e-02 8.285155398036185943e+02
9.160999999999999699e-02 8.524822093243232075e+02
9.637999999999999345e-02 8.830556483806318511e+02
1.014000000000000040e-01 9.070674469899001906e+02
1.067000000000000032e-01 9.296110782997915294e+02
1.122000000000000081e-01 9.595509340473860220e+02
1.180999999999999966e-01 9.796682921230218426e+02
1.242000000000000048e-01 1.009171345569685514e+03
1.307000000000000106e-01 1.026528303450016210e+03
1.375000000000000111e-01 1.052483622485272235e+03
1.446999999999999953e-01 1.070396763244869135e+03
1.522000000000000020e-01 1.093620269451912463e+03
1.600999999999999923e-01 1.108835736008032654e+03
1.683999999999999941e-01 1.131381309442148222e+03
1.771999999999999964e-01 1.142501595416391410e+03
1.864000000000000101e-01 1.162608991054656371e+03
1.960999999999999965e-01 1.171065614538376849e+03
2.064000000000000001e-01 1.190300250587117489e+03
2.170999999999999874e-01 1.195494417633741932e+03
2.283999999999999919e-01 1.207008396746998869e+03
2.403000000000000136e-01 1.214079462856628197e+03
2.528000000000000247e-01 1.219468166755537140e+03
2.660000000000000142e-01 1.225374921765636827e+03
2.798000000000000487e-01 1.226682627935285154e+03
2.943999999999999950e-01 1.229934907722675462e+03
3.096999999999999753e-01 1.228259501072375542e+03
3.259000000000000230e-01 1.226803796635959316e+03
3.427999999999999936e-01 1.221983896812181001e+03
3.606999999999999651e-01 1.219115706894919413e+03
3.795000000000000040e-01 1.208764820641507413e+03
3.991999999999999993e-01 1.204253894423008660e+03
4.200000000000000400e-01 1.190386003080203182e+03
4.419000000000000150e-01 1.183211951480748667e+03
4.649000000000000354e-01 1.165731122372812933e+03
4.891000000000000347e-01 1.155118679529808105e+03
5.144999999999999574e-01 1.136884704495002097e+03
5.413000000000000034e-01 1.120969771767457132e+03
5.695000000000000062e-01 1.102259920225052383e+03
5.992000000000000659e-01 1.083040553128970714e+03
6.304000000000000714e-01 1.062728105880273233e+03
6.632000000000000117e-01 1.040002081942466248e+03
6.976999999999999869e-01 1.018714018929090116e+03
7.340999999999999748e-01 9.925493622609285467e+02
7.722999999999999865e-01 9.713595624020634887e+02
8.125000000000000000e-01 9.414051993307986095e+02
8.548000000000000043e-01 9.198964018672852490e+02
8.992999999999999883e-01 8.897604396661417923e+02
9.460999999999999410e-01 8.652058853132961076e+02
9.954000000000000625e-01 8.353405748299346669e+02
1.046999999999999931e+00 8.086275057527470835e+02
1.101999999999999869e+00 7.797898751073682888e+02
1.159000000000000030e+00 7.515415576757552572e+02
1.219000000000000083e+00 7.233976162450700258e+02
1.283000000000000140e+00 6.939672686693213564e+02
1.350000000000000089e+00 6.662681889277176879e+02
1.419999999999999929e+00 6.372537244894377864e+02
1.493999999999999995e+00 6.097245980811094341e+02
1.572000000000000064e+00 5.809151533995510590e+02
1.654000000000000137e+00 5.540784824658685466e+02
1.739999999999999991e+00 5.265821547323866980e+02
1.830000000000000071e+00 4.997678411525645856e+02
1.925999999999999934e+00 4.741044720099870915e+02
2.025999999999999801e+00 4.476210436922122540e+02
2.131000000000000227e+00 4.235529273706524691e+02
2.241999999999999993e+00 3.982107943178530718e+02
2.358999999999999986e+00 3.753453407663913026e+02
2.481999999999999762e+00 3.518549574967821059e+02
2.611000000000000210e+00 3.301615556337963540e+02
2.746999999999999886e+00 3.083221537274829416e+02
2.890000000000000124e+00 2.883480213963675851e+02
3.040999999999999925e+00 2.684716704754821421e+02
3.198999999999999844e+00 2.495467292665134380e+02
3.366000000000000103e+00 2.317270910458038884e+02
3.540999999999999925e+00 2.143391165862593084e+02
3.725000000000000089e+00 1.986006103547574639e+02
3.918999999999999595e+00 1.826400122276334059e+02
4.123000000000000220e+00 1.688155069561376820e+02
4.338000000000000078e+00 1.546702499559502542e+02
4.564000000000000057e+00 1.423181252165012438e+02
4.801000000000000156e+00 1.299066850488310081e+02
5.051000000000000156e+00 1.190851888890265258e+02
5.314000000000000057e+00 1.083688040597104276e+02
5.590999999999999304e+00 9.906378582780163811e+01
5.881999999999999673e+00 8.998811451385294902e+01
6.187999999999999723e+00 8.197727670784247778e+01
6.511000000000000121e+00 7.439697853070148881e+01
6.850000000000000533e+00 6.760267927946654254e+01
7.205999999999999517e+00 6.138185512600016125e+01
7.581999999999999851e+00 5.576133704965709370e+01
7.976000000000000867e+00 5.076267416416432354e+01
8.391999999999999460e+00 4.625494383768324269e+01
8.829000000000000625e+00 4.227176165527821894e+01
9.288000000000000256e+00 3.879528026379046679e+01
9.772000000000000242e+00 3.573140115851803955e+01
1.027999999999999936e+01 3.316866418920945847e+01
1.082000000000000028e+01 3.098968150771854724e+01
1.137999999999999901e+01 2.921187487134453775e+01
1.196999999999999886e+01 2.781569339584811473e+01
1.259999999999999964e+01 2.677841864768721791e+01
1.325000000000000000e+01 2.609907055833078005e+01
1.393999999999999950e+01 2.571833963542909629e+01
1.466999999999999993e+01 2.567994812737809696e+01
1.542999999999999972e+01 2.593395768192367967e+01
1.623000000000000043e+01 2.648301172662315750e+01
1.708000000000000185e+01 2.732583759097543563e+01
1.796999999999999886e+01 2.844320766200143424e+01
1.889999999999999858e+01 2.983831044191298432e+01
1.989000000000000057e+01 3.151152660727884935e+01
2.092000000000000171e+01 3.344573746597242092e+01
2.200999999999999801e+01 3.565162047710201421e+01
2.316000000000000014e+01 3.819110020247131843e+01
2.437000000000000099e+01 4.094908989155936752e+01
2.562999999999999901e+01 4.402223754620154494e+01
2.697000000000000242e+01 4.736445679623783889e+01
2.837000000000000099e+01 5.102103400560537949e+01
2.985000000000000142e+01 5.496371517991706668e+01
3.139999999999999858e+01 5.918798604411890096e+01
3.303999999999999915e+01 6.373512337263402117e+01
3.475999999999999801e+01 6.852192340690513106e+01
3.657000000000000028e+01 7.356328594838235801e+01
3.846999999999999886e+01 7.877859377837640409e+01
4.048000000000000398e+01 8.407682827640887524e+01
4.259000000000000341e+01 8.947434702820441998e+01
4.479999999999999716e+01 9.429384955689775438e+01
4.714000000000000057e+01 9.929901944227262334e+01
4.959000000000000341e+01 1.023956633521766832e+02
5.217000000000000171e+01 1.056667209323412493e+02
5.489000000000000057e+01 1.054806884667666651e+02
5.775000000000000000e+01 1.049536978957167435e+02
6.075000000000000000e+01 1.004888533723291886e+02
6.392000000000000171e+01 9.468518911294832208e+01
6.723999999999999488e+01 8.623174061412325386e+01
7.075000000000000000e+01 7.601059467362898658e+01
7.442999999999999261e+01 6.526908524849437754e+01
7.829999999999999716e+01 5.394994136833461340e+01
8.237999999999999545e+01 4.326284925410728732e+01
8.667000000000000171e+01 3.400340509466714423e+01
9.117999999999999261e+01 2.537067828868552510e+01
9.593000000000000682e+01 1.947623566481356150e+01
1.009000000000000057e+02 1.371709719757682855e+01
1.062000000000000028e+02 1.051607773658402856e+01
1.116999999999999886e+02 7.194348616989117318e+00
1.175000000000000000e+02 5.662836317703987987e+00
1.236000000000000085e+02 4.056820434983753998e+00
1.300999999999999943e+02 3.044046663086538818e+00
1.369000000000000057e+02 2.098273290697375781e+00
1.440000000000000000e+02 1.462410845096740797e+00
1.515000000000000000e+02 9.164947973732299191e-01
1.593999999999999773e+02 5.621664331679769866e-01
1.676999999999999886e+02 3.350147234569498256e-01
1.764000000000000057e+02 1.805046662155484760e-01
1.855999999999999943e+02 1.116555323438011560e-01
1.952000000000000171e+02 5.749348486404994019e-02
2.054000000000000057e+02 3.529072243363288314e-02
2.160999999999999943e+02 1.572355296184789822e-02
2.273999999999999773e+02 9.327079153525699370e-03
2.391999999999999886e+02 3.111239549599055954e-03
2.516999999999999886e+02 1.900191536066084610e-03
2.647999999999999545e+02 6.310100506597410416e-04
2.785000000000000000e+02 3.559812225224933844e-04
2.930000000000000000e+02 1.181957965804658443e-04
3.083000000000000114e+02 4.886207330563890357e-05
3.244000000000000341e+02 1.774621191633600362e-05
3.411999999999999886e+02 5.573315016508952359e-06
3.590000000000000000e+02 2.144354988207829218e-06
3.776999999999999886e+02 4.345029610096148039e-07
3.973999999999999773e+02 1.844534829083561926e-07
4.181000000000000227e+02 2.897124362748445564e-08
4.398000000000000114e+02 1.304691364276580665e-08
4.626999999999999886e+02 1.093697746696813418e-09
4.868000000000000114e+02 5.310994463850246676e-10
5.122000000000000455e+02 3.464307609507395004e-11
5.387999999999999545e+02 1.779052098377991006e-11
5.668999999999999773e+02 5.615925116642890566e-13
5.964000000000000909e+02 3.049963461952960622e-13
6.275000000000000000e+02 3.448382622588649663e-14
6.601000000000000227e+02 4.252741705818811829e-15
6.945000000000000000e+02 8.507612783999446595e-16
7.307000000000000455e+02 2.683009175897834878e-17
7.687000000000000455e+02 7.432687493432882102e-18
8.087999999999999545e+02 1.079177239420973356e-19
8.508999999999999773e+02 3.667753281651420403e-20
8.952000000000000455e+02 2.128319002091499647e-22
9.417999999999999545e+02 8.398652347186980627e-23
9.908000000000000682e+02 2.231450848385911208e-25
1.042000000000000000e+03 9.947476252746647310e-26
1.097000000000000000e+03 1.098971341226947118e-28
1.154000000000000000e+03 5.289451558359881522e-29
1.214000000000000000e+03 1.924735147272929618e-32
1.277000000000000000e+03 9.973934836987175989e-33
1.344000000000000000e+03 1.117120842676873797e-34
1.414000000000000000e+03 8.583024279664457376e-37
1.487000000000000000e+03 1.157547203495071035e-37
1.565000000000000000e+03 2.262886274199769013e-41
1.646000000000000000e+03 5.098215797950142674e-42
1.732000000000000000e+03 1.620989241017768814e-46
1.822000000000000000e+03 4.838092576345660908e-47
1.917000000000000000e+03 3.034061127931681589e-52
2.017000000000000000e+03 1.086838449344045354e-52
2.122000000000000000e+03 1.296556708796464988e-58
2.232000000000000000e+03 5.363934285228779135e-59
2.348000000000000000e+03 9.950307864929921191e-66
2.470000000000000000e+03 4.566439029930878086e-66
2.599000000000000000e+03 9.967138967747313018e-74
2.734000000000000000e+03 4.955321320733294484e-74
2.877000000000000000e+03 1.619104519948579802e-82
3.027000000000000000e+03 8.555365091858214932e-83
3.184000000000000000e+03 5.633481112179203061e-84
3.350000000000000000e+03 1.076832664533220502e-92
3.524000000000000000e+03 1.849411997908036885e-93
3.708000000000000000e+03 1.108157091149494755e-103
3.901000000000000000e+03 2.817318204974989352e-104
4.104000000000000000e+03 6.360027492612935604e-116
4.318000000000000000e+03 2.052540529487536078e-116
4.543000000000000000e+03 1.614216024675371845e-129
4.779000000000000000e+03 6.167500517047622317e-130
5.028000000000000000e+03 8.648106054084876842e-145
5.290000000000000000e+03 3.717725573461877833e-145
5.565000000000000000e+03 9.848120644459850294e-162
5.855000000000000000e+03 4.650503932427981493e-162
6.160000000000000000e+03 1.175920968629913573e-180
6.481000000000000000e+03 5.978733922461699647e-181
6.818000000000000000e+03 1.156292232975443448e-201
7.173000000000000000e+03 6.255031312857055879e-202
7.547000000000000000e+03 6.630706964436671850e-203
7.940000000000000000e+03 2.186104278238052981e-225
8.353000000000000000e+03 4.451611492674662316e-226
8.788000000000000000e+03 1.338738669168293313e-251
9.246000000000000000e+03 3.761015260519805597e-252
9.727000000000000000e+03 9.656567743485585711e-281
1.023000000000000000e+04 3.386494906710965208e-281
1.077000000000000000e+04 3.654523989547319777e-313
1.133000000000000000e+04 1.457288077480836638e-313
1.192000000000000000e+04 0.000000000000000000e+00
1.254000000000000000e+04 0.000000000000000000e+00
1.319000000000000000e+04 0.000000000000000000e+00
1.388000000000000000e+04 0.000000000000000000e+00
1.460000000000000000e+04 0.000000000000000000e+00
1.536000000000000000e+04 0.000000000000000000e+00
1.616000000000000000e+04 0.000000000000000000e+00
1.700000000000000000e+04 0.000000000000000000e+00
1.789000000000000000e+04 0.000000000000000000e+00
1.882000000000000000e+04 0.000000000000000000e+00
1.980000000000000000e+04 0.000000000000000000e+00
2.083000000000000000e+04 0.000000000000000000e+00
2.191000000000000000e+04 0.000000000000000000e+00
2.305000000000000000e+04 0.000000000000000000e+00
2.425000000000000000e+04 0.000000000000000000e+00
2.552000000000000000e+04 0.000000000000000000e+00
2.684000000000000000e+04 0.000000000000000000e+00
2.824000000000000000e+04 0.000000000000000000e+00
2.971000000000000000e+04 0.000000000000000000e+00
3.126000000000000000e+04 0.000000000000000000e+00
3.289000000000000000e+04 0.000000000000000000e+00
3.460000000000000000e+04 0.000000000000000000e+00
3.640000000000000000e+04 0.000000000000000000e+00
3.830000000000000000e+04 0.000000000000000000e+00
4.029000000000000000e+04 0.000000000000000000e+00
4.239000000000000000e+04 0.000000000000000000e+00
4.460000000000000000e+04 0.000000000000000000e+00
4.692000000000000000e+04 0.000000000000000000e+00
4.936000000000000000e+04 0.000000000000000000e+00
5.193000000000000000e+04 0.000000000000000000e+00
5.464000000000000000e+04 0.000000000000000000e+00
5.748000000000000000e+04 0.000000000000000000e+00
6.047000000000000000e+04 0.000000000000000000e+00
6.362000000000000000e+04 0.000000000000000000e+00
6.693000000000000000e+04 0.000000000000000000e+00
7.042000000000000000e+04 0.000000000000000000e+00
7.409000000000000000e+04 0.000000000000000000e+00
7.794000000000000000e+04 0.000000000000000000e+00
8.200000000000000000e+04 0.000000000000000000e+00
8.627000000000000000e+04 0.000000000000000000e+00
9.076000000000000000e+04 0.000000000000000000e+00
9.549000000000000000e+04 0.000000000000000000e+00
1.005000000000000000e+05 0.000000000000000000e+00
1.057000000000000000e+05 0.000000000000000000e+00
1.112000000000000000e+05 0.000000000000000000e+00
1.170000000000000000e+05 0.000000000000000000e+00
1.231000000000000000e+05 0.000000000000000000e+00
1.295000000000000000e+05 0.000000000000000000e+00
1.362000000000000000e+05 0.000000000000000000e+00
1.433000000000000000e+05 0.000000000000000000e+00
1.508000000000000000e+05 0.000000000000000000e+00
1.586000000000000000e+05 0.000000000000000000e+00
1.669000000000000000e+05 0.000000000000000000e+00
1.756000000000000000e+05 0.000000000000000000e+00
1.847000000000000000e+05 0.000000000000000000e+00
1.943000000000000000e+05 0.000000000000000000e+00
2.045000000000000000e+05 0.000000000000000000e+00
2.151000000000000000e+05 0.000000000000000000e+00
2.263000000000000000e+05 0.000000000000000000e+00
2.381000000000000000e+05 0.000000000000000000e+00
2.505000000000000000e+05 0.000000000000000000e+00
2.635000000000000000e+05 0.000000000000000000e+00
2.773000000000000000e+05 0.000000000000000000e+00
2.917000000000000000e+05 0.000000000000000000e+00
3.069000000000000000e+05 0.000000000000000000e+00
3.229000000000000000e+05 0.000000000000000000e+00
3.397000000000000000e+05 0.000000000000000000e+00
3.574000000000000000e+05 0.000000000000000000e+00
3.760000000000000000e+05 0.000000000000000000e+00
3.955000000000000000e+05 0.000000000000000000e+00
4.161000000000000000e+05 0.000000000000000000e+00
4.378000000000000000e+05 0.000000000000000000e+00
4.606000000000000000e+05 0.000000000000000000e+00
4.846000000000000000e+05 0.000000000000000000e+00
5.098000000000000000e+05 0.000000000000000000e+00
5.364000000000000000e+05 0.000000000000000000e+00
5.643000000000000000e+05 0.000000000000000000e+00
5.937000000000000000e+05 0.000000000000000000e+00
6.246000000000000000e+05 0.000000000000000000e+00
6.571000000000000000e+05 0.000000000000000000e+00
6.913000000000000000e+05 0.000000000000000000e+00
7.273000000000000000e+05 0.000000000000000000e+00
7.652000000000000000e+05 0.000000000000000000e+00
8.050000000000000000e+05 0.000000000000000000e+00
8.469000000000000000e+05 0.000000000000000000e+00
8.910000000000000000e+05 0.000000000000000000e+00
9.374000000000000000e+05 0.000000000000000000e+00
9.863000000000000000e+05 0.000000000000000000e+00
1.038000000000000000e+06 0.000000000000000000e+00
1.092000000000000000e+06 0.000000000000000000e+00
1.148000000000000000e+06 0.000000000000000000e+00
1.208000000000000000e+06 0.000000000000000000e+00
1.271000000000000000e+06 0.000000000000000000e+00
1.337000000000000000e+06 0.000000000000000000e+00
1.407000000000000000e+06 0.000000000000000000e+00
1.480000000000000000e+06 0.000000000000000000e+00
1.557000000000000000e+06 0.000000000000000000e+00
1.638000000000000000e+06 0.000000000000000000e+00
1.724000000000000000e+06 0.000000000000000000e+00
1.814000000000000000e+06 0.000000000000000000e+00
1.908000000000000000e+06 0.000000000000000000e+00
2.007000000000000000e+06 0.000000000000000000e+00
2.112000000000000000e+06 0.000000000000000000e+00
2.222000000000000000e+06 0.000000000000000000e+00
2.337000000000000000e+06 0.000000000000000000e+00
2.459000000000000000e+06 0.000000000000000000e+00
2.587000000000000000e+06 0.000000000000000000e+00
2.722000000000000000e+06 0.000000000000000000e+00
2.864000000000000000e+06 0.000000000000000000e+00
3.013000000000000000e+06 0.000000000000000000e+00
3.170000000000000000e+06 0.000000000000000000e+00
3.335000000000000000e+06 0.000000000000000000e+00
3.508000000000000000e+06 0.000000000000000000e+00
3.691000000000000000e+06 0.000000000000000000e+00
3.883000000000000000e+06 0.000000000000000000e+00
4.085000000000000000e+06 0.000000000000000000e+00
4.298000000000000000e+06 0.000000000000000000e+00
4.522000000000000000e+06 0.000000000000000000e+00
4.757000000000000000e+06 0.000000000000000000e+00
5.005000000000000000e+06 0.000000000000000000e+00
5.266000000000000000e+06 0.000000000000000000e+00
5.540000000000000000e+06 0.000000000000000000e+00
5.828000000000000000e+06 0.000000000000000000e+00
6.132000000000000000e+06 0.000000000000000000e+00
6.451000000000000000e+06 0.000000000000000000e+00
6.787000000000000000e+06 0.000000000000000000e+00
7.140000000000000000e+06 0.000000000000000000e+00
7.512000000000000000e+06 0.000000000000000000e+00
7.903000000000000000e+06 0.000000000000000000e+00
8.315000000000000000e+06 0.000000000000000000e+00
8.748000000000000000e+06 0.000000000000000000e+00
9.203000000000000000e+06 0.000000000000000000e+00
9.682000000000000000e+06 0.000000000000000000e+00
1.019000000000000000e+07 0.000000000000000000e+00
1.072000000000000000e+07 0.000000000000000000e+00
1.127000000000000000e+07 0.000000000000000000e+00
1.186000000000000000e+07 0.000000000000000000e+00
1.248000000000000000e+07 0.000000000000000000e+00
1.313000000000000000e+07 0.000000000000000000e+00
1.381000000000000000e+07 0.000000000000000000e+00
1.453000000000000000e+07 0.000000000000000000e+00
1.529000000000000000e+07 0.000000000000000000e+00
1.608000000000000000e+07 0.000000000000000000e+00
1.692000000000000000e+07 0.000000000000000000e+00
1.780000000000000000e+07 0.000000000000000000e+00
1.873000000000000000e+07 0.000000000000000000e+00
1.971000000000000000e+07 0.000000000000000000e+00
2.073000000000000000e+07 0.000000000000000000e+00
2.181000000000000000e+07 0.000000000000000000e+00
2.295000000000000000e+07 0.000000000000000000e+00
2.414000000000000000e+07 0.000000000000000000e+00
2.540000000000000000e+07 0.000000000000000000e+00
2.672000000000000000e+07 0.000000000000000000e+00
2.811000000000000000e+07 0.000000000000000000e+00
2.958000000000000000e+07 0.000000000000000000e+00
3.112000000000000000e+07 0.000000000000000000e+00
3.274000000000000000e+07 0.000000000000000000e+00
3.444000000000000000e+07 0.000000000000000000e+00
3.623000000000000000e+07 0.000000000000000000e+00
3.812000000000000000e+07 0.000000000000000000e+00
4.011000000000000000e+07 0.000000000000000000e+00
4.219000000000000000e+07 0.000000000000000000e+00
4.439000000000000000e+07 0.000000000000000000e+00
4.670000000000000000e+07 0.000000000000000000e+00
4.913000000000000000e+07 0.000000000000000000e+00
5.169000000000000000e+07 0.000000000000000000e+00
5.438000000000000000e+07 0.000000000000000000e+00
5.722000000000000000e+07 0.000000000000000000e+00
6.019000000000000000e+07 0.000000000000000000e+00
6.333000000000000000e+07 0.000000000000000000e+00
6.663000000000000000e+07 0.000000000000000000e+00
7.010000000000000000e+07 0.000000000000000000e+00
7.375000000000000000e+07 0.000000000000000000e+00
7.759000000000000000e+07 0.000000000000000000e+00
8.163000000000000000e+07 0.000000000000000000e+00
8.588000000000000000e+07 0.000000000000000000e+00
9.035000000000000000e+07 0.000000000000000000e+00
9.505000000000000000e+07 0.000000000000000000e+00
1.000000000000000000e+08 0.000000000000000000e+00
