1.900000000000000000e+01 1.452309821631468800e+01
2.100000000000000000e+01 1.571685629217696167e+01
2.400000000000000000e+01 1.536510120610383012e+01
2.700000000000000000e+01 1.337075247620806273e+01
3.000000000000000000e+01 1.145383002256979665e+01
3.300000000000000000e+01 8.782154241034174191e+00
3.800000000000000000e+01 5.676842694995723804e+00
4.200000000000000000e+01 3.993347385942960237e+00
4.700000000000000000e+01 2.602927227162172841e+00
5.300000000000000000e+01 1.393007710978905411e+00
6.000000000000000000e+01 6.026309707112914582e-01
6.700000000000000000e+01 2.384091063735653826e-01
