9.999999999999999547e-07 5.290767075064096600e+06
1.052000000000000050e-06 5.202417797346496023e+06
1.106999999999999947e-06 5.137723031218959950e+06
1.163999999999999994e-06 5.057690978793026879e+06
1.224999999999999918e-06 4.965426619861766696e+06
1.289000000000000068e-06 4.878428344375104643e+06
1.356000000000000019e-06 4.773021719964323565e+06
1.427000000000000059e-06 4.674988444781692699e+06
1.500999999999999901e-06 4.565644088191773742e+06
1.579000000000000044e-06 4.451273852123197168e+06
1.661000000000000064e-06 4.341354879460713826e+06
1.748000000000000035e-06 4.213473641302626580e+06
1.839000000000000096e-06 4.099214713648228906e+06
1.935000000000000108e-06 3.966265501023616642e+06
2.034999999999999998e-06 3.849432292717028409e+06
2.140999999999999915e-06 3.720667832576022018e+06
2.252999999999999859e-06 3.597969175519757438e+06
2.370000000000000179e-06 3.473855279916326981e+06
2.493000000000000102e-06 3.348705565901326947e+06
2.623000000000000128e-06 3.236353256733876653e+06
2.759999999999999833e-06 3.109217817094267346e+06
2.904000000000000063e-06 3.007731988105626777e+06
3.054999999999999973e-06 2.884189923865994904e+06
3.214000000000000060e-06 2.794983189679299016e+06
3.380999999999999901e-06 2.682113153553872835e+06
3.556999999999999995e-06 2.599430491101004183e+06
3.741999999999999917e-06 2.503435284573617391e+06
3.936999999999999745e-06 2.426188997305138502e+06
4.142000000000000323e-06 2.345877497155378573e+06
4.357999999999999610e-06 2.277605906314545777e+06
4.585000000000000147e-06 2.213206188591319136e+06
4.823999999999999892e-06 2.155571196272227447e+06
5.074999999999999691e-06 2.106161999675092287e+06
5.339000000000000043e-06 2.059288919533631997e+06
5.616999999999999753e-06 2.022605843429691158e+06
5.908999999999999668e-06 1.986064901513718534e+06
6.216999999999999938e-06 1.961543275908315321e+06
6.540999999999999716e-06 1.935343135805010796e+06
6.880999999999999848e-06 1.919730714466353878e+06
7.240000000000000138e-06 1.904510236872331472e+06
7.617000000000000086e-06 1.896055447066609282e+06
8.012999999999999344e-06 1.890029310714767314e+06
8.430000000000000603e-06 1.887607553872137330e+06
8.868999999999999280e-06 1.889830766557453433e+06
9.330999999999999261e-06 1.891759300494887168e+06
9.816999999999999351e-06 1.899673008550745202e+06
1.032999999999999935e-05 1.906711006325634895e+06
1.086999999999999926e-05 1.917590246962090721e+06
1.143000000000000068e-05 1.928425049597642384e+06
1.203000000000000002e-05 1.941894342228900641e+06
1.264999999999999916e-05 1.955061368133271812e+06
1.330999999999999962e-05 1.970058718610586133e+06
1.400999999999999969e-05 1.984222959591999650e+06
1.472999999999999958e-05 2.000080339835390914e+06
1.550000000000000068e-05 2.014437656617842615e+06
1.631000000000000139e-05 2.030326158420208143e+06
1.715999999999999833e-05 2.044412378439622233e+06
1.805000000000000167e-05 2.058638614560869988e+06
1.898999999999999945e-05 2.072960793174512684e+06
1.997999999999999844e-05 2.084911269507107325e+06
2.101999999999999865e-05 2.098139151638272684e+06
2.212000000000000167e-05 2.107967245557675138e+06
2.326999999999999913e-05 2.119516953029885422e+06
2.447999999999999940e-05 2.127265308346694335e+06
2.574999999999999910e-05 2.135660886464621872e+06
2.708999999999999982e-05 2.141377826369830873e+06
2.850000000000000157e-05 2.146499762139039580e+06
2.998999999999999916e-05 2.149413270947117824e+06
3.155000000000000117e-05 2.151540691625164822e+06
3.318999999999999902e-05 2.151763644792097621e+06
3.491999999999999770e-05 2.150525491321811918e+06
3.673999999999999722e-05 2.147438808326410130e+06
3.864999999999999756e-05 2.142861528770293575e+06
4.066000000000000034e-05 2.136247180686240084e+06
4.278000000000000037e-05 2.128351644575958606e+06
4.500999999999999766e-05 2.118082685477056541e+06
4.734999999999999897e-05 2.107570014279258903e+06
4.982000000000000073e-05 2.093210864134714007e+06
5.241000000000000134e-05 2.079692420784882735e+06
5.513999999999999723e-05 2.062261093855971703e+06
5.801000000000000194e-05 2.045171304539124481e+06
6.102999999999999674e-05 2.024505059203655226e+06
6.420999999999999679e-05 2.003896920114685781e+06
6.755999999999999690e-05 1.980654975964955753e+06
7.106999999999999548e-05 1.956330840691346675e+06
7.477000000000000410e-05 1.930651969166793162e+06
7.867000000000000403e-05 1.903724950935020577e+06
8.276000000000000045e-05 1.874935808634988731e+06
8.707000000000000492e-05 1.845497128901377553e+06
9.160999999999999872e-05 1.813996557690515649e+06
9.637999999999999541e-05 1.782047074035076657e+06
1.013999999999999982e-04 1.748834873496939428e+06
1.067000000000000050e-04 1.714080831091469154e+06
1.122000000000000032e-04 1.679889071450396674e+06
1.180999999999999975e-04 1.642785660876845708e+06
1.242000000000000103e-04 1.606926661573181627e+06
1.307000000000000056e-04 1.568530612165345345e+06
1.375000000000000083e-04 1.531101361030836822e+06
1.446999999999999936e-04 1.491756800943831913e+06
1.522000000000000132e-04 1.453079506465011742e+06
1.600999999999999884e-04 1.413530406030657003e+06
1.684000000000000004e-04 1.374142078363347333e+06
1.771999999999999975e-04 1.333811687605084851e+06
1.864000000000000043e-04 1.294254248282679357e+06
1.960999999999999961e-04 1.253825796485036146e+06
2.064000000000000025e-04 1.213708686418342171e+06
2.170999999999999916e-04 1.173698509056349751e+06
2.283999999999999952e-04 1.133932635845465586e+06
2.403000000000000134e-04 1.094766075474060606e+06
2.528000000000000191e-04 1.055110272421095055e+06
2.660000000000000146e-04 1.017061967332287342e+06
2.798000000000000248e-04 9.782188337155133486e+05
2.944000000000000002e-04 9.413126480025112396e+05
3.096999999999999927e-04 9.035496873185185250e+05
3.259000000000000070e-04 8.678746149233793840e+05
3.427999999999999841e-04 8.317679168532601325e+05
3.606999999999999855e-04 7.975193931324398145e+05
3.795000000000000088e-04 7.631379355803009821e+05
3.991999999999999997e-04 7.305525841321996413e+05
4.200000000000000174e-04 6.982590084099762607e+05
4.419000000000000076e-04 6.671420005619672593e+05
4.649000000000000246e-04 6.371841727938646218e+05
4.891000000000000165e-04 6.078829049579160055e+05
5.144999999999999834e-04 5.802318258116390789e+05
5.412999999999999843e-04 5.529257164858030155e+05
5.695000000000000192e-04 5.274206016835061600e+05
5.992000000000000364e-04 5.023969811700655846e+05
6.304000000000000358e-04 4.789771461857925751e+05
6.631999999999999658e-04 4.563389281346016796e+05
6.976999999999999912e-04 4.350717544118476217e+05
7.341000000000000086e-04 4.147732725128877209e+05
7.722999999999999613e-04 3.956072837865518522e+05
8.124999999999999627e-04 3.777362343328532879e+05
8.547999999999999609e-04 3.605686308036456467e+05
8.993000000000000126e-04 3.449979982570340508e+05
9.460999999999999575e-04 3.299536333492577542e+05
9.954000000000000174e-04 3.164377190163853811e+05
1.046999999999999971e-03 3.035003117816468584e+05
1.101999999999999898e-03 2.918752804381399765e+05
1.159000000000000091e-03 2.810605257198095787e+05
1.219000000000000031e-03 2.712101301685994258e+05
1.283000000000000069e-03 2.623626724259609473e+05
1.350000000000000071e-03 2.540237480458127975e+05
1.420000000000000038e-03 2.471487778124390461e+05
1.494000000000000102e-03 2.403189013459023845e+05
1.572000000000000047e-03 2.350317959773927287e+05
1.654000000000000088e-03 2.297452711072957609e+05
1.740000000000000010e-03 2.257804894684755418e+05
1.830000000000000029e-03 2.220471472402948420e+05
1.925999999999999978e-03 2.191099065931187361e+05
2.026000000000000023e-03 2.168552551176546549e+05
2.131000000000000082e-03 2.147945942807907995e+05
2.242000000000000069e-03 2.137771170146735676e+05
2.358999999999999986e-03 2.126124806430102035e+05
2.481999999999999831e-03 2.124792481923496816e+05
2.611000000000000040e-03 2.122777137533847708e+05
2.746999999999999876e-03 2.126788100501077133e+05
2.890000000000000208e-03 2.134493275439676072e+05
3.040999999999999866e-03 2.142073737826427096e+05
3.199000000000000021e-03 2.157380842919066781e+05
3.366000000000000068e-03 2.168253131201419455e+05
3.540999999999999877e-03 2.188218939130147046e+05
3.725000000000000012e-03 2.203070120264257130e+05
3.918999999999999741e-03 2.224010484046900237e+05
4.122999999999999929e-03 2.243841960770782316e+05
4.337999999999999842e-03 2.262942808195766702e+05
4.564000000000000348e-03 2.286999626327540318e+05
4.800999999999999712e-03 2.303482898642301152e+05
5.050999999999999934e-03 2.328666603751910152e+05
5.314000000000000147e-03 2.343793328985596891e+05
5.590999999999999616e-03 2.365974965923612181e+05
5.882000000000000076e-03 2.381198544409323949e+05
6.187999999999999924e-03 2.396620650516594760e+05
6.511000000000000294e-03 2.412314564982075535e+05
6.850000000000000186e-03 2.419496413711752684e+05
7.205999999999999732e-03 2.433147558102410403e+05
7.582000000000000198e-03 2.432783251929202816e+05
7.976000000000000451e-03 2.440119877555303974e+05
8.392000000000000154e-03 2.434235030466823955e+05
8.829000000000000042e-03 2.430669071450585907e+05
9.287999999999999381e-03 2.420904692854549212e+05
9.771999999999999437e-03 2.403546094324913574e+05
1.027999999999999921e-02 2.388915931183578214e+05
1.081999999999999976e-02 2.357803117132700863e+05
1.137999999999999949e-02 2.334398820374412171e+05
1.196999999999999974e-02 2.292837138226929237e+05
1.260000000000000009e-02 2.254946550063920149e+05
1.324999999999999963e-02 2.205711469941132236e+05
1.393999999999999927e-02 2.150533266904322663e+05
1.467000000000000075e-02 2.093403175353161641e+05
1.542999999999999927e-02 2.020363221952877357e+05
1.623000000000000137e-02 1.953401395419998444e+05
1.708000000000000143e-02 1.863521290483033808e+05
1.796999999999999986e-02 1.780056480233423063e+05
1.890000000000000013e-02 1.677634521244954085e+05
1.989000000000000143e-02 1.571922431322322227e+05
2.092000000000000109e-02 1.457620281586549827e+05
2.200999999999999832e-02 1.329311986369820661e+05
2.316000000000000003e-02 1.202777859947657853e+05
2.436999999999999930e-02 1.056787417687070265e+05
2.563000000000000000e-02 9.239258382201989298e+04
2.697000000000000092e-02 7.783135935009329114e+04
2.836999999999999938e-02 6.471348992737582012e+04
2.985000000000000153e-02 5.239553438041362824e+04
3.139999999999999736e-02 4.094956474201114179e+04
3.303999999999999992e-02 3.211474599537460745e+04
3.475999999999999923e-02 2.371348760029688856e+04
3.656999999999999834e-02 1.811490818317825324e+04
3.846999999999999725e-02 1.299289089528493423e+04
4.048000000000000209e-02 9.655097631041979184e+03
4.259000000000000286e-02 6.894772998541264315e+03
4.479999999999999954e-02 5.031313368418832397e+03
4.714000000000000135e-02 3.629624382898241947e+03
4.959000000000000213e-02 2.577993840828190059e+03
5.217000000000000109e-02 1.814914496462281704e+03
5.489000000000000129e-02 1.198314304171448384e+03
5.775000000000000272e-02 7.935305548418441504e+02
6.074999999999999845e-02 4.527517596692217694e+02
6.392000000000000459e-02 2.924711927913372165e+02
6.723999999999999422e-02 1.453316677243515755e+02
7.074999999999999345e-02 9.517083682859788496e+01
7.442999999999999616e-02 4.522050060775718094e+01
7.829999999999999460e-02 2.921616372750629154e+01
8.237999999999999490e-02 1.386833154070263774e+01
8.666999999999999704e-02 7.803215437068565130e+00
9.117999999999999716e-02 3.386597396494428036e+00
9.593000000000000138e-02 1.544303711821933378e+00
1.009000000000000036e-01 7.255425615902508785e-01
1.062000000000000027e-01 2.873712784350913041e-01
1.116999999999999937e-01 1.336506221243702885e-01
1.174999999999999933e-01 3.901662335151585836e-02
1.236000000000000015e-01 1.908281193696344247e-02
1.300999999999999934e-01 4.437822249476127377e-03
1.368999999999999939e-01 2.209916691784902937e-03
1.439999999999999891e-01 3.542082962317933889e-04
1.514999999999999958e-01 1.859795610365694318e-04
1.593999999999999861e-01 2.326887845556161713e-05
1.676999999999999880e-01 1.253764966525381606e-05
1.764000000000000012e-01 1.589098319570768809e-06
1.855999999999999872e-01 5.351581751438890664e-07
1.952000000000000124e-01 1.109170962980680526e-07
2.053999999999999992e-01 1.618642884122387380e-08
2.160999999999999865e-01 4.391906721665478795e-09
2.273999999999999910e-01 3.304336696009535212e-10
2.391999999999999960e-01 1.089387528058013194e-10
2.516999999999999793e-01 3.709440512466580659e-12
2.647999999999999798e-01 1.417849500617320464e-12
2.785000000000000253e-01 2.941606623132031871e-14
2.929999999999999827e-01 1.265174193207795469e-14
3.083000000000000185e-01 9.137049529084334313e-17
3.244000000000000217e-01 4.288358004363728554e-17
3.412000000000000033e-01 2.101459647023780843e-19
3.589999999999999858e-01 1.064848121339415250e-19
3.776999999999999802e-01 2.387152148535560871e-22
3.973999999999999755e-01 1.261206487883855712e-22
4.181000000000000272e-01 1.243698470790983748e-23
4.398000000000000242e-01 6.617962497535514434e-26
4.627000000000000002e-01 1.314121993173678862e-26
4.868000000000000105e-01 1.297664432220969653e-29
5.121999999999999886e-01 3.579995039787919396e-30
5.387999999999999456e-01 1.174691017254501587e-33
5.668999999999999595e-01 4.015468010762401676e-34
5.964000000000000412e-01 3.146796866160262792e-38
6.274999999999999467e-01 1.247406014299066365e-38
6.601000000000000201e-01 2.351869139787843895e-43
6.945000000000000062e-01 1.043691663173724953e-43
7.307000000000000162e-01 4.701053707719897943e-49
7.687000000000000499e-01 2.277900241989949517e-49
8.087999999999999634e-01 2.201182472811074075e-55
8.508999999999999897e-01 1.137174389591723212e-55
8.951999999999999957e-01 2.807688211746835998e-57
9.417999999999999705e-01 1.057391661517653281e-62
9.908000000000000140e-01 1.471251465924002315e-63
1.042000000000000037e+00 1.268120165660164279e-70
1.096999999999999975e+00 2.832272455448900402e-71
1.153999999999999915e+00 2.287811435996146082e-79
1.213999999999999968e+00 6.906927506354380480e-80
1.276999999999999913e+00 3.298605687195479593e-89
1.344000000000000083e+00 1.185791282455756195e-89
1.413999999999999924e+00 4.104984840991987057e-100
1.487000000000000099e+00 1.716109178835013922e-100
1.564999999999999947e+00 2.726327810826905734e-112
1.645999999999999908e+00 1.257193603896554615e-112
1.731999999999999984e+00 7.836397592587584050e-126
1.822000000000000064e+00 3.899554401872072603e-126
1.917000000000000037e+00 6.394190592795952064e-141
2.016999999999999904e+00 3.142213386438088898e-141
2.121999999999999886e+00 2.126820073322976738e-142
2.232000000000000206e+00 4.384274963518011828e-158
2.347999999999999865e+00 8.828172848954533283e-159
2.470000000000000195e+00 4.225408109264554041e-198
2.599000000000000199e+00 2.058090499040128533e-177
2.733999999999999986e+00 2.051218346536122287e-221
2.876999999999999780e+00 3.412633248352066465e-198
3.027000000000000135e+00 2.139592582639269426e-247
3.184000000000000163e+00 1.918250563033456759e-221
3.350000000000000089e+00 2.491648391120110923e-276
3.524000000000000021e+00 2.227878234962207641e-247
3.708000000000000185e+00 1.185988866836936978e-308
3.900999999999999801e+00 2.790896873371865419e-276
4.104000000000000092e+00 0.000000000000000000e+00
4.317999999999999616e+00 1.411648599632266919e-308
4.543000000000000149e+00 0.000000000000000000e+00
4.778999999999999915e+00 0.000000000000000000e+00
5.027999999999999581e+00 0.000000000000000000e+00
5.290000000000000036e+00 0.000000000000000000e+00
5.565000000000000391e+00 0.000000000000000000e+00
5.855000000000000426e+00 0.000000000000000000e+00
6.160000000000000142e+00 0.000000000000000000e+00
6.480999999999999872e+00 0.000000000000000000e+00
6.817999999999999616e+00 0.000000000000000000e+00
7.173000000000000043e+00 0.000000000000000000e+00
7.546999999999999709e+00 0.000000000000000000e+00
7.940000000000000391e+00 0.000000000000000000e+00
8.352999999999999758e+00 0.000000000000000000e+00
8.788000000000000256e+00 0.000000000000000000e+00
9.246000000000000441e+00 0.000000000000000000e+00
9.727000000000000313e+00 0.000000000000000000e+00
1.023000000000000043e+01 0.000000000000000000e+00
1.076999999999999957e+01 0.000000000000000000e+00
1.133000000000000007e+01 0.000000000000000000e+00
1.191999999999999993e+01 0.000000000000000000e+00
1.253999999999999915e+01 0.000000000000000000e+00
1.318999999999999950e+01 0.000000000000000000e+00
1.388000000000000078e+01 0.000000000000000000e+00
1.459999999999999964e+01 0.000000000000000000e+00
1.535999999999999943e+01 0.000000000000000000e+00
1.616000000000000014e+01 0.000000000000000000e+00
1.700000000000000000e+01 0.000000000000000000e+00
1.789000000000000057e+01 0.000000000000000000e+00
1.882000000000000028e+01 0.000000000000000000e+00
1.980000000000000071e+01 0.000000000000000000e+00
2.082999999999999829e+01 0.000000000000000000e+00
2.191000000000000014e+01 0.000000000000000000e+00
2.305000000000000071e+01 0.000000000000000000e+00
2.425000000000000000e+01 0.000000000000000000e+00
2.551999999999999957e+01 0.000000000000000000e+00
2.683999999999999986e+01 0.000000000000000000e+00
2.823999999999999844e+01 0.000000000000000000e+00
2.971000000000000085e+01 0.000000000000000000e+00
3.126000000000000156e+01 0.000000000000000000e+00
3.289000000000000057e+01 0.000000000000000000e+00
3.460000000000000142e+01 0.000000000000000000e+00
3.639999999999999858e+01 0.000000000000000000e+00
3.829999999999999716e+01 0.000000000000000000e+00
4.028999999999999915e+01 0.000000000000000000e+00
4.239000000000000057e+01 0.000000000000000000e+00
4.460000000000000142e+01 0.000000000000000000e+00
4.692000000000000171e+01 0.000000000000000000e+00
4.935999999999999943e+01 0.000000000000000000e+00
5.192999999999999972e+01 0.000000000000000000e+00
5.464000000000000057e+01 0.000000000000000000e+00
5.747999999999999687e+01 0.000000000000000000e+00
6.046999999999999886e+01 0.000000000000000000e+00
6.361999999999999744e+01 0.000000000000000000e+00
6.693000000000000682e+01 0.000000000000000000e+00
7.042000000000000171e+01 0.000000000000000000e+00
7.409000000000000341e+01 0.000000000000000000e+00
7.793999999999999773e+01 0.000000000000000000e+00
8.200000000000000000e+01 0.000000000000000000e+00
8.626999999999999602e+01 0.000000000000000000e+00
9.076000000000000512e+01 0.000000000000000000e+00
9.548999999999999488e+01 0.000000000000000000e+00
1.005000000000000000e+02 0.000000000000000000e+00
1.057000000000000028e+02 0.000000000000000000e+00
1.112000000000000028e+02 0.000000000000000000e+00
1.170000000000000000e+02 0.000000000000000000e+00
1.230999999999999943e+02 0.000000000000000000e+00
1.295000000000000000e+02 0.000000000000000000e+00
1.361999999999999886e+02 0.000000000000000000e+00
1.433000000000000114e+02 0.000000000000000000e+00
1.508000000000000114e+02 0.000000000000000000e+00
1.585999999999999943e+02 0.000000000000000000e+00
1.669000000000000057e+02 0.000000000000000000e+00
1.755999999999999943e+02 0.000000000000000000e+00
1.846999999999999886e+02 0.000000000000000000e+00
1.943000000000000114e+02 0.000000000000000000e+00
2.045000000000000000e+02 0.000000000000000000e+00
2.150999999999999943e+02 0.000000000000000000e+00
2.263000000000000114e+02 0.000000000000000000e+00
2.380999999999999943e+02 0.000000000000000000e+00
2.505000000000000000e+02 0.000000000000000000e+00
2.635000000000000000e+02 0.000000000000000000e+00
2.773000000000000114e+02 0.000000000000000000e+00
2.916999999999999886e+02 0.000000000000000000e+00
3.068999999999999773e+02 0.000000000000000000e+00
3.228999999999999773e+02 0.000000000000000000e+00
3.396999999999999886e+02 0.000000000000000000e+00
3.573999999999999773e+02 0.000000000000000000e+00
3.760000000000000000e+02 0.000000000000000000e+00
3.955000000000000000e+02 0.000000000000000000e+00
4.161000000000000227e+02 0.000000000000000000e+00
4.378000000000000114e+02 0.000000000000000000e+00
4.606000000000000227e+02 0.000000000000000000e+00
4.846000000000000227e+02 0.000000000000000000e+00
5.098000000000000114e+02 0.000000000000000000e+00
5.363999999999999773e+02 0.000000000000000000e+00
5.642999999999999545e+02 0.000000000000000000e+00
5.937000000000000455e+02 0.000000000000000000e+00
6.246000000000000227e+02 0.000000000000000000e+00
6.571000000000000227e+02 0.000000000000000000e+00
6.912999999999999545e+02 0.000000000000000000e+00
7.272999999999999545e+02 0.000000000000000000e+00
7.652000000000000455e+02 0.000000000000000000e+00
8.050000000000000000e+02 0.000000000000000000e+00
8.468999999999999773e+02 0.000000000000000000e+00
8.910000000000000000e+02 0.000000000000000000e+00
9.373999999999999773e+02 0.000000000000000000e+00
9.862999999999999545e+02 0.000000000000000000e+00
1.038000000000000000e+03 0.000000000000000000e+00
1.092000000000000000e+03 0.000000000000000000e+00
1.148000000000000000e+03 0.000000000000000000e+00
1.208000000000000000e+03 0.000000000000000000e+00
1.271000000000000000e+03 0.000000000000000000e+00
1.337000000000000000e+03 0.000000000000000000e+00
1.407000000000000000e+03 0.000000000000000000e+00
1.480000000000000000e+03 0.000000000000000000e+00
1.557000000000000000e+03 0.000000000000000000e+00
1.638000000000000000e+03 0.000000000000000000e+00
1.724000000000000000e+03 0.000000000000000000e+00
1.814000000000000000e+03 0.000000000000000000e+00
1.908000000000000000e+03 0.000000000000000000e+00
2.007000000000000000e+03 0.000000000000000000e+00
2.112000000000000000e+03 0.000000000000000000e+00
2.222000000000000000e+03 0.000000000000000000e+00
2.337000000000000000e+03 0.000000000000000000e+00
2.459000000000000000e+03 0.000000000000000000e+00
2.587000000000000000e+03 0.000000000000000000e+00
2.722000000000000000e+03 0.000000000000000000e+00
2.864000000000000000e+03 0.000000000000000000e+00
3.013000000000000000e+03 0.000000000000000000e+00
3.170000000000000000e+03 0.000000000000000000e+00
3.335000000000000000e+03 0.000000000000000000e+00
3.508000000000000000e+03 0.000000000000000000e+00
3.691000000000000000e+03 0.000000000000000000e+00
3.883000000000000000e+03 0.000000000000000000e+00
4.085000000000000000e+03 0.000000000000000000e+00
4.298000000000000000e+03 0.000000000000000000e+00
4.522000000000000000e+03 0.000000000000000000e+00
4.757000000000000000e+03 0.000000000000000000e+00
5.005000000000000000e+03 0.000000000000000000e+00
5.266000000000000000e+03 0.000000000000000000e+00
5.540000000000000000e+03 0.000000000000000000e+00
5.828000000000000000e+03 0.000000000000000000e+00
6.132000000000000000e+03 0.000000000000000000e+00
6.451000000000000000e+03 0.000000000000000000e+00
6.787000000000000000e+03 0.000000000000000000e+00
7.140000000000000000e+03 0.000000000000000000e+00
7.512000000000000000e+03 0.000000000000000000e+00
7.903000000000000000e+03 0.000000000000000000e+00
8.315000000000000000e+03 0.000000000000000000e+00
8.748000000000000000e+03 0.000000000000000000e+00
9.203000000000000000e+03 0.000000000000000000e+00
9.682000000000000000e+03 0.000000000000000000e+00
1.019000000000000000e+04 0.000000000000000000e+00
1.072000000000000000e+04 0.000000000000000000e+00
1.127000000000000000e+04 0.000000000000000000e+00
1.186000000000000000e+04 0.000000000000000000e+00
1.248000000000000000e+04 0.000000000000000000e+00
1.313000000000000000e+04 0.000000000000000000e+00
1.381000000000000000e+04 0.000000000000000000e+00
1.453000000000000000e+04 0.000000000000000000e+00
1.529000000000000000e+04 0.000000000000000000e+00
1.608000000000000000e+04 0.000000000000000000e+00
1.692000000000000000e+04 0.000000000000000000e+00
1.780000000000000000e+04 0.000000000000000000e+00
1.873000000000000000e+04 0.000000000000000000e+00
1.971000000000000000e+04 0.000000000000000000e+00
2.073000000000000000e+04 0.000000000000000000e+00
2.181000000000000000e+04 0.000000000000000000e+00
2.295000000000000000e+04 0.000000000000000000e+00
2.414000000000000000e+04 0.000000000000000000e+00
2.540000000000000000e+04 0.000000000000000000e+00
2.672000000000000000e+04 0.000000000000000000e+00
2.811000000000000000e+04 0.000000000000000000e+00
2.958000000000000000e+04 0.000000000000000000e+00
3.112000000000000000e+04 0.000000000000000000e+00
3.274000000000000000e+04 0.000000000000000000e+00
3.444000000000000000e+04 0.000000000000000000e+00
3.623000000000000000e+04 0.000000000000000000e+00
3.812000000000000000e+04 0.000000000000000000e+00
4.011000000000000000e+04 0.000000000000000000e+00
4.219000000000000000e+04 0.000000000000000000e+00
4.439000000000000000e+04 0.000000000000000000e+00
4.670000000000000000e+04 0.000000000000000000e+00
4.913000000000000000e+04 0.000000000000000000e+00
5.169000000000000000e+04 0.000000000000000000e+00
5.438000000000000000e+04 0.000000000000000000e+00
5.722000000000000000e+04 0.000000000000000000e+00
6.019000000000000000e+04 0.000000000000000000e+00
6.333000000000000000e+04 0.000000000000000000e+00
6.663000000000000000e+04 0.000000000000000000e+00
7.010000000000000000e+04 0.000000000000000000e+00
7.375000000000000000e+04 0.000000000000000000e+00
7.759000000000000000e+04 0.000000000000000000e+00
8.163000000000000000e+04 0.000000000000000000e+00
8.588000000000000000e+04 0.000000000000000000e+00
9.035000000000000000e+04 0.000000000000000000e+00
9.505000000000000000e+04 0.000000000000000000e+00
1.000000000000000000e+05 0.000000000000000000e+00
