4.999999999999999237e-03 1.859946350199113851e+01
6.999999999999999278e-03 1.256502347602708802e+01
8.999999999999999320e-03 8.596392331819997068e+00
1.099999999999999936e-02 5.965772190947558506e+00
1.299999999999999940e-02 4.208619383944141035e+00
1.499999999999999944e-02 3.022136238344723669e+00
1.700000000000000122e-02 2.209635205067942643e+00
1.899999999999999953e-02 1.644077704330328515e+00
2.099999999999999784e-02 1.243462463893536540e+00
2.299999999999999961e-02 9.545345249750972760e-01
2.500000000000000139e-02 7.424125606667999477e-01
2.699999999999999623e-02 5.840476064237094533e-01
2.899999999999999800e-02 4.639057543605866196e-01
3.099999999999999978e-02 3.714583311528465437e-01
3.300000000000000155e-02 2.994380166426119372e-01
3.499999999999999639e-02 2.427268484918641278e-01
3.699999999999999817e-02 1.976566834570151199e-01
3.899999999999999994e-02 1.615805583912754140e-01
4.100000000000000172e-02 1.325187942889187731e-01
4.299999999999999656e-02 1.089923097715972816e-01
4.499999999999999833e-02 8.986811910047344532e-02
4.700000000000000011e-02 7.427116332217409411e-02
4.899999999999999495e-02 6.151825643241073255e-02
5.099999999999999672e-02 5.107110489714688367e-02
5.299999999999999850e-02 4.249129321776674850e-02
5.500000000000000028e-02 3.543123831998849782e-02
5.700000000000000205e-02 2.961410049674549627e-02
5.899999999999999689e-02 2.481300710695824238e-02
6.099999999999999867e-02 2.084433521776634865e-02
6.300000000000000044e-02 1.754888348385019725e-02
6.500000000000000222e-02 1.481353292396756643e-02
6.700000000000000400e-02 1.253560824011686406e-02
6.900000000000000577e-02 1.063368319071985452e-02
7.100000000000000755e-02 9.041897105998245032e-03
7.300000000000000933e-02 7.706275358976425252e-03
7.500000000000001110e-02 6.582978440472869730e-03
7.700000000000001288e-02 5.635832069270879305e-03
7.900000000000000078e-02 4.835218168364624827e-03
8.100000000000000255e-02 4.156857575939440150e-03
8.300000000000000433e-02 3.580777488550697558e-03
8.500000000000000611e-02 3.090051188692891082e-03
8.700000000000000788e-02 2.670957048245903645e-03
8.900000000000000966e-02 2.312217433669380012e-03
9.100000000000001144e-02 2.004895259360179195e-03
9.299999999999999933e-02 1.740749975438830172e-03
9.500000000000000111e-02 1.513158621155658934e-03
9.700000000000000289e-02 1.317058829690606440e-03
