1.473707518796992133e+01 4.185160924713423469e+02
1.673707518796992133e+01 3.349438712359828969e+02
1.873707518796992133e+01 2.483040037450331283e+02
2.073707518796992133e+01 1.764819246163668822e+02
2.273707518796992133e+01 1.243592850854570031e+02
2.473707518796992133e+01 8.825537322914325955e+01
2.673707518796992133e+01 6.287537191786702806e+01
2.873707518796992133e+01 4.444342674055319975e+01
3.073707518796992133e+01 3.069590960312908123e+01
3.273707518796992133e+01 2.055159152548507606e+01
3.473707518796992133e+01 1.336376456767959198e+01
3.673707518796992133e+01 8.512036494697337474e+00
3.873707518796992133e+01 5.367086569258358253e+00
4.073707518796992133e+01 3.381844223340169986e+00
4.273707518796992133e+01 2.135581877519000749e+00
4.473707518796992133e+01 1.348423879690532345e+00
4.673707518796992133e+01 8.472758862238617406e-01
4.873707518796992133e+01 5.270595553762216223e-01
5.073707518796992133e+01 3.237958362036437721e-01
5.273707518796992133e+01 1.964940697219247079e-01
5.473707518796992133e+01 1.180803051834183603e-01
5.673707518796992133e+01 7.048134000506429964e-02
5.873707518796992133e+01 4.191022754786781490e-02
6.073707518796992133e+01 2.485447227437864379e-02
6.273707518796992133e+01 1.468865094567550766e-02
6.473707518796992133e+01 8.665156220823413621e-03
6.673707518796992133e+01 5.108279354451458060e-03
6.873707518796992133e+01 3.016701766715034448e-03
7.073707518796992133e+01 1.784662824240023033e-03
7.273707518796992133e+01 1.056384862885507894e-03
7.473707518796992133e+01 6.261686383049947695e-04
7.673707518796992133e+01 3.705995258969202975e-04
7.873707518796992133e+01 2.193800300314449993e-04
8.073707518796992133e+01 1.296724614092443638e-04
8.273707518796992133e+01 7.654444722033325321e-05
8.473707518796992133e+01 4.504411459262606916e-05
