1.000000000000000021e-03 1.170796886838729023e+02
1.051999999999999984e-03 1.156388788066463178e+02
1.106999999999999911e-03 1.161770386558379187e+02
1.163999999999999887e-03 1.129344901824738514e+02
1.224999999999999960e-03 1.136411858313296932e+02
1.288999999999999998e-03 1.095921959342987719e+02
1.356000000000000000e-03 1.091095912986941840e+02
1.427000000000000100e-03 1.053704703935699740e+02
1.500999999999999947e-03 1.029857121412142646e+02
1.579000000000000108e-03 9.940420127759695390e+01
1.661000000000000150e-03 9.540688293105523599e+01
1.747999999999999988e-03 9.236299183173964877e+01
1.839000000000000140e-03 8.738050330096994855e+01
1.935000000000000088e-03 8.469392374178819693e+01
2.034999999999999917e-03 7.926551383522831884e+01
2.141000000000000108e-03 7.627704308145135315e+01
2.252999999999999794e-03 7.080867799269593377e+01
2.370000000000000145e-03 6.797237382481452528e+01
2.492999999999999990e-03 6.251855234024078811e+01
2.623000000000000331e-03 5.959290837873499669e+01
2.759999999999999867e-03 5.482206671226700223e+01
2.903999999999999897e-03 5.175761469368122647e+01
3.054999999999999990e-03 4.752757894472110678e+01
3.213999999999999843e-03 4.470644056368895036e+01
3.380999999999999891e-03 4.158841846149451982e+01
3.556999999999999832e-03 3.840612555442437781e+01
3.742000000000000100e-03 3.627799820896954230e+01
3.936999999999999528e-03 3.342806273327477840e+01
4.142000000000000716e-03 3.163139555598202790e+01
4.357999999999999895e-03 2.957533438627900324e+01
4.585000000000000533e-03 2.820284564017873663e+01
4.824000000000000163e-03 2.683260085320558375e+01
5.074999999999999650e-03 2.576250190975084919e+01
5.338999999999999996e-03 2.508308443959172962e+01
5.616999999999999597e-03 2.416340606047932837e+01
5.908999999999999322e-03 2.404560707337638803e+01
6.217000000000000304e-03 2.360637418713826463e+01
6.540999999999999939e-03 2.361555108462930619e+01
6.880999999999999964e-03 2.388108075322141843e+01
7.239999999999999908e-03 2.424979228174349544e+01
7.617000000000000506e-03 2.469340304452465062e+01
8.012999999999999290e-03 2.547202439231183391e+01
8.429999999999999993e-03 2.598668590388032840e+01
8.868999999999998413e-03 2.715225310979511519e+01
9.330999999999999017e-03 2.807332966043763989e+01
9.816999999999999338e-03 2.936272356379905446e+01
1.032999999999999891e-02 3.043589364762248906e+01
1.086999999999999945e-02 3.169408303732769383e+01
1.143000000000000092e-02 3.323700349208619542e+01
1.203000000000000076e-02 3.441258420244925276e+01
1.264999999999999979e-02 3.611268972004096156e+01
1.330999999999999892e-02 3.755063237437090606e+01
1.400999999999999988e-02 3.926242644125066050e+01
1.473000000000000004e-02 4.098424371764885876e+01
1.549999999999999989e-02 4.249985520911347692e+01
1.631000000000000158e-02 4.422942819022679117e+01
1.715999999999999817e-02 4.592625118201175383e+01
1.805000000000000007e-02 4.773157121965580529e+01
1.898999999999999994e-02 4.920465406234510652e+01
1.997999999999999776e-02 5.117807187699536087e+01
2.101999999999999702e-02 5.281884191925438188e+01
2.212000000000000077e-02 5.460609698096273945e+01
2.326999999999999902e-02 5.605648194184809086e+01
2.447999999999999829e-02 5.801694255269307376e+01
2.574999999999999858e-02 5.943883572865575360e+01
2.708999999999999950e-02 6.080612087281845390e+01
2.850000000000000103e-02 6.260496950623114998e+01
2.998999999999999930e-02 6.380624462458869317e+01
3.155000000000000165e-02 6.554633480440109849e+01
3.318999999999999728e-02 6.659369362919008495e+01
3.491999999999999965e-02 6.813838600944596635e+01
3.673999999999999488e-02 6.914270421221766583e+01
3.864999999999999686e-02 7.039233886458475808e+01
4.066000000000000170e-02 7.131916926306267612e+01
4.277999999999999858e-02 7.252676815721628145e+01
4.500999999999999446e-02 7.307476196311084493e+01
4.734999999999999626e-02 7.417707423297899538e+01
4.982000000000000317e-02 7.453967240389926019e+01
5.240999999999999825e-02 7.561064802406444585e+01
5.513999999999999457e-02 7.569235336465499131e+01
5.800999999999999907e-02 7.631713973471727286e+01
6.102999999999999398e-02 7.649804385273704099e+01
6.421000000000000318e-02 7.663648442590563548e+01
6.755999999999999506e-02 7.685842585487077372e+01
7.106999999999999429e-02 7.671222312959771727e+01
7.477000000000000313e-02 7.674593463136352511e+01
7.867000000000000381e-02 7.642646613124870214e+01
8.276000000000000023e-02 7.612764685673610643e+01
8.707000000000000850e-02 7.565264865749199430e+01
9.160999999999999699e-02 7.522024610258367261e+01
9.637999999999999345e-02 7.441516614393280804e+01
1.014000000000000040e-01 7.394701182528103800e+01
1.067000000000000032e-01 7.287580647028262604e+01
1.122000000000000081e-01 7.222472401427819477e+01
1.180999999999999966e-01 7.099052687605228584e+01
1.242000000000000048e-01 7.012402475916935884e+01
1.307000000000000106e-01 6.880326551467248919e+01
1.375000000000000111e-01 6.769122411483959922e+01
1.446999999999999953e-01 6.631596437406679456e+01
1.522000000000000020e-01 6.496334871888532803e+01
1.600999999999999923e-01 6.354539639724320210e+01
1.683999999999999941e-01 6.198638528377099988e+01
1.771999999999999964e-01 6.055095380459981413e+01
1.864000000000000101e-01 5.876677383757387929e+01
1.960999999999999965e-01 5.734094031835507366e+01
2.064000000000000001e-01 5.539945835541001173e+01
2.170999999999999874e-01 5.392131199609366377e+01
2.283999999999999919e-01 5.199444402157946854e+01
2.403000000000000136e-01 5.037659081077912049e+01
2.528000000000000247e-01 4.849249685646215369e+01
2.660000000000000142e-01 4.674232025631742005e+01
2.798000000000000487e-01 4.494040910586458182e+01
2.943999999999999950e-01 4.313311844573659215e+01
3.096999999999999753e-01 4.138545065761862674e+01
3.259000000000000230e-01 3.952461715615482518e+01
3.427999999999999936e-01 3.783573094838789785e+01
3.606999999999999651e-01 3.605047986164049689e+01
3.795000000000000040e-01 3.433590526533355813e+01
3.991999999999999993e-01 3.260434092631259517e+01
4.200000000000000400e-01 3.095372436639668123e+01
4.419000000000000150e-01 2.933060741800776938e+01
4.649000000000000354e-01 2.769365140410602422e+01
4.891000000000000347e-01 2.618015887569562139e+01
5.144999999999999574e-01 2.461529064431198321e+01
5.413000000000000034e-01 2.320767732945450845e+01
5.695000000000000062e-01 2.173449972799040353e+01
5.992000000000000659e-01 2.040424276794188785e+01
6.304000000000000714e-01 1.906043540686701121e+01
6.632000000000000117e-01 1.782326222654547365e+01
6.976999999999999869e-01 1.659080601699978175e+01
7.340999999999999748e-01 1.547170762489749407e+01
7.722999999999999865e-01 1.436090112412851916e+01
8.125000000000000000e-01 1.332651836654099675e+01
8.548000000000000043e-01 1.235387108748128782e+01
8.992999999999999883e-01 1.141341666896517815e+01
9.460999999999999410e-01 1.057866672433378952e+01
9.954000000000000625e-01 9.742106916090820690e+00
1.046999999999999931e+00 9.028149540410257856e+00
1.101999999999999869e+00 8.309125174858383645e+00
1.159000000000000030e+00 7.696883899037100463e+00
1.219000000000000083e+00 7.084796696111039793e+00
1.283000000000000140e+00 6.578072669890825175e+00
1.350000000000000089e+00 6.080867752036059670e+00
1.419999999999999929e+00 5.667119498557548596e+00
1.493999999999999995e+00 5.279821203822402609e+00
1.572000000000000064e+00 4.955888600772810015e+00
1.654000000000000137e+00 4.667173641975197462e+00
1.739999999999999991e+00 4.432726433898171337e+00
1.830000000000000071e+00 4.237855734716160505e+00
1.925999999999999934e+00 4.087246928623401665e+00
2.025999999999999801e+00 3.983852891970933285e+00
2.131000000000000227e+00 3.916609556008481707e+00
2.241999999999999993e+00 3.896477305121138102e+00
2.358999999999999986e+00 3.913740646662815958e+00
2.481999999999999762e+00 3.975150564273882026e+00
2.611000000000000210e+00 4.075933418932212504e+00
2.746999999999999886e+00 4.221754844612506830e+00
2.890000000000000124e+00 4.403515437499696539e+00
3.040999999999999925e+00 4.636282566499708047e+00
3.198999999999999844e+00 4.902112710704615850e+00
3.366000000000000103e+00 5.222180671648218642e+00
3.540999999999999925e+00 5.578883505784353325e+00
3.725000000000000089e+00 5.986107078853703634e+00
3.918999999999999595e+00 6.440541707326004506e+00
4.123000000000000220e+00 6.944834217830454293e+00
4.338000000000000078e+00 7.503881131713414199e+00
4.564000000000000057e+00 8.112557102684716526e+00
4.801000000000000156e+00 8.783057274751108423e+00
5.051000000000000156e+00 9.504759002384821187e+00
5.314000000000000057e+00 1.030065488523718287e+01
5.590999999999999304e+00 1.114725630301867554e+01
5.881999999999999673e+00 1.208023806837961800e+01
6.187999999999999723e+00 1.306578524329061075e+01
6.511000000000000121e+00 1.414558054585691593e+01
6.850000000000000533e+00 1.528471804415386437e+01
7.205999999999999517e+00 1.650845479466064347e+01
7.581999999999999851e+00 1.780935280100067430e+01
7.976000000000000867e+00 1.917545346336151013e+01
8.391999999999999460e+00 2.061929921427042345e+01
8.829000000000000625e+00 2.209723583850233908e+01
9.288000000000000256e+00 2.361308970446913946e+01
9.772000000000000242e+00 2.511606693061124673e+01
1.027999999999999936e+01 2.654178592909123324e+01
1.082000000000000028e+01 2.790314566842387478e+01
1.137999999999999901e+01 2.888649783390832937e+01
1.196999999999999886e+01 2.979058311110740931e+01
1.259999999999999964e+01 2.982760491895249189e+01
1.325000000000000000e+01 2.986611449545398145e+01
1.393999999999999950e+01 2.850533776922542017e+01
1.466999999999999993e+01 2.706458541247497962e+01
1.542999999999999972e+01 2.457179860209019395e+01
1.623000000000000043e+01 2.179972164011187630e+01
1.708000000000000185e+01 1.872778118006943515e+01
1.796999999999999886e+01 1.546471373626843437e+01
1.889999999999999858e+01 1.255050615541807346e+01
1.989000000000000057e+01 9.782168091343546479e+00
2.092000000000000171e+01 7.454825526372785838e+00
2.200999999999999801e+01 5.623297272685049641e+00
2.316000000000000014e+01 4.037839808384907414e+00
2.437000000000000099e+01 3.048731876701052723e+00
2.562999999999999901e+01 2.141393975929376303e+00
2.697000000000000242e+01 1.649974016146821043e+00
2.837000000000000099e+01 1.157746748286707650e+00
2.985000000000000142e+01 8.874558294808452263e-01
3.139999999999999858e+01 6.043837929157886979e-01
3.303999999999999915e+01 4.327350697509975141e-01
3.475999999999999801e+01 2.598423562934310538e-01
3.657000000000000028e+01 1.696686069129032526e-01
3.846999999999999886e+01 9.565703710096259971e-02
4.048000000000000398e+01 5.599866851158490783e-02
4.259000000000000341e+01 3.233448252417853164e-02
4.479999999999999716e+01 1.763538866599255461e-02
4.714000000000000057e+01 1.031118224044516238e-02
4.959000000000000341e+01 5.046098360401933720e-03
5.217000000000000171e+01 2.809746063045763173e-03
5.489000000000000057e+01 1.034565301391552868e-03
5.775000000000000000e+01 5.921950738069613066e-04
6.075000000000000000e+01 1.927512107241190740e-04
6.392000000000000171e+01 1.113213766883884624e-04
6.723999999999999488e+01 2.844024620307186485e-05
7.075000000000000000e+01 1.661645054238803301e-05
7.442999999999999261e+01 4.220023573643413111e-06
7.829999999999999716e+01 1.855213183850928352e-06
8.237999999999999545e+01 5.578338635756923981e-07
8.667000000000000171e+01 1.679239244564012615e-07
9.117999999999999261e+01 5.621119556660572840e-08
9.593000000000000682e+01 1.040370230901618376e-08
1.009000000000000057e+02 3.964395237370699275e-09
1.062000000000000028e+02 4.833071543237855379e-10
1.116999999999999886e+02 2.007121653778235337e-10
1.175000000000000000e+02 1.314489766474606408e-11
1.236000000000000085e+02 6.029175346624738488e-12
1.300999999999999943e+02 3.070692381099220965e-13
1.369000000000000057e+02 1.488765795915862899e-13
1.440000000000000000e+02 3.300807219238291879e-15
1.515000000000000000e+02 1.717131466553555935e-15
1.593999999999999773e+02 4.898726193005670611e-17
1.676999999999999886e+02 1.493443057000131750e-17
1.764000000000000057e+02 2.058321644633569354e-18
1.855999999999999943e+02 5.874409262391152487e-20
1.952000000000000171e+02 1.352016777667159629e-20
2.054000000000000057e+02 1.274367836461328833e-22
2.160999999999999943e+02 3.819541102311585215e-23
2.273999999999999773e+02 1.599482332266778533e-25
2.391999999999999886e+02 5.778160199366645330e-26
2.516999999999999886e+02 8.315273198855244757e-29
2.647999999999999545e+02 3.420634803893084776e-29
2.785000000000000000e+02 1.784170073025757491e-32
2.930000000000000000e+02 8.170149961103609449e-33
3.083000000000000114e+02 1.709506890265501232e-36
3.244000000000000341e+02 8.445275428170064326e-37
3.411999999999999886e+02 4.743915258323331161e-41
3.590000000000000000e+02 2.508517634804908652e-41
3.776999999999999886e+02 1.600968804282601317e-42
3.973999999999999773e+02 2.126757022224086125e-46
4.181000000000000227e+02 3.565802892093472438e-47
4.398000000000000114e+02 4.916756073404483077e-52
4.626999999999999886e+02 1.250520212138521731e-52
4.868000000000000114e+02 2.649975950172704929e-58
5.122000000000000455e+02 8.533118235656815446e-59
5.387999999999999545e+02 2.823502336399085683e-65
5.668999999999999773e+02 1.074251541331227408e-65
5.964000000000000909e+02 4.061887298546367398e-73
6.275000000000000000e+02 1.743689339422453724e-73
6.601000000000000227e+02 7.693966339483233953e-82
6.945000000000000000e+02 3.631617722035406280e-82
7.307000000000000455e+02 1.426468522597578407e-91
7.687000000000000455e+02 7.261992445919651520e-92
8.087999999999999545e+02 2.271169060002633042e-102
8.508999999999999773e+02 1.227640076067392023e-102
8.952000000000000455e+02 1.295831979793248107e-103
9.417999999999999545e+02 1.070106078425032652e-114
9.908000000000000682e+02 2.174368977179158874e-115
1.042000000000000000e+03 3.643259617090360165e-128
1.097000000000000000e+03 1.003727414270201210e-128
1.154000000000000000e+03 4.377096252384310437e-143
1.214000000000000000e+03 1.510896288772116658e-143
1.277000000000000000e+03 8.691888824243372078e-160
1.344000000000000000e+03 3.442239905778228510e-160
1.414000000000000000e+03 2.125103962827180283e-178
1.487000000000000000e+03 9.542381476744562333e-179
1.565000000000000000e+03 3.294374383445680389e-199
1.646000000000000000e+03 1.607305531970741189e-199
1.732000000000000000e+03 2.470330681294986769e-222
1.822000000000000000e+03 1.287912671984814692e-222
1.917000000000000000e+03 3.980727207923851979e-224
2.017000000000000000e+03 2.610488333648938090e-248
2.122000000000000000e+03 3.707274021875198323e-249
2.232000000000000000e+03 4.931953968324874885e-277
2.348000000000000000e+03 1.162850399239819068e-277
2.470000000000000000e+03 5.524793607152491827e-309
2.599000000000000000e+03 1.695539179082343547e-309
2.734000000000000000e+03 0.000000000000000000e+00
2.877000000000000000e+03 0.000000000000000000e+00
3.027000000000000000e+03 0.000000000000000000e+00
3.184000000000000000e+03 0.000000000000000000e+00
3.350000000000000000e+03 0.000000000000000000e+00
3.524000000000000000e+03 0.000000000000000000e+00
3.708000000000000000e+03 0.000000000000000000e+00
3.901000000000000000e+03 0.000000000000000000e+00
4.104000000000000000e+03 0.000000000000000000e+00
4.318000000000000000e+03 0.000000000000000000e+00
4.543000000000000000e+03 0.000000000000000000e+00
4.779000000000000000e+03 0.000000000000000000e+00
5.028000000000000000e+03 0.000000000000000000e+00
5.290000000000000000e+03 0.000000000000000000e+00
5.565000000000000000e+03 0.000000000000000000e+00
5.855000000000000000e+03 0.000000000000000000e+00
6.160000000000000000e+03 0.000000000000000000e+00
6.481000000000000000e+03 0.000000000000000000e+00
6.818000000000000000e+03 0.000000000000000000e+00
7.173000000000000000e+03 0.000000000000000000e+00
7.547000000000000000e+03 0.000000000000000000e+00
7.940000000000000000e+03 0.000000000000000000e+00
8.353000000000000000e+03 0.000000000000000000e+00
8.788000000000000000e+03 0.000000000000000000e+00
9.246000000000000000e+03 0.000000000000000000e+00
9.727000000000000000e+03 0.000000000000000000e+00
1.023000000000000000e+04 0.000000000000000000e+00
1.077000000000000000e+04 0.000000000000000000e+00
1.133000000000000000e+04 0.000000000000000000e+00
1.192000000000000000e+04 0.000000000000000000e+00
1.254000000000000000e+04 0.000000000000000000e+00
1.319000000000000000e+04 0.000000000000000000e+00
1.388000000000000000e+04 0.000000000000000000e+00
1.460000000000000000e+04 0.000000000000000000e+00
1.536000000000000000e+04 0.000000000000000000e+00
1.616000000000000000e+04 0.000000000000000000e+00
1.700000000000000000e+04 0.000000000000000000e+00
1.789000000000000000e+04 0.000000000000000000e+00
1.882000000000000000e+04 0.000000000000000000e+00
1.980000000000000000e+04 0.000000000000000000e+00
2.083000000000000000e+04 0.000000000000000000e+00
2.191000000000000000e+04 0.000000000000000000e+00
2.305000000000000000e+04 0.000000000000000000e+00
2.425000000000000000e+04 0.000000000000000000e+00
2.552000000000000000e+04 0.000000000000000000e+00
2.684000000000000000e+04 0.000000000000000000e+00
2.824000000000000000e+04 0.000000000000000000e+00
2.971000000000000000e+04 0.000000000000000000e+00
3.126000000000000000e+04 0.000000000000000000e+00
3.289000000000000000e+04 0.000000000000000000e+00
3.460000000000000000e+04 0.000000000000000000e+00
3.640000000000000000e+04 0.000000000000000000e+00
3.830000000000000000e+04 0.000000000000000000e+00
4.029000000000000000e+04 0.000000000000000000e+00
4.239000000000000000e+04 0.000000000000000000e+00
4.460000000000000000e+04 0.000000000000000000e+00
4.692000000000000000e+04 0.000000000000000000e+00
4.936000000000000000e+04 0.000000000000000000e+00
5.193000000000000000e+04 0.000000000000000000e+00
5.464000000000000000e+04 0.000000000000000000e+00
5.748000000000000000e+04 0.000000000000000000e+00
6.047000000000000000e+04 0.000000000000000000e+00
6.362000000000000000e+04 0.000000000000000000e+00
6.693000000000000000e+04 0.000000000000000000e+00
7.042000000000000000e+04 0.000000000000000000e+00
7.409000000000000000e+04 0.000000000000000000e+00
7.794000000000000000e+04 0.000000000000000000e+00
8.200000000000000000e+04 0.000000000000000000e+00
8.627000000000000000e+04 0.000000000000000000e+00
9.076000000000000000e+04 0.000000000000000000e+00
9.549000000000000000e+04 0.000000000000000000e+00
1.005000000000000000e+05 0.000000000000000000e+00
1.057000000000000000e+05 0.000000000000000000e+00
1.112000000000000000e+05 0.000000000000000000e+00
1.170000000000000000e+05 0.000000000000000000e+00
1.231000000000000000e+05 0.000000000000000000e+00
1.295000000000000000e+05 0.000000000000000000e+00
1.362000000000000000e+05 0.000000000000000000e+00
1.433000000000000000e+05 0.000000000000000000e+00
1.508000000000000000e+05 0.000000000000000000e+00
1.586000000000000000e+05 0.000000000000000000e+00
1.669000000000000000e+05 0.000000000000000000e+00
1.756000000000000000e+05 0.000000000000000000e+00
1.847000000000000000e+05 0.000000000000000000e+00
1.943000000000000000e+05 0.000000000000000000e+00
2.045000000000000000e+05 0.000000000000000000e+00
2.151000000000000000e+05 0.000000000000000000e+00
2.263000000000000000e+05 0.000000000000000000e+00
2.381000000000000000e+05 0.000000000000000000e+00
2.505000000000000000e+05 0.000000000000000000e+00
2.635000000000000000e+05 0.000000000000000000e+00
2.773000000000000000e+05 0.000000000000000000e+00
2.917000000000000000e+05 0.000000000000000000e+00
3.069000000000000000e+05 0.000000000000000000e+00
3.229000000000000000e+05 0.000000000000000000e+00
3.397000000000000000e+05 0.000000000000000000e+00
3.574000000000000000e+05 0.000000000000000000e+00
3.760000000000000000e+05 0.000000000000000000e+00
3.955000000000000000e+05 0.000000000000000000e+00
4.161000000000000000e+05 0.000000000000000000e+00
4.378000000000000000e+05 0.000000000000000000e+00
4.606000000000000000e+05 0.000000000000000000e+00
4.846000000000000000e+05 0.000000000000000000e+00
5.098000000000000000e+05 0.000000000000000000e+00
5.364000000000000000e+05 0.000000000000000000e+00
5.643000000000000000e+05 0.000000000000000000e+00
5.937000000000000000e+05 0.000000000000000000e+00
6.246000000000000000e+05 0.000000000000000000e+00
6.571000000000000000e+05 0.000000000000000000e+00
6.913000000000000000e+05 0.000000000000000000e+00
7.273000000000000000e+05 0.000000000000000000e+00
7.652000000000000000e+05 0.000000000000000000e+00
8.050000000000000000e+05 0.000000000000000000e+00
8.469000000000000000e+05 0.000000000000000000e+00
8.910000000000000000e+05 0.000000000000000000e+00
9.374000000000000000e+05 0.000000000000000000e+00
9.863000000000000000e+05 0.000000000000000000e+00
1.038000000000000000e+06 0.000000000000000000e+00
1.092000000000000000e+06 0.000000000000000000e+00
1.148000000000000000e+06 0.000000000000000000e+00
1.208000000000000000e+06 0.000000000000000000e+00
1.271000000000000000e+06 0.000000000000000000e+00
1.337000000000000000e+06 0.000000000000000000e+00
1.407000000000000000e+06 0.000000000000000000e+00
1.480000000000000000e+06 0.000000000000000000e+00
1.557000000000000000e+06 0.000000000000000000e+00
1.638000000000000000e+06 0.000000000000000000e+00
1.724000000000000000e+06 0.000000000000000000e+00
1.814000000000000000e+06 0.000000000000000000e+00
1.908000000000000000e+06 0.000000000000000000e+00
2.007000000000000000e+06 0.000000000000000000e+00
2.112000000000000000e+06 0.000000000000000000e+00
2.222000000000000000e+06 0.000000000000000000e+00
2.337000000000000000e+06 0.000000000000000000e+00
2.459000000000000000e+06 0.000000000000000000e+00
2.587000000000000000e+06 0.000000000000000000e+00
2.722000000000000000e+06 0.000000000000000000e+00
2.864000000000000000e+06 0.000000000000000000e+00
3.013000000000000000e+06 0.000000000000000000e+00
3.170000000000000000e+06 0.000000000000000000e+00
3.335000000000000000e+06 0.000000000000000000e+00
3.508000000000000000e+06 0.000000000000000000e+00
3.691000000000000000e+06 0.000000000000000000e+00
3.883000000000000000e+06 0.000000000000000000e+00
4.085000000000000000e+06 0.000000000000000000e+00
4.298000000000000000e+06 0.000000000000000000e+00
4.522000000000000000e+06 0.000000000000000000e+00
4.757000000000000000e+06 0.000000000000000000e+00
5.005000000000000000e+06 0.000000000000000000e+00
5.266000000000000000e+06 0.000000000000000000e+00
5.540000000000000000e+06 0.000000000000000000e+00
5.828000000000000000e+06 0.000000000000000000e+00
6.132000000000000000e+06 0.000000000000000000e+00
6.451000000000000000e+06 0.000000000000000000e+00
6.787000000000000000e+06 0.000000000000000000e+00
7.140000000000000000e+06 0.000000000000000000e+00
7.512000000000000000e+06 0.000000000000000000e+00
7.903000000000000000e+06 0.000000000000000000e+00
8.315000000000000000e+06 0.000000000000000000e+00
8.748000000000000000e+06 0.000000000000000000e+00
9.203000000000000000e+06 0.000000000000000000e+00
9.682000000000000000e+06 0.000000000000000000e+00
1.019000000000000000e+07 0.000000000000000000e+00
1.072000000000000000e+07 0.000000000000000000e+00
1.127000000000000000e+07 0.000000000000000000e+00
1.186000000000000000e+07 0.000000000000000000e+00
1.248000000000000000e+07 0.000000000000000000e+00
1.313000000000000000e+07 0.000000000000000000e+00
1.381000000000000000e+07 0.000000000000000000e+00
1.453000000000000000e+07 0.000000000000000000e+00
1.529000000000000000e+07 0.000000000000000000e+00
1.608000000000000000e+07 0.000000000000000000e+00
1.692000000000000000e+07 0.000000000000000000e+00
1.780000000000000000e+07 0.000000000000000000e+00
1.873000000000000000e+07 0.000000000000000000e+00
1.971000000000000000e+07 0.000000000000000000e+00
2.073000000000000000e+07 0.000000000000000000e+00
2.181000000000000000e+07 0.000000000000000000e+00
2.295000000000000000e+07 0.000000000000000000e+00
2.414000000000000000e+07 0.000000000000000000e+00
2.540000000000000000e+07 0.000000000000000000e+00
2.672000000000000000e+07 0.000000000000000000e+00
2.811000000000000000e+07 0.000000000000000000e+00
2.958000000000000000e+07 0.000000000000000000e+00
3.112000000000000000e+07 0.000000000000000000e+00
3.274000000000000000e+07 0.000000000000000000e+00
3.444000000000000000e+07 0.000000000000000000e+00
3.623000000000000000e+07 0.000000000000000000e+00
3.812000000000000000e+07 0.000000000000000000e+00
4.011000000000000000e+07 0.000000000000000000e+00
4.219000000000000000e+07 0.000000000000000000e+00
4.439000000000000000e+07 0.000000000000000000e+00
4.670000000000000000e+07 0.000000000000000000e+00
4.913000000000000000e+07 0.000000000000000000e+00
5.169000000000000000e+07 0.000000000000000000e+00
5.438000000000000000e+07 0.000000000000000000e+00
5.722000000000000000e+07 0.000000000000000000e+00
6.019000000000000000e+07 0.000000000000000000e+00
6.333000000000000000e+07 0.000000000000000000e+00
6.663000000000000000e+07 0.000000000000000000e+00
7.010000000000000000e+07 0.000000000000000000e+00
7.375000000000000000e+07 0.000000000000000000e+00
7.759000000000000000e+07 0.000000000000000000e+00
8.163000000000000000e+07 0.000000000000000000e+00
8.588000000000000000e+07 0.000000000000000000e+00
9.035000000000000000e+07 0.000000000000000000e+00
9.505000000000000000e+07 0.000000000000000000e+00
1.000000000000000000e+08 0.000000000000000000e+00
