1.000000000000000021e-03 3.594771185491429719e+02
1.051999999999999984e-03 3.550427678690735434e+02
1.106999999999999911e-03 3.564089560902402809e+02
1.163999999999999887e-03 3.464589968325191194e+02
1.224999999999999960e-03 3.483761780555545329e+02
1.288999999999999998e-03 3.358483478519200389e+02
1.356000000000000000e-03 3.338793611434869604e+02
1.427000000000000100e-03 3.222717567602646227e+02
1.500999999999999947e-03 3.145874430874198993e+02
1.579000000000000108e-03 3.032977711685778104e+02
1.661000000000000150e-03 2.907033265625253762e+02
1.747999999999999988e-03 2.809456150807350809e+02
1.839000000000000140e-03 2.654046413595201557e+02
1.935000000000000088e-03 2.563544518685015987e+02
2.034999999999999917e-03 2.395121225337567523e+02
2.141000000000000108e-03 2.295329871230757135e+02
2.252999999999999794e-03 2.124860164916037490e+02
2.370000000000000145e-03 2.028949079872780885e+02
2.492999999999999990e-03 1.858035464862421406e+02
2.623000000000000331e-03 1.755897958241662593e+02
2.759999999999999867e-03 1.605037630366772987e+02
2.903999999999999897e-03 1.501180925385789351e+02
3.054999999999999990e-03 1.363704538370119224e+02
3.213999999999999843e-03 1.266068411625845727e+02
3.380999999999999891e-03 1.156489044212276411e+02
3.556999999999999832e-03 1.054824431027507785e+02
3.742000000000000100e-03 9.720736755295965281e+01
3.936999999999999528e-03 8.750928479303541963e+01
4.142000000000000716e-03 8.058616551320663746e+01
4.357999999999999895e-03 7.261899518836438006e+01
4.585000000000000533e-03 6.706854947057746585e+01
4.824000000000000163e-03 6.108627070451344565e+01
5.074999999999999650e-03 5.612419962812544583e+01
5.338999999999999996e-03 5.150215972137240783e+01
5.616999999999999597e-03 4.764477202267111977e+01
5.908999999999999322e-03 4.436166438860572470e+01
6.217000000000000304e-03 4.154995541379210522e+01
6.540999999999999939e-03 3.906983055417067163e+01
6.880999999999999964e-03 3.719825235968940547e+01
7.239999999999999908e-03 3.593563308371956566e+01
7.617000000000000506e-03 3.441291854384964211e+01
8.012999999999999290e-03 3.419408506489566690e+01
8.429999999999999993e-03 3.293767188538024726e+01
8.868999999999998413e-03 3.349691746349947152e+01
9.330999999999999017e-03 3.275511802317742394e+01
9.816999999999999338e-03 3.368850593000474447e+01
1.032999999999999891e-02 3.355685512347194788e+01
1.086999999999999945e-02 3.442717494766488073e+01
1.143000000000000092e-02 3.483340449778363990e+01
1.203000000000000076e-02 3.584595719946145920e+01
1.264999999999999979e-02 3.667309342312097442e+01
1.330999999999999892e-02 3.792564073875168873e+01
1.400999999999999988e-02 3.903656739888558036e+01
1.473000000000000004e-02 4.020593526433266618e+01
1.549999999999999989e-02 4.171553307449578796e+01
1.631000000000000158e-02 4.261337364204090505e+01
1.715999999999999817e-02 4.435413796031868827e+01
1.805000000000000007e-02 4.540268086440707407e+01
1.898999999999999994e-02 4.698895570595765037e+01
1.997999999999999776e-02 4.835190858781076173e+01
2.101999999999999702e-02 4.990074329602887104e+01
2.212000000000000077e-02 5.125438576630202903e+01
2.326999999999999902e-02 5.245365039426432219e+01
2.447999999999999829e-02 5.399361088322473279e+01
2.574999999999999858e-02 5.514795016249387771e+01
2.708999999999999950e-02 5.620420207988323114e+01
2.850000000000000103e-02 5.768835945655757769e+01
2.998999999999999930e-02 5.859909314911075739e+01
3.155000000000000165e-02 5.990655357928861946e+01
3.318999999999999728e-02 6.077966913839794216e+01
3.491999999999999965e-02 6.181900437041662855e+01
3.673999999999999488e-02 6.263739058575794161e+01
3.864999999999999686e-02 6.350875207854415549e+01
4.066000000000000170e-02 6.425501802558878239e+01
4.277999999999999858e-02 6.501954735377888994e+01
4.500999999999999446e-02 6.552113804983017076e+01
4.734999999999999626e-02 6.620573086233841309e+01
4.982000000000000317e-02 6.637308432758750598e+01
5.240999999999999825e-02 6.707548940505817825e+01
5.513999999999999457e-02 6.705703547353721206e+01
5.800999999999999907e-02 6.742020119612486440e+01
6.102999999999999398e-02 6.742014406553236938e+01
6.421000000000000318e-02 6.739744512653700781e+01
6.755999999999999506e-02 6.738215847081031029e+01
7.106999999999999429e-02 6.719707327745118164e+01
7.477000000000000313e-02 6.704247054588012134e+01
7.867000000000000381e-02 6.659464575430982336e+01
8.276000000000000023e-02 6.616914641778413397e+01
8.707000000000000850e-02 6.566395843730288107e+01
9.160999999999999699e-02 6.513747078357818054e+01
9.637999999999999345e-02 6.425462439715010987e+01
1.014000000000000040e-01 6.378671693414654698e+01
1.067000000000000032e-01 6.275721760975820729e+01
1.122000000000000081e-01 6.208774241332181276e+01
1.180999999999999966e-01 6.088691509904619892e+01
1.242000000000000048e-01 6.003323447551701264e+01
1.307000000000000106e-01 5.880531423345097153e+01
1.375000000000000111e-01 5.777964813477821338e+01
1.446999999999999953e-01 5.652532119907201036e+01
1.522000000000000020e-01 5.523642474462651819e+01
1.600999999999999923e-01 5.397723603607517617e+01
1.683999999999999941e-01 5.253801773038518519e+01
1.771999999999999964e-01 5.125277635554941469e+01
1.864000000000000101e-01 4.967148325404826181e+01
1.960999999999999965e-01 4.834864340096585522e+01
2.064000000000000001e-01 4.666613373302583057e+01
2.170999999999999874e-01 4.535375755368086459e+01
2.283999999999999919e-01 4.365750615302690107e+01
2.403000000000000136e-01 4.222800750011065674e+01
2.528000000000000247e-01 4.059759728485562391e+01
2.660000000000000142e-01 3.908992292137952518e+01
2.798000000000000487e-01 3.750427842932028000e+01
2.943999999999999950e-01 3.597563071310778327e+01
3.096999999999999753e-01 3.443958554953417917e+01
3.259000000000000230e-01 3.287202520326250976e+01
3.427999999999999936e-01 3.140096615081196063e+01
3.606999999999999651e-01 2.989007657487395164e+01
3.795000000000000040e-01 2.840747457390765973e+01
3.991999999999999993e-01 2.697406385450297606e+01
4.200000000000000400e-01 2.555198537559219574e+01
4.419000000000000150e-01 2.418136712467001104e+01
4.649000000000000354e-01 2.281392072429168749e+01
4.891000000000000347e-01 2.153451889466517244e+01
5.144999999999999574e-01 2.023681240475262300e+01
5.413000000000000034e-01 1.905405290940520047e+01
5.695000000000000062e-01 1.783016006833391032e+01
5.992000000000000659e-01 1.672847977756535442e+01
6.304000000000000714e-01 1.561791673363899946e+01
6.632000000000000117e-01 1.459066451243625373e+01
6.976999999999999869e-01 1.358413207526089117e+01
7.340999999999999748e-01 1.265780747827765218e+01
7.722999999999999865e-01 1.175274917931971963e+01
8.125000000000000000e-01 1.091024615040622692e+01
8.548000000000000043e-01 1.012153965916161980e+01
8.992999999999999883e-01 9.350129854758870707e+00
9.460999999999999410e-01 8.676949336745105157e+00
9.954000000000000625e-01 7.994812770434922555e+00
1.046999999999999931e+00 7.414396384071225476e+00
1.101999999999999869e+00 6.836119349183611860e+00
1.159000000000000030e+00 6.348676973087791886e+00
1.219000000000000083e+00 5.857088849038463607e+00
1.283000000000000140e+00 5.463829997956573870e+00
1.350000000000000089e+00 5.063512351881192863e+00
1.419999999999999929e+00 4.753292697665291833e+00
1.493999999999999995e+00 4.446268819501885794e+00
1.572000000000000064e+00 4.213982502702890542e+00
1.654000000000000137e+00 3.994915368733714445e+00
1.739999999999999991e+00 3.835570528766399701e+00
1.830000000000000071e+00 3.699195232842738434e+00
1.925999999999999934e+00 3.611779797642856504e+00
2.025999999999999801e+00 3.560412086623928829e+00
2.131000000000000227e+00 3.541781900788969040e+00
2.241999999999999993e+00 3.565008585200112989e+00
2.358999999999999986e+00 3.622825668721818548e+00
2.481999999999999762e+00 3.720099787925953194e+00
2.611000000000000210e+00 3.851499656126439408e+00
2.746999999999999886e+00 4.028713176571995902e+00
2.890000000000000124e+00 4.234235618430345127e+00
3.040999999999999925e+00 4.491529199831711061e+00
3.198999999999999844e+00 4.775863903638994046e+00
3.366000000000000103e+00 5.115087010984109561e+00
3.540999999999999925e+00 5.485795497104334117e+00
3.725000000000000089e+00 5.908681509470040893e+00
3.918999999999999595e+00 6.373126008219198724e+00
4.123000000000000220e+00 6.889394855285295272e+00
4.338000000000000078e+00 7.455949435084218813e+00
4.564000000000000057e+00 8.073591959536971174e+00
4.801000000000000156e+00 8.749638507282634592e+00
5.051000000000000156e+00 9.477766191373659055e+00
5.314000000000000057e+00 1.027790212283153259e+01
5.590999999999999304e+00 1.112883769888112084e+01
5.881999999999999673e+00 1.206488400735943500e+01
6.187999999999999723e+00 1.305338605113027484e+01
6.511000000000000121e+00 1.413529521890530027e+01
6.850000000000000533e+00 1.527642114506303628e+01
7.205999999999999517e+00 1.650169264736079811e+01
7.581999999999999851e+00 1.780388370669435716e+01
7.976000000000000867e+00 1.917108212115097032e+01
8.391999999999999460e+00 2.061576696783507856e+01
8.829000000000000625e+00 2.209448279993917197e+01
9.288000000000000256e+00 2.361089844403128168e+01
9.772000000000000242e+00 2.511438367537605032e+01
1.027999999999999936e+01 2.654048148939031648e+01
1.082000000000000028e+01 2.790214293004849111e+01
1.137999999999999901e+01 2.888575532219745057e+01
1.196999999999999886e+01 2.979002403644171082e+01
1.259999999999999964e+01 2.982722259181677771e+01
1.325000000000000000e+01 2.986582638453280936e+01
1.393999999999999950e+01 2.850513083032937445e+01
1.466999999999999993e+01 2.706444175877870606e+01
1.542999999999999972e+01 2.457169954445708981e+01
1.623000000000000043e+01 2.179966689925149126e+01
1.708000000000000185e+01 1.872773518191577580e+01
1.796999999999999886e+01 1.546467628969431907e+01
1.889999999999999858e+01 1.255050689128652941e+01
1.989000000000000057e+01 9.782160236420311961e+00
2.092000000000000171e+01 7.454838803656624435e+00
2.200999999999999801e+01 5.623294659682478880e+00
2.316000000000000014e+01 4.037836791388309976e+00
2.437000000000000099e+01 3.048731980260842800e+00
2.562999999999999901e+01 2.141394353615382329e+00
2.697000000000000242e+01 1.649973902412376736e+00
2.837000000000000099e+01 1.157746142324503236e+00
2.985000000000000142e+01 8.874567169375622289e-01
3.139999999999999858e+01 6.043842209291749867e-01
3.303999999999999915e+01 4.327355024865000011e-01
3.475999999999999801e+01 2.598426161360471442e-01
3.657000000000000028e+01 1.696687765816798366e-01
3.846999999999999886e+01 9.565713275809534233e-02
4.048000000000000398e+01 5.599872451030941944e-02
4.259000000000000341e+01 3.233451485869338893e-02
4.479999999999999716e+01 1.763540630139885657e-02
4.714000000000000057e+01 1.031119255163771495e-02
4.959000000000000341e+01 5.046103406505340373e-03
5.217000000000000171e+01 2.809748872794635977e-03
5.489000000000000057e+01 1.034566335957888897e-03
5.775000000000000000e+01 5.921956660026272924e-04
6.075000000000000000e+01 1.927514034755225625e-04
6.392000000000000171e+01 1.113214880098764873e-04
6.723999999999999488e+01 2.844027464334650918e-05
7.075000000000000000e+01 1.661646715885519045e-05
7.442999999999999261e+01 4.220027793671206441e-06
7.829999999999999716e+01 1.855215039065967418e-06
8.237999999999999545e+01 5.578344214101137747e-07
8.667000000000000171e+01 1.679240923804936634e-07
9.117999999999999261e+01 5.621125177785751692e-08
9.593000000000000682e+01 1.040371271272889792e-08
1.009000000000000057e+02 3.964399201769901641e-09
1.062000000000000028e+02 4.833076376314233144e-10
1.116999999999999886e+02 2.007123660901896282e-10
1.175000000000000000e+02 1.314491080965687365e-11
1.236000000000000085e+02 6.029181375806114921e-12
1.300999999999999943e+02 3.070695451794672676e-13
1.369000000000000057e+02 1.488767284683147623e-13
1.440000000000000000e+02 3.300810520048812339e-15
1.515000000000000000e+02 1.717133183686740038e-15
1.593999999999999773e+02 4.898731091736762187e-17
1.676999999999999886e+02 1.493444550444682566e-17
1.764000000000000057e+02 2.058323702957271788e-18
1.855999999999999943e+02 5.874415136806289665e-20
1.952000000000000171e+02 1.352018129685288873e-20
2.054000000000000057e+02 1.274369110830439651e-22
2.160999999999999943e+02 3.819544921856506571e-23
2.273999999999999773e+02 1.599483931750710445e-25
2.391999999999999886e+02 5.778165977532624057e-26
2.516999999999999886e+02 8.315281514136758857e-29
2.647999999999999545e+02 3.420638224531310467e-29
2.785000000000000000e+02 1.784171857197614570e-32
2.930000000000000000e+02 8.170158131261740648e-33
3.083000000000000114e+02 1.709508599774101058e-36
3.244000000000000341e+02 8.445283873453937588e-37
3.411999999999999886e+02 4.743920002243333625e-41
3.590000000000000000e+02 2.508520143325052340e-41
3.776999999999999886e+02 1.600970405253006393e-42
3.973999999999999773e+02 2.126759148983235123e-46
4.181000000000000227e+02 3.565806457899930702e-47
4.398000000000000114e+02 4.916760990165473614e-52
4.626999999999999886e+02 1.250521462659984412e-52
4.868000000000000114e+02 2.649978600151306055e-58
5.122000000000000455e+02 8.533126768783582217e-59
5.387999999999999545e+02 2.823505159904245485e-65
5.668999999999999773e+02 1.074252615583843071e-65
5.964000000000000909e+02 4.061891360437727574e-73
6.275000000000000000e+02 1.743691083113536957e-73
6.601000000000000227e+02 7.693974033457268498e-82
6.945000000000000000e+02 3.631621353656759569e-82
7.307000000000000455e+02 1.426469949067527393e-91
7.687000000000000455e+02 7.261999707919358869e-92
8.087999999999999545e+02 2.271171331173964099e-102
8.508999999999999773e+02 1.227641303708695588e-102
8.952000000000000455e+02 1.295833275626524134e-103
9.417999999999999545e+02 1.070107148532181293e-114
9.908000000000000682e+02 2.174371151550310181e-115
1.042000000000000000e+03 3.643263260353620574e-128
1.097000000000000000e+03 1.003728417998619273e-128
1.154000000000000000e+03 4.377100629484940367e-143
1.214000000000000000e+03 1.510897799669916301e-143
1.277000000000000000e+03 8.691897516140886783e-160
1.344000000000000000e+03 3.442243348021577101e-160
1.414000000000000000e+03 2.125106087933267703e-178
1.487000000000000000e+03 9.542391019135581482e-179
1.565000000000000000e+03 3.294377677823358307e-199
1.646000000000000000e+03 1.607307139277880217e-199
1.732000000000000000e+03 2.470333151628138614e-222
1.822000000000000000e+03 1.287913959898774790e-222
1.917000000000000000e+03 3.980731188655041329e-224
2.017000000000000000e+03 2.610490944139882272e-248
2.122000000000000000e+03 3.707277729152927267e-249
2.232000000000000000e+03 4.931958900283776093e-277
2.348000000000000000e+03 1.162851562091381346e-277
2.470000000000000000e+03 5.524799131951621914e-309
2.599000000000000000e+03 1.695540874623215214e-309
2.734000000000000000e+03 0.000000000000000000e+00
2.877000000000000000e+03 0.000000000000000000e+00
3.027000000000000000e+03 0.000000000000000000e+00
3.184000000000000000e+03 0.000000000000000000e+00
3.350000000000000000e+03 0.000000000000000000e+00
3.524000000000000000e+03 0.000000000000000000e+00
3.708000000000000000e+03 0.000000000000000000e+00
3.901000000000000000e+03 0.000000000000000000e+00
4.104000000000000000e+03 0.000000000000000000e+00
4.318000000000000000e+03 0.000000000000000000e+00
4.543000000000000000e+03 0.000000000000000000e+00
4.779000000000000000e+03 0.000000000000000000e+00
5.028000000000000000e+03 0.000000000000000000e+00
5.290000000000000000e+03 0.000000000000000000e+00
5.565000000000000000e+03 0.000000000000000000e+00
5.855000000000000000e+03 0.000000000000000000e+00
6.160000000000000000e+03 0.000000000000000000e+00
6.481000000000000000e+03 0.000000000000000000e+00
6.818000000000000000e+03 0.000000000000000000e+00
7.173000000000000000e+03 0.000000000000000000e+00
7.547000000000000000e+03 0.000000000000000000e+00
7.940000000000000000e+03 0.000000000000000000e+00
8.353000000000000000e+03 0.000000000000000000e+00
8.788000000000000000e+03 0.000000000000000000e+00
9.246000000000000000e+03 0.000000000000000000e+00
9.727000000000000000e+03 0.000000000000000000e+00
1.023000000000000000e+04 0.000000000000000000e+00
1.077000000000000000e+04 0.000000000000000000e+00
1.133000000000000000e+04 0.000000000000000000e+00
1.192000000000000000e+04 0.000000000000000000e+00
1.254000000000000000e+04 0.000000000000000000e+00
1.319000000000000000e+04 0.000000000000000000e+00
1.388000000000000000e+04 0.000000000000000000e+00
1.460000000000000000e+04 0.000000000000000000e+00
1.536000000000000000e+04 0.000000000000000000e+00
1.616000000000000000e+04 0.000000000000000000e+00
1.700000000000000000e+04 0.000000000000000000e+00
1.789000000000000000e+04 0.000000000000000000e+00
1.882000000000000000e+04 0.000000000000000000e+00
1.980000000000000000e+04 0.000000000000000000e+00
2.083000000000000000e+04 0.000000000000000000e+00
2.191000000000000000e+04 0.000000000000000000e+00
2.305000000000000000e+04 0.000000000000000000e+00
2.425000000000000000e+04 0.000000000000000000e+00
2.552000000000000000e+04 0.000000000000000000e+00
2.684000000000000000e+04 0.000000000000000000e+00
2.824000000000000000e+04 0.000000000000000000e+00
2.971000000000000000e+04 0.000000000000000000e+00
3.126000000000000000e+04 0.000000000000000000e+00
3.289000000000000000e+04 0.000000000000000000e+00
3.460000000000000000e+04 0.000000000000000000e+00
3.640000000000000000e+04 0.000000000000000000e+00
3.830000000000000000e+04 0.000000000000000000e+00
4.029000000000000000e+04 0.000000000000000000e+00
4.239000000000000000e+04 0.000000000000000000e+00
4.460000000000000000e+04 0.000000000000000000e+00
4.692000000000000000e+04 0.000000000000000000e+00
4.936000000000000000e+04 0.000000000000000000e+00
5.193000000000000000e+04 0.000000000000000000e+00
5.464000000000000000e+04 0.000000000000000000e+00
5.748000000000000000e+04 0.000000000000000000e+00
6.047000000000000000e+04 0.000000000000000000e+00
6.362000000000000000e+04 0.000000000000000000e+00
6.693000000000000000e+04 0.000000000000000000e+00
7.042000000000000000e+04 0.000000000000000000e+00
7.409000000000000000e+04 0.000000000000000000e+00
7.794000000000000000e+04 0.000000000000000000e+00
8.200000000000000000e+04 0.000000000000000000e+00
8.627000000000000000e+04 0.000000000000000000e+00
9.076000000000000000e+04 0.000000000000000000e+00
9.549000000000000000e+04 0.000000000000000000e+00
1.005000000000000000e+05 0.000000000000000000e+00
1.057000000000000000e+05 0.000000000000000000e+00
1.112000000000000000e+05 0.000000000000000000e+00
1.170000000000000000e+05 0.000000000000000000e+00
1.231000000000000000e+05 0.000000000000000000e+00
1.295000000000000000e+05 0.000000000000000000e+00
1.362000000000000000e+05 0.000000000000000000e+00
1.433000000000000000e+05 0.000000000000000000e+00
1.508000000000000000e+05 0.000000000000000000e+00
1.586000000000000000e+05 0.000000000000000000e+00
1.669000000000000000e+05 0.000000000000000000e+00
1.756000000000000000e+05 0.000000000000000000e+00
1.847000000000000000e+05 0.000000000000000000e+00
1.943000000000000000e+05 0.000000000000000000e+00
2.045000000000000000e+05 0.000000000000000000e+00
2.151000000000000000e+05 0.000000000000000000e+00
2.263000000000000000e+05 0.000000000000000000e+00
2.381000000000000000e+05 0.000000000000000000e+00
2.505000000000000000e+05 0.000000000000000000e+00
2.635000000000000000e+05 0.000000000000000000e+00
2.773000000000000000e+05 0.000000000000000000e+00
2.917000000000000000e+05 0.000000000000000000e+00
3.069000000000000000e+05 0.000000000000000000e+00
3.229000000000000000e+05 0.000000000000000000e+00
3.397000000000000000e+05 0.000000000000000000e+00
3.574000000000000000e+05 0.000000000000000000e+00
3.760000000000000000e+05 0.000000000000000000e+00
3.955000000000000000e+05 0.000000000000000000e+00
4.161000000000000000e+05 0.000000000000000000e+00
4.378000000000000000e+05 0.000000000000000000e+00
4.606000000000000000e+05 0.000000000000000000e+00
4.846000000000000000e+05 0.000000000000000000e+00
5.098000000000000000e+05 0.000000000000000000e+00
5.364000000000000000e+05 0.000000000000000000e+00
5.643000000000000000e+05 0.000000000000000000e+00
5.937000000000000000e+05 0.000000000000000000e+00
6.246000000000000000e+05 0.000000000000000000e+00
6.571000000000000000e+05 0.000000000000000000e+00
6.913000000000000000e+05 0.000000000000000000e+00
7.273000000000000000e+05 0.000000000000000000e+00
7.652000000000000000e+05 0.000000000000000000e+00
8.050000000000000000e+05 0.000000000000000000e+00
8.469000000000000000e+05 0.000000000000000000e+00
8.910000000000000000e+05 0.000000000000000000e+00
9.374000000000000000e+05 0.000000000000000000e+00
9.863000000000000000e+05 0.000000000000000000e+00
1.038000000000000000e+06 0.000000000000000000e+00
1.092000000000000000e+06 0.000000000000000000e+00
1.148000000000000000e+06 0.000000000000000000e+00
1.208000000000000000e+06 0.000000000000000000e+00
1.271000000000000000e+06 0.000000000000000000e+00
1.337000000000000000e+06 0.000000000000000000e+00
1.407000000000000000e+06 0.000000000000000000e+00
1.480000000000000000e+06 0.000000000000000000e+00
1.557000000000000000e+06 0.000000000000000000e+00
1.638000000000000000e+06 0.000000000000000000e+00
1.724000000000000000e+06 0.000000000000000000e+00
1.814000000000000000e+06 0.000000000000000000e+00
1.908000000000000000e+06 0.000000000000000000e+00
2.007000000000000000e+06 0.000000000000000000e+00
2.112000000000000000e+06 0.000000000000000000e+00
2.222000000000000000e+06 0.000000000000000000e+00
2.337000000000000000e+06 0.000000000000000000e+00
2.459000000000000000e+06 0.000000000000000000e+00
2.587000000000000000e+06 0.000000000000000000e+00
2.722000000000000000e+06 0.000000000000000000e+00
2.864000000000000000e+06 0.000000000000000000e+00
3.013000000000000000e+06 0.000000000000000000e+00
3.170000000000000000e+06 0.000000000000000000e+00
3.335000000000000000e+06 0.000000000000000000e+00
3.508000000000000000e+06 0.000000000000000000e+00
3.691000000000000000e+06 0.000000000000000000e+00
3.883000000000000000e+06 0.000000000000000000e+00
4.085000000000000000e+06 0.000000000000000000e+00
4.298000000000000000e+06 0.000000000000000000e+00
4.522000000000000000e+06 0.000000000000000000e+00
4.757000000000000000e+06 0.000000000000000000e+00
5.005000000000000000e+06 0.000000000000000000e+00
5.266000000000000000e+06 0.000000000000000000e+00
5.540000000000000000e+06 0.000000000000000000e+00
5.828000000000000000e+06 0.000000000000000000e+00
6.132000000000000000e+06 0.000000000000000000e+00
6.451000000000000000e+06 0.000000000000000000e+00
6.787000000000000000e+06 0.000000000000000000e+00
7.140000000000000000e+06 0.000000000000000000e+00
7.512000000000000000e+06 0.000000000000000000e+00
7.903000000000000000e+06 0.000000000000000000e+00
8.315000000000000000e+06 0.000000000000000000e+00
8.748000000000000000e+06 0.000000000000000000e+00
9.203000000000000000e+06 0.000000000000000000e+00
9.682000000000000000e+06 0.000000000000000000e+00
1.019000000000000000e+07 0.000000000000000000e+00
1.072000000000000000e+07 0.000000000000000000e+00
1.127000000000000000e+07 0.000000000000000000e+00
1.186000000000000000e+07 0.000000000000000000e+00
1.248000000000000000e+07 0.000000000000000000e+00
1.313000000000000000e+07 0.000000000000000000e+00
1.381000000000000000e+07 0.000000000000000000e+00
1.453000000000000000e+07 0.000000000000000000e+00
1.529000000000000000e+07 0.000000000000000000e+00
1.608000000000000000e+07 0.000000000000000000e+00
1.692000000000000000e+07 0.000000000000000000e+00
1.780000000000000000e+07 0.000000000000000000e+00
1.873000000000000000e+07 0.000000000000000000e+00
1.971000000000000000e+07 0.000000000000000000e+00
2.073000000000000000e+07 0.000000000000000000e+00
2.181000000000000000e+07 0.000000000000000000e+00
2.295000000000000000e+07 0.000000000000000000e+00
2.414000000000000000e+07 0.000000000000000000e+00
2.540000000000000000e+07 0.000000000000000000e+00
2.672000000000000000e+07 0.000000000000000000e+00
2.811000000000000000e+07 0.000000000000000000e+00
2.958000000000000000e+07 0.000000000000000000e+00
3.112000000000000000e+07 0.000000000000000000e+00
3.274000000000000000e+07 0.000000000000000000e+00
3.444000000000000000e+07 0.000000000000000000e+00
3.623000000000000000e+07 0.000000000000000000e+00
3.812000000000000000e+07 0.000000000000000000e+00
4.011000000000000000e+07 0.000000000000000000e+00
4.219000000000000000e+07 0.000000000000000000e+00
4.439000000000000000e+07 0.000000000000000000e+00
4.670000000000000000e+07 0.000000000000000000e+00
4.913000000000000000e+07 0.000000000000000000e+00
5.169000000000000000e+07 0.000000000000000000e+00
5.438000000000000000e+07 0.000000000000000000e+00
5.722000000000000000e+07 0.000000000000000000e+00
6.019000000000000000e+07 0.000000000000000000e+00
6.333000000000000000e+07 0.000000000000000000e+00
6.663000000000000000e+07 0.000000000000000000e+00
7.010000000000000000e+07 0.000000000000000000e+00
7.375000000000000000e+07 0.000000000000000000e+00
7.759000000000000000e+07 0.000000000000000000e+00
8.163000000000000000e+07 0.000000000000000000e+00
8.588000000000000000e+07 0.000000000000000000e+00
9.035000000000000000e+07 0.000000000000000000e+00
9.505000000000000000e+07 0.000000000000000000e+00
1.000000000000000000e+08 0.000000000000000000e+00
