1.900000000000000000e+01 3.112835652239395756e+01
2.000000000000000000e+01 3.022179026500892363e+01
2.100000000000000000e+01 2.857085573065584683e+01
2.200000000000000000e+01 2.632772740783084942e+01
2.300000000000000000e+01 2.434721536012700227e+01
2.400000000000000000e+01 2.218625810687549205e+01
2.500000000000000000e+01 1.992393022683165427e+01
2.600000000000000000e+01 1.796654565902402112e+01
2.700000000000000000e+01 1.616131034781610865e+01
2.800000000000000000e+01 1.449854432533745019e+01
2.900000000000000000e+01 1.305568978028487415e+01
3.000000000000000000e+01 1.174482981569830642e+01
3.100000000000000000e+01 1.055312825708898039e+01
3.200000000000000000e+01 9.514128860356027673e+00
3.300000000000000000e+01 8.502025522395239676e+00
3.400000000000000000e+01 7.529513693060165380e+00
3.500000000000000000e+01 6.691446744204237795e+00
3.600000000000000000e+01 5.966199726773202094e+00
3.700000000000000000e+01 5.336089632587524889e+00
3.800000000000000000e+01 4.697562484137383976e+00
3.900000000000000000e+01 4.069174448714570680e+00
4.000000000000000000e+01 3.537532664416287442e+00
4.100000000000000000e+01 3.085878407423836567e+00
4.200000000000000000e+01 2.657625778666648841e+00
4.300000000000000000e+01 2.258608397770153875e+00
4.400000000000000000e+01 1.926615519907695973e+00
4.500000000000000000e+01 1.649243084954506111e+00
4.600000000000000000e+01 1.416586038815903059e+00
4.700000000000000000e+01 1.204564341694782215e+00
4.800000000000000000e+01 1.013509883003855805e+00
4.900000000000000000e+01 8.557713259924042415e-01
5.000000000000000000e+01 7.250332040239284570e-01
5.100000000000000000e+01 6.162696255276964852e-01
5.200000000000000000e+01 5.254627609406176125e-01
5.300000000000000000e+01 4.439817748711002432e-01
5.400000000000000000e+01 3.715515850427734135e-01
5.500000000000000000e+01 3.119466261620450487e-01
5.600000000000000000e+01 2.627231618893182130e-01
5.700000000000000000e+01 2.219349362067712383e-01
5.800000000000000000e+01 1.880256239196503865e-01
5.900000000000000000e+01 1.597458460617835196e-01
6.000000000000000000e+01 1.343382122117373900e-01
6.100000000000000000e+01 1.117578105643952519e-01
6.200000000000000000e+01 9.324939216277979004e-02
6.300000000000000000e+01 7.803024264690086587e-02
6.400000000000000000e+01 6.547713538003416267e-02
6.500000000000000000e+01 5.509204538953935831e-02
6.600000000000000000e+01 4.647560766532339571e-02
6.700000000000000000e+01 3.884728144888997814e-02
6.800000000000000000e+01 3.215508780739376876e-02
6.900000000000000000e+01 2.668882193179848705e-02
7.000000000000000000e+01 2.221087665688569260e-02
7.100000000000000000e+01 1.853215758043732023e-02
7.200000000000000000e+01 1.550168871177629200e-02
7.300000000000000000e+01 1.299854741574624564e-02
7.400000000000000000e+01 1.092558434550943564e-02
7.500000000000000000e+01 9.092039921485096238e-03
7.600000000000000000e+01 7.486442790500302640e-03
7.700000000000000000e+01 6.179966566520912058e-03
7.800000000000000000e+01 5.114050906319788509e-03
7.900000000000000000e+01 4.242142076443586665e-03
8.000000000000000000e+01 3.527122684004940084e-03
8.100000000000000000e+01 2.939314337500286128e-03
8.200000000000000000e+01 2.454920579707266324e-03
8.300000000000000000e+01 2.054809270906956913e-03
8.400000000000000000e+01 1.698611293373266046e-03
8.500000000000000000e+01 1.385697139819268113e-03
8.600000000000000000e+01 1.133107956236881295e-03
8.700000000000000000e+01 9.287081357086613082e-04
8.800000000000000000e+01 7.629030456810339308e-04
8.900000000000000000e+01 6.280865606122773342e-04
9.000000000000000000e+01 5.182130659917499405e-04
9.100000000000000000e+01 4.284649295288272099e-04
9.200000000000000000e+01 3.549934132226391110e-04
9.300000000000000000e+01 2.947162474365053013e-04
9.400000000000000000e+01 2.415678556330907057e-04
9.500000000000000000e+01 1.953253240286838938e-04
9.600000000000000000e+01 1.582849436985156173e-04
9.700000000000000000e+01 1.285471530152551035e-04
9.800000000000000000e+01 1.046183560394908384e-04
9.900000000000000000e+01 8.532125673219875133e-05
1.000000000000000000e+02 6.972562748439536332e-05
1.010000000000000000e+02 5.709471417600464984e-05
1.020000000000000000e+02 4.684363894511527358e-05
1.030000000000000000e+02 3.850703314429069314e-05
1.040000000000000000e+02 3.171378986716466840e-05
