1.903427155601598031e+01 5.465479653275560068e+00
2.003427155601598031e+01 4.838234690919327008e+00
2.103427155601598031e+01 4.139404103911285659e+00
2.203427155601598031e+01 3.582135372536272122e+00
2.303427155601598031e+01 3.037506732738929127e+00
2.403427155601598031e+01 2.543326640718402754e+00
2.503427155601598031e+01 2.218718163439341140e+00
2.603427155601598031e+01 1.891180861869911967e+00
2.703427155601598031e+01 1.601629650481216416e+00
2.803427155601598031e+01 1.406525601369410516e+00
2.903427155601598031e+01 1.227559729272241329e+00
3.003427155601598031e+01 1.071497339421622286e+00
3.103427155601598031e+01 9.372482312432746099e-01
3.203427155601598031e+01 8.199848997148856400e-01
3.303427155601598031e+01 7.106867020366486321e-01
3.403427155601598031e+01 6.109785794312112550e-01
3.503427155601598031e+01 5.218165198190347631e-01
3.603427155601598031e+01 4.381132577262872863e-01
3.703427155601598031e+01 3.666863455589481346e-01
3.803427155601598031e+01 3.025973121848947733e-01
3.903427155601598031e+01 2.487248956929881127e-01
4.003427155601598031e+01 2.035095494173624064e-01
4.103427155601598031e+01 1.593553336275403964e-01
4.203427155601598031e+01 1.246442187905214272e-01
4.303427155601598031e+01 9.900628099206229549e-02
4.403427155601598031e+01 8.380673958652246069e-02
4.503427155601598031e+01 7.176702778284144157e-02
4.603427155601598031e+01 5.913981369262534538e-02
4.703427155601598031e+01 4.612722480599319719e-02
4.803427155601598031e+01 3.580702041333077429e-02
4.903427155601598031e+01 3.094979988487114864e-02
5.003427155601598031e+01 2.665129357125136517e-02
5.103427155601598031e+01 2.209798187483223708e-02
5.203427155601598031e+01 1.729819592123743241e-02
5.303427155601598031e+01 1.268035747143825970e-02
5.403427155601598031e+01 1.077097889753761070e-02
5.503427155601598031e+01 9.392308149141633325e-03
5.603427155601598031e+01 7.920772513760797329e-03
5.703427155601598031e+01 6.353891568984961109e-03
5.803427155601598031e+01 4.765869433107854103e-03
5.903427155601598031e+01 3.644311471942113766e-03
6.003427155601598031e+01 2.888513894721637595e-03
6.103427155601598031e+01 2.355863133817270774e-03
6.203427155601598031e+01 1.952994951295921808e-03
6.303427155601598031e+01 1.606430322562241294e-03
6.403427155601598031e+01 1.250096781930359240e-03
6.503427155601598031e+01 9.679919922915075029e-04
6.603427155601598031e+01 7.548680793291076378e-04
6.703427155601598031e+01 6.030287935378909154e-04
6.803427155601598031e+01 4.850603712290349739e-04
6.903427155601598031e+01 3.913559826092431271e-04
7.003427155601598031e+01 3.164413863148401855e-04
7.103427155601598031e+01 2.565870268814669569e-04
7.203427155601598031e+01 2.082015318479119102e-04
7.303427155601598031e+01 1.660940538283388530e-04
7.403427155601598031e+01 1.322703503952002196e-04
7.503427155601598031e+01 1.054996700327434276e-04
7.603427155601598031e+01 8.302527663895082710e-05
7.703427155601598031e+01 6.523663824037978715e-05
7.803427155601598031e+01 5.143983874493406809e-05
7.903427155601598031e+01 4.092606690105769936e-05
8.003427155601598031e+01 3.271888078697031670e-05
8.103427155601598031e+01 2.614947075972863004e-05
8.203427155601598031e+01 1.982023806643102310e-05
8.303427155601598031e+01 1.474981628544994676e-05
8.403427155601598031e+01 1.102722695629788456e-05
8.503427155601598031e+01 8.499344849692026387e-06
8.603427155601598031e+01 6.651576097596738085e-06
