1.000000000000000000e+01 2.683827002059367750e+00
1.020283975659229192e+01 2.717246578929850109e+00
1.055780933062880322e+01 2.772759007492451300e+00
1.091277890466531453e+01 2.807902907353242661e+00
1.106490872210953214e+01 2.816944961028595262e+00
1.223123732251521290e+01 2.835468476896374490e+00
1.415821501014199058e+01 2.603581518312972687e+00
1.654158215010142285e+01 2.027615838423121541e+00
1.811359026369168390e+01 1.633410276031414643e+00
1.973630831643002281e+01 1.242096348217909041e+00
2.105476673427992296e+01 9.972756161063491831e-01
2.217038539553752585e+01 8.098847110087350476e-01
2.318458417849899078e+01 6.833940979757895384e-01
2.409736308316430353e+01 5.742017397995800021e-01
2.511156186612576136e+01 4.865423473629347795e-01
2.759634888438133871e+01 3.165743946114745189e-01
2.962474645030426146e+01 2.246404495584546634e-01
3.155172413793103914e+01 1.590509435747434752e-01
3.292089249492901359e+01 1.239596502196353006e-01
3.479716024340771696e+01 8.541789830313734067e-02
3.621703853955375507e+01 6.438679063808887271e-02
3.728194726166329076e+01 5.042502112382937773e-02
