1.091683878760157711e+01 7.839495679110845572e+01
1.296513747042974352e+01 7.754264545880620574e+01
1.493803646343294034e+01 6.757449814176422365e+01
1.691111412868690067e+01 5.396341836743132347e+01
1.903588453484466214e+01 3.925001253633890741e+01
2.108525525117745403e+01 2.769331776417087099e+01
2.298329057110798246e+01 1.976241276459916563e+01
2.503283995969153963e+01 1.375180472128658238e+01
2.693087527962207517e+01 9.804450888583705392e+00
2.898042466820563234e+01 7.032741949158181960e+00
3.110590976336647628e+01 4.840869377633542747e+00
3.307952344537275025e+01 3.343478461060556572e+00
3.512889416170553147e+01 2.202573304068567772e+00
3.702657213713453643e+01 1.492911759791549553e+00
3.907540683671501114e+01 9.221680978007629204e-01
4.112388419179394816e+01 6.145932194204338783e-01
4.309624716804483313e+01 3.809921901736110228e-01
4.514347381736838116e+01 2.536258775159601075e-01
4.703757834778197378e+01 1.688667252248392814e-01
4.907908748508087626e+01 1.013160416151890064e-01
