1.774127155601597394e+01 3.978515613179987920e+00
1.874127155601597394e+01 3.223271350998042184e+00
1.974127155601597394e+01 2.609389757221896033e+00
2.074127155601597394e+01 2.108289725594643560e+00
2.174127155601597394e+01 1.699205089498495580e+00
2.274127155601597394e+01 1.358379900917318972e+00
2.374127155601597394e+01 1.077887968535038432e+00
2.474127155601597394e+01 8.466634316651242553e-01
2.574127155601597394e+01 6.580191574156250001e-01
2.674127155601597394e+01 5.075452208408064436e-01
2.774127155601597394e+01 3.886504162310282506e-01
2.874127155601597394e+01 2.957971997152136212e-01
2.974127155601597394e+01 2.242137552054391247e-01
3.074127155601597394e+01 1.697778011975359380e-01
3.174127155601597394e+01 1.281082204358664489e-01
3.274127155601597394e+01 9.653593569815621667e-02
3.374127155601597394e+01 7.272951684820379292e-02
3.474127155601597394e+01 5.449581148256952418e-02
3.574127155601597394e+01 4.094705548137708012e-02
3.674127155601597394e+01 3.048845711764481409e-02
3.774127155601597394e+01 2.269193223582234228e-02
3.874127155601597394e+01 1.694388853391886468e-02
3.974127155601597394e+01 1.245139970790309393e-02
4.074127155601597394e+01 9.188512170411118618e-03
4.174127155601597394e+01 6.809038833164452256e-03
4.274127155601597394e+01 4.984019203019000172e-03
4.374127155601597394e+01 3.660671772997052542e-03
4.474127155601597394e+01 2.680223518167962338e-03
4.574127155601597394e+01 1.959396863317095297e-03
4.674127155601597394e+01 1.430590480522716482e-03
4.774127155601597394e+01 1.042245601574325964e-03
4.874127155601597394e+01 7.591743020558792705e-04
4.974127155601597394e+01 5.522874422252082140e-04
5.074127155601597394e+01 4.014581847061871305e-04
5.174127155601597394e+01 2.916859442135716655e-04
5.274127155601597394e+01 2.117280907531245008e-04
5.374127155601597394e+01 1.536371286321356298e-04
5.474127155601597394e+01 1.113855649432182016e-04
5.574127155601597394e+01 8.070283546734131962e-05
5.674127155601597394e+01 5.847838351530569958e-05
5.774127155601597394e+01 4.228657737410509775e-05
5.874127155601597394e+01 3.065359280647695435e-05
5.974127155601597394e+01 2.216350596883146968e-05
6.074127155601597394e+01 1.604090865579179938e-05
6.174127155601597394e+01 1.164745190838953977e-05
6.274127155601597394e+01 8.405777076826552869e-06
6.374127155601597394e+01 6.086864729671218944e-06
6.474127155601597394e+01 4.422231631532755621e-06
6.574127155601597394e+01 3.192768464599433896e-06
6.674127155601597394e+01 2.311754856309613595e-06
6.774127155601597394e+01 1.679474085484140830e-06
6.874127155601597394e+01 1.212468356789370778e-06
6.974127155601597394e+01 8.773706642641374315e-07
7.074127155601597394e+01 6.370684657499715114e-07
7.174127155601597394e+01 4.596781034216628462e-07
7.274127155601597394e+01 3.322804436684095545e-07
7.374127155601597394e+01 2.410313712776017394e-07
7.474127155601597394e+01 1.737657673458877015e-07
7.574127155601597394e+01 1.254293742317069590e-07
7.674127155601597394e+01 9.086208785951125917e-08
7.774127155601597394e+01 6.544232555532615476e-08
7.874127155601597394e+01 4.717083254084212269e-08
7.974127155601597394e+01 3.412414503167087782e-08
8.074127155601597394e+01 2.455911999972735825e-08
8.174127155601597394e+01 1.768217185193787420e-08
8.274127155601597394e+01 1.277711605867922298e-08
8.374127155601597394e+01 9.188032179679295413e-09
8.474127155601597394e+01 6.606262644644657261e-09
