4.999999999999999237e-03 8.612170035349688391e+00
9.999999999999998473e-03 2.229514882353518690e+00
1.499999999999999771e-02 7.728078740194711527e-01
1.999999999999999695e-02 3.164180382427823623e-01
2.499999999999999445e-02 1.393593764988533268e-01
2.999999999999999195e-02 6.403269892568305699e-02
3.499999999999999639e-02 3.072603152591429909e-02
3.999999999999999389e-02 1.548025117019455159e-02
4.499999999999999140e-02 8.156808535492559784e-03
4.999999999999998890e-02 4.459781290867614184e-03
5.499999999999998640e-02 2.504347712606605318e-03
5.999999999999999084e-02 1.435987533903288231e-03
6.499999999999998834e-02 8.344147004498020121e-04
6.999999999999999278e-02 4.893546814694690753e-04
7.499999999999999722e-02 2.909991694363470703e-04
7.999999999999998779e-02 1.745875072913689874e-04
8.499999999999999223e-02 1.059333971884242982e-04
8.999999999999999667e-02 6.574208349966239315e-05
