1.221799999999999287e+01 8.631965843361813384e+00
1.321799999999999287e+01 8.937941324315227476e+00
1.421799999999999287e+01 8.885136382588157744e+00
1.521799999999999287e+01 8.510116988502915092e+00
1.621799999999999287e+01 7.907651799743440790e+00
1.721799999999999287e+01 7.138596918998199037e+00
1.821799999999999287e+01 6.321743384987021486e+00
1.921799999999999287e+01 5.492463363765207163e+00
2.021799999999999287e+01 4.712680661672374427e+00
2.121799999999999287e+01 3.991576118095218284e+00
2.221799999999999287e+01 3.406223965865605940e+00
2.321799999999999287e+01 2.894525867937089547e+00
2.421799999999999287e+01 2.447991382323396969e+00
2.521799999999999287e+01 2.084167180271823572e+00
2.621799999999999287e+01 1.771510703342131787e+00
2.721799999999999287e+01 1.502539646941343232e+00
2.821799999999999287e+01 1.281876184910845540e+00
2.921799999999999287e+01 1.084693081392263503e+00
3.021799999999999287e+01 9.098627573136519597e-01
3.121799999999999287e+01 7.675260253048102888e-01
3.221799999999998931e+01 6.351714499986444995e-01
3.321799999999998931e+01 5.151910868893023743e-01
3.421799999999998931e+01 4.204422065810514697e-01
3.521799999999998931e+01 3.451067812905058707e-01
3.621799999999998931e+01 2.848204021205253955e-01
3.721799999999998931e+01 2.312800939640383691e-01
3.821799999999998931e+01 1.845849812357203967e-01
3.921799999999998931e+01 1.481681123113937071e-01
4.021799999999998931e+01 1.195883484984541084e-01
4.121799999999998931e+01 9.591244976532500854e-02
4.221799999999998931e+01 7.638077130395569403e-02
4.321799999999998931e+01 6.114820051530963502e-02
4.421799999999998931e+01 4.920057140846205435e-02
4.521799999999998931e+01 3.977833240616111821e-02
4.621799999999998931e+01 3.187222113909064791e-02
4.721799999999998931e+01 2.528707152225679114e-02
4.821799999999998931e+01 2.015910578038319217e-02
4.921799999999998931e+01 1.614528100921986883e-02
5.021799999999998931e+01 1.298798413826523709e-02
5.121799999999998931e+01 1.049263461084191419e-02
5.221799999999998931e+01 8.347250310458614181e-03
5.321799999999998931e+01 6.531232534312548729e-03
5.421799999999998931e+01 5.133501929437797075e-03
5.521799999999998931e+01 4.052545101112643711e-03
5.621799999999998931e+01 3.212698800500369926e-03
5.721799999999998931e+01 2.557267863182206922e-03
5.821799999999998931e+01 2.043552579020840084e-03
5.921799999999998931e+01 1.610312145895657346e-03
6.021799999999998931e+01 1.249764076228606106e-03
6.121799999999998931e+01 9.739700268518464848e-04
6.221799999999998931e+01 7.620874691771004333e-04
6.321799999999998931e+01 5.986190895935333258e-04
6.421799999999998931e+01 4.719872163006121795e-04
6.521799999999998931e+01 3.735026470573863527e-04
6.621799999999998931e+01 2.918948897520437513e-04
6.721799999999998931e+01 2.250224850677346377e-04
6.821799999999998931e+01 1.741337555901718999e-04
6.921799999999998931e+01 1.352538689669754708e-04
7.021799999999998931e+01 1.054338860250834394e-04
7.121799999999998931e+01 8.247656380977634659e-05
7.221799999999998931e+01 6.473789923153535795e-05
7.321799999999998931e+01 5.098283044553019372e-05
7.421799999999998931e+01 3.960455552984792844e-05
7.521799999999998931e+01 3.030898991493907101e-05
7.621799999999998931e+01 2.327678436840147636e-05
7.721799999999998931e+01 1.793742769687421516e-05
7.821799999999998931e+01 1.386899466888055538e-05
7.921799999999998931e+01 1.075823076800357404e-05
8.021799999999998931e+01 8.371679166859667136e-06
8.121799999999998931e+01 6.534708712817891342e-06
8.221799999999998931e+01 5.116219365954474923e-06
8.321799999999998931e+01 3.949320214864774355e-06
8.421799999999998931e+01 3.001681322523272603e-06
8.521799999999998931e+01 2.288789730501173112e-06
8.621799999999998931e+01 1.750708361457856428e-06
8.721799999999998931e+01 1.343250307610207580e-06
8.821799999999998931e+01 1.033725021492932912e-06
8.921799999999998931e+01 7.978638155983422151e-07
9.021799999999998931e+01 6.175894523416799460e-07
9.121799999999998931e+01 4.793921968242143877e-07
9.221799999999998931e+01 3.731432264845218188e-07
9.321799999999998931e+01 2.867628950712221578e-07
9.421799999999998931e+01 2.173146267340537115e-07
9.521799999999998931e+01 1.651659197079835509e-07
9.621799999999998931e+01 1.258899546347181200e-07
9.721799999999998931e+01 9.622221675918118043e-08
9.821799999999998931e+01 7.374771204189209943e-08
9.921799999999998931e+01 5.667436647711246285e-08
1.002179999999999893e+02 4.366831780669099422e-08
1.012179999999999893e+02 3.373380589438737326e-08
1.022179999999999893e+02 2.612530691386697580e-08
1.032179999999999893e+02 2.028305494780904392e-08
