9.999999999999999547e-07 6.793940501043456607e+05
1.052000000000000050e-06 6.638560092125989031e+05
1.106999999999999947e-06 6.497485261364593171e+05
1.163999999999999994e-06 6.360579860505239340e+05
1.224999999999999918e-06 6.179372171687316149e+05
1.289000000000000068e-06 6.019964782032915391e+05
1.356000000000000019e-06 5.811934136605777312e+05
1.427000000000000059e-06 5.650310366173099028e+05
1.500999999999999901e-06 5.418880045065328013e+05
1.579000000000000044e-06 5.254254173126928508e+05
1.661000000000000064e-06 4.982836776325501851e+05
1.748000000000000035e-06 4.838260641053692671e+05
1.839000000000000096e-06 4.562879989366576192e+05
1.935000000000000108e-06 4.400395412913476466e+05
2.034999999999999998e-06 4.157238074182744604e+05
2.140999999999999915e-06 3.966817726755910553e+05
2.252999999999999859e-06 3.747859833316113800e+05
2.370000000000000179e-06 3.547638900004629977e+05
2.493000000000000102e-06 3.361158799513662234e+05
2.623000000000000128e-06 3.166172279058627901e+05
2.759999999999999833e-06 3.002158079191855504e+05
2.904000000000000063e-06 2.821081091178262141e+05
3.054999999999999973e-06 2.673744217328072409e+05
3.214000000000000060e-06 2.513845395696476626e+05
3.380999999999999901e-06 2.393399442471420043e+05
3.556999999999999995e-06 2.249662260535937967e+05
3.741999999999999917e-06 2.142182692875700595e+05
3.936999999999999745e-06 2.031058994231330580e+05
4.142000000000000323e-06 1.939199510890815291e+05
4.357999999999999610e-06 1.847045666528019356e+05
4.585000000000000147e-06 1.774184798741962877e+05
4.823999999999999892e-06 1.709598034255940584e+05
5.074999999999999691e-06 1.644653321378131805e+05
5.339000000000000043e-06 1.604126977331454400e+05
5.616999999999999753e-06 1.551437827568519569e+05
5.908999999999999668e-06 1.522777855460841092e+05
6.216999999999999938e-06 1.487185049428980565e+05
6.540999999999999716e-06 1.470219077499597333e+05
6.880999999999999848e-06 1.451922733028113144e+05
7.240000000000000138e-06 1.439519145683519018e+05
7.617000000000000086e-06 1.428716791209771181e+05
8.012999999999999344e-06 1.425573005464429152e+05
8.430000000000000603e-06 1.422580196150857955e+05
8.868999999999999280e-06 1.427084174516236817e+05
9.330999999999999261e-06 1.427836416838195000e+05
9.816999999999999351e-06 1.436296365269921953e+05
1.032999999999999935e-05 1.444403873190164741e+05
1.086999999999999926e-05 1.451443115458454122e+05
1.143000000000000068e-05 1.465775121014830365e+05
1.203000000000000002e-05 1.471269638993000262e+05
1.264999999999999916e-05 1.489562851266306825e+05
1.330999999999999962e-05 1.496576488482424174e+05
1.400999999999999969e-05 1.515628596708096447e+05
1.472999999999999958e-05 1.525159367329479719e+05
1.550000000000000068e-05 1.539829665937480750e+05
1.631000000000000139e-05 1.550082098691434076e+05
1.715999999999999833e-05 1.564618999911360443e+05
1.805000000000000167e-05 1.574447568860440224e+05
1.898999999999999945e-05 1.588598831914630719e+05
1.997999999999999844e-05 1.597598958644356171e+05
2.101999999999999865e-05 1.608429755673292675e+05
2.212000000000000167e-05 1.616878794509069121e+05
2.326999999999999913e-05 1.623050942192600633e+05
2.447999999999999940e-05 1.630324086886663281e+05
2.574999999999999910e-05 1.635272408927876968e+05
2.708999999999999982e-05 1.638104756229571649e+05
2.850000000000000157e-05 1.643192796083144785e+05
2.998999999999999916e-05 1.643792720283881063e+05
3.155000000000000117e-05 1.644946915430738009e+05
3.318999999999999902e-05 1.640456236964773852e+05
3.491999999999999770e-05 1.640374631156369869e+05
3.673999999999999722e-05 1.634736920076643000e+05
3.864999999999999756e-05 1.628344645452345721e+05
4.066000000000000034e-05 1.623437603026406723e+05
4.278000000000000037e-05 1.613828620441434032e+05
4.500999999999999766e-05 1.605388936835893546e+05
4.734999999999999897e-05 1.594550191820872133e+05
4.982000000000000073e-05 1.582634199619092105e+05
5.241000000000000134e-05 1.569290881455977797e+05
5.513999999999999723e-05 1.554405598521757638e+05
5.801000000000000194e-05 1.538700258609704906e+05
6.102999999999999674e-05 1.522295091400394449e+05
6.420999999999999679e-05 1.502861895415900217e+05
6.755999999999999690e-05 1.484233305699428311e+05
7.106999999999999548e-05 1.461245440318072797e+05
7.477000000000000410e-05 1.441865439932333829e+05
7.867000000000000403e-05 1.416291511901113554e+05
8.276000000000000045e-05 1.392795909285221715e+05
8.707000000000000492e-05 1.366940143092608778e+05
9.160999999999999872e-05 1.340610084424169909e+05
9.637999999999999541e-05 1.314329039559867524e+05
1.013999999999999982e-04 1.287242983177625429e+05
1.067000000000000050e-04 1.259656609963093069e+05
1.122000000000000032e-04 1.231158631373372773e+05
1.180999999999999975e-04 1.201911820569033007e+05
1.242000000000000103e-04 1.173257552641498041e+05
1.307000000000000056e-04 1.144405733108210261e+05
1.375000000000000083e-04 1.112425054022155673e+05
1.446999999999999936e-04 1.084852320792775863e+05
1.522000000000000132e-04 1.052557249669937883e+05
1.600999999999999884e-04 1.024073150401417806e+05
1.684000000000000004e-04 9.910531940749657224e+04
1.771999999999999975e-04 9.615144085443684889e+04
1.864000000000000043e-04 9.289350841747381492e+04
1.960999999999999961e-04 8.990147884597803932e+04
2.064000000000000025e-04 8.669536432458777563e+04
2.170999999999999916e-04 8.362956517252081539e+04
2.283999999999999952e-04 8.056513526154159626e+04
2.403000000000000134e-04 7.757979985815816326e+04
2.528000000000000191e-04 7.468917615714544081e+04
2.660000000000000146e-04 7.180904893630844890e+04
2.798000000000000248e-04 6.911377541136016953e+04
2.944000000000000002e-04 6.635225895819350262e+04
3.096999999999999927e-04 6.385677829158109671e+04
3.259000000000000070e-04 6.128023026135682449e+04
3.427999999999999841e-04 5.886085422703198856e+04
3.606999999999999855e-04 5.649617220553236984e+04
3.795000000000000088e-04 5.419707791156574967e+04
3.991999999999999997e-04 5.197995895989726705e+04
4.200000000000000174e-04 4.981899891340374597e+04
4.419000000000000076e-04 4.770543299435714289e+04
4.649000000000000246e-04 4.561122187703644158e+04
4.891000000000000165e-04 4.362405009615732706e+04
5.144999999999999834e-04 4.168518819730369432e+04
5.412999999999999843e-04 3.981909859645833785e+04
5.695000000000000192e-04 3.808083818027577217e+04
5.992000000000000364e-04 3.647028803479192720e+04
6.304000000000000358e-04 3.499757637180536403e+04
6.631999999999999658e-04 3.365559863260337443e+04
6.976999999999999912e-04 3.246293375310960255e+04
7.341000000000000086e-04 3.135750371112156427e+04
7.722999999999999613e-04 3.041616211128304712e+04
8.124999999999999627e-04 2.950849375417102419e+04
8.547999999999999609e-04 2.876236204614121743e+04
8.993000000000000126e-04 2.803219940054334438e+04
9.460999999999999575e-04 2.743951652194082271e+04
9.954000000000000174e-04 2.682799714717174356e+04
1.046999999999999971e-03 2.633294012975709484e+04
1.101999999999999898e-03 2.575976677409425974e+04
1.159000000000000091e-03 2.527123046901529597e+04
1.219000000000000031e-03 2.473167200971908460e+04
1.283000000000000069e-03 2.423898296803711492e+04
1.350000000000000071e-03 2.381957599298284913e+04
1.420000000000000038e-03 2.343036181912968095e+04
1.494000000000000102e-03 2.322159912255527161e+04
1.572000000000000047e-03 2.307984259821480009e+04
1.654000000000000088e-03 2.311612830739407582e+04
1.740000000000000010e-03 2.320772169989425311e+04
1.830000000000000029e-03 2.343746087955395706e+04
1.925999999999999978e-03 2.372167999376939770e+04
2.026000000000000023e-03 2.408173424039900056e+04
2.131000000000000082e-03 2.449221860961309721e+04
2.242000000000000069e-03 2.492000784289916919e+04
2.358999999999999986e-03 2.539534525414144809e+04
2.481999999999999831e-03 2.583584237154799121e+04
2.611000000000000040e-03 2.625922885337225307e+04
2.746999999999999876e-03 2.659290310298187615e+04
2.890000000000000208e-03 2.684607375600491650e+04
3.040999999999999866e-03 2.703299880223767468e+04
3.199000000000000021e-03 2.711969429063916323e+04
3.366000000000000068e-03 2.725329973318934572e+04
3.540999999999999877e-03 2.735869088931075385e+04
3.725000000000000012e-03 2.759839321257567644e+04
3.918999999999999741e-03 2.795860787827527020e+04
4.122999999999999929e-03 2.841373436714140553e+04
4.337999999999999842e-03 2.903989063170927329e+04
4.564000000000000348e-03 2.967334315182615683e+04
4.800999999999999712e-03 3.046880858926271685e+04
5.050999999999999934e-03 3.121418225213506230e+04
5.314000000000000147e-03 3.207749919793833033e+04
5.590999999999999616e-03 3.290300763023137551e+04
5.882000000000000076e-03 3.373052315396119957e+04
6.187999999999999924e-03 3.457435604157262424e+04
6.511000000000000294e-03 3.526611256004967436e+04
6.850000000000000186e-03 3.594253329220700834e+04
7.205999999999999732e-03 3.631156074173870729e+04
7.582000000000000198e-03 3.663505173262981407e+04
7.976000000000000451e-03 3.666794802572221670e+04
8.392000000000000154e-03 3.663265085368692235e+04
8.829000000000000042e-03 3.656981871850321477e+04
9.287999999999999381e-03 3.642710821817893157e+04
9.771999999999999437e-03 3.655845551249421987e+04
1.027999999999999921e-02 3.661896627395042742e+04
1.081999999999999976e-02 3.695164704972709296e+04
1.137999999999999949e-02 3.707345178290628974e+04
1.196999999999999974e-02 3.721433138381939352e+04
1.260000000000000009e-02 3.691213086648128956e+04
1.324999999999999963e-02 3.620166094084123324e+04
1.393999999999999927e-02 3.493607672729251499e+04
1.467000000000000075e-02 3.275841270499149323e+04
1.542999999999999927e-02 3.026791612310082564e+04
1.623000000000000137e-02 2.681441885324361647e+04
1.708000000000000143e-02 2.329269009586035463e+04
1.796999999999999986e-02 1.950360317293458502e+04
1.890000000000000013e-02 1.573265954472375415e+04
1.989000000000000143e-02 1.262356863435522610e+04
2.092000000000000109e-02 9.539429860939926584e+03
2.200999999999999832e-02 7.370579536203744283e+03
2.316000000000000003e-02 5.336510307150356311e+03
2.436999999999999930e-02 3.988761586211970098e+03
2.563000000000000000e-02 2.902273655068900553e+03
2.697000000000000092e-02 2.126214943810689874e+03
2.836999999999999938e-02 1.579070863797394850e+03
2.985000000000000153e-02 1.138952741008026123e+03
3.139999999999999736e-02 8.337012838552277572e+02
3.303999999999999992e-02 5.687766594168084566e+02
3.475999999999999923e-02 3.864005093589599937e+02
3.656999999999999834e-02 2.242946124098934035e+02
3.846999999999999725e-02 1.480319794716984063e+02
4.048000000000000209e-02 7.347208594603517895e+01
4.259000000000000286e-02 4.906112714076201087e+01
4.479999999999999954e-02 2.416817098015550513e+01
4.714000000000000135e-02 1.538714050145340018e+01
4.959000000000000213e-02 7.709310503344712018e+00
5.217000000000000109e-02 4.329221360097591287e+00
5.489000000000000129e-02 1.975846810218762073e+00
5.775000000000000272e-02 8.849923202125249411e-01
6.074999999999999845e-02 4.272063996185195833e-01
6.392000000000000459e-02 1.657068095299620014e-01
6.723999999999999422e-02 8.081608415294717906e-02
7.074999999999999345e-02 2.413613089241658377e-02
7.442999999999999616e-02 1.204183725842585331e-02
7.829999999999999460e-02 2.662459768913877280e-03
8.237999999999999490e-02 1.382069136591636532e-03
8.666999999999999704e-02 2.331289227749958276e-04
9.117999999999999716e-02 1.254347772145393688e-04
9.593000000000000138e-02 1.433343214544108128e-05
1.009000000000000036e-01 8.052718460282071758e-06
1.062000000000000027e-01 1.387959052551886856e-06
1.116999999999999937e-01 3.738490145247696267e-07
1.174999999999999933e-01 8.997097541591585582e-08
1.236000000000000015e-01 1.050588696340280360e-08
1.300999999999999934e-01 3.171698537421907395e-09
1.368999999999999939e-01 2.419412338045355363e-10
1.439999999999999891e-01 8.586342229880424842e-11
1.514999999999999958e-01 2.428520409319403779e-12
1.593999999999999861e-01 9.846698500728345030e-13
1.676999999999999880e-01 2.200560766259833532e-14
1.764000000000000012e-01 9.901116605396984061e-15
1.855999999999999872e-01 7.531510906093537051e-17
1.952000000000000124e-01 3.697788758984971349e-17
2.053999999999999992e-01 1.700136069691842725e-19
2.160999999999999865e-01 8.878752278931856235e-20
2.273999999999999910e-01 3.019477070946272855e-21
2.391999999999999960e-01 1.130210142443114222e-22
2.516999999999999793e-01 1.628928828365979411e-23
2.647999999999999798e-01 5.981669735119051604e-26
2.785000000000000253e-01 1.426960477622173249e-26
2.929999999999999827e-01 1.283175580024446885e-29
3.083000000000000185e-01 3.946492510356449479e-30
3.244000000000000217e-01 1.231099761439774389e-33
3.412000000000000033e-01 4.562107500077501839e-34
3.589999999999999858e-01 3.437317295060800276e-38
3.776999999999999802e-01 1.441096181297656287e-38
3.973999999999999755e-01 2.748303627204262821e-43
4.181000000000000272e-01 1.270309935450272033e-43
4.398000000000000242e-01 6.004057221870955926e-49
4.627000000000000002e-01 3.007832954877022110e-49
4.868000000000000105e-01 3.075396023735099649e-55
5.121999999999999886e-01 1.638804466664254244e-55
5.387999999999999456e-01 1.343396314870901899e-56
5.668999999999999595e-01 1.743066162038677746e-62
5.964000000000000412e-01 3.187013299900331524e-63
6.274999999999999467e-01 2.455349121090111157e-70
6.601000000000000201e-01 6.521065890971937425e-71
6.945000000000000062e-01 4.692537152116445812e-79
7.307000000000000162e-01 1.555379227470017405e-79
7.687000000000000499e-01 8.364947466033628373e-89
8.087999999999999634e-01 3.241882656158630180e-89
8.508999999999999897e-01 1.289400105692368905e-99
8.951999999999999957e-01 5.624350454872635203e-100
9.417999999999999705e-01 1.031279307631863305e-111
9.908000000000000140e-01 4.928935109147357340e-112
1.042000000000000037e+00 3.293801833647646408e-125
1.096999999999999975e+00 1.675972745727406027e-125
1.153999999999999915e+00 3.590460168725666391e-140
1.213999999999999968e+00 1.956080974794785142e-140
1.276999999999999913e+00 2.399831519048908528e-141
1.344000000000000083e+00 3.799711189325425984e-157
1.413999999999999924e+00 8.012248963832336516e-158
1.487000000000000099e+00 8.747478493441724133e-176
1.564999999999999947e+00 2.509609920069128805e-176
1.645999999999999908e+00 1.309700775295277593e-196
1.731999999999999984e+00 4.612723571284584663e-197
1.822000000000000064e+00 9.008628847278689816e-220
1.917000000000000037e+00 3.658631788448152004e-220
2.016999999999999904e+00 1.620951250205221026e-245
2.121999999999999886e+00 7.316774085351624550e-246
2.232000000000000206e+00 2.686117925180211548e-274
2.347999999999999865e+00 1.323591751563201324e-274
2.470000000000000195e+00 2.402140067009625721e-306
2.599000000000000199e+00 1.262054726696299362e-306
2.733999999999999986e+00 6.894157669276556638e-308
2.876999999999999780e+00 0.000000000000000000e+00
3.027000000000000135e+00 0.000000000000000000e+00
3.184000000000000163e+00 0.000000000000000000e+00
3.350000000000000089e+00 0.000000000000000000e+00
3.524000000000000021e+00 0.000000000000000000e+00
3.708000000000000185e+00 0.000000000000000000e+00
3.900999999999999801e+00 0.000000000000000000e+00
4.104000000000000092e+00 0.000000000000000000e+00
4.317999999999999616e+00 0.000000000000000000e+00
4.543000000000000149e+00 0.000000000000000000e+00
4.778999999999999915e+00 0.000000000000000000e+00
5.027999999999999581e+00 0.000000000000000000e+00
5.290000000000000036e+00 0.000000000000000000e+00
5.565000000000000391e+00 0.000000000000000000e+00
5.855000000000000426e+00 0.000000000000000000e+00
6.160000000000000142e+00 0.000000000000000000e+00
6.480999999999999872e+00 0.000000000000000000e+00
6.817999999999999616e+00 0.000000000000000000e+00
7.173000000000000043e+00 0.000000000000000000e+00
7.546999999999999709e+00 0.000000000000000000e+00
7.940000000000000391e+00 0.000000000000000000e+00
8.352999999999999758e+00 0.000000000000000000e+00
8.788000000000000256e+00 0.000000000000000000e+00
9.246000000000000441e+00 0.000000000000000000e+00
9.727000000000000313e+00 0.000000000000000000e+00
1.023000000000000043e+01 0.000000000000000000e+00
1.076999999999999957e+01 0.000000000000000000e+00
1.133000000000000007e+01 0.000000000000000000e+00
1.191999999999999993e+01 0.000000000000000000e+00
1.253999999999999915e+01 0.000000000000000000e+00
1.318999999999999950e+01 0.000000000000000000e+00
1.388000000000000078e+01 0.000000000000000000e+00
1.459999999999999964e+01 0.000000000000000000e+00
1.535999999999999943e+01 0.000000000000000000e+00
1.616000000000000014e+01 0.000000000000000000e+00
1.700000000000000000e+01 0.000000000000000000e+00
1.789000000000000057e+01 0.000000000000000000e+00
1.882000000000000028e+01 0.000000000000000000e+00
1.980000000000000071e+01 0.000000000000000000e+00
2.082999999999999829e+01 0.000000000000000000e+00
2.191000000000000014e+01 0.000000000000000000e+00
2.305000000000000071e+01 0.000000000000000000e+00
2.425000000000000000e+01 0.000000000000000000e+00
2.551999999999999957e+01 0.000000000000000000e+00
2.683999999999999986e+01 0.000000000000000000e+00
2.823999999999999844e+01 0.000000000000000000e+00
2.971000000000000085e+01 0.000000000000000000e+00
3.126000000000000156e+01 0.000000000000000000e+00
3.289000000000000057e+01 0.000000000000000000e+00
3.460000000000000142e+01 0.000000000000000000e+00
3.639999999999999858e+01 0.000000000000000000e+00
3.829999999999999716e+01 0.000000000000000000e+00
4.028999999999999915e+01 0.000000000000000000e+00
4.239000000000000057e+01 0.000000000000000000e+00
4.460000000000000142e+01 0.000000000000000000e+00
4.692000000000000171e+01 0.000000000000000000e+00
4.935999999999999943e+01 0.000000000000000000e+00
5.192999999999999972e+01 0.000000000000000000e+00
5.464000000000000057e+01 0.000000000000000000e+00
5.747999999999999687e+01 0.000000000000000000e+00
6.046999999999999886e+01 0.000000000000000000e+00
6.361999999999999744e+01 0.000000000000000000e+00
6.693000000000000682e+01 0.000000000000000000e+00
7.042000000000000171e+01 0.000000000000000000e+00
7.409000000000000341e+01 0.000000000000000000e+00
7.793999999999999773e+01 0.000000000000000000e+00
8.200000000000000000e+01 0.000000000000000000e+00
8.626999999999999602e+01 0.000000000000000000e+00
9.076000000000000512e+01 0.000000000000000000e+00
9.548999999999999488e+01 0.000000000000000000e+00
1.005000000000000000e+02 0.000000000000000000e+00
1.057000000000000028e+02 0.000000000000000000e+00
1.112000000000000028e+02 0.000000000000000000e+00
1.170000000000000000e+02 0.000000000000000000e+00
1.230999999999999943e+02 0.000000000000000000e+00
1.295000000000000000e+02 0.000000000000000000e+00
1.361999999999999886e+02 0.000000000000000000e+00
1.433000000000000114e+02 0.000000000000000000e+00
1.508000000000000114e+02 0.000000000000000000e+00
1.585999999999999943e+02 0.000000000000000000e+00
1.669000000000000057e+02 0.000000000000000000e+00
1.755999999999999943e+02 0.000000000000000000e+00
1.846999999999999886e+02 0.000000000000000000e+00
1.943000000000000114e+02 0.000000000000000000e+00
2.045000000000000000e+02 0.000000000000000000e+00
2.150999999999999943e+02 0.000000000000000000e+00
2.263000000000000114e+02 0.000000000000000000e+00
2.380999999999999943e+02 0.000000000000000000e+00
2.505000000000000000e+02 0.000000000000000000e+00
2.635000000000000000e+02 0.000000000000000000e+00
2.773000000000000114e+02 0.000000000000000000e+00
2.916999999999999886e+02 0.000000000000000000e+00
3.068999999999999773e+02 0.000000000000000000e+00
3.228999999999999773e+02 0.000000000000000000e+00
3.396999999999999886e+02 0.000000000000000000e+00
3.573999999999999773e+02 0.000000000000000000e+00
3.760000000000000000e+02 0.000000000000000000e+00
3.955000000000000000e+02 0.000000000000000000e+00
4.161000000000000227e+02 0.000000000000000000e+00
4.378000000000000114e+02 0.000000000000000000e+00
4.606000000000000227e+02 0.000000000000000000e+00
4.846000000000000227e+02 0.000000000000000000e+00
5.098000000000000114e+02 0.000000000000000000e+00
5.363999999999999773e+02 0.000000000000000000e+00
5.642999999999999545e+02 0.000000000000000000e+00
5.937000000000000455e+02 0.000000000000000000e+00
6.246000000000000227e+02 0.000000000000000000e+00
6.571000000000000227e+02 0.000000000000000000e+00
6.912999999999999545e+02 0.000000000000000000e+00
7.272999999999999545e+02 0.000000000000000000e+00
7.652000000000000455e+02 0.000000000000000000e+00
8.050000000000000000e+02 0.000000000000000000e+00
8.468999999999999773e+02 0.000000000000000000e+00
8.910000000000000000e+02 0.000000000000000000e+00
9.373999999999999773e+02 0.000000000000000000e+00
9.862999999999999545e+02 0.000000000000000000e+00
1.038000000000000000e+03 0.000000000000000000e+00
1.092000000000000000e+03 0.000000000000000000e+00
1.148000000000000000e+03 0.000000000000000000e+00
1.208000000000000000e+03 0.000000000000000000e+00
1.271000000000000000e+03 0.000000000000000000e+00
1.337000000000000000e+03 0.000000000000000000e+00
1.407000000000000000e+03 0.000000000000000000e+00
1.480000000000000000e+03 0.000000000000000000e+00
1.557000000000000000e+03 0.000000000000000000e+00
1.638000000000000000e+03 0.000000000000000000e+00
1.724000000000000000e+03 0.000000000000000000e+00
1.814000000000000000e+03 0.000000000000000000e+00
1.908000000000000000e+03 0.000000000000000000e+00
2.007000000000000000e+03 0.000000000000000000e+00
2.112000000000000000e+03 0.000000000000000000e+00
2.222000000000000000e+03 0.000000000000000000e+00
2.337000000000000000e+03 0.000000000000000000e+00
2.459000000000000000e+03 0.000000000000000000e+00
2.587000000000000000e+03 0.000000000000000000e+00
2.722000000000000000e+03 0.000000000000000000e+00
2.864000000000000000e+03 0.000000000000000000e+00
3.013000000000000000e+03 0.000000000000000000e+00
3.170000000000000000e+03 0.000000000000000000e+00
3.335000000000000000e+03 0.000000000000000000e+00
3.508000000000000000e+03 0.000000000000000000e+00
3.691000000000000000e+03 0.000000000000000000e+00
3.883000000000000000e+03 0.000000000000000000e+00
4.085000000000000000e+03 0.000000000000000000e+00
4.298000000000000000e+03 0.000000000000000000e+00
4.522000000000000000e+03 0.000000000000000000e+00
4.757000000000000000e+03 0.000000000000000000e+00
5.005000000000000000e+03 0.000000000000000000e+00
5.266000000000000000e+03 0.000000000000000000e+00
5.540000000000000000e+03 0.000000000000000000e+00
5.828000000000000000e+03 0.000000000000000000e+00
6.132000000000000000e+03 0.000000000000000000e+00
6.451000000000000000e+03 0.000000000000000000e+00
6.787000000000000000e+03 0.000000000000000000e+00
7.140000000000000000e+03 0.000000000000000000e+00
7.512000000000000000e+03 0.000000000000000000e+00
7.903000000000000000e+03 0.000000000000000000e+00
8.315000000000000000e+03 0.000000000000000000e+00
8.748000000000000000e+03 0.000000000000000000e+00
9.203000000000000000e+03 0.000000000000000000e+00
9.682000000000000000e+03 0.000000000000000000e+00
1.019000000000000000e+04 0.000000000000000000e+00
1.072000000000000000e+04 0.000000000000000000e+00
1.127000000000000000e+04 0.000000000000000000e+00
1.186000000000000000e+04 0.000000000000000000e+00
1.248000000000000000e+04 0.000000000000000000e+00
1.313000000000000000e+04 0.000000000000000000e+00
1.381000000000000000e+04 0.000000000000000000e+00
1.453000000000000000e+04 0.000000000000000000e+00
1.529000000000000000e+04 0.000000000000000000e+00
1.608000000000000000e+04 0.000000000000000000e+00
1.692000000000000000e+04 0.000000000000000000e+00
1.780000000000000000e+04 0.000000000000000000e+00
1.873000000000000000e+04 0.000000000000000000e+00
1.971000000000000000e+04 0.000000000000000000e+00
2.073000000000000000e+04 0.000000000000000000e+00
2.181000000000000000e+04 0.000000000000000000e+00
2.295000000000000000e+04 0.000000000000000000e+00
2.414000000000000000e+04 0.000000000000000000e+00
2.540000000000000000e+04 0.000000000000000000e+00
2.672000000000000000e+04 0.000000000000000000e+00
2.811000000000000000e+04 0.000000000000000000e+00
2.958000000000000000e+04 0.000000000000000000e+00
3.112000000000000000e+04 0.000000000000000000e+00
3.274000000000000000e+04 0.000000000000000000e+00
3.444000000000000000e+04 0.000000000000000000e+00
3.623000000000000000e+04 0.000000000000000000e+00
3.812000000000000000e+04 0.000000000000000000e+00
4.011000000000000000e+04 0.000000000000000000e+00
4.219000000000000000e+04 0.000000000000000000e+00
4.439000000000000000e+04 0.000000000000000000e+00
4.670000000000000000e+04 0.000000000000000000e+00
4.913000000000000000e+04 0.000000000000000000e+00
5.169000000000000000e+04 0.000000000000000000e+00
5.438000000000000000e+04 0.000000000000000000e+00
5.722000000000000000e+04 0.000000000000000000e+00
6.019000000000000000e+04 0.000000000000000000e+00
6.333000000000000000e+04 0.000000000000000000e+00
6.663000000000000000e+04 0.000000000000000000e+00
7.010000000000000000e+04 0.000000000000000000e+00
7.375000000000000000e+04 0.000000000000000000e+00
7.759000000000000000e+04 0.000000000000000000e+00
8.163000000000000000e+04 0.000000000000000000e+00
8.588000000000000000e+04 0.000000000000000000e+00
9.035000000000000000e+04 0.000000000000000000e+00
9.505000000000000000e+04 0.000000000000000000e+00
1.000000000000000000e+05 0.000000000000000000e+00
