1.774127155601597394e+01 5.489727730386324139e-03
1.874127155601597394e+01 3.355825872039211455e-03
1.974127155601597394e+01 2.026623264199219759e-03
2.074127155601597394e+01 1.212094811676409827e-03
2.174127155601597394e+01 7.220809246039620226e-04
2.274127155601597394e+01 4.254686898030882658e-04
2.374127155601597394e+01 2.492015657204777889e-04
2.474127155601597394e+01 1.450616343518056344e-04
2.574127155601597394e+01 8.386242708041495575e-05
2.674127155601597394e+01 4.833753846517118216e-05
2.774127155601597394e+01 2.775151787700805414e-05
2.874127155601597394e+01 1.588664194021197228e-05
2.974127155601597394e+01 9.071178552736017194e-06
3.074127155601597394e+01 5.183859530149128602e-06
3.174127155601597394e+01 2.951036491900815850e-06
3.274127155601597394e+01 1.679590638964852800e-06
3.374127155601597394e+01 9.568730217253089839e-07
3.474127155601597394e+01 5.429806528963681083e-07
3.574127155601597394e+01 3.104597464155872067e-07
3.674127155601597394e+01 1.764583905429717727e-07
3.774127155601597394e+01 1.006717894837482507e-07
3.874127155601597394e+01 5.798926521538194212e-08
3.974127155601597394e+01 3.291782514648550516e-08
4.074127155601597394e+01 1.886344420419720795e-08
4.174127155601597394e+01 1.091313887188580465e-08
4.274127155601597394e+01 6.230781672737407061e-09
4.374127155601597394e+01 3.584188483616972193e-09
4.474127155601597394e+01 2.058014335512878849e-09
4.574127155601597394e+01 1.179946697008690974e-09
4.674127155601597394e+01 6.759786084389206438e-10
4.774127155601597394e+01 3.871466723312693372e-10
4.874127155601597394e+01 2.218273626759874161e-10
4.974127155601597394e+01 1.269026391321344522e-10
5.074127155601597394e+01 7.249453989605879471e-11
5.174127155601597394e+01 4.145202489116373248e-11
5.274127155601597394e+01 2.371598494783931752e-11
5.374127155601597394e+01 1.354885720881506395e-11
5.474127155601597394e+01 7.748963462768600763e-12
5.574127155601597394e+01 4.422263021154372214e-12
5.674127155601597394e+01 2.523438808708189249e-12
5.774127155601597394e+01 1.436039679086371001e-12
5.874127155601597394e+01 8.204985168217454010e-13
5.974127155601597394e+01 4.666100571066469025e-13
6.074127155601597394e+01 2.656304239536809901e-13
6.174127155601597394e+01 1.521324840286417710e-13
6.274127155601597394e+01 8.625021712557826626e-14
6.374127155601597394e+01 4.918020560353681615e-14
6.474127155601597394e+01 2.821059125572782409e-14
6.574127155601597394e+01 1.600470633263336084e-14
6.674127155601597394e+01 9.122848807794748550e-15
6.774127155601597394e+01 5.232574566320654633e-15
6.874127155601597394e+01 2.972923809982273016e-15
6.974127155601597394e+01 1.695990073467802524e-15
7.074127155601597394e+01 9.735588053979345780e-16
7.174127155601597394e+01 5.533248207273709785e-16
7.274127155601597394e+01 3.154353301131000793e-16
7.374127155601597394e+01 1.809844497526708778e-16
7.474127155601597394e+01 1.030810824564448378e-16
7.574127155601597394e+01 5.887355231449463432e-17
7.674127155601597394e+01 3.383690840714645105e-17
7.774127155601597394e+01 1.927351257197738770e-17
7.874127155601597394e+01 1.099174286047194111e-17
7.974127155601597394e+01 6.309887357368550885e-18
8.074127155601597394e+01 3.610763304252000459e-18
8.174127155601597394e+01 2.071504059018032824e-18
8.274127155601597394e+01 1.195918956410595409e-18
8.374127155601597394e+01 6.867254099834906391e-19
8.474127155601597394e+01 3.945896182723237162e-19
