1.473707518796992133e+01 3.586694944385368511e-01
1.573707518796992133e+01 2.232852187845025538e-01
1.673707518796992133e+01 1.365914577187572476e-01
1.773707518796992133e+01 8.378281938932677364e-02
1.873707518796992133e+01 5.053250563789379174e-02
1.973707518796992133e+01 3.011923451339157398e-02
2.073707518796992133e+01 1.777688032441015337e-02
2.173707518796992133e+01 1.036749366198835842e-02
2.273707518796992133e+01 5.974181468657541877e-03
2.373707518796992133e+01 3.410020172784682981e-03
2.473707518796992133e+01 1.928394280471546103e-03
2.573707518796992133e+01 1.082534062200623572e-03
2.673707518796992133e+01 6.037086898797362376e-04
2.773707518796992133e+01 3.331689635701237618e-04
2.873707518796992133e+01 1.846162389806917038e-04
2.973707518796992133e+01 1.018699729378596690e-04
3.073707518796992133e+01 5.597619573147408624e-05
3.173707518796992133e+01 3.057527727506340802e-05
3.273707518796992133e+01 1.673784587032522574e-05
3.373707518796992133e+01 9.129462320366269021e-06
3.473707518796992133e+01 4.986777913212806099e-06
3.573707518796992133e+01 2.724690686469532202e-06
3.673707518796992133e+01 1.489720960090330469e-06
3.773707518796992133e+01 8.138103141535515954e-07
3.873707518796992133e+01 4.438321288102469031e-07
3.973707518796992133e+01 2.417373885525670723e-07
4.073707518796992133e+01 1.316106008211196729e-07
4.173707518796992133e+01 7.131096384011722157e-08
4.273707518796992133e+01 3.855880704437078471e-08
4.373707518796992133e+01 2.082814587238753472e-08
4.473707518796992133e+01 1.120366439112018088e-08
4.573707518796992133e+01 6.013037807819949898e-09
4.673707518796992133e+01 3.221362328957098922e-09
4.773707518796992133e+01 1.719962690095476198e-09
4.873707518796992133e+01 9.156877598320452348e-10
4.973707518796992133e+01 4.867346616519556909e-10
5.073707518796992133e+01 2.573086017046960774e-10
5.173707518796992133e+01 1.358665155544555744e-10
5.273707518796992133e+01 7.133504954550450884e-11
5.373707518796992133e+01 3.740739764950560305e-11
5.473707518796992133e+01 1.956781127373146111e-11
5.573707518796992133e+01 1.019685270276645069e-11
5.673707518796992133e+01 5.296742369942446951e-12
5.773707518796992133e+01 2.745714150571622590e-12
5.873707518796992133e+01 1.420003994292478103e-12
5.973707518796992133e+01 7.341214725826179230e-13
6.073707518796992133e+01 3.792310054546740865e-13
6.173707518796992133e+01 1.945754481467789957e-13
6.273707518796992133e+01 9.969303185732346043e-14
6.373707518796992133e+01 5.101361047194739167e-14
6.473707518796992133e+01 2.612259779492237935e-14
6.573707518796992133e+01 1.330332862912765968e-14
6.673707518796992133e+01 6.715243679116456817e-15
6.773707518796992133e+01 3.392749490166260967e-15
6.873707518796992133e+01 1.710615527830264895e-15
6.973707518796992133e+01 8.611348005975446585e-16
7.073707518796992133e+01 4.330771610503207143e-16
7.173707518796992133e+01 2.163255295424955061e-16
7.273707518796992133e+01 1.074618761911496524e-16
7.373707518796992133e+01 5.372076260873497151e-17
7.473707518796992133e+01 2.692953848434322990e-17
7.573707518796992133e+01 1.349179781801702174e-17
7.673707518796992133e+01 6.783326364159985717e-18
7.773707518796992133e+01 3.431460515559171080e-18
7.873707518796992133e+01 1.739624964769272925e-18
7.973707518796992133e+01 8.922685115802000140e-19
8.073707518796992133e+01 4.563470498578248835e-19
8.173707518796992133e+01 2.378908055949698792e-19
8.273707518796992133e+01 1.249211741005399059e-19
8.373707518796992133e+01 6.574021175372822953e-20
8.473707518796992133e+01 3.490584041172460847e-20
8.573707518796992133e+01 1.858458486815742121e-20
8.673707518796992133e+01 9.978663527024802549e-21
