4.999999999999999237e-03 1.666649404461160446e-04
9.999999999999998473e-03 9.066341412335593819e-07
1.499999999999999771e-02 1.474884173334494528e-08
1.999999999999999695e-02 4.892258009775723672e-10
2.499999999999999445e-02 2.157737366524880223e-11
2.999999999999999195e-02 1.166777513362240247e-12
3.499999999999999639e-02 7.563216913119775063e-14
3.999999999999999389e-02 6.166102624196585470e-15
4.499999999999999140e-02 3.944071247613524760e-16
4.999999999999998890e-02 4.749896563460460620e-17
5.499999999999998640e-02 2.733747598121849576e-18
5.999999999999999084e-02 4.193621064307675239e-19
6.499999999999998834e-02 4.079839693715957484e-20
6.999999999999999278e-02 2.236922496968834173e-21
7.499999999999999722e-02 3.955023366922009404e-22
7.999999999999998779e-02 3.755010947943508149e-23
8.499999999999999223e-02 1.335553555153865543e-24
8.999999999999999667e-02 2.794192795169844093e-26
