1.900000000000000000e+01 2.366366188336047200e+16
2.000000000000000000e+01 2.338094006736264800e+16
2.100000000000000000e+01 2.298787020058532000e+16
2.200000000000000000e+01 2.249573323128823200e+16
2.300000000000000000e+01 2.203487193259145600e+16
2.400000000000000000e+01 2.155771906141574400e+16
2.500000000000000000e+01 2.106627943879229200e+16
2.600000000000000000e+01 2.060432133682047200e+16
2.700000000000000000e+01 2.012455325194431200e+16
2.800000000000000000e+01 1.962926713172756800e+16
2.900000000000000000e+01 1.916263836460623200e+16
3.000000000000000000e+01 1.864640710020701600e+16
3.100000000000000000e+01 1.808674981136554000e+16
3.200000000000000000e+01 1.756061349602853600e+16
3.300000000000000000e+01 1.695698239238571200e+16
3.400000000000000000e+01 1.628695520570913800e+16
3.500000000000000000e+01 1.566144087278510400e+16
3.600000000000000000e+01 1.507634912700584800e+16
3.700000000000000000e+01 1.452806415351924200e+16
3.800000000000000000e+01 1.392410001989124800e+16
3.900000000000000000e+01 1.327418402399562000e+16
4.000000000000000000e+01 1.266974074258712200e+16
4.100000000000000000e+01 1.210657996286235400e+16
4.200000000000000000e+01 1.150842534789914000e+16
4.300000000000000000e+01 1.088346706761629200e+16
4.400000000000000000e+01 1.030552086002165400e+16
4.500000000000000000e+01 9.770109385193936000e+15
4.600000000000000000e+01 9.273267525738674000e+15
4.700000000000000000e+01 8.741528183785414000e+15
4.800000000000000000e+01 8.184090537120003000e+15
4.900000000000000000e+01 7.672514516920264000e+15
5.000000000000000000e+01 7.202211349051042000e+15
5.100000000000000000e+01 6.769129899437416000e+15
5.200000000000000000e+01 6.369684828143561000e+15
5.300000000000000000e+01 5.972233341228181000e+15
5.400000000000000000e+01 5.579266445141414000e+15
5.500000000000000000e+01 5.218612555453633000e+15
5.600000000000000000e+01 4.887102141924188000e+15
5.700000000000000000e+01 4.581925125268374000e+15
5.800000000000000000e+01 4.300584790086724000e+15
5.900000000000000000e+01 4.040858266790796000e+15
6.000000000000000000e+01 3.790070670901629000e+15
6.100000000000000000e+01 3.548413247919830000e+15
6.200000000000000000e+01 3.325697157797460500e+15
6.300000000000000000e+01 3.120169372419354500e+15
6.400000000000000000e+01 2.930263192449333500e+15
6.500000000000000000e+01 2.754575959048325000e+15
6.600000000000000000e+01 2.591849719986285500e+15
6.700000000000000000e+01 2.430473689731222500e+15
6.800000000000000000e+01 2.271342940580572500e+15
6.900000000000000000e+01 2.124715587846707250e+15
7.000000000000000000e+01 1.989449949341427000e+15
7.100000000000000000e+01 1.864522733107222500e+15
7.200000000000000000e+01 1.749015333497875250e+15
7.300000000000000000e+01 1.642101874307081750e+15
7.400000000000000000e+01 1.543038756262338000e+15
7.500000000000000000e+01 1.440485906950211750e+15
7.600000000000000000e+01 1.335885271790474500e+15
7.700000000000000000e+01 1.240093969867566750e+15
7.800000000000000000e+01 1.152270404036451000e+15
7.900000000000000000e+01 1.071662668998248000e+15
8.000000000000000000e+01 9.975980264287161250e+14
8.100000000000000000e+01 9.294737258020483750e+14
8.200000000000000000e+01 8.667489850372360000e+14
8.300000000000000000e+01 8.089379726312575000e+14
8.400000000000000000e+01 7.486508320435297500e+14
8.500000000000000000e+01 6.869660932023280000e+14
8.600000000000000000e+01 6.309945623035865000e+14
8.700000000000000000e+01 5.801499618897386250e+14
8.800000000000000000e+01 5.339119105138135000e+14
8.900000000000000000e+01 4.918178857445656250e+14
9.000000000000000000e+01 4.534562426480619375e+14
9.100000000000000000e+01 4.184601394606250000e+14
9.200000000000000000e+01 3.865022443311051875e+14
9.300000000000000000e+01 3.572901156663463750e+14
9.400000000000000000e+01 3.281084881982449375e+14
9.500000000000000000e+01 2.992857885710341875e+14
9.600000000000000000e+01 2.732566610449507500e+14
9.700000000000000000e+01 2.497254889102978750e+14
9.800000000000000000e+01 2.284305164009231250e+14
9.900000000000000000e+01 2.091396805146332500e+14
1.000000000000000000e+02 1.916469908906230312e+14
1.010000000000000000e+02 1.757693811721124375e+14
1.020000000000000000e+02 1.613439665988478125e+14
1.030000000000000000e+02 1.482256521284660938e+14
1.040000000000000000e+02 1.362850434660567500e+14
