1.221799999999999287e+01 2.385948410788892000e+16
1.321799999999999287e+01 2.210897200912484800e+16
1.421799999999999287e+01 2.054027536430772000e+16
1.521799999999999287e+01 1.912237074080384800e+16
1.621799999999999287e+01 1.781780294385916000e+16
1.721799999999999287e+01 1.661125358773155600e+16
1.821799999999999287e+01 1.550058118857164200e+16
1.921799999999999287e+01 1.447354509490966000e+16
2.021799999999999287e+01 1.351748504415495200e+16
2.121799999999999287e+01 1.262485881486089400e+16
2.221799999999999287e+01 1.182753200559454600e+16
2.321799999999999287e+01 1.107197943352538200e+16
2.421799999999999287e+01 1.035547418879582000e+16
2.521799999999999287e+01 9.711090288045240000e+15
2.621799999999999287e+01 9.092835088465450000e+15
2.721799999999999287e+01 8.500256692328054000e+15
2.821799999999999287e+01 7.965312152612631000e+15
2.921799999999999287e+01 7.442555749443642000e+15
3.021799999999999287e+01 6.933827500687494000e+15
3.121799999999999287e+01 6.474551023338218000e+15
3.221799999999998931e+01 6.008769116244418000e+15
3.321799999999998931e+01 5.542409261218473000e+15
3.421799999999998931e+01 5.124337843322965000e+15
3.521799999999998931e+01 4.748371377262127000e+15
3.621799999999998931e+01 4.409261669191087000e+15
3.721799999999998931e+01 4.066938792281759000e+15
3.821799999999998931e+01 3.725920492712067000e+15
3.921799999999998931e+01 3.421132627330651500e+15
4.021799999999998931e+01 3.147953597910803000e+15
4.121799999999998931e+01 2.880940011864105000e+15
4.221799999999998931e+01 2.622113278485248000e+15
4.321799999999998931e+01 2.391746575627270500e+15
4.421799999999998931e+01 2.186162826861771250e+15
4.521799999999998931e+01 2.002227793503482000e+15
4.621799999999998931e+01 1.823913736439382250e+15
4.721799999999998931e+01 1.652378906659256250e+15
4.821799999999998931e+01 1.500047523927644500e+15
4.921799999999998931e+01 1.364439332070514500e+15
5.021799999999998931e+01 1.243435463084648750e+15
5.121799999999998931e+01 1.135220024085691750e+15
5.221799999999998931e+01 1.032008674217914750e+15
5.321799999999998931e+01 9.340843084519676250e+14
5.421799999999998931e+01 8.470083986534145000e+14
5.521799999999998931e+01 7.694126350804851250e+14
5.621799999999998931e+01 7.001215735376947500e+14
5.721799999999998931e+01 6.381226877770441250e+14
5.821799999999998931e+01 5.825414869453762500e+14
5.921799999999998931e+01 5.301509407260787500e+14
6.021799999999998931e+01 4.809284712587075000e+14
6.121799999999998931e+01 4.369713551824369375e+14
6.221799999999998931e+01 3.976442770290853750e+14
6.321799999999998931e+01 3.623970111985393125e+14
6.421799999999998931e+01 3.307519299031144375e+14
6.521799999999998931e+01 3.022935011943258750e+14
6.621799999999998931e+01 2.749663999569600000e+14
6.721799999999998931e+01 2.488885027608173750e+14
6.821799999999998931e+01 2.256132501757211250e+14
6.921799999999998931e+01 2.048050139814392188e+14
7.021799999999998931e+01 1.861723684983456250e+14
7.121799999999998931e+01 1.694617552144775312e+14
7.221799999999998931e+01 1.544521271287669375e+14
7.321799999999998931e+01 1.409504105089090938e+14
7.421799999999998931e+01 1.275698748831990938e+14
7.521799999999998931e+01 1.144877176599254062e+14
7.621799999999998931e+01 1.028931249330585938e+14
7.721799999999998931e+01 9.260075520936959375e+13
7.821799999999998931e+01 8.345032750132315625e+13
7.921799999999998931e+01 7.530297314107435938e+13
8.021799999999998931e+01 6.803815558290220312e+13
8.121799999999998931e+01 6.155106415340065625e+13
8.221799999999998931e+01 5.575040418611817188e+13
8.321799999999998931e+01 5.009146930455431250e+13
8.421799999999998931e+01 4.463633675449586719e+13
8.521799999999998931e+01 3.982915494686338281e+13
8.621799999999998931e+01 3.558670439851617188e+13
8.721799999999998931e+01 3.183723998800783594e+13
8.821799999999998931e+01 2.851880281870623438e+13
8.921799999999998931e+01 2.557779571291775781e+13
9.021799999999998931e+01 2.296777883262839453e+13
9.121799999999998931e+01 2.064844947866467578e+13
9.221799999999998931e+01 1.858477629970549219e+13
9.321799999999998931e+01 1.663800618607930859e+13
9.421799999999998931e+01 1.481300247632847461e+13
9.521799999999998931e+01 1.320428711091488477e+13
9.621799999999998931e+01 1.178435590649372266e+13
9.721799999999998931e+01 1.052943549881691406e+13
9.821799999999998931e+01 9.418946246068972656e+12
9.921799999999998931e+01 8.435046834826289062e+12
1.002179999999999893e+02 7.562247506351830078e+12
1.012179999999999893e+02 6.787081018391925781e+12
1.022179999999999893e+02 6.097822269057219727e+12
1.032179999999999893e+02 5.484249005480705078e+12
