4.999999999999999237e-03 1.174709653011494560e+17
9.999999999999998473e-03 5.588808675579108000e+16
1.499999999999999771e-02 3.291870150326643600e+16
1.999999999999999695e-02 2.141172497962528800e+16
2.499999999999999445e-02 1.476004658309088400e+16
2.999999999999999195e-02 1.057137276009941200e+16
3.499999999999999639e-02 7.779982567846205000e+15
3.999999999999999389e-02 5.844616668575460000e+15
4.499999999999999140e-02 4.462299808413568500e+15
4.999999999999998890e-02 3.451713293317634500e+15
5.499999999999998640e-02 2.699977490052547500e+15
5.999999999999999084e-02 2.132212946425369000e+15
6.499999999999998834e-02 1.698225579206873500e+15
6.999999999999999278e-02 1.362974467391480500e+15
7.499999999999999722e-02 1.101441290326556500e+15
7.999999999999998779e-02 8.957789575230827500e+14
8.499999999999999223e-02 7.328696272407930000e+14
8.999999999999999667e-02 6.027992697654576250e+14
