9.999999999999999547e-07 1.466007968613062919e+27
1.052000000000000050e-06 1.480881740258147954e+27
1.106999999999999947e-06 1.495323666566603078e+27
1.163999999999999994e-06 1.508458449552961847e+27
1.224999999999999918e-06 1.519515334590793773e+27
1.289000000000000068e-06 1.528834240184972606e+27
1.356000000000000019e-06 1.537097785153384547e+27
1.427000000000000059e-06 1.544254496426024909e+27
1.500999999999999901e-06 1.549902919514366986e+27
1.579000000000000044e-06 1.554080633630779059e+27
1.661000000000000064e-06 1.556220618460546302e+27
1.748000000000000035e-06 1.556761393598099049e+27
1.839000000000000096e-06 1.555852208570126286e+27
1.935000000000000108e-06 1.553034877344997845e+27
2.034999999999999998e-06 1.548582743786692957e+27
2.140999999999999915e-06 1.542007961263273488e+27
2.252999999999999859e-06 1.533819310147487317e+27
2.370000000000000179e-06 1.523943964020978861e+27
2.493000000000000102e-06 1.512510433664964504e+27
2.623000000000000128e-06 1.499418426630793704e+27
2.759999999999999833e-06 1.484993497806700077e+27
2.904000000000000063e-06 1.468977903611676180e+27
3.054999999999999973e-06 1.451210124377246059e+27
3.214000000000000060e-06 1.432083745316520854e+27
3.380999999999999901e-06 1.411627262303364346e+27
3.556999999999999995e-06 1.389746288330555485e+27
3.741999999999999917e-06 1.366579053460833424e+27
3.936999999999999745e-06 1.341877761521616646e+27
4.142000000000000323e-06 1.315885846583717392e+27
4.357999999999999610e-06 1.289324022392220684e+27
4.585000000000000147e-06 1.261443579893430997e+27
4.823999999999999892e-06 1.232406089902947007e+27
5.074999999999999691e-06 1.202640421683404077e+27
5.339000000000000043e-06 1.172233320022283742e+27
5.616999999999999753e-06 1.141236130877111887e+27
5.908999999999999668e-06 1.109760263711902957e+27
6.216999999999999938e-06 1.077615365575119529e+27
6.540999999999999716e-06 1.044754630588442147e+27
6.880999999999999848e-06 1.011696895225733180e+27
7.240000000000000138e-06 9.783600044768066501e+26
7.617000000000000086e-06 9.449977324002983035e+26
8.012999999999999344e-06 9.115663338689072965e+26
8.430000000000000603e-06 8.779411572995648914e+26
8.868999999999999280e-06 8.445773761863372273e+26
9.330999999999999261e-06 8.113884896941027361e+26
9.816999999999999351e-06 7.782884730931721084e+26
1.032999999999999935e-05 7.453744489357357901e+26
1.086999999999999926e-05 7.127623786357374617e+26
1.143000000000000068e-05 6.811257687164304158e+26
1.203000000000000002e-05 6.495340692755358630e+26
1.264999999999999916e-05 6.190212055899100619e+26
1.330999999999999962e-05 5.886417241866912778e+26
1.400999999999999969e-05 5.586951078722447936e+26
1.472999999999999958e-05 5.300461904383089908e+26
1.550000000000000068e-05 5.016845136057210359e+26
1.631000000000000139e-05 4.742379829916869235e+26
1.715999999999999833e-05 4.476295245963709719e+26
1.805000000000000167e-05 4.219148019903493759e+26
1.898999999999999945e-05 3.969840147912973189e+26
1.997999999999999844e-05 3.729802389482725157e+26
2.101999999999999865e-05 3.498780503109127654e+26
2.212000000000000167e-05 3.276059470499110419e+26
2.326999999999999913e-05 3.063448019253053304e+26
2.447999999999999940e-05 2.859856335467905911e+26
2.574999999999999910e-05 2.666642412308391535e+26
2.708999999999999982e-05 2.481721962593811422e+26
2.850000000000000157e-05 2.306179994171857452e+26
2.998999999999999916e-05 2.138927345959862036e+26
3.155000000000000117e-05 1.981207839655346247e+26
3.318999999999999902e-05 1.832263488161171264e+26
3.491999999999999770e-05 1.691296531389359109e+26
3.673999999999999722e-05 1.559047813687235596e+26
3.864999999999999756e-05 1.435204253940848873e+26
4.066000000000000034e-05 1.319421900611237377e+26
4.278000000000000037e-05 1.210788698097857520e+26
4.500999999999999766e-05 1.109247363311565644e+26
4.734999999999999897e-05 1.015050419385062640e+26
4.982000000000000073e-05 9.273299184811070179e+25
5.241000000000000134e-05 8.463786699585724769e+25
5.513999999999999723e-05 7.712122253055538245e+25
5.801000000000000194e-05 7.015309988508072201e+25
6.102999999999999674e-05 6.372961137106084727e+25
6.420999999999999679e-05 5.782165628503275259e+25
6.755999999999999690e-05 5.240926207461826773e+25
7.106999999999999548e-05 4.743923908366328888e+25
7.477000000000000410e-05 4.287223490208567467e+25
7.867000000000000403e-05 3.869501220868117745e+25
8.276000000000000045e-05 3.489197585795622140e+25
8.707000000000000492e-05 3.140585190852412527e+25
9.160999999999999872e-05 2.823261372344338430e+25
9.637999999999999541e-05 2.535359367803825165e+25
1.013999999999999982e-04 2.274648470982041863e+25
1.067000000000000050e-04 2.037037443220325097e+25
1.122000000000000032e-04 1.824650946481742580e+25
1.180999999999999975e-04 1.629331920730745015e+25
1.242000000000000103e-04 1.455764647812361880e+25
1.307000000000000056e-04 1.297510932033742476e+25
1.375000000000000083e-04 1.156387777827460421e+25
1.446999999999999936e-04 1.028991865436340228e+25
1.522000000000000132e-04 9.156408160657938156e+24
1.600999999999999884e-04 8.141722282526721891e+24
1.684000000000000004e-04 7.234782019848710444e+24
1.771999999999999975e-04 6.413193795828112293e+24
1.864000000000000043e-04 5.685396310990708057e+24
1.960999999999999961e-04 5.036915922914054121e+24
2.064000000000000025e-04 4.455228406608946465e+24
2.170999999999999916e-04 3.942612553390996918e+24
2.283999999999999952e-04 3.486732036965100281e+24
2.403000000000000134e-04 3.083971710956275145e+24
2.528000000000000191e-04 2.727463078300598105e+24
2.660000000000000146e-04 2.411526457388358145e+24
2.798000000000000248e-04 2.133990986509200243e+24
2.944000000000000002e-04 1.888380996085243680e+24
3.096999999999999927e-04 1.671161874038896667e+24
3.259000000000000070e-04 1.480353221923946833e+24
3.427999999999999841e-04 1.314580475042822768e+24
3.606999999999999855e-04 1.167347759605400463e+24
3.795000000000000088e-04 1.037338397423285939e+24
3.991999999999999997e-04 9.238373659630193816e+23
4.200000000000000174e-04 8.232783596907925183e+23
4.419000000000000076e-04 7.351554821508802439e+23
4.649000000000000246e-04 6.576139248360412959e+23
4.891000000000000165e-04 5.893146615190170129e+23
5.144999999999999834e-04 5.290403791317982165e+23
5.412999999999999843e-04 4.755475384422054924e+23
5.695000000000000192e-04 4.274810117951907084e+23
5.992000000000000364e-04 3.850448447827810389e+23
6.304000000000000358e-04 3.471258940431270433e+23
6.631999999999999658e-04 3.132448978649352703e+23
6.976999999999999912e-04 2.830054718955356275e+23
7.341000000000000086e-04 2.555846419183336916e+23
7.722999999999999613e-04 2.308041682194914838e+23
8.124999999999999627e-04 2.084525497453770074e+23
8.547999999999999609e-04 1.881956883653710871e+23
8.993000000000000126e-04 1.697058406480868194e+23
9.460999999999999575e-04 1.529924360002368512e+23
9.954000000000000174e-04 1.375517374321309317e+23
1.046999999999999971e-03 1.236628313086740681e+23
1.101999999999999898e-03 1.107755946038820140e+23
1.159000000000000091e-03 9.919222944915956905e+22
1.219000000000000031e-03 8.865075186089399524e+22
1.283000000000000069e-03 7.902977664510248721e+22
1.350000000000000071e-03 7.034789754077922617e+22
1.420000000000000038e-03 6.245174731661426609e+22
1.494000000000000102e-03 5.542169202476717389e+22
1.572000000000000047e-03 4.898667100308584268e+22
1.654000000000000088e-03 4.323807039488768816e+22
1.740000000000000010e-03 3.817662485707432447e+22
1.830000000000000029e-03 3.360287755445442340e+22
1.925999999999999978e-03 2.959270513998279003e+22
2.026000000000000023e-03 2.592227570112864767e+22
2.131000000000000082e-03 2.276768208993222499e+22
2.242000000000000069e-03 1.995741995497080593e+22
2.358999999999999986e-03 1.739213350214877315e+22
2.481999999999999831e-03 1.530149794514362538e+22
2.611000000000000040e-03 1.328127667931677144e+22
2.746999999999999876e-03 1.165424417920299670e+22
2.890000000000000208e-03 1.012756703811925652e+22
3.040999999999999866e-03 8.849600881429796880e+21
3.199000000000000021e-03 7.700277721380897686e+21
3.366000000000000068e-03 6.703754561945052643e+21
3.540999999999999877e-03 5.837401867764616921e+21
3.725000000000000012e-03 5.076982592853046723e+21
3.918999999999999741e-03 4.421121496600400626e+21
4.122999999999999929e-03 3.832921270256118792e+21
4.337999999999999842e-03 3.331922242675868172e+21
4.564000000000000348e-03 2.886528985544696267e+21
4.800999999999999712e-03 2.505206809256514814e+21
5.050999999999999934e-03 2.166607364281353634e+21
5.314000000000000147e-03 1.870745748170848862e+21
5.590999999999999616e-03 1.614292992432565649e+21
5.882000000000000076e-03 1.387269271366394184e+21
6.187999999999999924e-03 1.196730901419047256e+21
6.511000000000000294e-03 1.020175448264529805e+21
6.850000000000000186e-03 8.735053375088428319e+20
7.205999999999999732e-03 7.418683680860576154e+20
7.582000000000000198e-03 6.324558669921685340e+20
7.976000000000000451e-03 5.368210266822085837e+20
8.392000000000000154e-03 4.572449894948844995e+20
8.829000000000000042e-03 3.897930133628386017e+20
9.287999999999999381e-03 3.322147752568212029e+20
9.771999999999999437e-03 2.834933317605656494e+20
1.027999999999999921e-02 2.411875458344567767e+20
1.081999999999999976e-02 2.059630199274314793e+20
1.137999999999999949e-02 1.750037845372242493e+20
1.196999999999999974e-02 1.498537858031821455e+20
1.260000000000000009e-02 1.266693381257041347e+20
1.324999999999999963e-02 1.086141399807974605e+20
1.393999999999999927e-02 9.179298197318883738e+19
1.467000000000000075e-02 7.849002785172891238e+19
1.542999999999999927e-02 6.640429261465799066e+19
1.623000000000000137e-02 5.665780453838195917e+19
1.708000000000000143e-02 4.786134749185666253e+19
1.796999999999999986e-02 4.066851644296032256e+19
1.890000000000000013e-02 3.442135291859658752e+19
1.989000000000000143e-02 2.908299190115338650e+19
2.092000000000000109e-02 2.455964262582182298e+19
2.200999999999999832e-02 2.067804229779474432e+19
2.316000000000000003e-02 1.743111684434596250e+19
2.436999999999999930e-02 1.458661207552896205e+19
2.563000000000000000e-02 1.229849522526513357e+19
2.697000000000000092e-02 1.021519781106897306e+19
2.836999999999999938e-02 8.564682518808744960e+18
2.985000000000000153e-02 7.035473085943606272e+18
3.139999999999999736e-02 5.865011474482199552e+18
3.303999999999999992e-02 4.758402190285578240e+18
3.475999999999999923e-02 3.895504281441891840e+18
3.656999999999999834e-02 3.104067521698667520e+18
3.846999999999999725e-02 2.476320519289827328e+18
4.048000000000000209e-02 1.922373092176277504e+18
4.259000000000000286e-02 1.483513246948483328e+18
4.479999999999999954e-02 1.122059525144436864e+18
4.714000000000000135e-02 8.352188006087845120e+17
4.959000000000000213e-02 6.167920436911394560e+17
5.217000000000000109e-02 4.427787609270513920e+17
5.489000000000000129e-02 3.219624140826718720e+17
5.775000000000000272e-02 2.238129325662259840e+17
6.074999999999999845e-02 1.620084683011314560e+17
6.392000000000000459e-02 1.096737790663119680e+17
6.723999999999999422e-02 7.926032363877286400e+16
7.074999999999999345e-02 5.236493441110652000e+16
7.442999999999999616e-02 3.675959579536580800e+16
7.829999999999999460e-02 2.317593705673019600e+16
8.237999999999999490e-02 1.510075702944215200e+16
8.666999999999999704e-02 8.839751315463955000e+15
9.117999999999999716e-02 5.302112622719918000e+15
9.593000000000000138e-02 3.021055776486474000e+15
1.009000000000000036e-01 1.681033134891887500e+15
1.062000000000000027e-01 9.528429620253462500e+14
1.116999999999999937e-01 4.918761149295898125e+14
1.174999999999999933e-01 2.729275990834577500e+14
1.236000000000000015e-01 1.236225694735600156e+14
1.300999999999999934e-01 6.513140061641828125e+13
1.368999999999999939e-01 2.402148507773510938e+13
1.439999999999999891e-01 1.280040962714688086e+13
1.514999999999999958e-01 4.269425702429534668e+12
1.593999999999999861e-01 2.264748777079401855e+12
1.676999999999999880e-01 6.873650411766048584e+11
1.764000000000000012e-01 3.155539696051723022e+11
1.855999999999999872e-01 1.009270927336388245e+11
1.952000000000000124e-01 3.562557947504437256e+10
2.053999999999999992e-01 1.197246699175051117e+10
2.160999999999999865e-01 3.041113952291249275e+09
2.273999999999999910e-01 1.073958015121663570e+09
2.391999999999999960e-01 1.939154878258129656e+08
2.516999999999999793e-01 7.218873136325223744e+07
2.647999999999999798e-01 8.839736206550667062e+06
2.785000000000000253e-01 3.506100171852242667e+06
2.929999999999999827e-01 2.812337915919261868e+05
3.083000000000000185e-01 1.164176892412457528e+05
3.244000000000000217e-01 6.235542582416831465e+03
3.412000000000000033e-01 2.697247641338316953e+03
3.589999999999999858e-01 7.633118626038104537e+01
3.776999999999999802e-01 3.595700222701583471e+01
3.973999999999999755e-01 4.614425326728811783e+00
4.181000000000000272e-01 3.460508351224876877e-01
4.398000000000000242e-01 6.949678392192042142e-02
4.627000000000000002e-01 1.335094174149346414e-03
4.868000000000000105e-01 3.503404789758906711e-04
5.121999999999999886e-01 4.249144117751709080e-06
5.387999999999999456e-01 1.320902763279228534e-06
5.668999999999999595e-01 5.620250481009689715e-09
5.964000000000000412e-01 1.954201068615461517e-09
6.274999999999999467e-01 3.186637739691019030e-12
6.601000000000000201e-01 1.218018295887436236e-12
6.945000000000000062e-01 9.428382734776977072e-16
7.307000000000000162e-01 3.823167828633354841e-16
7.687000000000000499e-01 1.049051776305339137e-19
8.087999999999999634e-01 4.601229632656349994e-20
8.508999999999999897e-01 2.198817778369946251e-21
8.951999999999999957e-01 1.663233573996280718e-24
9.417999999999999705e-01 2.463979985179530548e-25
9.908000000000000140e-01 1.951648466505021807e-29
1.042000000000000037e+00 4.377732942337729261e-30
1.096999999999999975e+00 6.304272250938304827e-35
1.153999999999999915e+00 1.755169140495978722e-35
1.213999999999999968e+00 4.662084150472760203e-41
1.276999999999999913e+00 1.521164507400414874e-41
1.344000000000000083e+00 6.922200096365474547e-48
1.413999999999999924e+00 2.471480701489051218e-48
1.487000000000000099e+00 1.839443772850384447e-55
1.564999999999999947e+00 7.148494914237001544e-56
1.645999999999999908e+00 5.000242712214638144e-64
1.731999999999999984e+00 2.069599124436997783e-64
1.822000000000000064e+00 1.863062324095369151e-73
1.917000000000000037e+00 8.462140685033697648e-74
2.016999999999999904e+00 7.407756290909103016e-75
2.121999999999999886e+00 2.287477374051772832e-84
2.232000000000000206e+00 4.122071528738705353e-85
2.347999999999999865e+00 3.971962716063872030e-96
2.470000000000000195e+00 9.790892462224527613e-97
2.599000000000000199e+00 3.193234182766997061e-109
2.733999999999999986e+00 9.536448623706637582e-110
2.876999999999999780e+00 6.411883236823997996e-124
3.027000000000000135e+00 2.162609381550659094e-124
3.184000000000000163e+00 3.377536713571463852e-140
3.350000000000000089e+00 1.259141507244262038e-140
3.524000000000000021e+00 2.153504741759225315e-158
3.708000000000000185e+00 8.622300180404815826e-159
3.900999999999999801e+00 1.234534559418849966e-178
4.104000000000000092e+00 5.294158901538382126e-179
4.317999999999999616e+00 8.268177885539725430e-181
4.543000000000000149e+00 1.392286565599462892e-201
4.778999999999999915e+00 1.782623054271738739e-202
5.027999999999999581e+00 1.131055162389065527e-226
5.290000000000000036e+00 2.306915438219621600e-227
5.565000000000000391e+00 9.521864057898280546e-255
5.855000000000000426e+00 2.532671003764293775e-255
6.160000000000000142e+00 6.185091231240163642e-286
6.480999999999999872e+00 1.937635828950571617e-286
6.817999999999999616e+00 0.000000000000000000e+00
7.173000000000000043e+00 0.000000000000000000e+00
7.546999999999999709e+00 0.000000000000000000e+00
7.940000000000000391e+00 0.000000000000000000e+00
8.352999999999999758e+00 0.000000000000000000e+00
8.788000000000000256e+00 0.000000000000000000e+00
9.246000000000000441e+00 0.000000000000000000e+00
9.727000000000000313e+00 0.000000000000000000e+00
1.023000000000000043e+01 0.000000000000000000e+00
1.076999999999999957e+01 0.000000000000000000e+00
1.133000000000000007e+01 0.000000000000000000e+00
1.191999999999999993e+01 0.000000000000000000e+00
1.253999999999999915e+01 0.000000000000000000e+00
1.318999999999999950e+01 0.000000000000000000e+00
1.388000000000000078e+01 0.000000000000000000e+00
1.459999999999999964e+01 0.000000000000000000e+00
1.535999999999999943e+01 0.000000000000000000e+00
1.616000000000000014e+01 0.000000000000000000e+00
1.700000000000000000e+01 0.000000000000000000e+00
1.789000000000000057e+01 0.000000000000000000e+00
1.882000000000000028e+01 0.000000000000000000e+00
1.980000000000000071e+01 0.000000000000000000e+00
2.082999999999999829e+01 0.000000000000000000e+00
2.191000000000000014e+01 0.000000000000000000e+00
2.305000000000000071e+01 0.000000000000000000e+00
2.425000000000000000e+01 0.000000000000000000e+00
2.551999999999999957e+01 0.000000000000000000e+00
2.683999999999999986e+01 0.000000000000000000e+00
2.823999999999999844e+01 0.000000000000000000e+00
2.971000000000000085e+01 0.000000000000000000e+00
3.126000000000000156e+01 0.000000000000000000e+00
3.289000000000000057e+01 0.000000000000000000e+00
3.460000000000000142e+01 0.000000000000000000e+00
3.639999999999999858e+01 0.000000000000000000e+00
3.829999999999999716e+01 0.000000000000000000e+00
4.028999999999999915e+01 0.000000000000000000e+00
4.239000000000000057e+01 0.000000000000000000e+00
4.460000000000000142e+01 0.000000000000000000e+00
4.692000000000000171e+01 0.000000000000000000e+00
4.935999999999999943e+01 0.000000000000000000e+00
5.192999999999999972e+01 0.000000000000000000e+00
5.464000000000000057e+01 0.000000000000000000e+00
5.747999999999999687e+01 0.000000000000000000e+00
6.046999999999999886e+01 0.000000000000000000e+00
6.361999999999999744e+01 0.000000000000000000e+00
6.693000000000000682e+01 0.000000000000000000e+00
7.042000000000000171e+01 0.000000000000000000e+00
7.409000000000000341e+01 0.000000000000000000e+00
7.793999999999999773e+01 0.000000000000000000e+00
8.200000000000000000e+01 0.000000000000000000e+00
8.626999999999999602e+01 0.000000000000000000e+00
9.076000000000000512e+01 0.000000000000000000e+00
9.548999999999999488e+01 0.000000000000000000e+00
1.005000000000000000e+02 0.000000000000000000e+00
1.057000000000000028e+02 0.000000000000000000e+00
1.112000000000000028e+02 0.000000000000000000e+00
1.170000000000000000e+02 0.000000000000000000e+00
1.230999999999999943e+02 0.000000000000000000e+00
1.295000000000000000e+02 0.000000000000000000e+00
1.361999999999999886e+02 0.000000000000000000e+00
1.433000000000000114e+02 0.000000000000000000e+00
1.508000000000000114e+02 0.000000000000000000e+00
1.585999999999999943e+02 0.000000000000000000e+00
1.669000000000000057e+02 0.000000000000000000e+00
1.755999999999999943e+02 0.000000000000000000e+00
1.846999999999999886e+02 0.000000000000000000e+00
1.943000000000000114e+02 0.000000000000000000e+00
2.045000000000000000e+02 0.000000000000000000e+00
2.150999999999999943e+02 0.000000000000000000e+00
2.263000000000000114e+02 0.000000000000000000e+00
2.380999999999999943e+02 0.000000000000000000e+00
2.505000000000000000e+02 0.000000000000000000e+00
2.635000000000000000e+02 0.000000000000000000e+00
2.773000000000000114e+02 0.000000000000000000e+00
2.916999999999999886e+02 0.000000000000000000e+00
3.068999999999999773e+02 0.000000000000000000e+00
3.228999999999999773e+02 0.000000000000000000e+00
3.396999999999999886e+02 0.000000000000000000e+00
3.573999999999999773e+02 0.000000000000000000e+00
3.760000000000000000e+02 0.000000000000000000e+00
3.955000000000000000e+02 0.000000000000000000e+00
4.161000000000000227e+02 0.000000000000000000e+00
4.378000000000000114e+02 0.000000000000000000e+00
4.606000000000000227e+02 0.000000000000000000e+00
4.846000000000000227e+02 0.000000000000000000e+00
5.098000000000000114e+02 0.000000000000000000e+00
5.363999999999999773e+02 0.000000000000000000e+00
5.642999999999999545e+02 0.000000000000000000e+00
5.937000000000000455e+02 0.000000000000000000e+00
6.246000000000000227e+02 0.000000000000000000e+00
6.571000000000000227e+02 0.000000000000000000e+00
6.912999999999999545e+02 0.000000000000000000e+00
7.272999999999999545e+02 0.000000000000000000e+00
7.652000000000000455e+02 0.000000000000000000e+00
8.050000000000000000e+02 0.000000000000000000e+00
8.468999999999999773e+02 0.000000000000000000e+00
8.910000000000000000e+02 0.000000000000000000e+00
9.373999999999999773e+02 0.000000000000000000e+00
9.862999999999999545e+02 0.000000000000000000e+00
1.038000000000000000e+03 0.000000000000000000e+00
1.092000000000000000e+03 0.000000000000000000e+00
1.148000000000000000e+03 0.000000000000000000e+00
1.208000000000000000e+03 0.000000000000000000e+00
1.271000000000000000e+03 0.000000000000000000e+00
1.337000000000000000e+03 0.000000000000000000e+00
1.407000000000000000e+03 0.000000000000000000e+00
1.480000000000000000e+03 0.000000000000000000e+00
1.557000000000000000e+03 0.000000000000000000e+00
1.638000000000000000e+03 0.000000000000000000e+00
1.724000000000000000e+03 0.000000000000000000e+00
1.814000000000000000e+03 0.000000000000000000e+00
1.908000000000000000e+03 0.000000000000000000e+00
2.007000000000000000e+03 0.000000000000000000e+00
2.112000000000000000e+03 0.000000000000000000e+00
2.222000000000000000e+03 0.000000000000000000e+00
2.337000000000000000e+03 0.000000000000000000e+00
2.459000000000000000e+03 0.000000000000000000e+00
2.587000000000000000e+03 0.000000000000000000e+00
2.722000000000000000e+03 0.000000000000000000e+00
2.864000000000000000e+03 0.000000000000000000e+00
3.013000000000000000e+03 0.000000000000000000e+00
3.170000000000000000e+03 0.000000000000000000e+00
3.335000000000000000e+03 0.000000000000000000e+00
3.508000000000000000e+03 0.000000000000000000e+00
3.691000000000000000e+03 0.000000000000000000e+00
3.883000000000000000e+03 0.000000000000000000e+00
4.085000000000000000e+03 0.000000000000000000e+00
4.298000000000000000e+03 0.000000000000000000e+00
4.522000000000000000e+03 0.000000000000000000e+00
4.757000000000000000e+03 0.000000000000000000e+00
5.005000000000000000e+03 0.000000000000000000e+00
5.266000000000000000e+03 0.000000000000000000e+00
5.540000000000000000e+03 0.000000000000000000e+00
5.828000000000000000e+03 0.000000000000000000e+00
6.132000000000000000e+03 0.000000000000000000e+00
6.451000000000000000e+03 0.000000000000000000e+00
6.787000000000000000e+03 0.000000000000000000e+00
7.140000000000000000e+03 0.000000000000000000e+00
7.512000000000000000e+03 0.000000000000000000e+00
7.903000000000000000e+03 0.000000000000000000e+00
8.315000000000000000e+03 0.000000000000000000e+00
8.748000000000000000e+03 0.000000000000000000e+00
9.203000000000000000e+03 0.000000000000000000e+00
9.682000000000000000e+03 0.000000000000000000e+00
1.019000000000000000e+04 0.000000000000000000e+00
1.072000000000000000e+04 0.000000000000000000e+00
1.127000000000000000e+04 0.000000000000000000e+00
1.186000000000000000e+04 0.000000000000000000e+00
1.248000000000000000e+04 0.000000000000000000e+00
1.313000000000000000e+04 0.000000000000000000e+00
1.381000000000000000e+04 0.000000000000000000e+00
1.453000000000000000e+04 0.000000000000000000e+00
1.529000000000000000e+04 0.000000000000000000e+00
1.608000000000000000e+04 0.000000000000000000e+00
1.692000000000000000e+04 0.000000000000000000e+00
1.780000000000000000e+04 0.000000000000000000e+00
1.873000000000000000e+04 0.000000000000000000e+00
1.971000000000000000e+04 0.000000000000000000e+00
2.073000000000000000e+04 0.000000000000000000e+00
2.181000000000000000e+04 0.000000000000000000e+00
2.295000000000000000e+04 0.000000000000000000e+00
2.414000000000000000e+04 0.000000000000000000e+00
2.540000000000000000e+04 0.000000000000000000e+00
2.672000000000000000e+04 0.000000000000000000e+00
2.811000000000000000e+04 0.000000000000000000e+00
2.958000000000000000e+04 0.000000000000000000e+00
3.112000000000000000e+04 0.000000000000000000e+00
3.274000000000000000e+04 0.000000000000000000e+00
3.444000000000000000e+04 0.000000000000000000e+00
3.623000000000000000e+04 0.000000000000000000e+00
3.812000000000000000e+04 0.000000000000000000e+00
4.011000000000000000e+04 0.000000000000000000e+00
4.219000000000000000e+04 0.000000000000000000e+00
4.439000000000000000e+04 0.000000000000000000e+00
4.670000000000000000e+04 0.000000000000000000e+00
4.913000000000000000e+04 0.000000000000000000e+00
5.169000000000000000e+04 0.000000000000000000e+00
5.438000000000000000e+04 0.000000000000000000e+00
5.722000000000000000e+04 0.000000000000000000e+00
6.019000000000000000e+04 0.000000000000000000e+00
6.333000000000000000e+04 0.000000000000000000e+00
6.663000000000000000e+04 0.000000000000000000e+00
7.010000000000000000e+04 0.000000000000000000e+00
7.375000000000000000e+04 0.000000000000000000e+00
7.759000000000000000e+04 0.000000000000000000e+00
8.163000000000000000e+04 0.000000000000000000e+00
8.588000000000000000e+04 0.000000000000000000e+00
9.035000000000000000e+04 0.000000000000000000e+00
9.505000000000000000e+04 0.000000000000000000e+00
1.000000000000000000e+05 0.000000000000000000e+00
