1.903427155601598031e+01 8.323106916712185166e-01
2.003427155601598031e+01 6.691926934924072867e-01
2.103427155601598031e+01 5.637135934867546494e-01
2.203427155601598031e+01 4.670995409637306306e-01
2.303427155601598031e+01 3.924842294651913477e-01
2.403427155601598031e+01 3.319954319122958020e-01
2.503427155601598031e+01 2.673766693104108194e-01
2.603427155601598031e+01 2.219870796626150500e-01
2.703427155601598031e+01 1.773344364420979813e-01
2.803427155601598031e+01 1.332360134585225397e-01
2.903427155601598031e+01 1.064114008058796024e-01
3.003427155601598031e+01 8.291525044260165955e-02
3.103427155601598031e+01 6.280004834841240724e-02
3.203427155601598031e+01 4.716892500188804571e-02
3.303427155601598031e+01 3.637595889010074302e-02
3.403427155601598031e+01 2.800271679686374207e-02
3.503427155601598031e+01 2.148107863217766506e-02
3.603427155601598031e+01 1.657173826234640407e-02
3.703427155601598031e+01 1.286156711801934513e-02
3.803427155601598031e+01 9.930804860346493373e-03
3.903427155601598031e+01 7.675030031856901018e-03
4.003427155601598031e+01 5.934599174540947271e-03
4.103427155601598031e+01 4.475874258889957560e-03
4.203427155601598031e+01 3.383277378016218660e-03
4.303427155601598031e+01 2.535310889260108513e-03
4.403427155601598031e+01 1.740152134207966807e-03
4.503427155601598031e+01 1.190211169311135905e-03
4.603427155601598031e+01 9.259004375496436611e-04
4.703427155601598031e+01 7.507128684889128982e-04
4.803427155601598031e+01 5.892097000692221457e-04
4.903427155601598031e+01 4.350274545380684193e-04
5.003427155601598031e+01 2.905020487618071917e-04
5.103427155601598031e+01 2.079265816360319956e-04
5.203427155601598031e+01 1.730832989709156879e-04
5.303427155601598031e+01 1.378879759439703625e-04
5.403427155601598031e+01 1.035093231467740704e-04
5.503427155601598031e+01 6.832066193276998601e-05
5.603427155601598031e+01 3.943338873220529991e-05
5.703427155601598031e+01 3.042931749142228510e-05
5.803427155601598031e+01 2.585568597839855802e-05
5.903427155601598031e+01 2.048996243817262174e-05
6.003427155601598031e+01 1.573316429269667872e-05
6.103427155601598031e+01 1.067880511704586257e-05
6.203427155601598031e+01 6.796415259513025232e-06
6.303427155601598031e+01 4.502610751727748289e-06
6.403427155601598031e+01 3.628525002679449095e-06
6.503427155601598031e+01 3.018863777035392647e-06
6.603427155601598031e+01 2.447387635097538170e-06
6.703427155601598031e+01 1.657501097673099253e-06
6.803427155601598031e+01 1.091748766535917894e-06
6.903427155601598031e+01 7.335818086105449770e-07
7.003427155601598031e+01 5.531448673423651734e-07
7.103427155601598031e+01 4.285904697014883436e-07
7.203427155601598031e+01 3.325327312555358980e-07
7.303427155601598031e+01 2.537455266939236710e-07
7.403427155601598031e+01 1.933785095211629278e-07
7.503427155601598031e+01 1.473612441199335425e-07
7.603427155601598031e+01 1.080690143686855007e-07
7.703427155601598031e+01 7.860763386531307333e-08
7.803427155601598031e+01 5.717531306862106856e-08
7.903427155601598031e+01 3.933195859056568197e-08
8.003427155601598031e+01 2.662805045578398994e-08
8.103427155601598031e+01 1.820179325401194267e-08
8.203427155601598031e+01 1.370976958810835988e-08
8.303427155601598031e+01 1.074461561861646514e-08
8.403427155601598031e+01 8.435070253095161773e-09
8.503427155601598031e+01 6.448669205239113822e-09
8.603427155601598031e+01 4.880388057371459047e-09
