1.603007518796992770e+01 1.578824461600158884e+02
1.703007518796992770e+01 1.317123822720825217e+02
1.803007518796992770e+01 1.085518715677610544e+02
1.903007518796992770e+01 8.950843219163266440e+01
2.003007518796992770e+01 7.357685562475509755e+01
2.103007518796992770e+01 6.052728232363168814e+01
2.203007518796992770e+01 4.984188892453510533e+01
2.303007518796992770e+01 4.100085433101979504e+01
2.403007518796992770e+01 3.360015186899646977e+01
2.503007518796992770e+01 2.739734024737258977e+01
2.603007518796992770e+01 2.216735396704314454e+01
2.703007518796992770e+01 1.779196254819637701e+01
2.803007518796992770e+01 1.415664895805069712e+01
2.903007518796992770e+01 1.113758350382869544e+01
3.003007518796992770e+01 8.751334709981591686e+00
3.103007518796992770e+01 6.833818058901114156e+00
3.203007518796992770e+01 5.311182163373031173e+00
3.303007518796992770e+01 4.107371875911079329e+00
3.403007518796992770e+01 3.174521111684826646e+00
3.503007518796992770e+01 2.446071860796199093e+00
3.603007518796992770e+01 1.883716507948722585e+00
3.703007518796992770e+01 1.448637588962913947e+00
3.803007518796992770e+01 1.112733862547635733e+00
3.903007518796992770e+01 8.534476152994076026e-01
4.003007518796992770e+01 6.532682957968641846e-01
4.103007518796992770e+01 4.988792820533308747e-01
4.203007518796992770e+01 3.803181382950379663e-01
4.303007518796992770e+01 2.889829788240400044e-01
4.403007518796992770e+01 2.191642635485762103e-01
4.503007518796992770e+01 1.656959727160516871e-01
4.603007518796992770e+01 1.249797318267943103e-01
4.703007518796992770e+01 9.405884008207442137e-02
4.803007518796992770e+01 7.068956859037206497e-02
4.903007518796992770e+01 5.305899335589159271e-02
5.003007518796992770e+01 3.976090872950360788e-02
5.103007518796992770e+01 2.978467919804211189e-02
5.203007518796992770e+01 2.226858907348150049e-02
5.303007518796992770e+01 1.663999370886803941e-02
5.403007518796992770e+01 1.241672681694303178e-02
5.503007518796992770e+01 9.258913469712241884e-03
5.603007518796992770e+01 6.890920574674389704e-03
5.703007518796992770e+01 5.122050730413209470e-03
5.803007518796992770e+01 3.801874626234030569e-03
5.903007518796992770e+01 2.819288502049981104e-03
6.003007518796992770e+01 2.089339081461631664e-03
6.103007518796992770e+01 1.548028374067704233e-03
6.203007518796992770e+01 1.145791105290442985e-03
6.303007518796992770e+01 8.482338740783629608e-04
6.403007518796992770e+01 6.279369437194543078e-04
6.503007518796992770e+01 4.645449161885860465e-04
6.603007518796992770e+01 3.438648286010489259e-04
6.703007518796992770e+01 2.546717557348423698e-04
6.803007518796992770e+01 1.886852583801226497e-04
6.903007518796992770e+01 1.397346142493761088e-04
7.003007518796992770e+01 1.036134765351403941e-04
7.103007518796992770e+01 7.692281127833676619e-05
7.203007518796992770e+01 5.711182182590051373e-05
7.303007518796992770e+01 4.242425233468375952e-05
7.403007518796992770e+01 3.150985706707145386e-05
7.503007518796992770e+01 2.341315690948094362e-05
7.603007518796992770e+01 1.740754221132291321e-05
7.703007518796992770e+01 1.293246582484822214e-05
7.803007518796992770e+01 9.607714511524942901e-06
7.903007518796992770e+01 7.149966546351711509e-06
8.003007518796992770e+01 5.311425484673893687e-06
8.103007518796992770e+01 3.945028222933041961e-06
8.203007518796992770e+01 2.927768828074318831e-06
8.303007518796992770e+01 2.174986651741575966e-06
8.403007518796992770e+01 1.614960064292219138e-06
8.503007518796992770e+01 1.198543595675193575e-06
8.603007518796992770e+01 8.877041851174068417e-07
8.703007518796992770e+01 6.576288458261333479e-07
8.803007518796992770e+01 4.867641876507500491e-07
