1.473707518796992133e+01 7.666133510737310400e+16
1.573707518796992133e+01 6.594077098613734400e+16
1.673707518796992133e+01 5.599081921329460000e+16
1.773707518796992133e+01 4.740904315738524800e+16
1.873707518796992133e+01 3.971706939513027200e+16
1.973707518796992133e+01 3.307916096161338400e+16
2.073707518796992133e+01 2.746474833749200400e+16
2.173707518796992133e+01 2.275275850796179600e+16
2.273707518796992133e+01 1.882771795316726800e+16
2.373707518796992133e+01 1.558570621653953600e+16
2.473707518796992133e+01 1.291249470169795800e+16
2.573707518796992133e+01 1.071177923257740800e+16
2.673707518796992133e+01 8.895938262944717000e+15
2.773707518796992133e+01 7.379369777390661000e+15
2.873707518796992133e+01 6.137780565179785000e+15
2.973707518796992133e+01 5.096927777381007000e+15
3.073707518796992133e+01 4.226510900678242000e+15
3.173707518796992133e+01 3.490903504227044000e+15
3.273707518796992133e+01 2.878212172452855000e+15
3.373707518796992133e+01 2.361205004609753000e+15
3.473707518796992133e+01 1.931058240242178750e+15
3.573707518796992133e+01 1.572673356802776750e+15
3.673707518796992133e+01 1.276149529534791000e+15
3.773707518796992133e+01 1.032298568248533875e+15
3.873707518796992133e+01 8.327416803964731250e+14
3.973707518796992133e+01 6.703040132919878750e+14
4.073707518796992133e+01 5.390906790247461250e+14
4.173707518796992133e+01 4.328501531997643125e+14
4.273707518796992133e+01 3.474145058167790625e+14
4.373707518796992133e+01 2.787328745705307188e+14
4.473707518796992133e+01 2.235523260500404375e+14
4.573707518796992133e+01 1.792948462787473125e+14
4.673707518796992133e+01 1.438581634708977500e+14
4.773707518796992133e+01 1.154080610882877812e+14
4.873707518796992133e+01 9.260986521026892188e+13
4.973707518796992133e+01 7.430994890633543750e+13
5.073707518796992133e+01 5.963247217948707031e+13
5.173707518796992133e+01 4.784583588842132812e+13
5.273707518796992133e+01 3.836913417435767188e+13
5.373707518796992133e+01 3.075895852880966406e+13
5.473707518796992133e+01 2.463547680915250000e+13
5.573707518796992133e+01 1.972175169525524219e+13
5.673707518796992133e+01 1.577115223776342969e+13
5.773707518796992133e+01 1.259796036140181836e+13
5.873707518796992133e+01 1.005573824927144141e+13
5.973707518796992133e+01 8.024605015297961914e+12
6.073707518796992133e+01 6.398797022691959961e+12
6.173707518796992133e+01 5.097131990108523438e+12
6.273707518796992133e+01 4.058520417118985352e+12
6.373707518796992133e+01 3.228459113961558594e+12
6.473707518796992133e+01 2.568255470007835449e+12
6.573707518796992133e+01 2.042255238597079590e+12
6.673707518796992133e+01 1.623499261899383545e+12
6.773707518796992133e+01 1.290491934649092041e+12
6.873707518796992133e+01 1.025439691781026855e+12
6.973707518796992133e+01 8.150546005568482666e+11
7.073707518796992133e+01 6.474974731480197754e+11
7.173707518796992133e+01 5.140666025145510864e+11
7.273707518796992133e+01 4.080136158145515747e+11
7.373707518796992133e+01 3.238062207812292480e+11
7.473707518796992133e+01 2.568766447688789978e+11
7.573707518796992133e+01 2.036355242772979126e+11
7.673707518796992133e+01 1.612396263686037598e+11
7.773707518796992133e+01 1.277756290722743073e+11
7.873707518796992133e+01 1.010968054791062164e+11
7.973707518796992133e+01 7.996187454233233643e+10
8.073707518796992133e+01 6.320683086391020203e+10
8.173707518796992133e+01 4.992278427941950989e+10
8.273707518796992133e+01 3.942457462964263153e+10
8.373707518796992133e+01 3.111657549776270294e+10
8.473707518796992133e+01 2.453393892465084076e+10
8.573707518796992133e+01 1.932948405423681641e+10
8.673707518796992133e+01 1.522268526695187569e+10
