1.221799999999999287e+01 3.872915244210758000e+15
1.321799999999999287e+01 3.394823956679511500e+15
1.421799999999999287e+01 2.953936093901930000e+15
1.521799999999999287e+01 2.550050404189376500e+15
1.621799999999999287e+01 2.181480681383901250e+15
1.721799999999999287e+01 1.848166710415628000e+15
1.821799999999999287e+01 1.555242449723623250e+15
1.921799999999999287e+01 1.298919149800777750e+15
2.021799999999999287e+01 1.078598464677534125e+15
2.121799999999999287e+01 8.897364208607268750e+14
2.221799999999999287e+01 7.403438975701665000e+14
2.321799999999999287e+01 6.138018467367366250e+14
2.421799999999999287e+01 5.066590692176783125e+14
2.521799999999999287e+01 4.214179331423861250e+14
2.621799999999999287e+01 3.498869500058563125e+14
2.721799999999999287e+01 2.897874364424350000e+14
2.821799999999999287e+01 2.416219231084307500e+14
2.921799999999999287e+01 2.005742151335301875e+14
3.021799999999999287e+01 1.656634154444412188e+14
3.121799999999999287e+01 1.376708497461433594e+14
3.221799999999998931e+01 1.130192642808865000e+14
3.321799999999998931e+01 9.157839667126620312e+13
3.421799999999998931e+01 7.466326619417367188e+13
3.521799999999998931e+01 6.122689277205985156e+13
3.621799999999998931e+01 5.048464052630092969e+13
3.721799999999998931e+01 4.106470441194744531e+13
3.821799999999998931e+01 3.291987435643661719e+13
3.921799999999998931e+01 2.653985628700446094e+13
4.021799999999998931e+01 2.151135714669862109e+13
4.121799999999998931e+01 1.728756421616388086e+13
4.221799999999998931e+01 1.376364120652476172e+13
4.321799999999998931e+01 1.101605267174045117e+13
4.421799999999998931e+01 8.861513689500197266e+12
4.521799999999998931e+01 7.162788016800568359e+12
4.621799999999998931e+01 5.744381072322071289e+12
4.721799999999998931e+01 4.567179059693654297e+12
4.821799999999998931e+01 3.648549741679666016e+12
4.921799999999998931e+01 2.928031981101056152e+12
5.021799999999998931e+01 2.360128133169308105e+12
5.121799999999998931e+01 1.910403561004714355e+12
5.221799999999998931e+01 1.530519395835077148e+12
5.321799999999998931e+01 1.212523846187314453e+12
5.421799999999998931e+01 9.647368417899916992e+11
5.521799999999998931e+01 7.707736432213616943e+11
5.621799999999998931e+01 6.182728465227840576e+11
5.721799999999998931e+01 4.978609844484869995e+11
5.821799999999998931e+01 4.023954162781658325e+11
5.921799999999998931e+01 3.214671504591808472e+11
6.021799999999998931e+01 2.535947617396321716e+11
6.121799999999998931e+01 2.008295589627619629e+11
6.221799999999998931e+01 1.596410181834772949e+11
6.321799999999998931e+01 1.273618143115637970e+11
6.421799999999998931e+01 1.019677151230233765e+11
6.521799999999998931e+01 8.191584506372471619e+10
6.621799999999998931e+01 6.513661928510703278e+10
6.721799999999998931e+01 5.122035740466651154e+10
6.821799999999998931e+01 4.041951785331724548e+10
6.921799999999998931e+01 3.200563905943638611e+10
7.021799999999998931e+01 2.542765668436912918e+10
7.121799999999998931e+01 2.026702648968570709e+10
7.221799999999998931e+01 1.620461356179991531e+10
7.321799999999998931e+01 1.299615712465079308e+10
7.421799999999998931e+01 1.030370747087076187e+10
7.521799999999998931e+01 8.067640994410041809e+09
7.621799999999998931e+01 6.337156254481522560e+09
7.721799999999998931e+01 4.993452431504096985e+09
7.821799999999998931e+01 3.946674404654861927e+09
7.921799999999998931e+01 3.128614910228165627e+09
8.021799999999998931e+01 2.487317084637974739e+09
8.121799999999998931e+01 1.983067136904942989e+09
8.221799999999998931e+01 1.585407940175790310e+09
8.321799999999998931e+01 1.251076036217619181e+09
8.421799999999998931e+01 9.733872213217289448e+08
8.521799999999998931e+01 7.595691321112973690e+08
8.621799999999998931e+01 5.944276416912589073e+08
8.721799999999998931e+01 4.665004015484232306e+08
8.821799999999998931e+01 3.671120785419871807e+08
8.921799999999998931e+01 2.896757730961533189e+08
9.021799999999998931e+01 2.291746828913477659e+08
9.121799999999998931e+01 1.817762053606117070e+08
9.221799999999998931e+01 1.445436902649052739e+08
9.321799999999998931e+01 1.133615279434727877e+08
9.421799999999998931e+01 8.758275717082327604e+07
9.521799999999998931e+01 6.784984324384821951e+07
9.621799999999998931e+01 5.270258392866151780e+07
9.721799999999998931e+01 4.104346895695200562e+07
9.821799999999998931e+01 3.204514899420240521e+07
9.921799999999998931e+01 2.508212359491156042e+07
1.002179999999999893e+02 1.968015172725794092e+07
1.012179999999999893e+02 1.547867248627834395e+07
1.022179999999999893e+02 1.220280653663386963e+07
1.032179999999999893e+02 9.642434477434985340e+06
