1.774127155601597394e+01 6.296939501220889000e+15
1.874127155601597394e+01 5.277758032367080000e+15
1.974127155601597394e+01 4.393440115884820500e+15
2.074127155601597394e+01 3.643708459897221000e+15
2.174127155601597394e+01 3.020245544887418500e+15
2.274127155601597394e+01 2.499251696573167000e+15
2.374127155601597394e+01 2.069497516688299750e+15
2.474127155601597394e+01 1.715012164035928000e+15
2.574127155601597394e+01 1.422545049951816250e+15
2.674127155601597394e+01 1.181658587854450250e+15
2.774127155601597394e+01 9.820513724517270000e+14
2.874127155601597394e+01 8.158458143573130000e+14
2.974127155601597394e+01 6.768265968653185000e+14
3.074127155601597394e+01 5.612175523027971250e+14
3.174127155601597394e+01 4.635336973888048750e+14
3.274127155601597394e+01 3.815445018647981250e+14
3.374127155601597394e+01 3.133338730439181250e+14
3.474127155601597394e+01 2.554354797102292500e+14
3.574127155601597394e+01 2.084082925428100938e+14
3.674127155601597394e+01 1.686047597451340312e+14
3.774127155601597394e+01 1.362623579101501875e+14
3.874127155601597394e+01 1.103899164451156719e+14
3.974127155601597394e+01 8.848385897882935938e+13
4.074127155601597394e+01 7.115153000829731250e+13
4.174127155601597394e+01 5.740098433461250000e+13
4.274127155601597394e+01 4.599203063954715625e+13
4.374127155601597394e+01 3.695555621949182812e+13
4.474127155601597394e+01 2.965933196815841406e+13
4.574127155601597394e+01 2.379964877137307031e+13
4.674127155601597394e+01 1.909715561123393750e+13
4.774127155601597394e+01 1.531793829088240234e+13
4.874127155601597394e+01 1.229354922866266406e+13
4.974127155601597394e+01 9.865544745305289062e+12
5.074127155601597394e+01 7.916182908183232422e+12
5.174127155601597394e+01 6.352238875871756836e+12
5.274127155601597394e+01 5.094254444327818359e+12
5.374127155601597394e+01 4.084151966061913574e+12
5.474127155601597394e+01 3.271725798817328125e+12
5.574127155601597394e+01 2.618037314489038574e+12
5.674127155601597394e+01 2.094362225204385986e+12
5.774127155601597394e+01 1.671118641138258545e+12
5.874127155601597394e+01 1.334959936776619141e+12
5.974127155601597394e+01 1.063284195046669312e+12
6.074127155601597394e+01 8.470719425259409180e+11
6.174127155601597394e+01 6.761924515901030273e+11
6.274127155601597394e+01 5.368355742126761475e+11
6.374127155601597394e+01 4.271638787444112549e+11
6.474127155601597394e+01 3.406430571403054810e+11
6.574127155601597394e+01 2.702765228202597656e+11
6.674127155601597394e+01 2.148693324831709595e+11
6.774127155601597394e+01 1.712167240929150391e+11
6.874127155601597394e+01 1.357850553469431610e+11
6.974127155601597394e+01 1.078644602225206146e+11
7.074127155601597394e+01 8.588930920097178650e+10
7.174127155601597394e+01 6.806715601760332489e+10
7.274127155601597394e+01 5.401192807276985931e+10
7.374127155601597394e+01 4.296295922836627960e+10
7.474127155601597394e+01 3.400645730380160522e+10
7.574127155601597394e+01 2.693912148467180252e+10
7.674127155601597394e+01 2.139394677529127884e+10
7.774127155601597394e+01 1.691235557313742828e+10
7.874127155601597394e+01 1.337600421313168526e+10
7.974127155601597394e+01 1.060593522367335510e+10
8.074127155601597394e+01 8.371160529322751999e+09
8.174127155601597394e+01 6.607458626395355225e+09
8.274127155601597394e+01 5.228974026776884079e+09
8.374127155601597394e+01 4.124207386852617264e+09
8.474127155601597394e+01 3.253028073148740768e+09
