4.999999999999999237e-03 7.507799106416086250e+14
9.999999999999998473e-03 8.958633787278221875e+13
1.499999999999999771e-02 1.621681490323421484e+13
1.999999999999999695e-02 3.512583785604764160e+12
2.499999999999999445e-02 8.723004089897478027e+11
2.999999999999999195e-02 2.412150393072568970e+11
3.499999999999999639e-02 7.201378486646907043e+10
3.999999999999999389e-02 2.253055930180601883e+10
4.499999999999999140e-02 7.247793671228890419e+09
4.999999999999998890e-02 2.363961700302674770e+09
5.499999999999998640e-02 7.781507445714837313e+08
5.999999999999999084e-02 2.524650682783259153e+08
6.499999999999998834e-02 8.025149500257740915e+07
6.999999999999999278e-02 2.400542175842884183e+07
7.499999999999999722e-02 6.443798008733343333e+06
7.999999999999998779e-02 1.421442353300119052e+06
8.499999999999999223e-02 1.900134384790600452e+05
8.999999999999999667e-02 7.766199224376191523e+03
