1.000000000000000021e-03 4.429715682014073748e+24
1.051999999999999984e-03 4.355199577388673636e+24
1.106999999999999911e-03 4.276796952139589564e+24
1.163999999999999887e-03 4.195771122751198359e+24
1.224999999999999960e-03 4.109911238799250808e+24
1.288999999999999998e-03 4.022093800671415034e+24
1.356000000000000000e-03 3.932357527480634144e+24
1.427000000000000100e-03 3.839275893844197394e+24
1.500999999999999947e-03 3.744979301311850515e+24
1.579000000000000108e-03 3.648239476270936478e+24
1.661000000000000150e-03 3.550402107296963019e+24
1.747999999999999988e-03 3.449953497301164679e+24
1.839000000000000140e-03 3.349222107769674601e+24
1.935000000000000088e-03 3.247040471964027955e+24
2.034999999999999917e-03 3.144855701257689993e+24
2.141000000000000108e-03 3.042240077497874107e+24
2.252999999999999794e-03 2.938862656920892132e+24
2.370000000000000145e-03 2.835300680803081066e+24
2.492999999999999990e-03 2.732265108468441383e+24
2.623000000000000331e-03 2.629434178270488003e+24
2.759999999999999867e-03 2.527921428906681018e+24
2.903999999999999897e-03 2.426895481329129118e+24
3.054999999999999990e-03 2.326970902812228948e+24
3.213999999999999843e-03 2.228385268657745423e+24
3.380999999999999891e-03 2.131529446581581164e+24
3.556999999999999832e-03 2.035732109543078543e+24
3.742000000000000100e-03 1.941826964636699789e+24
3.936999999999999528e-03 1.849947480328088043e+24
4.142000000000000716e-03 1.760132365460687410e+24
4.357999999999999895e-03 1.672395338159295063e+24
4.585000000000000533e-03 1.586948861023547810e+24
4.824000000000000163e-03 1.503805367313333377e+24
5.074999999999999650e-03 1.423193617656307239e+24
5.338999999999999996e-03 1.345283052594088290e+24
5.616999999999999597e-03 1.269633546469748278e+24
5.908999999999999322e-03 1.196926445451404212e+24
6.217000000000000304e-03 1.126766845441883211e+24
6.540999999999999939e-03 1.059295231148966726e+24
6.880999999999999964e-03 9.947967103150497643e+23
7.239999999999999908e-03 9.327653882152139463e+23
7.617000000000000506e-03 8.735782135486115983e+23
8.012999999999999290e-03 8.172201355282025399e+23
8.429999999999999993e-03 7.635486416666331825e+23
8.868999999999998413e-03 7.123614273729960304e+23
9.330999999999999017e-03 6.637001854775792700e+23
9.816999999999999338e-03 6.177651870092846044e+23
1.032999999999999891e-02 5.740897935562291450e+23
1.086999999999999945e-02 5.327800658285275183e+23
1.143000000000000092e-02 4.944266422526327453e+23
1.203000000000000076e-02 4.576723257111914522e+23
1.264999999999999979e-02 4.238229685031257558e+23
1.330999999999999892e-02 3.915671840559943689e+23
1.400999999999999988e-02 3.610994142003061965e+23
1.473000000000000004e-02 3.332994819937342860e+23
1.549999999999999989e-02 3.068719655759572495e+23
1.631000000000000158e-02 2.822853837594577674e+23
1.715999999999999817e-02 2.594191261515803976e+23
1.805000000000000007e-02 2.381658167694711922e+23
1.898999999999999994e-02 2.183403791044821438e+23
1.997999999999999776e-02 1.999446956443194842e+23
2.101999999999999702e-02 1.829235411450698557e+23
2.212000000000000077e-02 1.670540874631386895e+23
2.326999999999999902e-02 1.525277659011893145e+23
2.447999999999999829e-02 1.391070214306572104e+23
2.574999999999999858e-02 1.267570081786000635e+23
2.708999999999999950e-02 1.153450047426465911e+23
2.850000000000000103e-02 1.048215952746783242e+23
2.998999999999999930e-02 9.511152175360724750e+22
3.155000000000000165e-02 8.627003680231374664e+22
3.318999999999999728e-02 7.815536575546219351e+22
3.491999999999999965e-02 7.072062355432520496e+22
3.673999999999999488e-02 6.391173107469097370e+22
3.864999999999999686e-02 5.771986325527729275e+22
4.066000000000000170e-02 5.206997560855989794e+22
4.277999999999999858e-02 4.690300223596295252e+22
4.500999999999999446e-02 4.220217523675169450e+22
4.734999999999999626e-02 3.793277561999656275e+22
4.982000000000000317e-02 3.405196299657002195e+22
5.240999999999999825e-02 3.053251620986357495e+22
5.513999999999999457e-02 2.734902242023011097e+22
5.800999999999999907e-02 2.448223735027224019e+22
6.102999999999999398e-02 2.188851978483693676e+22
6.421000000000000318e-02 1.954022140730751635e+22
6.755999999999999506e-02 1.741535678386288565e+22
7.106999999999999429e-02 1.551406843704267244e+22
7.477000000000000313e-02 1.380374503211743052e+22
7.867000000000000381e-02 1.226695051730204230e+22
8.276000000000000023e-02 1.089546737129595339e+22
8.707000000000000850e-02 9.669679389131778556e+21
9.160999999999999699e-02 8.572245442327896654e+21
9.637999999999999345e-02 7.597719646632435253e+21
1.014000000000000040e-01 6.721064393479784759e+21
1.067000000000000032e-01 5.942980761403708670e+21
1.122000000000000081e-01 5.258573724915641352e+21
1.180999999999999966e-01 4.640233622121897001e+21
1.242000000000000048e-01 4.103494411220326285e+21
1.307000000000000106e-01 3.620440890737277534e+21
1.375000000000000111e-01 3.193853139948862964e+21
1.446999999999999953e-01 2.816668194953753526e+21
1.522000000000000020e-01 2.488458944217722913e+21
1.600999999999999923e-01 2.198508552949412659e+21
1.683999999999999941e-01 1.945024301026495693e+21
1.771999999999999964e-01 1.720376735559047184e+21
1.864000000000000101e-01 1.522707870291309363e+21
1.960999999999999965e-01 1.349779644066832581e+21
2.064000000000000001e-01 1.197593311651559899e+21
2.170999999999999874e-01 1.064976630863665431e+21
2.283999999999999919e-01 9.490968995972424663e+20
2.403000000000000136e-01 8.473198949124256563e+20
2.528000000000000247e-01 7.582423989940522844e+20
2.660000000000000142e-01 6.801437778169618760e+20
2.798000000000000487e-01 6.107614458140784067e+20
2.943999999999999950e-01 5.501939235743669944e+20
3.096999999999999753e-01 4.973495734929067213e+20
3.259000000000000230e-01 4.493043035985718149e+20
3.427999999999999936e-01 4.075166617130944430e+20
3.606999999999999651e-01 3.700576714096942121e+20
3.795000000000000040e-01 3.361475203336679588e+20
3.991999999999999993e-01 3.057159069274923991e+20
4.200000000000000400e-01 2.785169126224165274e+20
4.419000000000000150e-01 2.539632144498044764e+20
4.649000000000000354e-01 2.314499378479808512e+20
4.891000000000000347e-01 2.108441067612405760e+20
5.144999999999999574e-01 1.921586724212775322e+20
5.413000000000000034e-01 1.748977476399304212e+20
5.695000000000000062e-01 1.590433699321426739e+20
5.992000000000000659e-01 1.444373691872792084e+20
6.304000000000000714e-01 1.310787766646234644e+20
6.632000000000000117e-01 1.186662755495256392e+20
6.976999999999999869e-01 1.073451428145615012e+20
7.340999999999999748e-01 9.683796226860554650e+19
7.722999999999999865e-01 8.740259736716748390e+19
8.125000000000000000e-01 7.847921154873571738e+19
8.548000000000000043e-01 7.045291738893165363e+19
8.992999999999999883e-01 6.317928073919542886e+19
9.460999999999999410e-01 5.643296575589407949e+19
9.954000000000000625e-01 5.048567590088100250e+19
1.046999999999999931e+00 4.486844248513289421e+19
1.101999999999999869e+00 3.990187035288951194e+19
1.159000000000000030e+00 3.538029965605859738e+19
1.219000000000000083e+00 3.127588895202421555e+19
1.283000000000000140e+00 2.760359362742571827e+19
1.350000000000000089e+00 2.418786549949345382e+19
1.419999999999999929e+00 2.124698802871332864e+19
1.493999999999999995e+00 1.853999984209942118e+19
1.572000000000000064e+00 1.608994847583596954e+19
1.654000000000000137e+00 1.395908583633547878e+19
1.739999999999999991e+00 1.196475596697264333e+19
1.830000000000000071e+00 1.036335167027799654e+19
1.925999999999999934e+00 8.849042274074745856e+18
2.025999999999999801e+00 7.658811900007072768e+18
2.131000000000000227e+00 6.560268980449192960e+18
2.241999999999999993e+00 5.662379170140576768e+18
2.358999999999999986e+00 4.855885765691597824e+18
2.481999999999999762e+00 4.177400954724614656e+18
2.611000000000000210e+00 3.584713071623266304e+18
2.746999999999999886e+00 3.072082447941545984e+18
2.890000000000000124e+00 2.636678530957200896e+18
3.040999999999999925e+00 2.252422251591310336e+18
3.198999999999999844e+00 1.929821649951476224e+18
3.366000000000000103e+00 1.643159105001320448e+18
3.540999999999999925e+00 1.406970371394928384e+18
3.725000000000000089e+00 1.197818567820871424e+18
3.918999999999999595e+00 1.023422673119702400e+18
4.123000000000000220e+00 8.704396705708793600e+17
4.338000000000000078e+00 7.419885355836430080e+17
4.564000000000000057e+00 6.322901554996936960e+17
4.801000000000000156e+00 5.384446068517224320e+17
5.051000000000000156e+00 4.589013698952416640e+17
5.314000000000000057e+00 3.899382798984422400e+17
5.590999999999999304e+00 3.320004721885730560e+17
5.881999999999999673e+00 2.818631091784084800e+17
6.187999999999999723e+00 2.397428724725229120e+17
6.511000000000000121e+00 2.032202424444833920e+17
6.850000000000000533e+00 1.725744546465548160e+17
7.205999999999999517e+00 1.462554696435176640e+17
7.581999999999999851e+00 1.239513605396766400e+17
7.976000000000000867e+00 1.050005840262505920e+17
8.391999999999999460e+00 8.882879088372468800e+16
8.829000000000000625e+00 7.510329521419785600e+16
9.288000000000000256e+00 6.341716529929261600e+16
9.772000000000000242e+00 5.355725156699180000e+16
1.027999999999999936e+01 4.505937861649763200e+16
1.082000000000000028e+01 3.797207187979255200e+16
1.137999999999999901e+01 3.183473582471800800e+16
1.196999999999999886e+01 2.673262928427070800e+16
1.259999999999999964e+01 2.219559584528639200e+16
1.325000000000000000e+01 1.847612863635870000e+16
1.393999999999999950e+01 1.522086349102299800e+16
1.466999999999999993e+01 1.246688374558006000e+16
1.542999999999999972e+01 1.011480494969615200e+16
1.623000000000000043e+01 8.129869776556394000e+15
1.708000000000000185e+01 6.429350115731757000e+15
1.796999999999999886e+01 5.027445739135138000e+15
1.889999999999999858e+01 3.876610699972329500e+15
1.989000000000000057e+01 2.931370513764138000e+15
2.092000000000000171e+01 2.194226664776825500e+15
2.200999999999999801e+01 1.605157196582005750e+15
2.316000000000000014e+01 1.176554370532841250e+15
2.437000000000000099e+01 8.371767779735988750e+14
2.562999999999999901e+01 6.082066566667421250e+14
2.697000000000000242e+01 4.257547261390223125e+14
2.837000000000000099e+01 3.031974534784683750e+14
2.985000000000000142e+01 2.097702433551900938e+14
3.139999999999999858e+01 1.456958537072926875e+14
3.303999999999999915e+01 9.810060619096120312e+13
3.475999999999999801e+01 6.454245831711127344e+13
3.657000000000000028e+01 4.073015323086755469e+13
3.846999999999999886e+01 2.489960348056048828e+13
4.048000000000000398e+01 1.483076775350304883e+13
4.259000000000000341e+01 8.335944601326808594e+12
4.479999999999999716e+01 4.818647067667701172e+12
4.714000000000000057e+01 2.528848463484601562e+12
4.959000000000000341e+01 1.435036270200706299e+12
5.217000000000000171e+01 7.111053631951591797e+11
5.489000000000000057e+01 3.932815343485186768e+11
5.775000000000000000e+01 1.760202019986882935e+11
6.075000000000000000e+01 8.930986137715321350e+10
6.392000000000000171e+01 3.816718576096949768e+10
6.723999999999999488e+01 1.723965709395192337e+10
7.075000000000000000e+01 7.192936631475736618e+09
7.442999999999999261e+01 2.815399823888640881e+09
7.829999999999999716e+01 1.123752026464551210e+09
8.237999999999999545e+01 3.562243790221406817e+08
8.667000000000000171e+01 1.405569955885390937e+08
9.117999999999999261e+01 3.682153331449898332e+07
9.593000000000000682e+01 1.411618992736428417e+07
1.009000000000000057e+02 2.707275048900377005e+06
1.062000000000000028e+02 1.039765986424376140e+06
1.116999999999999886e+02 1.642777232630599174e+05
1.175000000000000000e+02 6.473934568099281751e+04
1.236000000000000085e+02 7.983448785801255326e+03
1.300999999999999943e+02 2.591857989939092931e+03
1.369000000000000057e+02 4.795134770525680779e+02
1.440000000000000000e+02 8.332655957328630336e+01
1.515000000000000000e+02 1.819272782623698248e+01
1.593999999999999773e+02 1.490769307258454912e+00
1.676999999999999886e+02 3.800277345257576100e-01
1.764000000000000057e+02 1.910825921785154827e-02
1.855999999999999943e+02 5.348557801098441367e-03
1.952000000000000171e+02 1.288780868105535052e-04
2.054000000000000057e+02 3.926846875626799777e-05
2.160999999999999943e+02 4.731569338597729330e-07
2.273999999999999773e+02 1.527145272961654996e-07
2.391999999999999886e+02 9.718439057433156139e-10
2.516999999999999886e+02 3.296250743127831135e-10
2.647999999999999545e+02 1.034796590718235881e-12
2.785000000000000000e+02 3.995305495503286645e-13
2.930000000000000000e+02 3.059306948564304554e-14
3.083000000000000114e+02 2.227041745011128635e-16
3.244000000000000341e+02 3.507643834886073066e-17
3.411999999999999886e+02 4.398715157871140272e-20
3.590000000000000000e+02 9.169396280581763789e-21
3.776999999999999886e+02 3.960155019769374917e-24
3.973999999999999773e+02 1.006707173804554104e-24
4.181000000000000227e+02 1.070746263408623663e-28
4.398000000000000114e+02 3.054802584922047525e-29
4.626999999999999886e+02 7.922459662643875970e-34
4.868000000000000114e+02 2.467517989182373199e-34
5.122000000000000455e+02 1.536038868602009803e-39
5.387999999999999545e+02 5.081728991432794796e-40
5.668999999999999773e+02 6.850307150812463628e-46
5.964000000000000909e+02 2.389680398659581359e-46
6.275000000000000000e+02 1.361772359560603599e-48
6.601000000000000227e+02 2.230821729373640288e-53
6.945000000000000000e+02 2.482515251878747811e-54
7.307000000000000455e+02 2.597425030553572048e-61
7.687000000000000455e+02 4.645162752991630096e-62
8.087999999999999545e+02 4.757826193029660051e-70
8.508999999999999773e+02 1.089490746057759436e-70
8.952000000000000455e+02 6.369945772670334918e-80
9.417999999999999545e+02 1.704481686051573263e-80
9.908000000000000682e+02 7.116328602970196598e-91
1.042000000000000000e+03 2.134758647326347428e-91
1.097000000000000000e+03 4.344315199967768175e-103
1.154000000000000000e+03 1.368957186905240788e-103
1.214000000000000000e+03 1.171748650321593955e-116
1.277000000000000000e+03 3.966722043520633465e-117
1.344000000000000000e+03 6.982573475744978302e-132
1.414000000000000000e+03 2.565639188283235309e-132
1.487000000000000000e+03 1.327840517792756908e-133
1.565000000000000000e+03 3.694858056725754395e-149
1.646000000000000000e+03 5.239367458636550740e-150
1.732000000000000000e+03 5.247745217434250804e-168
1.822000000000000000e+03 1.058935131589837156e-168
1.917000000000000000e+03 6.280420741130544208e-189
2.017000000000000000e+03 1.529597932970745308e-189
2.122000000000000000e+03 2.480383138655241463e-212
2.232000000000000000e+03 6.934506174917557385e-213
2.348000000000000000e+03 1.762290256743137949e-238
2.470000000000000000e+03 5.406070401697254818e-239
2.599000000000000000e+03 1.506852388624466300e-267
2.734000000000000000e+03 4.936395436304222756e-268
2.877000000000000000e+03 6.278086811305664848e-300
3.027000000000000000e+03 2.147270855147214925e-300
3.184000000000000000e+03 0.000000000000000000e+00
3.350000000000000000e+03 0.000000000000000000e+00
3.524000000000000000e+03 0.000000000000000000e+00
3.708000000000000000e+03 0.000000000000000000e+00
3.901000000000000000e+03 0.000000000000000000e+00
4.104000000000000000e+03 0.000000000000000000e+00
4.318000000000000000e+03 0.000000000000000000e+00
4.543000000000000000e+03 0.000000000000000000e+00
4.779000000000000000e+03 0.000000000000000000e+00
5.028000000000000000e+03 0.000000000000000000e+00
5.290000000000000000e+03 0.000000000000000000e+00
5.565000000000000000e+03 0.000000000000000000e+00
5.855000000000000000e+03 0.000000000000000000e+00
6.160000000000000000e+03 0.000000000000000000e+00
6.481000000000000000e+03 0.000000000000000000e+00
6.818000000000000000e+03 0.000000000000000000e+00
7.173000000000000000e+03 0.000000000000000000e+00
7.547000000000000000e+03 0.000000000000000000e+00
7.940000000000000000e+03 0.000000000000000000e+00
8.353000000000000000e+03 0.000000000000000000e+00
8.788000000000000000e+03 0.000000000000000000e+00
9.246000000000000000e+03 0.000000000000000000e+00
9.727000000000000000e+03 0.000000000000000000e+00
1.023000000000000000e+04 0.000000000000000000e+00
1.077000000000000000e+04 0.000000000000000000e+00
1.133000000000000000e+04 0.000000000000000000e+00
1.192000000000000000e+04 0.000000000000000000e+00
1.254000000000000000e+04 0.000000000000000000e+00
1.319000000000000000e+04 0.000000000000000000e+00
1.388000000000000000e+04 0.000000000000000000e+00
1.460000000000000000e+04 0.000000000000000000e+00
1.536000000000000000e+04 0.000000000000000000e+00
1.616000000000000000e+04 0.000000000000000000e+00
1.700000000000000000e+04 0.000000000000000000e+00
1.789000000000000000e+04 0.000000000000000000e+00
1.882000000000000000e+04 0.000000000000000000e+00
1.980000000000000000e+04 0.000000000000000000e+00
2.083000000000000000e+04 0.000000000000000000e+00
2.191000000000000000e+04 0.000000000000000000e+00
2.305000000000000000e+04 0.000000000000000000e+00
2.425000000000000000e+04 0.000000000000000000e+00
2.552000000000000000e+04 0.000000000000000000e+00
2.684000000000000000e+04 0.000000000000000000e+00
2.824000000000000000e+04 0.000000000000000000e+00
2.971000000000000000e+04 0.000000000000000000e+00
3.126000000000000000e+04 0.000000000000000000e+00
3.289000000000000000e+04 0.000000000000000000e+00
3.460000000000000000e+04 0.000000000000000000e+00
3.640000000000000000e+04 0.000000000000000000e+00
3.830000000000000000e+04 0.000000000000000000e+00
4.029000000000000000e+04 0.000000000000000000e+00
4.239000000000000000e+04 0.000000000000000000e+00
4.460000000000000000e+04 0.000000000000000000e+00
4.692000000000000000e+04 0.000000000000000000e+00
4.936000000000000000e+04 0.000000000000000000e+00
5.193000000000000000e+04 0.000000000000000000e+00
5.464000000000000000e+04 0.000000000000000000e+00
5.748000000000000000e+04 0.000000000000000000e+00
6.047000000000000000e+04 0.000000000000000000e+00
6.362000000000000000e+04 0.000000000000000000e+00
6.693000000000000000e+04 0.000000000000000000e+00
7.042000000000000000e+04 0.000000000000000000e+00
7.409000000000000000e+04 0.000000000000000000e+00
7.794000000000000000e+04 0.000000000000000000e+00
8.200000000000000000e+04 0.000000000000000000e+00
8.627000000000000000e+04 0.000000000000000000e+00
9.076000000000000000e+04 0.000000000000000000e+00
9.549000000000000000e+04 0.000000000000000000e+00
1.005000000000000000e+05 0.000000000000000000e+00
1.057000000000000000e+05 0.000000000000000000e+00
1.112000000000000000e+05 0.000000000000000000e+00
1.170000000000000000e+05 0.000000000000000000e+00
1.231000000000000000e+05 0.000000000000000000e+00
1.295000000000000000e+05 0.000000000000000000e+00
1.362000000000000000e+05 0.000000000000000000e+00
1.433000000000000000e+05 0.000000000000000000e+00
1.508000000000000000e+05 0.000000000000000000e+00
1.586000000000000000e+05 0.000000000000000000e+00
1.669000000000000000e+05 0.000000000000000000e+00
1.756000000000000000e+05 0.000000000000000000e+00
1.847000000000000000e+05 0.000000000000000000e+00
1.943000000000000000e+05 0.000000000000000000e+00
2.045000000000000000e+05 0.000000000000000000e+00
2.151000000000000000e+05 0.000000000000000000e+00
2.263000000000000000e+05 0.000000000000000000e+00
2.381000000000000000e+05 0.000000000000000000e+00
2.505000000000000000e+05 0.000000000000000000e+00
2.635000000000000000e+05 0.000000000000000000e+00
2.773000000000000000e+05 0.000000000000000000e+00
2.917000000000000000e+05 0.000000000000000000e+00
3.069000000000000000e+05 0.000000000000000000e+00
3.229000000000000000e+05 0.000000000000000000e+00
3.397000000000000000e+05 0.000000000000000000e+00
3.574000000000000000e+05 0.000000000000000000e+00
3.760000000000000000e+05 0.000000000000000000e+00
3.955000000000000000e+05 0.000000000000000000e+00
4.161000000000000000e+05 0.000000000000000000e+00
4.378000000000000000e+05 0.000000000000000000e+00
4.606000000000000000e+05 0.000000000000000000e+00
4.846000000000000000e+05 0.000000000000000000e+00
5.098000000000000000e+05 0.000000000000000000e+00
5.364000000000000000e+05 0.000000000000000000e+00
5.643000000000000000e+05 0.000000000000000000e+00
5.937000000000000000e+05 0.000000000000000000e+00
6.246000000000000000e+05 0.000000000000000000e+00
6.571000000000000000e+05 0.000000000000000000e+00
6.913000000000000000e+05 0.000000000000000000e+00
7.273000000000000000e+05 0.000000000000000000e+00
7.652000000000000000e+05 0.000000000000000000e+00
8.050000000000000000e+05 0.000000000000000000e+00
8.469000000000000000e+05 0.000000000000000000e+00
8.910000000000000000e+05 0.000000000000000000e+00
9.374000000000000000e+05 0.000000000000000000e+00
9.863000000000000000e+05 0.000000000000000000e+00
1.038000000000000000e+06 0.000000000000000000e+00
1.092000000000000000e+06 0.000000000000000000e+00
1.148000000000000000e+06 0.000000000000000000e+00
1.208000000000000000e+06 0.000000000000000000e+00
1.271000000000000000e+06 0.000000000000000000e+00
1.337000000000000000e+06 0.000000000000000000e+00
1.407000000000000000e+06 0.000000000000000000e+00
1.480000000000000000e+06 0.000000000000000000e+00
1.557000000000000000e+06 0.000000000000000000e+00
1.638000000000000000e+06 0.000000000000000000e+00
1.724000000000000000e+06 0.000000000000000000e+00
1.814000000000000000e+06 0.000000000000000000e+00
1.908000000000000000e+06 0.000000000000000000e+00
2.007000000000000000e+06 0.000000000000000000e+00
2.112000000000000000e+06 0.000000000000000000e+00
2.222000000000000000e+06 0.000000000000000000e+00
2.337000000000000000e+06 0.000000000000000000e+00
2.459000000000000000e+06 0.000000000000000000e+00
2.587000000000000000e+06 0.000000000000000000e+00
2.722000000000000000e+06 0.000000000000000000e+00
2.864000000000000000e+06 0.000000000000000000e+00
3.013000000000000000e+06 0.000000000000000000e+00
3.170000000000000000e+06 0.000000000000000000e+00
3.335000000000000000e+06 0.000000000000000000e+00
3.508000000000000000e+06 0.000000000000000000e+00
3.691000000000000000e+06 0.000000000000000000e+00
3.883000000000000000e+06 0.000000000000000000e+00
4.085000000000000000e+06 0.000000000000000000e+00
4.298000000000000000e+06 0.000000000000000000e+00
4.522000000000000000e+06 0.000000000000000000e+00
4.757000000000000000e+06 0.000000000000000000e+00
5.005000000000000000e+06 0.000000000000000000e+00
5.266000000000000000e+06 0.000000000000000000e+00
5.540000000000000000e+06 0.000000000000000000e+00
5.828000000000000000e+06 0.000000000000000000e+00
6.132000000000000000e+06 0.000000000000000000e+00
6.451000000000000000e+06 0.000000000000000000e+00
6.787000000000000000e+06 0.000000000000000000e+00
7.140000000000000000e+06 0.000000000000000000e+00
7.512000000000000000e+06 0.000000000000000000e+00
7.903000000000000000e+06 0.000000000000000000e+00
8.315000000000000000e+06 0.000000000000000000e+00
8.748000000000000000e+06 0.000000000000000000e+00
9.203000000000000000e+06 0.000000000000000000e+00
9.682000000000000000e+06 0.000000000000000000e+00
1.019000000000000000e+07 0.000000000000000000e+00
1.072000000000000000e+07 0.000000000000000000e+00
1.127000000000000000e+07 0.000000000000000000e+00
1.186000000000000000e+07 0.000000000000000000e+00
1.248000000000000000e+07 0.000000000000000000e+00
1.313000000000000000e+07 0.000000000000000000e+00
1.381000000000000000e+07 0.000000000000000000e+00
1.453000000000000000e+07 0.000000000000000000e+00
1.529000000000000000e+07 0.000000000000000000e+00
1.608000000000000000e+07 0.000000000000000000e+00
1.692000000000000000e+07 0.000000000000000000e+00
1.780000000000000000e+07 0.000000000000000000e+00
1.873000000000000000e+07 0.000000000000000000e+00
1.971000000000000000e+07 0.000000000000000000e+00
2.073000000000000000e+07 0.000000000000000000e+00
2.181000000000000000e+07 0.000000000000000000e+00
2.295000000000000000e+07 0.000000000000000000e+00
2.414000000000000000e+07 0.000000000000000000e+00
2.540000000000000000e+07 0.000000000000000000e+00
2.672000000000000000e+07 0.000000000000000000e+00
2.811000000000000000e+07 0.000000000000000000e+00
2.958000000000000000e+07 0.000000000000000000e+00
3.112000000000000000e+07 0.000000000000000000e+00
3.274000000000000000e+07 0.000000000000000000e+00
3.444000000000000000e+07 0.000000000000000000e+00
3.623000000000000000e+07 0.000000000000000000e+00
3.812000000000000000e+07 0.000000000000000000e+00
4.011000000000000000e+07 0.000000000000000000e+00
4.219000000000000000e+07 0.000000000000000000e+00
4.439000000000000000e+07 0.000000000000000000e+00
4.670000000000000000e+07 0.000000000000000000e+00
4.913000000000000000e+07 0.000000000000000000e+00
5.169000000000000000e+07 0.000000000000000000e+00
5.438000000000000000e+07 0.000000000000000000e+00
5.722000000000000000e+07 0.000000000000000000e+00
6.019000000000000000e+07 0.000000000000000000e+00
6.333000000000000000e+07 0.000000000000000000e+00
6.663000000000000000e+07 0.000000000000000000e+00
7.010000000000000000e+07 0.000000000000000000e+00
7.375000000000000000e+07 0.000000000000000000e+00
7.759000000000000000e+07 0.000000000000000000e+00
8.163000000000000000e+07 0.000000000000000000e+00
8.588000000000000000e+07 0.000000000000000000e+00
9.035000000000000000e+07 0.000000000000000000e+00
9.505000000000000000e+07 0.000000000000000000e+00
1.000000000000000000e+08 0.000000000000000000e+00
