4.999999999999999237e-03 3.292405791174556384e+01
9.999999999999998473e-03 6.946138803116745031e+00
1.499999999999999771e-02 1.932509896983283015e+00
1.999999999999999695e-02 6.302762058327742167e-01
2.499999999999999445e-02 2.190894678146988739e-01
2.999999999999999195e-02 7.810296629054448714e-02
3.499999999999999639e-02 2.848416582650756257e-02
3.999999999999999389e-02 1.066063279619984192e-02
4.499999999999999140e-02 4.091736823164143950e-03
4.999999999999998890e-02 1.593158790543003356e-03
5.499999999999998640e-02 6.209585656564674261e-04
5.999999999999999084e-02 2.391828666225804753e-04
6.499999999999998834e-02 8.782918844181053855e-05
6.999999999999999278e-02 3.037472137869794768e-05
7.499999999999999722e-02 9.337345483821009000e-06
7.999999999999998779e-02 2.308864675996482072e-06
8.499999999999999223e-02 3.475755324323293598e-07
8.999999999999999667e-02 1.647879513748780953e-08
