1.774127155601597394e+01 9.053540010365577473e+01
1.874127155601597394e+01 9.186114530171332149e+01
1.974127155601597394e+01 9.102145178446481566e+01
2.074127155601597394e+01 8.834644727599416569e+01
2.174127155601597394e+01 8.440879904713369797e+01
2.274127155601597394e+01 7.919265546349532769e+01
2.374127155601597394e+01 7.331360474081469647e+01
2.474127155601597394e+01 6.700170548600414122e+01
2.574127155601597394e+01 6.054951320228579448e+01
2.674127155601597394e+01 5.429331704651633572e+01
2.774127155601597394e+01 4.836001066443797924e+01
2.874127155601597394e+01 4.285628066658343016e+01
2.974127155601597394e+01 3.785433459227435549e+01
3.074127155601597394e+01 3.339866837196041160e+01
3.174127155601597394e+01 2.942028815232958650e+01
3.274127155601597394e+01 2.592107200286707069e+01
3.374127155601597394e+01 2.285870988526312075e+01
3.474127155601597394e+01 2.016124105506257536e+01
3.574127155601597394e+01 1.782161592810545514e+01
3.674127155601597394e+01 1.573994818015410857e+01
3.774127155601597394e+01 1.392014715709600026e+01
3.874127155601597394e+01 1.232817743550250533e+01
3.974127155601597394e+01 1.085584488851755580e+01
4.074127155601597394e+01 9.577745311928651972e+00
4.174127155601597394e+01 8.458548383399669746e+00
4.274127155601597394e+01 7.404600815050795148e+00
4.374127155601597394e+01 6.487123392380402365e+00
4.474127155601597394e+01 5.652886058261985980e+00
4.574127155601597394e+01 4.905706643097492048e+00
4.674127155601597394e+01 4.239268213649443950e+00
4.774127155601597394e+01 3.646561898650807265e+00
4.874127155601597394e+01 3.127222773111970611e+00
4.974127155601597394e+01 2.672577793537095125e+00
5.074127155601597394e+01 2.277000066820261015e+00
5.174127155601597394e+01 1.935241103859006051e+00
5.274127155601597394e+01 1.641251996823064774e+00
5.374127155601597394e+01 1.390011114447192719e+00
5.474127155601597394e+01 1.175434600485940395e+00
5.574127155601597394e+01 9.928439478744369717e-01
5.674127155601597394e+01 8.387377308361898542e-01
5.774127155601597394e+01 7.076140615009377521e-01
5.874127155601597394e+01 5.976656477835026182e-01
5.974127155601597394e+01 5.042805475780476332e-01
6.074127155601597394e+01 4.258268636168264232e-01
6.174127155601597394e+01 3.601957600311924690e-01
6.274127155601597394e+01 3.038213685294219868e-01
6.374127155601597394e+01 2.567481166352473809e-01
6.474127155601597394e+01 2.173027313238513614e-01
6.574127155601597394e+01 1.831732374662841112e-01
6.674127155601597394e+01 1.546241535679404866e-01
6.774127155601597394e+01 1.307195186524975350e-01
6.874127155601597394e+01 1.099596878168426356e-01
6.974127155601597394e+01 9.258663928190925818e-02
7.074127155601597394e+01 7.808109453091024998e-02
7.174127155601597394e+01 6.550225518866711893e-02
7.274127155601597394e+01 5.498252414285714762e-02
7.374127155601597394e+01 4.623116064082147952e-02
7.474127155601597394e+01 3.867919060073428394e-02
7.574127155601597394e+01 3.237098339763713056e-02
7.674127155601597394e+01 2.714217586536023588e-02
7.774127155601597394e+01 2.266691382208551805e-02
7.874127155601597394e+01 1.893418971170352655e-02
7.974127155601597394e+01 1.584661599989066819e-02
8.074127155601597394e+01 1.321294894206651374e-02
8.174127155601597394e+01 1.101669204318875619e-02
8.274127155601597394e+01 9.203905206794231117e-03
8.374127155601597394e+01 7.669786134971073865e-03
8.474127155601597394e+01 6.391943220304366520e-03
