1.473707518796992133e+01 5.861595160689786326e+02
1.573707518796992133e+01 6.372214226884462960e+02
1.673707518796992133e+01 6.746916482598138600e+02
1.773707518796992133e+01 7.026795242651738818e+02
1.873707518796992133e+01 7.131194646138549160e+02
1.973707518796992133e+01 7.077837870181955395e+02
2.073707518796992133e+01 6.890717707187396854e+02
2.173707518796992133e+01 6.583069828138677622e+02
2.273707518796992133e+01 6.178953883241681524e+02
2.373707518796992133e+01 5.715315207116207148e+02
2.473707518796992133e+01 5.215053770450998627e+02
2.573707518796992133e+01 4.706997930020127114e+02
2.673707518796992133e+01 4.209062495588505612e+02
2.773707518796992133e+01 3.729123843442147859e+02
2.873707518796992133e+01 3.297781372775742170e+02
2.973707518796992133e+01 2.905614013420926085e+02
3.073707518796992133e+01 2.554115869603153612e+02
3.173707518796992133e+01 2.242260143731372750e+02
3.273707518796992133e+01 1.970956672632594291e+02
3.373707518796992133e+01 1.734060065778992055e+02
3.473707518796992133e+01 1.528475122803239401e+02
3.573707518796992133e+01 1.349513627804522287e+02
3.673707518796992133e+01 1.193131949531101412e+02
3.773707518796992133e+01 1.055729691911983110e+02
3.873707518796992133e+01 9.340363565940126023e+01
3.973707518796992133e+01 8.254021287465833723e+01
4.073707518796992133e+01 7.282233793408757094e+01
4.173707518796992133e+01 6.402507535625748858e+01
4.273707518796992133e+01 5.610856126475596994e+01
4.373707518796992133e+01 4.894282010524118220e+01
4.473707518796992133e+01 4.248360334270715555e+01
4.573707518796992133e+01 3.669278677805452560e+01
4.673707518796992133e+01 3.153767090461515110e+01
4.773707518796992133e+01 2.697421241226933120e+01
4.873707518796992133e+01 2.297032121975044561e+01
4.973707518796992133e+01 1.948655115350748446e+01
5.073707518796992133e+01 1.647796311964516391e+01
5.173707518796992133e+01 1.389693720365151997e+01
5.273707518796992133e+01 1.169702745940863586e+01
5.373707518796992133e+01 9.833482399228211435e+00
5.473707518796992133e+01 8.259220525976930460e+00
5.573707518796992133e+01 6.938507883664328801e+00
5.673707518796992133e+01 5.827582567715799300e+00
5.773707518796992133e+01 4.895551595188968541e+00
5.873707518796992133e+01 4.113833746740305664e+00
5.973707518796992133e+01 3.458351507109834078e+00
6.073707518796992133e+01 2.906969632860285202e+00
6.173707518796992133e+01 2.441989300693858667e+00
6.273707518796992133e+01 2.050370282652150600e+00
6.373707518796992133e+01 1.719282841996795153e+00
6.473707518796992133e+01 1.440526882745059023e+00
6.573707518796992133e+01 1.205425418994419129e+00
6.673707518796992133e+01 1.007562399627213168e+00
6.773707518796992133e+01 8.410175861653256257e-01
6.873707518796992133e+01 7.005217378178917320e-01
6.973707518796992133e+01 5.827477964405876065e-01
7.073707518796992133e+01 4.839410964260109083e-01
7.173707518796992133e+01 4.011233381295896683e-01
7.273707518796992133e+01 3.320525274574894770e-01
7.373707518796992133e+01 2.747080116765392432e-01
7.473707518796992133e+01 2.271360786518400177e-01
7.573707518796992133e+01 1.878712222325399916e-01
7.673707518796992133e+01 1.553757591675787586e-01
7.773707518796992133e+01 1.286280912600576698e-01
7.873707518796992133e+01 1.064454624070941824e-01
7.973707518796992133e+01 8.815029512532054912e-02
8.073707518796992133e+01 7.301868921606929907e-02
8.173707518796992133e+01 6.042598021066084707e-02
8.273707518796992133e+01 5.000012643647849114e-02
8.373707518796992133e+01 4.138428806313051989e-02
8.473707518796992133e+01 3.420311790109486355e-02
8.573707518796992133e+01 2.822810940283644598e-02
8.673707518796992133e+01 2.326307175751205283e-02
