1.221799999999999287e+01 7.110273178407192063e+01
1.621799999999999287e+01 1.017393975510701125e+02
2.021799999999999287e+01 9.896144064614180991e+01
2.421799999999999287e+01 7.064003824184599978e+01
2.821799999999999287e+01 4.266123858548951375e+01
3.221799999999998931e+01 2.487538521289600979e+01
3.621799999999998931e+01 1.517233896699027795e+01
4.021799999999998931e+01 9.164723563860581734e+00
4.421799999999998931e+01 5.106941761231681198e+00
4.821799999999998931e+01 2.594356165474469123e+00
5.221799999999998931e+01 1.268992151180374561e+00
5.621799999999998931e+01 6.029126453451553180e-01
6.021799999999998931e+01 2.826240956053674425e-01
6.421799999999998931e+01 1.334716301154834361e-01
6.821799999999998931e+01 6.199692177657030456e-02
7.221799999999998931e+01 2.949082581576423917e-02
7.621799999999998931e+01 1.389618718168504109e-02
8.021799999999998931e+01 6.700403810361315118e-03
8.421799999999998931e+01 2.935443241800607134e-03
8.821799999999998931e+01 1.247463326627601789e-03
9.221799999999998931e+01 5.446303655435127174e-04
9.621799999999998931e+01 2.381019009026567586e-04
1.002179999999999893e+02 1.074007489648086785e-04
