4.999999999999999237e-03 1.577463548493361998e+02
9.999999999999998473e-03 9.219062526402153424e+01
1.499999999999999771e-02 5.540448148184797361e+01
1.999999999999999695e-02 3.406332778991654919e+01
2.499999999999999445e-02 2.147924893689019399e+01
2.999999999999999195e-02 1.392562296778476316e+01
3.499999999999999639e-02 9.288542019307531206e+00
3.999999999999999389e-02 6.366321568534401898e+00
4.499999999999999140e-02 4.472221537014062775e+00
4.999999999999998890e-02 3.209078595411305912e+00
5.499999999999998640e-02 2.343754675922822273e+00
5.999999999999999084e-02 1.736203512305088736e+00
6.499999999999998834e-02 1.300510793026087075e+00
6.999999999999999278e-02 9.826071514960813547e-01
7.499999999999999722e-02 7.474472228197889256e-01
7.999999999999998779e-02 5.715487196201318731e-01
8.499999999999999223e-02 4.389110165956818244e-01
8.999999999999999667e-02 3.383187710973517559e-01
