1.000000000000000021e-03 3.128810911501875012e+02
1.051999999999999984e-03 3.073925079093337445e+02
1.106999999999999911e-03 3.022490255111100055e+02
1.163999999999999887e-03 2.961661819045729658e+02
1.224999999999999960e-03 2.909369175180644334e+02
1.288999999999999998e-03 2.841117124694757194e+02
1.356000000000000000e-03 2.790648705382974413e+02
1.427000000000000100e-03 2.719418900097767278e+02
1.500999999999999947e-03 2.666578920624043576e+02
1.579000000000000108e-03 2.601491419385679364e+02
1.661000000000000150e-03 2.545677169229930428e+02
1.747999999999999988e-03 2.485735060551377842e+02
1.839000000000000140e-03 2.430274512339760236e+02
1.935000000000000088e-03 2.377551161752652433e+02
2.034999999999999917e-03 2.323766630113787528e+02
2.141000000000000108e-03 2.278686676620610001e+02
2.252999999999999794e-03 2.228318168525244687e+02
2.370000000000000145e-03 2.189173270023447913e+02
2.492999999999999990e-03 2.146115610438055796e+02
2.623000000000000331e-03 2.114620983346832759e+02
2.759999999999999867e-03 2.077767129212736279e+02
2.903999999999999897e-03 2.054343327995329389e+02
3.054999999999999990e-03 2.025416776606997757e+02
3.213999999999999843e-03 2.008627951115107066e+02
3.380999999999999891e-03 1.990032034005510866e+02
3.556999999999999832e-03 1.977701585009008909e+02
3.742000000000000100e-03 1.967842995941054198e+02
3.936999999999999528e-03 1.961262675180649353e+02
4.142000000000000716e-03 1.960162874506415278e+02
4.357999999999999895e-03 1.959137505239597488e+02
4.585000000000000533e-03 1.965495278857703738e+02
4.824000000000000163e-03 1.970524096451718776e+02
5.074999999999999650e-03 1.980805001977739153e+02
5.338999999999999996e-03 1.992221647514845699e+02
5.616999999999999597e-03 2.005616816413626111e+02
5.908999999999999322e-03 2.020982780196909800e+02
6.217000000000000304e-03 2.038528388013571089e+02
6.540999999999999939e-03 2.057548228791712290e+02
6.880999999999999964e-03 2.077265807144699181e+02
7.239999999999999908e-03 2.099339897794879164e+02
7.617000000000000506e-03 2.120908990349966246e+02
8.012999999999999290e-03 2.144291018637849220e+02
8.429999999999999993e-03 2.166049825285430188e+02
8.868999999999998413e-03 2.190371699610151097e+02
9.330999999999999017e-03 2.212318974447457265e+02
9.816999999999999338e-03 2.236367289803967537e+02
1.032999999999999891e-02 2.259300334241227119e+02
1.086999999999999945e-02 2.281180605502873391e+02
1.143000000000000092e-02 2.303996002036492712e+02
1.203000000000000076e-02 2.324493260710329707e+02
1.264999999999999979e-02 2.344670636556915326e+02
1.330999999999999892e-02 2.363090521443707814e+02
1.400999999999999988e-02 2.382106218358416356e+02
1.473000000000000004e-02 2.398292633820980484e+02
1.549999999999999989e-02 2.414595822740991764e+02
1.631000000000000158e-02 2.427994707968263128e+02
1.715999999999999817e-02 2.441996504211838612e+02
1.805000000000000007e-02 2.451804163572528807e+02
1.898999999999999994e-02 2.462612352182486006e+02
1.997999999999999776e-02 2.469807073425041608e+02
2.101999999999999702e-02 2.475681571068661242e+02
2.212000000000000077e-02 2.480389817381854698e+02
2.326999999999999902e-02 2.481584949642960112e+02
2.447999999999999829e-02 2.484090648568755455e+02
2.574999999999999858e-02 2.480876263369196977e+02
2.708999999999999950e-02 2.478643759304009393e+02
2.850000000000000103e-02 2.472541172284298909e+02
2.998999999999999930e-02 2.465223909545258607e+02
3.155000000000000165e-02 2.455747977318606559e+02
3.318999999999999728e-02 2.444374247442640353e+02
3.491999999999999965e-02 2.430949152026304318e+02
3.673999999999999488e-02 2.415632330620516370e+02
3.864999999999999686e-02 2.398015188462067613e+02
4.066000000000000170e-02 2.378987617998411963e+02
4.277999999999999858e-02 2.357750269174656808e+02
4.500999999999999446e-02 2.334041566988435648e+02
4.734999999999999626e-02 2.309936558337948895e+02
4.982000000000000317e-02 2.281855400018403657e+02
5.240999999999999825e-02 2.254853324486396673e+02
5.513999999999999457e-02 2.222978989901468765e+02
5.800999999999999907e-02 2.192647873977538495e+02
6.102999999999999398e-02 2.158138721896027334e+02
6.421000000000000318e-02 2.124146714458275653e+02
6.755999999999999506e-02 2.086946690057351930e+02
7.106999999999999429e-02 2.050150735902209362e+02
7.477000000000000313e-02 2.010353968836085414e+02
7.867000000000000381e-02 1.971105855890808414e+02
8.276000000000000023e-02 1.929459067638163674e+02
8.707000000000000850e-02 1.887742914428403367e+02
9.160999999999999699e-02 1.844643027329304914e+02
9.637999999999999345e-02 1.800597359655746459e+02
1.014000000000000040e-01 1.756979290687177979e+02
1.067000000000000032e-01 1.710801348467233822e+02
1.122000000000000081e-01 1.666874260849668019e+02
1.180999999999999966e-01 1.619252461195650028e+02
1.242000000000000048e-01 1.574659091484367366e+02
1.307000000000000106e-01 1.527051570550389101e+02
1.375000000000000111e-01 1.481590178863377218e+02
1.446999999999999953e-01 1.434177009013332054e+02
1.522000000000000020e-01 1.388763371359572432e+02
1.600999999999999923e-01 1.342367122201757468e+02
1.683999999999999941e-01 1.296941024698412548e+02
1.771999999999999964e-01 1.251222121176792825e+02
1.864000000000000101e-01 1.205993391619265083e+02
1.960999999999999965e-01 1.162051162494317964e+02
2.064000000000000001e-01 1.117211900175648793e+02
2.170999999999999874e-01 1.075076581262103730e+02
2.283999999999999919e-01 1.032030452651863754e+02
2.403000000000000136e-01 9.914826639237156769e+01
2.528000000000000247e-01 9.502820265497551588e+01
2.660000000000000142e-01 9.111875216382865972e+01
2.798000000000000487e-01 8.721911733501612218e+01
2.943999999999999950e-01 8.349145542502773765e+01
3.096999999999999753e-01 7.984833424951345648e+01
3.259000000000000230e-01 7.631524592097682103e+01
3.427999999999999936e-01 7.296678578018718042e+01
3.606999999999999651e-01 6.967368821377235122e+01
3.795000000000000040e-01 6.657608469833655818e+01
3.991999999999999993e-01 6.353519481964755755e+01
4.200000000000000400e-01 6.068868286309961491e+01
4.419000000000000150e-01 5.788246971221572323e+01
4.649000000000000354e-01 5.527839322996668159e+01
4.891000000000000347e-01 5.276346410492438110e+01
5.144999999999999574e-01 5.042134859819066151e+01
5.413000000000000034e-01 4.820916592287095170e+01
5.695000000000000062e-01 4.611180419088690030e+01
5.992000000000000659e-01 4.417464503238660001e+01
6.304000000000000714e-01 4.230717890271937165e+01
6.632000000000000117e-01 4.062598699032027127e+01
6.976999999999999869e-01 3.897741023257088955e+01
7.340999999999999748e-01 3.752550359970512517e+01
7.722999999999999865e-01 3.613159049585945581e+01
8.125000000000000000e-01 3.491603936142678322e+01
8.548000000000000043e-01 3.379330749209881901e+01
8.992999999999999883e-01 3.278917233851169044e+01
9.460999999999999410e-01 3.190458534301301796e+01
9.954000000000000625e-01 3.106428721505933765e+01
1.046999999999999931e+00 3.036899396364510650e+01
1.101999999999999869e+00 2.968029251827255166e+01
1.159000000000000030e+00 2.914949398270737291e+01
1.219000000000000083e+00 2.865303587424265075e+01
1.283000000000000140e+00 2.828643924963346379e+01
1.350000000000000089e+00 2.799103236538773487e+01
1.419999999999999929e+00 2.777779087031460392e+01
1.493999999999999995e+00 2.763986319912988421e+01
1.572000000000000064e+00 2.751118281234695928e+01
1.654000000000000137e+00 2.747322659822371804e+01
1.739999999999999991e+00 2.742293653483271498e+01
1.830000000000000071e+00 2.745373795536442429e+01
1.925999999999999934e+00 2.751424395192175609e+01
2.025999999999999801e+00 2.764179343987504467e+01
2.131000000000000227e+00 2.783817002065355695e+01
2.241999999999999993e+00 2.804747595226827883e+01
2.358999999999999986e+00 2.832325753895269571e+01
2.481999999999999762e+00 2.854587173582722670e+01
2.611000000000000210e+00 2.882530570993384345e+01
2.746999999999999886e+00 2.905335789707665839e+01
2.890000000000000124e+00 2.930371898171313205e+01
3.040999999999999925e+00 2.957499787991336859e+01
3.198999999999999844e+00 2.984363095015280720e+01
3.366000000000000103e+00 3.018813175391710146e+01
3.540999999999999925e+00 3.047661105097743217e+01
3.725000000000000089e+00 3.081554630494714786e+01
3.918999999999999595e+00 3.105483838213034176e+01
4.123000000000000220e+00 3.129321653985495644e+01
4.338000000000000078e+00 3.147865666604973001e+01
4.564000000000000057e+00 3.159319387889012987e+01
4.801000000000000156e+00 3.177553050897085640e+01
5.051000000000000156e+00 3.187736118450268918e+01
5.314000000000000057e+00 3.211437688441596805e+01
5.590999999999999304e+00 3.226208511575969595e+01
5.881999999999999673e+00 3.245376574181403839e+01
6.187999999999999723e+00 3.255645409039950522e+01
6.511000000000000121e+00 3.253151406779137034e+01
6.850000000000000533e+00 3.246741820041152948e+01
7.205999999999999517e+00 3.212634716224506093e+01
7.581999999999999851e+00 3.176921844210576396e+01
7.976000000000000867e+00 3.120319201964074907e+01
8.391999999999999460e+00 3.057613850959625879e+01
8.829000000000000625e+00 2.989646476495460803e+01
9.288000000000000256e+00 2.906804058885766295e+01
9.772000000000000242e+00 2.827664781302692987e+01
1.027999999999999936e+01 2.731788335085191122e+01
1.082000000000000028e+01 2.636491221498372539e+01
1.137999999999999901e+01 2.529907776419126719e+01
1.196999999999999886e+01 2.411584026092700483e+01
1.259999999999999964e+01 2.284329246578750983e+01
1.325000000000000000e+01 2.143456236912184920e+01
1.393999999999999950e+01 1.994045942204668620e+01
1.466999999999999993e+01 1.835605783125232193e+01
1.542999999999999972e+01 1.667448775260526617e+01
1.623000000000000043e+01 1.497850607980741700e+01
1.708000000000000185e+01 1.321866577529370090e+01
1.796999999999999886e+01 1.147228934503853282e+01
1.889999999999999858e+01 9.815185384726163420e+00
1.989000000000000057e+01 8.164715480224018052e+00
2.092000000000000171e+01 6.726492579189333298e+00
2.200999999999999801e+01 5.373432704377776759e+00
2.316000000000000014e+01 4.218229251666386403e+00
2.437000000000000099e+01 3.264988186980442464e+00
2.562999999999999901e+01 2.438775948166377106e+00
2.697000000000000242e+01 1.855731353277921158e+00
2.837000000000000099e+01 1.324889127547915990e+00
2.985000000000000142e+01 9.990035456761585664e-01
3.139999999999999858e+01 6.994745307860359418e-01
3.303999999999999915e+01 5.189940277400939550e-01
3.475999999999999801e+01 3.616598523836085377e-01
3.657000000000000028e+01 2.601230899574122901e-01
3.846999999999999886e+01 1.774566776655408518e-01
4.048000000000000398e+01 1.203318029647637566e-01
4.259000000000000341e+01 7.795993989570937366e-02
4.479999999999999716e+01 4.836338927610506211e-02
4.714000000000000057e+01 2.987320203122101336e-02
4.959000000000000341e+01 1.653521663338869407e-02
5.217000000000000171e+01 1.014326096303258540e-02
5.489000000000000057e+01 5.108696300613474461e-03
5.775000000000000000e+01 3.161667600706852266e-03
6.075000000000000000e+01 1.460581692681130195e-03
6.392000000000000171e+01 8.912324008919746132e-04
6.723999999999999488e+01 3.555501404832964868e-04
7.075000000000000000e+01 2.093341010087935994e-04
7.442999999999999261e+01 7.606415083712039088e-05
7.829999999999999716e+01 4.047932505857397383e-05
8.237999999999999545e+01 1.561600919583135995e-05
8.667000000000000171e+01 6.760582366374602754e-06
9.117999999999999261e+01 2.650208216319142321e-06
9.593000000000000682e+01 8.734361473283124228e-07
1.009000000000000057e+02 3.650981716120350277e-07
1.062000000000000028e+02 9.049015254399937357e-08
1.116999999999999886e+02 3.965001261343243549e-08
1.175000000000000000e+02 6.882845271717597828e-09
1.236000000000000085e+02 3.227021707442317692e-09
1.300999999999999943e+02 4.207226707269816132e-10
1.369000000000000057e+02 2.031679443918411788e-10
1.440000000000000000e+02 1.575147113670477932e-11
1.515000000000000000e+02 8.141803706969476104e-12
1.593999999999999773e+02 5.136991875087936991e-13
1.676999999999999886e+02 2.506447215078313987e-13
1.764000000000000057e+02 2.961849283442674591e-14
1.855999999999999943e+02 4.137184824670618847e-15
1.952000000000000171e+02 8.771629503825719996e-16
2.054000000000000057e+02 5.659002968485834456e-17
2.160999999999999943e+02 1.561273078873308291e-17
2.273999999999999773e+02 2.973766393914103047e-19
2.391999999999999886e+02 1.015119203935755825e-19
2.516999999999999886e+02 1.395121891926667315e-21
2.647999999999999545e+02 5.501417417645774264e-22
2.785000000000000000e+02 2.596894861816129597e-24
2.930000000000000000e+02 1.145680017375532193e-24
3.083000000000000114e+02 3.264757432741487716e-27
3.244000000000000341e+02 1.254218099708455978e-27
3.411999999999999886e+02 1.296862130417488435e-30
3.590000000000000000e+02 6.578789968447017265e-31
3.776999999999999886e+02 9.101403940973949710e-33
3.973999999999999773e+02 1.174196735622003873e-34
4.181000000000000227e+02 1.545568698991793745e-35
4.398000000000000114e+02 9.740833941349002829e-39
4.626999999999999886e+02 2.172974358391410205e-39
4.868000000000000114e+02 2.491088318392753287e-43
5.122000000000000455e+02 7.404891819002113206e-44
5.387999999999999545e+02 1.721891162137453840e-48
5.668999999999999773e+02 6.179020981938332685e-49
5.964000000000000909e+02 3.088320214848249057e-54
6.275000000000000000e+02 1.269321720404733085e-54
6.601000000000000227e+02 1.257145814991408559e-60
6.945000000000000000e+02 5.728222859417913641e-61
7.307000000000000455e+02 8.967133948779125035e-68
7.687000000000000455e+02 4.436494798232598327e-68
8.087999999999999545e+02 9.134416549836891422e-76
8.508999999999999773e+02 4.513226834774089635e-76
8.952000000000000455e+02 2.766698172825091998e-77
9.417999999999999545e+02 7.373481703071145447e-85
9.908000000000000682e+02 1.274257129452746485e-85
1.042000000000000000e+03 1.440296026397031855e-87
1.097000000000000000e+03 2.165862642703483892e-95
1.154000000000000000e+03 8.124187374735551574e-106
1.214000000000000000e+03 2.617468329774443122e-106
1.277000000000000000e+03 1.377682389634434738e-108
1.344000000000000000e+03 1.631702260550669021e-118
1.414000000000000000e+03 9.861885120315574717e-132
1.487000000000000000e+03 4.337854593864117162e-132
1.565000000000000000e+03 0.000000000000000000e+00
1.646000000000000000e+03 2.251682630149728568e-147
1.732000000000000000e+03 0.000000000000000000e+00
1.822000000000000000e+03 2.405414046284881407e-164
1.917000000000000000e+03 0.000000000000000000e+00
2.017000000000000000e+03 2.818697120660120368e-183
2.122000000000000000e+03 2.948144017310649285e-184
2.232000000000000000e+03 0.000000000000000000e+00
2.348000000000000000e+03 4.950945516040899738e-205
2.470000000000000000e+03 3.300361054200790376e-208
2.599000000000000000e+03 2.037721932924964858e-228
2.734000000000000000e+03 4.393522684594699493e-231
2.877000000000000000e+03 1.349702804298404968e-254
3.027000000000000000e+03 0.000000000000000000e+00
3.184000000000000000e+03 9.164594764050438771e-284
3.350000000000000000e+03 0.000000000000000000e+00
3.524000000000000000e+03 2.962343107364721419e-316
3.708000000000000000e+03 0.000000000000000000e+00
3.901000000000000000e+03 0.000000000000000000e+00
4.104000000000000000e+03 0.000000000000000000e+00
4.318000000000000000e+03 0.000000000000000000e+00
4.543000000000000000e+03 0.000000000000000000e+00
4.779000000000000000e+03 0.000000000000000000e+00
5.028000000000000000e+03 0.000000000000000000e+00
5.290000000000000000e+03 0.000000000000000000e+00
5.565000000000000000e+03 0.000000000000000000e+00
5.855000000000000000e+03 0.000000000000000000e+00
6.160000000000000000e+03 0.000000000000000000e+00
6.481000000000000000e+03 0.000000000000000000e+00
6.818000000000000000e+03 0.000000000000000000e+00
7.173000000000000000e+03 0.000000000000000000e+00
7.547000000000000000e+03 0.000000000000000000e+00
7.940000000000000000e+03 0.000000000000000000e+00
8.353000000000000000e+03 0.000000000000000000e+00
8.788000000000000000e+03 0.000000000000000000e+00
9.246000000000000000e+03 0.000000000000000000e+00
9.727000000000000000e+03 0.000000000000000000e+00
1.023000000000000000e+04 0.000000000000000000e+00
1.077000000000000000e+04 0.000000000000000000e+00
1.133000000000000000e+04 0.000000000000000000e+00
1.192000000000000000e+04 0.000000000000000000e+00
1.254000000000000000e+04 0.000000000000000000e+00
1.319000000000000000e+04 0.000000000000000000e+00
1.388000000000000000e+04 0.000000000000000000e+00
1.460000000000000000e+04 0.000000000000000000e+00
1.536000000000000000e+04 0.000000000000000000e+00
1.616000000000000000e+04 0.000000000000000000e+00
1.700000000000000000e+04 0.000000000000000000e+00
1.789000000000000000e+04 0.000000000000000000e+00
1.882000000000000000e+04 0.000000000000000000e+00
1.980000000000000000e+04 0.000000000000000000e+00
2.083000000000000000e+04 0.000000000000000000e+00
2.191000000000000000e+04 0.000000000000000000e+00
2.305000000000000000e+04 0.000000000000000000e+00
2.425000000000000000e+04 0.000000000000000000e+00
2.552000000000000000e+04 0.000000000000000000e+00
2.684000000000000000e+04 0.000000000000000000e+00
2.824000000000000000e+04 0.000000000000000000e+00
2.971000000000000000e+04 0.000000000000000000e+00
3.126000000000000000e+04 0.000000000000000000e+00
3.289000000000000000e+04 0.000000000000000000e+00
3.460000000000000000e+04 0.000000000000000000e+00
3.640000000000000000e+04 0.000000000000000000e+00
3.830000000000000000e+04 0.000000000000000000e+00
4.029000000000000000e+04 0.000000000000000000e+00
4.239000000000000000e+04 0.000000000000000000e+00
4.460000000000000000e+04 0.000000000000000000e+00
4.692000000000000000e+04 0.000000000000000000e+00
4.936000000000000000e+04 0.000000000000000000e+00
5.193000000000000000e+04 0.000000000000000000e+00
5.464000000000000000e+04 0.000000000000000000e+00
5.748000000000000000e+04 0.000000000000000000e+00
6.047000000000000000e+04 0.000000000000000000e+00
6.362000000000000000e+04 0.000000000000000000e+00
6.693000000000000000e+04 0.000000000000000000e+00
7.042000000000000000e+04 0.000000000000000000e+00
7.409000000000000000e+04 0.000000000000000000e+00
7.794000000000000000e+04 0.000000000000000000e+00
8.200000000000000000e+04 0.000000000000000000e+00
8.627000000000000000e+04 0.000000000000000000e+00
9.076000000000000000e+04 0.000000000000000000e+00
9.549000000000000000e+04 0.000000000000000000e+00
1.005000000000000000e+05 0.000000000000000000e+00
1.057000000000000000e+05 0.000000000000000000e+00
1.112000000000000000e+05 0.000000000000000000e+00
1.170000000000000000e+05 0.000000000000000000e+00
1.231000000000000000e+05 0.000000000000000000e+00
1.295000000000000000e+05 0.000000000000000000e+00
1.362000000000000000e+05 0.000000000000000000e+00
1.433000000000000000e+05 0.000000000000000000e+00
1.508000000000000000e+05 0.000000000000000000e+00
1.586000000000000000e+05 0.000000000000000000e+00
1.669000000000000000e+05 0.000000000000000000e+00
1.756000000000000000e+05 0.000000000000000000e+00
1.847000000000000000e+05 0.000000000000000000e+00
1.943000000000000000e+05 0.000000000000000000e+00
2.045000000000000000e+05 0.000000000000000000e+00
2.151000000000000000e+05 0.000000000000000000e+00
2.263000000000000000e+05 0.000000000000000000e+00
2.381000000000000000e+05 0.000000000000000000e+00
2.505000000000000000e+05 0.000000000000000000e+00
2.635000000000000000e+05 0.000000000000000000e+00
2.773000000000000000e+05 0.000000000000000000e+00
2.917000000000000000e+05 0.000000000000000000e+00
3.069000000000000000e+05 0.000000000000000000e+00
3.229000000000000000e+05 0.000000000000000000e+00
3.397000000000000000e+05 0.000000000000000000e+00
3.574000000000000000e+05 0.000000000000000000e+00
3.760000000000000000e+05 0.000000000000000000e+00
3.955000000000000000e+05 0.000000000000000000e+00
4.161000000000000000e+05 0.000000000000000000e+00
4.378000000000000000e+05 0.000000000000000000e+00
4.606000000000000000e+05 0.000000000000000000e+00
4.846000000000000000e+05 0.000000000000000000e+00
5.098000000000000000e+05 0.000000000000000000e+00
5.364000000000000000e+05 0.000000000000000000e+00
5.643000000000000000e+05 0.000000000000000000e+00
5.937000000000000000e+05 0.000000000000000000e+00
6.246000000000000000e+05 0.000000000000000000e+00
6.571000000000000000e+05 0.000000000000000000e+00
6.913000000000000000e+05 0.000000000000000000e+00
7.273000000000000000e+05 0.000000000000000000e+00
7.652000000000000000e+05 0.000000000000000000e+00
8.050000000000000000e+05 0.000000000000000000e+00
8.469000000000000000e+05 0.000000000000000000e+00
8.910000000000000000e+05 0.000000000000000000e+00
9.374000000000000000e+05 0.000000000000000000e+00
9.863000000000000000e+05 0.000000000000000000e+00
1.038000000000000000e+06 0.000000000000000000e+00
1.092000000000000000e+06 0.000000000000000000e+00
1.148000000000000000e+06 0.000000000000000000e+00
1.208000000000000000e+06 0.000000000000000000e+00
1.271000000000000000e+06 0.000000000000000000e+00
1.337000000000000000e+06 0.000000000000000000e+00
1.407000000000000000e+06 0.000000000000000000e+00
1.480000000000000000e+06 0.000000000000000000e+00
1.557000000000000000e+06 0.000000000000000000e+00
1.638000000000000000e+06 0.000000000000000000e+00
1.724000000000000000e+06 0.000000000000000000e+00
1.814000000000000000e+06 0.000000000000000000e+00
1.908000000000000000e+06 0.000000000000000000e+00
2.007000000000000000e+06 0.000000000000000000e+00
2.112000000000000000e+06 0.000000000000000000e+00
2.222000000000000000e+06 0.000000000000000000e+00
2.337000000000000000e+06 0.000000000000000000e+00
2.459000000000000000e+06 0.000000000000000000e+00
2.587000000000000000e+06 0.000000000000000000e+00
2.722000000000000000e+06 0.000000000000000000e+00
2.864000000000000000e+06 0.000000000000000000e+00
3.013000000000000000e+06 0.000000000000000000e+00
3.170000000000000000e+06 0.000000000000000000e+00
3.335000000000000000e+06 0.000000000000000000e+00
3.508000000000000000e+06 0.000000000000000000e+00
3.691000000000000000e+06 0.000000000000000000e+00
3.883000000000000000e+06 0.000000000000000000e+00
4.085000000000000000e+06 0.000000000000000000e+00
4.298000000000000000e+06 0.000000000000000000e+00
4.522000000000000000e+06 0.000000000000000000e+00
4.757000000000000000e+06 0.000000000000000000e+00
5.005000000000000000e+06 0.000000000000000000e+00
5.266000000000000000e+06 0.000000000000000000e+00
5.540000000000000000e+06 0.000000000000000000e+00
5.828000000000000000e+06 0.000000000000000000e+00
6.132000000000000000e+06 0.000000000000000000e+00
6.451000000000000000e+06 0.000000000000000000e+00
6.787000000000000000e+06 0.000000000000000000e+00
7.140000000000000000e+06 0.000000000000000000e+00
7.512000000000000000e+06 0.000000000000000000e+00
7.903000000000000000e+06 0.000000000000000000e+00
8.315000000000000000e+06 0.000000000000000000e+00
8.748000000000000000e+06 0.000000000000000000e+00
9.203000000000000000e+06 0.000000000000000000e+00
9.682000000000000000e+06 0.000000000000000000e+00
1.019000000000000000e+07 0.000000000000000000e+00
1.072000000000000000e+07 0.000000000000000000e+00
1.127000000000000000e+07 0.000000000000000000e+00
1.186000000000000000e+07 0.000000000000000000e+00
1.248000000000000000e+07 0.000000000000000000e+00
1.313000000000000000e+07 0.000000000000000000e+00
1.381000000000000000e+07 0.000000000000000000e+00
1.453000000000000000e+07 0.000000000000000000e+00
1.529000000000000000e+07 0.000000000000000000e+00
1.608000000000000000e+07 0.000000000000000000e+00
1.692000000000000000e+07 0.000000000000000000e+00
1.780000000000000000e+07 0.000000000000000000e+00
1.873000000000000000e+07 0.000000000000000000e+00
1.971000000000000000e+07 0.000000000000000000e+00
2.073000000000000000e+07 0.000000000000000000e+00
2.181000000000000000e+07 0.000000000000000000e+00
2.295000000000000000e+07 0.000000000000000000e+00
2.414000000000000000e+07 0.000000000000000000e+00
2.540000000000000000e+07 0.000000000000000000e+00
2.672000000000000000e+07 0.000000000000000000e+00
2.811000000000000000e+07 0.000000000000000000e+00
2.958000000000000000e+07 0.000000000000000000e+00
3.112000000000000000e+07 0.000000000000000000e+00
3.274000000000000000e+07 0.000000000000000000e+00
3.444000000000000000e+07 0.000000000000000000e+00
3.623000000000000000e+07 0.000000000000000000e+00
3.812000000000000000e+07 0.000000000000000000e+00
4.011000000000000000e+07 0.000000000000000000e+00
4.219000000000000000e+07 0.000000000000000000e+00
4.439000000000000000e+07 0.000000000000000000e+00
4.670000000000000000e+07 0.000000000000000000e+00
4.913000000000000000e+07 0.000000000000000000e+00
5.169000000000000000e+07 0.000000000000000000e+00
5.438000000000000000e+07 0.000000000000000000e+00
5.722000000000000000e+07 0.000000000000000000e+00
6.019000000000000000e+07 0.000000000000000000e+00
6.333000000000000000e+07 0.000000000000000000e+00
6.663000000000000000e+07 0.000000000000000000e+00
7.010000000000000000e+07 0.000000000000000000e+00
7.375000000000000000e+07 0.000000000000000000e+00
7.759000000000000000e+07 0.000000000000000000e+00
8.163000000000000000e+07 0.000000000000000000e+00
8.588000000000000000e+07 0.000000000000000000e+00
9.035000000000000000e+07 0.000000000000000000e+00
9.505000000000000000e+07 0.000000000000000000e+00
1.000000000000000000e+08 0.000000000000000000e+00
