1.000000000000000021e-03 2.224552886379242977e+02
1.051999999999999984e-03 2.302933218647622482e+02
1.106999999999999911e-03 2.304123609720731451e+02
1.163999999999999887e-03 2.365705562428304916e+02
1.224999999999999960e-03 2.367128049974312205e+02
1.288999999999999998e-03 2.405004353699954152e+02
1.356000000000000000e-03 2.382447842475092727e+02
1.427000000000000100e-03 2.414788548705543576e+02
1.500999999999999947e-03 2.375562105064465470e+02
1.579000000000000108e-03 2.388659554457804290e+02
1.661000000000000150e-03 2.343160069886266683e+02
1.747999999999999988e-03 2.324301490201832507e+02
1.839000000000000140e-03 2.272766684766075400e+02
1.935000000000000088e-03 2.220825756436807978e+02
2.034999999999999917e-03 2.170952841571374847e+02
2.141000000000000108e-03 2.091529192630383136e+02
2.252999999999999794e-03 2.049492643055711483e+02
2.370000000000000145e-03 1.947791766896606305e+02
2.492999999999999990e-03 1.899241416892431289e+02
2.623000000000000331e-03 1.785458786983528512e+02
2.759999999999999867e-03 1.737537928356857435e+02
2.903999999999999897e-03 1.615945986490080770e+02
3.054999999999999990e-03 1.562454582552090585e+02
3.213999999999999843e-03 1.444818346252022820e+02
3.380999999999999891e-03 1.385796291607410069e+02
3.556999999999999832e-03 1.277089455599559500e+02
3.742000000000000100e-03 1.213327297612258633e+02
3.936999999999999528e-03 1.125491828689993810e+02
4.142000000000000716e-03 1.049845372489854896e+02
4.357999999999999895e-03 9.815873186396012784e+01
4.585000000000000533e-03 9.080239571560473166e+01
4.824000000000000163e-03 8.503352804624014993e+01
5.074999999999999650e-03 7.872460152993231475e+01
5.338999999999999996e-03 7.410549728790959989e+01
5.616999999999999597e-03 6.904233291184478105e+01
5.908999999999999322e-03 6.519924931347085817e+01
6.217000000000000304e-03 6.152545838897867014e+01
6.540999999999999939e-03 5.830621033548277410e+01
6.880999999999999964e-03 5.593927684869222361e+01
7.239999999999999908e-03 5.359799771621199937e+01
7.617000000000000506e-03 5.201189735498801525e+01
8.012999999999999290e-03 5.085705735227464430e+01
8.429999999999999993e-03 5.029532550942262503e+01
8.868999999999998413e-03 4.980979812906574011e+01
9.330999999999999017e-03 5.019912112579633146e+01
9.816999999999999338e-03 5.012698258962255693e+01
1.032999999999999891e-02 5.151734625074619345e+01
1.086999999999999945e-02 5.238352799932243897e+01
1.143000000000000092e-02 5.406356655333249961e+01
1.203000000000000076e-02 5.558439342362297708e+01
1.264999999999999979e-02 5.750312754553667816e+01
1.330999999999999892e-02 5.984983549545651016e+01
1.400999999999999988e-02 6.186617136413487827e+01
1.473000000000000004e-02 6.480350216107896699e+01
1.549999999999999989e-02 6.716087526668215446e+01
1.631000000000000158e-02 7.038766406429272138e+01
1.715999999999999817e-02 7.327082904883585002e+01
1.805000000000000007e-02 7.639285405587756372e+01
1.898999999999999994e-02 7.945769615371894190e+01
1.997999999999999776e-02 8.299920893284489409e+01
2.101999999999999702e-02 8.631568590742074321e+01
2.212000000000000077e-02 8.956155984262980496e+01
2.326999999999999902e-02 9.324010993954070159e+01
2.447999999999999829e-02 9.685202788049808476e+01
2.574999999999999858e-02 1.004472068668869298e+02
2.708999999999999950e-02 1.037758584040926451e+02
2.850000000000000103e-02 1.076052354025846540e+02
2.998999999999999930e-02 1.109764715262120518e+02
3.155000000000000165e-02 1.140368487081061062e+02
3.318999999999999728e-02 1.179768791946042938e+02
3.491999999999999965e-02 1.207822653766903613e+02
3.673999999999999488e-02 1.247146923156517175e+02
3.864999999999999686e-02 1.272034743427800123e+02
4.066000000000000170e-02 1.309609246462209455e+02
4.277999999999999858e-02 1.332634220293739133e+02
4.500999999999999446e-02 1.366523401366269468e+02
4.734999999999999626e-02 1.388169044977145745e+02
4.982000000000000317e-02 1.421317999327286543e+02
5.240999999999999825e-02 1.437147888364332289e+02
5.513999999999999457e-02 1.467559934620794877e+02
5.800999999999999907e-02 1.481557000034612486e+02
6.102999999999999398e-02 1.509748671771963302e+02
6.421000000000000318e-02 1.518971651803297220e+02
6.755999999999999506e-02 1.540090127930407675e+02
7.106999999999999429e-02 1.550155504989713222e+02
7.477000000000000313e-02 1.561784062009036234e+02
7.867000000000000381e-02 1.572726196913721708e+02
8.276000000000000023e-02 1.578594408783600898e+02
8.707000000000000850e-02 1.586312075480267083e+02
9.160999999999999699e-02 1.587256211267430217e+02
9.637999999999999345e-02 1.589728100458121389e+02
1.014000000000000040e-01 1.586519478177770850e+02
1.067000000000000032e-01 1.585942813471353645e+02
1.122000000000000081e-01 1.576577953382727344e+02
1.180999999999999966e-01 1.574221234052637612e+02
1.242000000000000048e-01 1.559241356204607598e+02
1.307000000000000106e-01 1.552647975417899602e+02
1.375000000000000111e-01 1.534251533095917353e+02
1.446999999999999953e-01 1.523299487086793533e+02
1.522000000000000020e-01 1.502203434918426126e+02
1.600999999999999923e-01 1.485438559090992214e+02
1.683999999999999941e-01 1.462944084182872189e+02
1.771999999999999964e-01 1.440869803682116981e+02
1.864000000000000101e-01 1.416787594305943969e+02
1.960999999999999965e-01 1.389825275145756791e+02
2.064000000000000001e-01 1.364647268673609233e+02
2.170999999999999874e-01 1.332626540720368382e+02
2.283999999999999919e-01 1.306412176200555848e+02
2.403000000000000136e-01 1.270112662130097192e+02
2.528000000000000247e-01 1.242838863442460848e+02
2.660000000000000142e-01 1.204615056092677179e+02
2.798000000000000487e-01 1.174897162680232867e+02
2.943999999999999950e-01 1.135895462038025983e+02
3.096999999999999753e-01 1.103163062904812506e+02
3.259000000000000230e-01 1.064881840831257591e+02
3.427999999999999936e-01 1.029825879094380667e+02
3.606999999999999651e-01 9.924458259251110803e+01
3.795000000000000040e-01 9.550959966238420407e+01
3.991999999999999993e-01 9.187605309415062038e+01
4.200000000000000400e-01 8.811968842313748951e+01
4.419000000000000150e-01 8.447090126122218123e+01
4.649000000000000354e-01 8.070606169405773755e+01
4.891000000000000347e-01 7.715408576450489875e+01
5.144999999999999574e-01 7.349843624796102404e+01
5.413000000000000034e-01 6.995190165280288852e+01
5.695000000000000062e-01 6.645823637760298652e+01
5.992000000000000659e-01 6.297711085959021915e+01
6.304000000000000714e-01 5.969915216951213210e+01
6.632000000000000117e-01 5.631842660899644670e+01
6.976999999999999869e-01 5.320429513256338794e+01
7.340999999999999748e-01 5.001107019658912378e+01
7.722999999999999865e-01 4.707920877189576458e+01
8.125000000000000000e-01 4.408893762029002517e+01
8.548000000000000043e-01 4.136242205499510760e+01
8.992999999999999883e-01 3.860457504146772578e+01
9.460999999999999410e-01 3.603664373799690424e+01
9.954000000000000625e-01 3.356555872895437176e+01
1.046999999999999931e+00 3.116206618493886893e+01
1.101999999999999869e+00 2.896532543682187821e+01
1.159000000000000030e+00 2.677025785768094224e+01
1.219000000000000083e+00 2.483591605849583672e+01
1.283000000000000140e+00 2.286349292289633794e+01
1.350000000000000089e+00 2.115946365456639100e+01
1.419999999999999929e+00 1.941288199457645192e+01
1.493999999999999995e+00 1.793545859979638379e+01
1.572000000000000064e+00 1.643217752088629879e+01
1.654000000000000137e+00 1.515397729867796706e+01
1.739999999999999991e+00 1.389237526412626345e+01
1.830000000000000071e+00 1.280344922478970737e+01
1.925999999999999934e+00 1.175935389111993423e+01
2.025999999999999801e+00 1.086193122586043103e+01
2.131000000000000227e+00 1.002456318298614413e+01
2.241999999999999993e+00 9.293377801635044122e+00
2.358999999999999986e+00 8.653738875532356545e+00
2.481999999999999762e+00 8.092703567542374188e+00
2.611000000000000210e+00 7.625955222645744769e+00
2.746999999999999886e+00 7.226157598611832711e+00
2.890000000000000124e+00 6.917495238412592506e+00
3.040999999999999925e+00 6.681633147358054359e+00
3.198999999999999844e+00 6.520385919828130206e+00
3.366000000000000103e+00 6.427855335876682119e+00
3.540999999999999925e+00 6.413410157733217432e+00
3.725000000000000089e+00 6.463227110132016229e+00
3.918999999999999595e+00 6.589555079654508596e+00
4.123000000000000220e+00 6.781850189102617499e+00
4.338000000000000078e+00 7.044052918320787171e+00
4.564000000000000057e+00 7.377634450484084283e+00
4.801000000000000156e+00 7.776558023117953411e+00
5.051000000000000156e+00 8.253007865771579077e+00
5.314000000000000057e+00 8.794283549300194736e+00
5.590999999999999304e+00 9.421492636129213949e+00
5.881999999999999673e+00 1.011006617515171868e+01
6.187999999999999723e+00 1.089327448435903811e+01
6.511000000000000121e+00 1.174192654230519395e+01
6.850000000000000533e+00 1.269490914314443053e+01
7.205999999999999517e+00 1.371393434002868794e+01
7.581999999999999851e+00 1.484821422012533887e+01
7.976000000000000867e+00 1.605639839902898203e+01
8.391999999999999460e+00 1.738261375315915203e+01
8.829000000000000625e+00 1.879949705806364335e+01
9.288000000000000256e+00 2.032827581456273691e+01
9.772000000000000242e+00 2.196912227613968938e+01
1.027999999999999936e+01 2.371408942110248219e+01
1.082000000000000028e+01 2.559468961787032981e+01
1.137999999999999901e+01 2.754547975511177071e+01
1.196999999999999886e+01 2.959503812999687611e+01
1.259999999999999964e+01 3.176120155946560786e+01
1.325000000000000000e+01 3.388677666746086459e+01
1.393999999999999950e+01 3.612415899838130429e+01
1.466999999999999993e+01 3.808280246348601850e+01
1.542999999999999972e+01 4.012354947564502794e+01
1.623000000000000043e+01 4.142492723236117769e+01
1.708000000000000185e+01 4.273220432611779529e+01
1.796999999999999886e+01 4.281195199520819727e+01
1.889999999999999858e+01 4.254820487057171619e+01
1.989000000000000057e+01 4.094605766778953182e+01
2.092000000000000171e+01 3.857734123989239805e+01
2.200999999999999801e+01 3.531099841036503761e+01
2.316000000000000014e+01 3.115460924037358836e+01
2.437000000000000099e+01 2.678997194157759054e+01
2.562999999999999901e+01 2.225794747466674650e+01
2.697000000000000242e+01 1.778718490171884881e+01
2.837000000000000099e+01 1.410402148075502105e+01
2.985000000000000142e+01 1.043609026935879136e+01
3.139999999999999858e+01 8.094806247876695338e+00
3.303999999999999915e+01 5.620915329182076370e+00
3.475999999999999801e+01 4.367107963533713111e+00
3.657000000000000028e+01 3.047704039437415524e+00
3.846999999999999886e+01 2.341708740307134828e+00
4.048000000000000398e+01 1.698631060644609780e+00
4.259000000000000341e+01 1.260603942950733858e+00
4.479999999999999716e+01 8.861800159215623696e-01
4.714000000000000057e+01 6.069830871288637297e-01
4.959000000000000341e+01 3.915028457963476427e-01
5.217000000000000171e+01 2.333004714657322953e-01
5.489000000000000057e+01 1.438057610554666910e-01
5.775000000000000000e+01 7.400539918457023358e-02
6.075000000000000000e+01 4.742526702212574580e-02
6.392000000000000171e+01 2.369921442188786462e-02
6.723999999999999488e+01 1.500313466720641122e-02
7.075000000000000000e+01 6.407279158268788799e-03
7.442999999999999261e+01 3.956356049710631727e-03
7.829999999999999716e+01 1.378894133144063566e-03
8.237999999999999545e+01 8.040382310866398159e-04
8.667000000000000171e+01 3.106050395007276519e-04
9.117999999999999261e+01 1.485350263174818174e-04
9.593000000000000682e+01 5.745815014654180386e-05
1.009000000000000057e+02 2.045887203240391792e-05
1.062000000000000028e+02 8.399007914633053879e-06
1.116999999999999886e+02 2.283230449655493207e-06
1.175000000000000000e+02 9.939868615887984535e-07
1.236000000000000085e+02 1.798369346060409793e-07
1.300999999999999943e+02 8.327417993000122327e-08
1.369000000000000057e+02 1.156128061682079902e-08
1.440000000000000000e+02 5.650842789691656970e-09
1.515000000000000000e+02 4.452086141986526403e-10
1.593999999999999773e+02 2.304829668533062929e-10
1.676999999999999886e+02 1.357239767324678592e-11
1.764000000000000057e+02 7.384607493415710325e-12
1.855999999999999943e+02 8.411857152075966293e-13
1.952000000000000171e+02 1.229749229005200794e-13
2.054000000000000057e+02 2.553330979508747283e-14
2.160999999999999943e+02 1.709389755441790703e-15
2.273999999999999773e+02 4.674411037913989838e-16
2.391999999999999886e+02 9.013115067528728159e-18
2.516999999999999886e+02 3.053715947224773322e-18
2.647999999999999545e+02 4.250707892791821544e-20
2.785000000000000000e+02 1.686853038553364410e-20
2.930000000000000000e+02 7.926683549143931343e-23
3.083000000000000114e+02 3.489845536569271456e-23
3.244000000000000341e+02 7.980038215350010899e-26
3.411999999999999886e+02 3.856554317325563186e-26
3.590000000000000000e+02 3.898217831866849502e-29
3.776999999999999886e+02 2.013368889883437512e-29
3.973999999999999773e+02 2.772062133061261395e-31
4.181000000000000227e+02 3.593586125280390544e-33
4.398000000000000114e+02 4.746938457557779979e-34
4.626999999999999886e+02 2.981841099725795936e-37
4.868000000000000114e+02 6.653046545610900455e-38
5.122000000000000455e+02 7.614129065250040074e-42
5.387999999999999545e+02 2.273653264093608644e-42
5.668999999999999773e+02 5.264529271120106530e-47
5.964000000000000909e+02 1.893654070359884923e-47
6.275000000000000000e+02 9.442627023855418319e-53
6.601000000000000227e+02 3.896122248077876324e-53
6.945000000000000000e+02 3.844872356817735999e-59
7.307000000000000455e+02 1.752744442865406687e-59
7.687000000000000455e+02 2.745113660827629875e-66
8.087999999999999545e+02 1.356449327825329469e-66
8.508999999999999773e+02 2.615849229213100372e-74
8.952000000000000455e+02 1.382322434693567522e-74
9.417999999999999545e+02 8.476259588959001824e-76
9.908000000000000682e+02 2.258984177570799447e-83
1.042000000000000000e+03 3.930745336380773570e-84
1.097000000000000000e+03 2.652669004031629937e-93
1.154000000000000000e+03 6.647145822836688167e-94
1.214000000000000000e+03 2.489057218823280567e-104
1.277000000000000000e+03 8.042400215385889289e-105
1.344000000000000000e+03 1.324620351241063409e-116
1.414000000000000000e+03 4.996524325055826724e-117
1.487000000000000000e+03 3.094331669871574131e-130
1.565000000000000000e+03 1.316761912032415404e-130
1.646000000000000000e+03 1.463278145278093009e-145
1.732000000000000000e+03 6.872908211470624396e-146
1.822000000000000000e+03 1.450952803782424637e-162
1.917000000000000000e+03 7.357916373577214632e-163
2.017000000000000000e+03 1.600814618164882891e-181
2.122000000000000000e+03 8.633069918010158454e-182
2.232000000000000000e+03 9.068353920913491660e-183
2.348000000000000000e+03 7.427649681502374123e-203
2.470000000000000000e+03 1.519463687830682185e-203
2.599000000000000000e+03 2.214774712549049864e-226
2.734000000000000000e+03 6.255639300577552390e-227
2.877000000000000000e+03 1.201320980499531473e-252
3.027000000000000000e+03 4.128842342537481666e-253
3.184000000000000000e+03 7.021547601976183108e-282
3.350000000000000000e+03 2.803615374936451936e-282
3.524000000000000000e+03 2.154241752625049262e-314
3.708000000000000000e+03 9.590880384382977291e-315
3.901000000000000000e+03 0.000000000000000000e+00
4.104000000000000000e+03 0.000000000000000000e+00
4.318000000000000000e+03 0.000000000000000000e+00
4.543000000000000000e+03 0.000000000000000000e+00
4.779000000000000000e+03 0.000000000000000000e+00
5.028000000000000000e+03 0.000000000000000000e+00
5.290000000000000000e+03 0.000000000000000000e+00
5.565000000000000000e+03 0.000000000000000000e+00
5.855000000000000000e+03 0.000000000000000000e+00
6.160000000000000000e+03 0.000000000000000000e+00
6.481000000000000000e+03 0.000000000000000000e+00
6.818000000000000000e+03 0.000000000000000000e+00
7.173000000000000000e+03 0.000000000000000000e+00
7.547000000000000000e+03 0.000000000000000000e+00
7.940000000000000000e+03 0.000000000000000000e+00
8.353000000000000000e+03 0.000000000000000000e+00
8.788000000000000000e+03 0.000000000000000000e+00
9.246000000000000000e+03 0.000000000000000000e+00
9.727000000000000000e+03 0.000000000000000000e+00
1.023000000000000000e+04 0.000000000000000000e+00
1.077000000000000000e+04 0.000000000000000000e+00
1.133000000000000000e+04 0.000000000000000000e+00
1.192000000000000000e+04 0.000000000000000000e+00
1.254000000000000000e+04 0.000000000000000000e+00
1.319000000000000000e+04 0.000000000000000000e+00
1.388000000000000000e+04 0.000000000000000000e+00
1.460000000000000000e+04 0.000000000000000000e+00
1.536000000000000000e+04 0.000000000000000000e+00
1.616000000000000000e+04 0.000000000000000000e+00
1.700000000000000000e+04 0.000000000000000000e+00
1.789000000000000000e+04 0.000000000000000000e+00
1.882000000000000000e+04 0.000000000000000000e+00
1.980000000000000000e+04 0.000000000000000000e+00
2.083000000000000000e+04 0.000000000000000000e+00
2.191000000000000000e+04 0.000000000000000000e+00
2.305000000000000000e+04 0.000000000000000000e+00
2.425000000000000000e+04 0.000000000000000000e+00
2.552000000000000000e+04 0.000000000000000000e+00
2.684000000000000000e+04 0.000000000000000000e+00
2.824000000000000000e+04 0.000000000000000000e+00
2.971000000000000000e+04 0.000000000000000000e+00
3.126000000000000000e+04 0.000000000000000000e+00
3.289000000000000000e+04 0.000000000000000000e+00
3.460000000000000000e+04 0.000000000000000000e+00
3.640000000000000000e+04 0.000000000000000000e+00
3.830000000000000000e+04 0.000000000000000000e+00
4.029000000000000000e+04 0.000000000000000000e+00
4.239000000000000000e+04 0.000000000000000000e+00
4.460000000000000000e+04 0.000000000000000000e+00
4.692000000000000000e+04 0.000000000000000000e+00
4.936000000000000000e+04 0.000000000000000000e+00
5.193000000000000000e+04 0.000000000000000000e+00
5.464000000000000000e+04 0.000000000000000000e+00
5.748000000000000000e+04 0.000000000000000000e+00
6.047000000000000000e+04 0.000000000000000000e+00
6.362000000000000000e+04 0.000000000000000000e+00
6.693000000000000000e+04 0.000000000000000000e+00
7.042000000000000000e+04 0.000000000000000000e+00
7.409000000000000000e+04 0.000000000000000000e+00
7.794000000000000000e+04 0.000000000000000000e+00
8.200000000000000000e+04 0.000000000000000000e+00
8.627000000000000000e+04 0.000000000000000000e+00
9.076000000000000000e+04 0.000000000000000000e+00
9.549000000000000000e+04 0.000000000000000000e+00
1.005000000000000000e+05 0.000000000000000000e+00
1.057000000000000000e+05 0.000000000000000000e+00
1.112000000000000000e+05 0.000000000000000000e+00
1.170000000000000000e+05 0.000000000000000000e+00
1.231000000000000000e+05 0.000000000000000000e+00
1.295000000000000000e+05 0.000000000000000000e+00
1.362000000000000000e+05 0.000000000000000000e+00
1.433000000000000000e+05 0.000000000000000000e+00
1.508000000000000000e+05 0.000000000000000000e+00
1.586000000000000000e+05 0.000000000000000000e+00
1.669000000000000000e+05 0.000000000000000000e+00
1.756000000000000000e+05 0.000000000000000000e+00
1.847000000000000000e+05 0.000000000000000000e+00
1.943000000000000000e+05 0.000000000000000000e+00
2.045000000000000000e+05 0.000000000000000000e+00
2.151000000000000000e+05 0.000000000000000000e+00
2.263000000000000000e+05 0.000000000000000000e+00
2.381000000000000000e+05 0.000000000000000000e+00
2.505000000000000000e+05 0.000000000000000000e+00
2.635000000000000000e+05 0.000000000000000000e+00
2.773000000000000000e+05 0.000000000000000000e+00
2.917000000000000000e+05 0.000000000000000000e+00
3.069000000000000000e+05 0.000000000000000000e+00
3.229000000000000000e+05 0.000000000000000000e+00
3.397000000000000000e+05 0.000000000000000000e+00
3.574000000000000000e+05 0.000000000000000000e+00
3.760000000000000000e+05 0.000000000000000000e+00
3.955000000000000000e+05 0.000000000000000000e+00
4.161000000000000000e+05 0.000000000000000000e+00
4.378000000000000000e+05 0.000000000000000000e+00
4.606000000000000000e+05 0.000000000000000000e+00
4.846000000000000000e+05 0.000000000000000000e+00
5.098000000000000000e+05 0.000000000000000000e+00
5.364000000000000000e+05 0.000000000000000000e+00
5.643000000000000000e+05 0.000000000000000000e+00
5.937000000000000000e+05 0.000000000000000000e+00
6.246000000000000000e+05 0.000000000000000000e+00
6.571000000000000000e+05 0.000000000000000000e+00
6.913000000000000000e+05 0.000000000000000000e+00
7.273000000000000000e+05 0.000000000000000000e+00
7.652000000000000000e+05 0.000000000000000000e+00
8.050000000000000000e+05 0.000000000000000000e+00
8.469000000000000000e+05 0.000000000000000000e+00
8.910000000000000000e+05 0.000000000000000000e+00
9.374000000000000000e+05 0.000000000000000000e+00
9.863000000000000000e+05 0.000000000000000000e+00
1.038000000000000000e+06 0.000000000000000000e+00
1.092000000000000000e+06 0.000000000000000000e+00
1.148000000000000000e+06 0.000000000000000000e+00
1.208000000000000000e+06 0.000000000000000000e+00
1.271000000000000000e+06 0.000000000000000000e+00
1.337000000000000000e+06 0.000000000000000000e+00
1.407000000000000000e+06 0.000000000000000000e+00
1.480000000000000000e+06 0.000000000000000000e+00
1.557000000000000000e+06 0.000000000000000000e+00
1.638000000000000000e+06 0.000000000000000000e+00
1.724000000000000000e+06 0.000000000000000000e+00
1.814000000000000000e+06 0.000000000000000000e+00
1.908000000000000000e+06 0.000000000000000000e+00
2.007000000000000000e+06 0.000000000000000000e+00
2.112000000000000000e+06 0.000000000000000000e+00
2.222000000000000000e+06 0.000000000000000000e+00
2.337000000000000000e+06 0.000000000000000000e+00
2.459000000000000000e+06 0.000000000000000000e+00
2.587000000000000000e+06 0.000000000000000000e+00
2.722000000000000000e+06 0.000000000000000000e+00
2.864000000000000000e+06 0.000000000000000000e+00
3.013000000000000000e+06 0.000000000000000000e+00
3.170000000000000000e+06 0.000000000000000000e+00
3.335000000000000000e+06 0.000000000000000000e+00
3.508000000000000000e+06 0.000000000000000000e+00
3.691000000000000000e+06 0.000000000000000000e+00
3.883000000000000000e+06 0.000000000000000000e+00
4.085000000000000000e+06 0.000000000000000000e+00
4.298000000000000000e+06 0.000000000000000000e+00
4.522000000000000000e+06 0.000000000000000000e+00
4.757000000000000000e+06 0.000000000000000000e+00
5.005000000000000000e+06 0.000000000000000000e+00
5.266000000000000000e+06 0.000000000000000000e+00
5.540000000000000000e+06 0.000000000000000000e+00
5.828000000000000000e+06 0.000000000000000000e+00
6.132000000000000000e+06 0.000000000000000000e+00
6.451000000000000000e+06 0.000000000000000000e+00
6.787000000000000000e+06 0.000000000000000000e+00
7.140000000000000000e+06 0.000000000000000000e+00
7.512000000000000000e+06 0.000000000000000000e+00
7.903000000000000000e+06 0.000000000000000000e+00
8.315000000000000000e+06 0.000000000000000000e+00
8.748000000000000000e+06 0.000000000000000000e+00
9.203000000000000000e+06 0.000000000000000000e+00
9.682000000000000000e+06 0.000000000000000000e+00
1.019000000000000000e+07 0.000000000000000000e+00
1.072000000000000000e+07 0.000000000000000000e+00
1.127000000000000000e+07 0.000000000000000000e+00
1.186000000000000000e+07 0.000000000000000000e+00
1.248000000000000000e+07 0.000000000000000000e+00
1.313000000000000000e+07 0.000000000000000000e+00
1.381000000000000000e+07 0.000000000000000000e+00
1.453000000000000000e+07 0.000000000000000000e+00
1.529000000000000000e+07 0.000000000000000000e+00
1.608000000000000000e+07 0.000000000000000000e+00
1.692000000000000000e+07 0.000000000000000000e+00
1.780000000000000000e+07 0.000000000000000000e+00
1.873000000000000000e+07 0.000000000000000000e+00
1.971000000000000000e+07 0.000000000000000000e+00
2.073000000000000000e+07 0.000000000000000000e+00
2.181000000000000000e+07 0.000000000000000000e+00
2.295000000000000000e+07 0.000000000000000000e+00
2.414000000000000000e+07 0.000000000000000000e+00
2.540000000000000000e+07 0.000000000000000000e+00
2.672000000000000000e+07 0.000000000000000000e+00
2.811000000000000000e+07 0.000000000000000000e+00
2.958000000000000000e+07 0.000000000000000000e+00
3.112000000000000000e+07 0.000000000000000000e+00
3.274000000000000000e+07 0.000000000000000000e+00
3.444000000000000000e+07 0.000000000000000000e+00
3.623000000000000000e+07 0.000000000000000000e+00
3.812000000000000000e+07 0.000000000000000000e+00
4.011000000000000000e+07 0.000000000000000000e+00
4.219000000000000000e+07 0.000000000000000000e+00
4.439000000000000000e+07 0.000000000000000000e+00
4.670000000000000000e+07 0.000000000000000000e+00
4.913000000000000000e+07 0.000000000000000000e+00
5.169000000000000000e+07 0.000000000000000000e+00
5.438000000000000000e+07 0.000000000000000000e+00
5.722000000000000000e+07 0.000000000000000000e+00
6.019000000000000000e+07 0.000000000000000000e+00
6.333000000000000000e+07 0.000000000000000000e+00
6.663000000000000000e+07 0.000000000000000000e+00
7.010000000000000000e+07 0.000000000000000000e+00
7.375000000000000000e+07 0.000000000000000000e+00
7.759000000000000000e+07 0.000000000000000000e+00
8.163000000000000000e+07 0.000000000000000000e+00
8.588000000000000000e+07 0.000000000000000000e+00
9.035000000000000000e+07 0.000000000000000000e+00
9.505000000000000000e+07 0.000000000000000000e+00
1.000000000000000000e+08 0.000000000000000000e+00
