1.903427155601598031e+01 1.359388314891322409e+02
2.070610599077171798e+01 1.536794688064009335e+02
2.018605237482768189e+01 1.483768385783881456e+02
1.999123380529988481e+01 1.463828379667082800e+02
2.173062773709763462e+01 1.644459599683866031e+02
2.306927763208283011e+01 1.774412292100387845e+02
2.421740840183325361e+01 1.877838520143106962e+02
2.555578958155011549e+01 1.993520645688293769e+02
2.633972159097872634e+01 2.050658379843040109e+02
2.613764770920644764e+01 2.036598784840232668e+02
2.613191511681574752e+01 2.036196396511112141e+02
2.730028910344584858e+01 2.115882259550041056e+02
2.844931559075732252e+01 2.194026276056977167e+02
2.959726721699554730e+01 2.248741691684309671e+02
3.093640975663929282e+01 2.305410507260774864e+02
3.246526527571288057e+01 2.351527058403689523e+02
3.399344900661567692e+01 2.371056500174119606e+02
3.571172191832393139e+01 2.372602037211133847e+02
3.781037024950653347e+01 2.336986077994566813e+02
4.047855611329325143e+01 2.241121374936107031e+02
4.351880065899997874e+01 2.061685433050374741e+02
4.579045235851106099e+01 1.916667186881266787e+02
4.711051611410449880e+01 1.819184941720918403e+02
4.814506989711414064e+01 1.732713163287487816e+02
4.883921517822336966e+01 1.681120570347383136e+02
4.989247154390766070e+01 1.600954523694851446e+02
5.049095418949700331e+01 1.551815467816063858e+02
5.124201336443518073e+01 1.493570443885615475e+02
5.199146024776344177e+01 1.439307373461174109e+02
5.274198199216498040e+01 1.381497542528688598e+02
5.364287680071511488e+01 1.308337879114070006e+02
5.424204019165090074e+01 1.266960244554493755e+02
5.514424274784018110e+01 1.201127283381588597e+02
5.593257273049350431e+01 1.140158657043654813e+02
5.672192383116647818e+01 1.082725238899210609e+02
5.791045146292010770e+01 1.011551970575128934e+02
5.885337333943461147e+01 9.511920068715940602e+01
6.083891045700814004e+01 8.340390227018265534e+01
6.349186912225705726e+01 6.895885473575006586e+01
6.653009830345145303e+01 5.567064921362322849e+01
6.957135053141435321e+01 4.409764647048861974e+01
7.261414787217007927e+01 3.545660072028830001e+01
7.565795289518199240e+01 2.849344591889044764e+01
7.870148920292557193e+01 2.269804243287330436e+01
8.174495833185208937e+01 1.789918992119610053e+01
8.478842746077860681e+01 1.435122358993897862e+01
8.707089494983931388e+01 1.210783981730290293e+01
