1.000000000000000000e+01 6.468164242683244192e-01
1.020283975659229192e+01 6.271703726758589559e-01
1.055780933062880322e+01 5.907596049283333484e-01
1.091277890466531453e+01 5.532472461252804230e-01
1.106490872210953214e+01 5.363602089423322727e-01
1.223123732251521290e+01 4.170309513024281767e-01
1.415821501014199058e+01 2.544749007657241546e-01
1.654158215010142285e+01 1.382706176232367523e-01
1.811359026369168390e+01 9.429631255113485322e-02
1.973630831643002281e+01 6.257480306292538541e-02
2.105476673427992296e+01 4.372231780018516478e-02
2.217038539553752585e+01 3.267116863768922130e-02
2.318458417849899078e+01 2.307859307959496398e-02
2.409736308316430353e+01 1.836518324513464889e-02
2.511156186612576136e+01 1.337037518271662860e-02
2.759634888438133871e+01 6.083969980015898130e-03
2.962474645030426146e+01 3.135408948949331125e-03
3.155172413793103914e+01 1.696416816434913452e-03
3.292089249492901359e+01 1.109461995733376782e-03
3.479716024340771696e+01 6.148959969372220797e-04
3.621703853955375507e+01 3.845063042165690987e-04
3.728194726166329076e+01 2.382132547617988195e-04
