1.900000000000000000e+01 1.366196311087464643e+00
2.000000000000000000e+01 1.176496511712672888e+00
2.100000000000000000e+01 1.002965781720165594e+00
2.200000000000000000e+01 8.459886900958123457e-01
2.300000000000000000e+01 7.188908116702192874e-01
2.400000000000000000e+01 6.004301971121386305e-01
2.500000000000000000e+01 4.925394533788732265e-01
2.600000000000000000e+01 4.071306764802339329e-01
2.700000000000000000e+01 3.308842237750598270e-01
2.800000000000000000e+01 2.641208793383943432e-01
2.900000000000000000e+01 2.124760604663186725e-01
3.000000000000000000e+01 1.691129600765415575e-01
3.100000000000000000e+01 1.330217368364191854e-01
3.200000000000000000e+01 1.054220279298815066e-01
3.300000000000000000e+01 8.266628932565564525e-02
3.400000000000000000e+01 6.406049095308755104e-02
3.500000000000000000e+01 5.000583512961317284e-02
3.600000000000000000e+01 3.930459305627975741e-02
3.700000000000000000e+01 3.109539352924976796e-02
3.800000000000000000e+01 2.427152864236212584e-02
3.900000000000000000e+01 1.866678755076716864e-02
4.000000000000000000e+01 1.445095019658718463e-02
4.100000000000000000e+01 1.125739984188444884e-02
4.200000000000000000e+01 8.656094452896266958e-03
4.300000000000000000e+01 6.560428202654755916e-03
4.400000000000000000e+01 5.003591312183574072e-03
4.500000000000000000e+01 3.839272595227124010e-03
4.600000000000000000e+01 2.962917439744698796e-03
4.700000000000000000e+01 2.253850761913799797e-03
4.800000000000000000e+01 1.687262414127732243e-03
4.900000000000000000e+01 1.270600838023155845e-03
5.000000000000000000e+01 9.622806315062523838e-04
5.100000000000000000e+01 7.327631035416989685e-04
5.200000000000000000e+01 5.609232261929636204e-04
5.300000000000000000e+01 4.233474593863376968e-04
5.400000000000000000e+01 3.145223936547142081e-04
5.500000000000000000e+01 2.349388372065707993e-04
5.600000000000000000e+01 1.764097904845826148e-04
5.700000000000000000e+01 1.331299004990172102e-04
5.800000000000000000e+01 1.009573949097194843e-04
5.900000000000000000e+01 7.691989144957916643e-05
6.000000000000000000e+01 5.790949246725187117e-05
6.100000000000000000e+01 4.301847090098797645e-05
6.200000000000000000e+01 3.211028658321796783e-05
6.300000000000000000e+01 2.407970445180003213e-05
6.400000000000000000e+01 1.813897522306011129e-05
6.500000000000000000e+01 1.372362217583482113e-05
6.600000000000000000e+01 1.042705573754905049e-05
6.700000000000000000e+01 7.846533626535621254e-06
6.800000000000000000e+01 5.841052080946464971e-06
6.900000000000000000e+01 4.366802379875467533e-06
7.000000000000000000e+01 3.278249762688374889e-06
7.100000000000000000e+01 2.471016516799049294e-06
7.200000000000000000e+01 1.869887862152160466e-06
7.300000000000000000e+01 1.420414130492557915e-06
7.400000000000000000e+01 1.083001394447405156e-06
7.500000000000000000e+01 8.151709095704589833e-07
7.600000000000000000e+01 6.048504970979605475e-07
7.700000000000000000e+01 4.505382919317030001e-07
7.800000000000000000e+01 3.368654267012263925e-07
7.900000000000000000e+01 2.528020850685480273e-07
8.000000000000000000e+01 1.903988475924670788e-07
8.100000000000000000e+01 1.439026827836290631e-07
8.200000000000000000e+01 1.091332898467912167e-07
8.300000000000000000e+01 8.304119678024523832e-08
8.400000000000000000e+01 6.221546515070137318e-08
8.500000000000000000e+01 4.581884561691977292e-08
8.600000000000000000e+01 3.386380292283220626e-08
8.700000000000000000e+01 2.511525190208055392e-08
8.800000000000000000e+01 1.869025470517181516e-08
8.900000000000000000e+01 1.395518432416005549e-08
9.000000000000000000e+01 1.045361552216093990e-08
9.100000000000000000e+01 7.855557809214743049e-09
9.200000000000000000e+01 5.921572893260856512e-09
9.300000000000000000e+01 4.477314783977612037e-09
9.400000000000000000e+01 3.334542143034887995e-09
9.500000000000000000e+01 2.442114179746822313e-09
9.600000000000000000e+01 1.794343525164301764e-09
9.700000000000000000e+01 1.322592319256823585e-09
9.800000000000000000e+01 9.779102000416039264e-10
9.900000000000000000e+01 7.252657758500099870e-10
1.000000000000000000e+02 5.395032874265172673e-10
1.010000000000000000e+02 4.024982277268684167e-10
1.020000000000000000e+02 3.011492849293704687e-10
1.030000000000000000e+02 2.259557700601762928e-10
1.040000000000000000e+02 1.700063804657847248e-10
