1.473707518796992133e+01 9.173922769179932857e+02
1.573707518796992133e+01 1.054073198456087312e+03
1.673707518796992133e+01 1.202081288226163451e+03
1.773707518796992133e+01 1.361118088303898048e+03
1.873707518796992133e+01 1.531197897823230733e+03
1.973707518796992133e+01 1.711591963197241512e+03
2.073707518796992133e+01 1.901571242294101694e+03
2.173707518796992133e+01 2.099945004445703489e+03
2.273707518796992133e+01 2.305089654880021499e+03
2.373707518796992133e+01 2.515606715123848517e+03
2.473707518796992133e+01 2.729019840088704768e+03
2.573707518796992133e+01 2.943365165227151010e+03
2.673707518796992133e+01 3.155659874539355314e+03
2.773707518796992133e+01 3.359152847440464029e+03
2.873707518796992133e+01 3.560408153037919874e+03
2.973707518796992133e+01 3.747994631058332288e+03
3.073707518796992133e+01 3.921312446588974126e+03
3.173707518796992133e+01 4.072815684912809957e+03
3.273707518796992133e+01 4.205529833466574019e+03
3.373707518796992133e+01 4.310295846296090531e+03
3.473707518796992133e+01 4.390755821465439112e+03
3.573707518796992133e+01 4.442542963833620888e+03
3.673707518796992133e+01 4.466239081321197773e+03
3.773707518796992133e+01 4.462099933827657878e+03
3.873707518796992133e+01 4.430955229709529704e+03
3.973707518796992133e+01 4.373770591834459992e+03
4.073707518796992133e+01 4.295044610046037633e+03
4.173707518796992133e+01 4.192872606993564659e+03
4.273707518796992133e+01 4.073868612137566288e+03
4.373707518796992133e+01 3.937833460891698905e+03
4.473707518796992133e+01 3.788423409150457701e+03
4.573707518796992133e+01 3.628612659838469881e+03
4.673707518796992133e+01 3.461131506587911645e+03
4.773707518796992133e+01 3.288684491683140550e+03
4.873707518796992133e+01 3.113693131281537717e+03
4.973707518796992133e+01 2.938917598868363257e+03
5.073707518796992133e+01 2.765985932140868499e+03
5.173707518796992133e+01 2.596584827483441131e+03
5.273707518796992133e+01 2.432049489195253045e+03
5.373707518796992133e+01 2.273678200752978228e+03
5.473707518796992133e+01 2.121699609079261791e+03
5.573707518796992133e+01 1.977367585467994559e+03
5.673707518796992133e+01 1.840683610531125851e+03
5.773707518796992133e+01 1.711950048455058322e+03
5.873707518796992133e+01 1.591358310755659431e+03
5.973707518796992133e+01 1.479030708702837046e+03
6.073707518796992133e+01 1.374461948758623066e+03
6.173707518796992133e+01 1.277388414458703892e+03
6.273707518796992133e+01 1.187572556723249136e+03
6.373707518796992133e+01 1.104460061543722304e+03
6.473707518796992133e+01 1.027804099179126979e+03
6.573707518796992133e+01 9.570978673891397648e+02
6.673707518796992133e+01 8.918506449991335785e+02
6.773707518796992133e+01 8.315960948514158417e+02
6.873707518796992133e+01 7.758610504580674387e+02
6.973707518796992133e+01 7.242757763617161118e+02
7.073707518796992133e+01 6.763563948779643624e+02
7.173707518796992133e+01 6.317431512658222346e+02
7.273707518796992133e+01 5.901560456969889401e+02
7.373707518796992133e+01 5.512874524754145114e+02
7.473707518796992133e+01 5.148359955976482070e+02
7.573707518796992133e+01 4.806078660869334271e+02
7.673707518796992133e+01 4.482494433930538094e+02
7.773707518796992133e+01 4.180266506659218635e+02
7.873707518796992133e+01 3.893697274320606994e+02
7.973707518796992133e+01 3.623066465533701717e+02
8.073707518796992133e+01 3.367341767826421233e+02
8.173707518796992133e+01 3.125725682787599453e+02
8.273707518796992133e+01 2.897633280759632157e+02
8.373707518796992133e+01 2.682851795967723660e+02
8.473707518796992133e+01 2.479802849693179780e+02
8.573707518796992133e+01 2.288895100811585337e+02
8.673707518796992133e+01 2.109423472058513482e+02
