1.000000000000000021e-03 4.650666658708555588e+03
1.051999999999999984e-03 4.650992262218818723e+03
1.106999999999999911e-03 4.747433819230935114e+03
1.163999999999999887e-03 4.752554271874575534e+03
1.224999999999999960e-03 4.844670849254891436e+03
1.288999999999999998e-03 4.827582725216501785e+03
1.356000000000000000e-03 4.911799909167925762e+03
1.427000000000000100e-03 4.881633664246979606e+03
1.500999999999999947e-03 4.983315638454034342e+03
1.579000000000000108e-03 4.916998776379480660e+03
1.661000000000000150e-03 4.999262652948287723e+03
1.747999999999999988e-03 4.932579730682748050e+03
1.839000000000000140e-03 4.972552168243826600e+03
1.935000000000000088e-03 4.936047737942020831e+03
2.034999999999999917e-03 4.927146406552680673e+03
2.141000000000000108e-03 4.885620783721957196e+03
2.252999999999999794e-03 4.849766628028575724e+03
2.370000000000000145e-03 4.798501533113590995e+03
2.492999999999999990e-03 4.749767874846553241e+03
2.623000000000000331e-03 4.669457480530751127e+03
2.759999999999999867e-03 4.608430291373822911e+03
2.903999999999999897e-03 4.507332247764084059e+03
3.054999999999999990e-03 4.415800649210160373e+03
3.213999999999999843e-03 4.305194243326714059e+03
3.380999999999999891e-03 4.186607107528767301e+03
3.556999999999999832e-03 4.084609408180645005e+03
3.742000000000000100e-03 3.937734235024071495e+03
3.936999999999999528e-03 3.825394601832555509e+03
4.142000000000000716e-03 3.660650547473977895e+03
4.357999999999999895e-03 3.553027095210028619e+03
4.585000000000000533e-03 3.372968494659876797e+03
4.824000000000000163e-03 3.262099730941369671e+03
5.074999999999999650e-03 3.072758293787263938e+03
5.338999999999999996e-03 2.968162311209045129e+03
5.616999999999999597e-03 2.784720471187430121e+03
5.908999999999999322e-03 2.670856305378240449e+03
6.217000000000000304e-03 2.512943050411397962e+03
6.540999999999999939e-03 2.384715242031701564e+03
6.880999999999999964e-03 2.247127772098594960e+03
7.239999999999999908e-03 2.117773830278440983e+03
7.617000000000000506e-03 2.000366529082621128e+03
8.012999999999999290e-03 1.880516767821802659e+03
8.429999999999999993e-03 1.780587801796888925e+03
8.868999999999998413e-03 1.674505427229176348e+03
9.330999999999999017e-03 1.586798647640438276e+03
9.816999999999999338e-03 1.494698214390624344e+03
1.032999999999999891e-02 1.423569594861533915e+03
1.086999999999999945e-02 1.345535624967497597e+03
1.143000000000000092e-02 1.285640659457851143e+03
1.203000000000000076e-02 1.226021254282018162e+03
1.264999999999999979e-02 1.176179269770906330e+03
1.330999999999999892e-02 1.131302335667284751e+03
1.400999999999999988e-02 1.091509005374023218e+03
1.473000000000000004e-02 1.062878459434226897e+03
1.549999999999999989e-02 1.028818723948727666e+03
1.631000000000000158e-02 1.013108147076108708e+03
1.715999999999999817e-02 9.872410599637278210e+02
1.805000000000000007e-02 9.776903097717233777e+02
1.898999999999999994e-02 9.621193751885061829e+02
1.997999999999999776e-02 9.579360668672956081e+02
2.101999999999999702e-02 9.503722839048099331e+02
2.212000000000000077e-02 9.496664325487126916e+02
2.326999999999999902e-02 9.466853285151969430e+02
2.447999999999999829e-02 9.501852800449095184e+02
2.574999999999999858e-02 9.515158394982336176e+02
2.708999999999999950e-02 9.569011853700023948e+02
2.850000000000000103e-02 9.615350370614928579e+02
2.998999999999999930e-02 9.672385461500807651e+02
3.155000000000000165e-02 9.764681149332513996e+02
3.318999999999999728e-02 9.815063013682062092e+02
3.491999999999999965e-02 9.928265778620855144e+02
3.673999999999999488e-02 9.984382941204451072e+02
3.864999999999999686e-02 1.010998305500611423e+03
4.066000000000000170e-02 1.016922892858195837e+03
4.277999999999999858e-02 1.028244051440188059e+03
4.500999999999999446e-02 1.035233720029639471e+03
4.734999999999999626e-02 1.045075310327023772e+03
4.982000000000000317e-02 1.050726006275214559e+03
5.240999999999999825e-02 1.060736421114709401e+03
5.513999999999999457e-02 1.065921265058904510e+03
5.800999999999999907e-02 1.074199743783407484e+03
6.102999999999999398e-02 1.078491278991134095e+03
6.421000000000000318e-02 1.084097546583467192e+03
6.755999999999999506e-02 1.087667192942671591e+03
7.106999999999999429e-02 1.090922965333499178e+03
7.477000000000000313e-02 1.093115097319158167e+03
7.867000000000000381e-02 1.095506625193248965e+03
8.276000000000000023e-02 1.094916711334788715e+03
8.707000000000000850e-02 1.096617349576882134e+03
9.160999999999999699e-02 1.093993973889084828e+03
9.637999999999999345e-02 1.093885645481979282e+03
1.014000000000000040e-01 1.089096261153399155e+03
1.067000000000000032e-01 1.086670541940224211e+03
1.122000000000000081e-01 1.081313273614035779e+03
1.180999999999999966e-01 1.074987203809557741e+03
1.242000000000000048e-01 1.069372093894432737e+03
1.307000000000000106e-01 1.061401412536116595e+03
1.375000000000000111e-01 1.053228977631622001e+03
1.446999999999999953e-01 1.043412005518127216e+03
1.522000000000000020e-01 1.032872540605992299e+03
1.600999999999999923e-01 1.021693448652079496e+03
1.683999999999999941e-01 1.009978336937997483e+03
1.771999999999999964e-01 9.961191429984776278e+02
1.864000000000000101e-01 9.837779514931362428e+02
1.960999999999999965e-01 9.679463975100302378e+02
2.064000000000000001e-01 9.539499894839361787e+02
2.170999999999999874e-01 9.361758935738748733e+02
2.283999999999999919e-01 9.212334946011445709e+02
2.403000000000000136e-01 9.027224329002103786e+02
2.528000000000000247e-01 8.857555050673902315e+02
2.660000000000000142e-01 8.669276427429487057e+02
2.798000000000000487e-01 8.480961533427453105e+02
2.943999999999999950e-01 8.288771143056958408e+02
3.096999999999999753e-01 8.091000915478915658e+02
3.259000000000000230e-01 7.893133544225266860e+02
3.427999999999999936e-01 7.681226580298661020e+02
3.606999999999999651e-01 7.477470400645499922e+02
3.795000000000000040e-01 7.258523185313490558e+02
3.991999999999999993e-01 7.058374670583328907e+02
4.200000000000000400e-01 6.826555940735265722e+02
4.419000000000000150e-01 6.628371984899474683e+02
4.649000000000000354e-01 6.397178589820321122e+02
4.891000000000000347e-01 6.194042027751559090e+02
5.144999999999999574e-01 5.964535332915436356e+02
5.413000000000000034e-01 5.759271003925068726e+02
5.695000000000000062e-01 5.537219066801652616e+02
5.992000000000000659e-01 5.331558420555717248e+02
6.304000000000000714e-01 5.118440111978030700e+02
6.632000000000000117e-01 4.913117541651196234e+02
6.976999999999999869e-01 4.707802639802532667e+02
7.340999999999999748e-01 4.506441068454407741e+02
7.722999999999999865e-01 4.310583651452578806e+02
8.125000000000000000e-01 4.114235410314866499e+02
8.548000000000000043e-01 3.926734025209174206e+02
8.992999999999999883e-01 3.738420537833800381e+02
9.460999999999999410e-01 3.561225676797150754e+02
9.954000000000000625e-01 3.385065490751505877e+02
1.046999999999999931e+00 3.214802262088318798e+02
1.101999999999999869e+00 3.051303281466312569e+02
1.159000000000000030e+00 2.891555206888406246e+02
1.219000000000000083e+00 2.740079247301106307e+02
1.283000000000000140e+00 2.591336007696731940e+02
1.350000000000000089e+00 2.451399316148613252e+02
1.419999999999999929e+00 2.314529409557850954e+02
1.493999999999999995e+00 2.187235144702119669e+02
1.572000000000000064e+00 2.064838796045961828e+02
1.654000000000000137e+00 1.947318687499891325e+02
1.739999999999999991e+00 1.838826777783885689e+02
1.830000000000000071e+00 1.733368876914030352e+02
1.925999999999999934e+00 1.636096826385106056e+02
2.025999999999999801e+00 1.541228076909451943e+02
2.131000000000000227e+00 1.456487233572418063e+02
2.241999999999999993e+00 1.371862718141087782e+02
2.358999999999999986e+00 1.299294470114531634e+02
2.481999999999999762e+00 1.225705704790120478e+02
2.611000000000000210e+00 1.164064312253199773e+02
2.746999999999999886e+00 1.101719424930683715e+02
2.890000000000000124e+00 1.049080623501666025e+02
3.040999999999999925e+00 9.961987456286989584e+01
3.198999999999999844e+00 9.519886667444407635e+01
3.366000000000000103e+00 9.085925857569907294e+01
3.540999999999999925e+00 8.719221575445017436e+01
3.725000000000000089e+00 8.389156904713202323e+01
3.918999999999999595e+00 8.100590535337866527e+01
4.123000000000000220e+00 7.864333505586913020e+01
4.338000000000000078e+00 7.651749439712436640e+01
4.564000000000000057e+00 7.478941952599143406e+01
4.801000000000000156e+00 7.325148157286598405e+01
5.051000000000000156e+00 7.194903022336558251e+01
5.314000000000000057e+00 7.079069366864489155e+01
5.590999999999999304e+00 6.984263581249737740e+01
5.881999999999999673e+00 6.906162527512488225e+01
6.187999999999999723e+00 6.850290736083078968e+01
6.511000000000000121e+00 6.812639307427592428e+01
6.850000000000000533e+00 6.801350400321508971e+01
7.205999999999999517e+00 6.801553533267824037e+01
7.581999999999999851e+00 6.829368440337812274e+01
7.976000000000000867e+00 6.862530972228493908e+01
8.391999999999999460e+00 6.917453509544051826e+01
8.829000000000000625e+00 6.979536590658280204e+01
9.288000000000000256e+00 7.051449761041907038e+01
9.772000000000000242e+00 7.133973821294611639e+01
1.027999999999999936e+01 7.217247005220369260e+01
1.082000000000000028e+01 7.318485673470885899e+01
1.137999999999999901e+01 7.413636330332778357e+01
1.196999999999999886e+01 7.525410118818521710e+01
1.259999999999999964e+01 7.638408391592776070e+01
1.325000000000000000e+01 7.752493125802487839e+01
1.393999999999999950e+01 7.880196525197133894e+01
1.466999999999999993e+01 8.000263494861113145e+01
1.542999999999999972e+01 8.138208486875231529e+01
1.623000000000000043e+01 8.265084448794608818e+01
1.708000000000000185e+01 8.409801561900414413e+01
1.796999999999999886e+01 8.549143665010748805e+01
1.889999999999999858e+01 8.697123741975563860e+01
1.989000000000000057e+01 8.846955454571676114e+01
2.092000000000000171e+01 9.000819441269683807e+01
2.200999999999999801e+01 9.156926602508136170e+01
2.316000000000000014e+01 9.312629617807982640e+01
2.437000000000000099e+01 9.471434754778385923e+01
2.562999999999999901e+01 9.609086776163782417e+01
2.697000000000000242e+01 9.752214596060149177e+01
2.837000000000000099e+01 9.838894907386605837e+01
2.985000000000000142e+01 9.919605098904614238e+01
3.139999999999999858e+01 9.896673440436890701e+01
3.303999999999999915e+01 9.831530001417142728e+01
3.475999999999999801e+01 9.616246846834278017e+01
3.657000000000000028e+01 9.283988201543108687e+01
3.846999999999999886e+01 8.807824867550486658e+01
4.048000000000000398e+01 8.133627630728004476e+01
4.259000000000000341e+01 7.382467400407753644e+01
4.479999999999999716e+01 6.457161214410555772e+01
4.714000000000000057e+01 5.518363321149955425e+01
4.959000000000000341e+01 4.577248748319398430e+01
5.217000000000000171e+01 3.634417617959121571e+01
5.489000000000000057e+01 2.895364042665607940e+01
5.775000000000000000e+01 2.147290561682397581e+01
6.075000000000000000e+01 1.660257028847847138e+01
6.392000000000000171e+01 1.189792506502881153e+01
6.723999999999999488e+01 8.929976513100470470e+00
7.075000000000000000e+01 6.409991680510993994e+00
7.442999999999999261e+01 4.729881498728041755e+00
7.829999999999999716e+01 3.498654757983294949e+00
8.237999999999999545e+01 2.529845185694768350e+00
8.667000000000000171e+01 1.814788517562349268e+00
9.117999999999999261e+01 1.216822998477027351e+00
9.593000000000000682e+01 8.134633368749927262e-01
1.009000000000000057e+02 4.679943390859862551e-01
1.062000000000000028e+02 3.006546878635190101e-01
1.116999999999999886e+02 1.477987099814303262e-01
1.175000000000000000e+02 9.812185549959016873e-02
1.236000000000000085e+02 4.762395790053485650e-02
1.300999999999999943e+02 3.085644275193536942e-02
1.369000000000000057e+02 1.430381023343882049e-02
1.440000000000000000e+02 8.180935181534501263e-03
1.515000000000000000e+02 3.539965186212743961e-03
1.593999999999999773e+02 1.646308734954961663e-03
1.676999999999999886e+02 7.581555631131127199e-04
1.764000000000000057e+02 3.042094618943817926e-04
1.855999999999999943e+02 1.397909630732640021e-04
1.952000000000000171e+02 4.162334093775008222e-05
2.054000000000000057e+02 1.996635829526943523e-05
2.160999999999999943e+02 4.632794897654080904e-06
2.273999999999999773e+02 2.279755639818609364e-06
2.391999999999999886e+02 3.608445612960663065e-07
2.516999999999999886e+02 1.866825762227255155e-07
2.647999999999999545e+02 2.331600390742747447e-08
2.785000000000000000e+02 1.255662795880103386e-08
2.930000000000000000e+02 1.502591787069377455e-09
3.083000000000000114e+02 4.997324940133820193e-10
3.244000000000000341e+02 9.927660570725880123e-11
3.411999999999999886e+02 1.583191936431782743e-11
3.590000000000000000e+02 4.147176939691266020e-12
3.776999999999999886e+02 2.572689324187500259e-13
3.973999999999999773e+02 8.367747196401206820e-14
4.181000000000000227e+02 3.562138301607125266e-15
4.398000000000000114e+02 1.343058937277863642e-15
4.626999999999999886e+02 1.918766863809749313e-17
4.868000000000000114e+02 8.130587702184163728e-18
5.122000000000000455e+02 8.715437719300461916e-20
5.387999999999999545e+02 4.046995688260765563e-20
5.668999999999999773e+02 1.617670014906407528e-22
5.964000000000000909e+02 8.079929434946991644e-23
6.275000000000000000e+02 1.629833735846850261e-25
6.601000000000000227e+02 8.675598905550554941e-26
6.945000000000000000e+02 8.328456453860537413e-27
7.307000000000000455e+02 4.433570156897869511e-29
7.687000000000000455e+02 8.600102766518856262e-30
8.087999999999999545e+02 7.811457061917287516e-33
8.508999999999999773e+02 2.124097353750221962e-33
8.952000000000000455e+02 6.399420773206280086e-37
9.417999999999999545e+02 2.157929988418491727e-37
9.908000000000000682e+02 1.621722675965371945e-41
1.042000000000000000e+03 6.430679623999590934e-42
1.097000000000000000e+03 1.108779397485578351e-46
1.154000000000000000e+03 4.850524258421484457e-47
1.214000000000000000e+03 1.984867247348839869e-52
1.277000000000000000e+03 9.512491124570025482e-53
1.344000000000000000e+03 8.045741582678353115e-59
1.414000000000000000e+03 4.114741173553945513e-59
1.487000000000000000e+03 9.134198136970272381e-61
1.565000000000000000e+03 3.130068920861772302e-66
1.646000000000000000e+03 4.240717661834975686e-67
1.732000000000000000e+03 3.144432561314776828e-74
1.822000000000000000e+03 7.069965563422389399e-75
1.917000000000000000e+03 5.082441033180435361e-83
2.017000000000000000e+03 1.506083172761322500e-83
2.122000000000000000e+03 5.942368666163836102e-93
2.232000000000000000e+03 2.145559896130083649e-93
2.348000000000000000e+03 5.579556867325560265e-104
2.470000000000000000e+03 2.307689582529004016e-104
2.599000000000000000e+03 2.970791741202211279e-116
2.734000000000000000e+03 1.358951572563274571e-116
2.877000000000000000e+03 6.924384500052186551e-130
3.027000000000000000e+03 3.415091279181924401e-130
3.184000000000000000e+03 3.305718339957392514e-145
3.350000000000000000e+03 1.744174652387454268e-145
3.524000000000000000e+03 1.210946332553896971e-146
3.708000000000000000e+03 1.850770816599484827e-162
3.901000000000000000e+03 3.177774056391128554e-163
4.104000000000000000e+03 2.151903991060306535e-181
4.318000000000000000e+03 5.481576366284585094e-182
4.543000000000000000e+03 1.861492322995851257e-202
4.779000000000000000e+03 6.053032075099019456e-203
5.028000000000000000e+03 5.604724417809404835e-226
5.290000000000000000e+03 2.137950061312941382e-226
5.565000000000000000e+03 3.047085930912074894e-252
5.855000000000000000e+03 1.311768458556680597e-252
6.160000000000000000e+03 1.810936012887079817e-281
6.481000000000000000e+03 8.549702532679300107e-282
6.818000000000000000e+03 5.720878803863478720e-314
7.173000000000000000e+03 2.908623115505286553e-314
7.547000000000000000e+03 0.000000000000000000e+00
7.940000000000000000e+03 0.000000000000000000e+00
8.353000000000000000e+03 0.000000000000000000e+00
8.788000000000000000e+03 0.000000000000000000e+00
9.246000000000000000e+03 0.000000000000000000e+00
9.727000000000000000e+03 0.000000000000000000e+00
1.023000000000000000e+04 0.000000000000000000e+00
1.077000000000000000e+04 0.000000000000000000e+00
1.133000000000000000e+04 0.000000000000000000e+00
1.192000000000000000e+04 0.000000000000000000e+00
1.254000000000000000e+04 0.000000000000000000e+00
1.319000000000000000e+04 0.000000000000000000e+00
1.388000000000000000e+04 0.000000000000000000e+00
1.460000000000000000e+04 0.000000000000000000e+00
1.536000000000000000e+04 0.000000000000000000e+00
1.616000000000000000e+04 0.000000000000000000e+00
1.700000000000000000e+04 0.000000000000000000e+00
1.789000000000000000e+04 0.000000000000000000e+00
1.882000000000000000e+04 0.000000000000000000e+00
1.980000000000000000e+04 0.000000000000000000e+00
2.083000000000000000e+04 0.000000000000000000e+00
2.191000000000000000e+04 0.000000000000000000e+00
2.305000000000000000e+04 0.000000000000000000e+00
2.425000000000000000e+04 0.000000000000000000e+00
2.552000000000000000e+04 0.000000000000000000e+00
2.684000000000000000e+04 0.000000000000000000e+00
2.824000000000000000e+04 0.000000000000000000e+00
2.971000000000000000e+04 0.000000000000000000e+00
3.126000000000000000e+04 0.000000000000000000e+00
3.289000000000000000e+04 0.000000000000000000e+00
3.460000000000000000e+04 0.000000000000000000e+00
3.640000000000000000e+04 0.000000000000000000e+00
3.830000000000000000e+04 0.000000000000000000e+00
4.029000000000000000e+04 0.000000000000000000e+00
4.239000000000000000e+04 0.000000000000000000e+00
4.460000000000000000e+04 0.000000000000000000e+00
4.692000000000000000e+04 0.000000000000000000e+00
4.936000000000000000e+04 0.000000000000000000e+00
5.193000000000000000e+04 0.000000000000000000e+00
5.464000000000000000e+04 0.000000000000000000e+00
5.748000000000000000e+04 0.000000000000000000e+00
6.047000000000000000e+04 0.000000000000000000e+00
6.362000000000000000e+04 0.000000000000000000e+00
6.693000000000000000e+04 0.000000000000000000e+00
7.042000000000000000e+04 0.000000000000000000e+00
7.409000000000000000e+04 0.000000000000000000e+00
7.794000000000000000e+04 0.000000000000000000e+00
8.200000000000000000e+04 0.000000000000000000e+00
8.627000000000000000e+04 0.000000000000000000e+00
9.076000000000000000e+04 0.000000000000000000e+00
9.549000000000000000e+04 0.000000000000000000e+00
1.005000000000000000e+05 0.000000000000000000e+00
1.057000000000000000e+05 0.000000000000000000e+00
1.112000000000000000e+05 0.000000000000000000e+00
1.170000000000000000e+05 0.000000000000000000e+00
1.231000000000000000e+05 0.000000000000000000e+00
1.295000000000000000e+05 0.000000000000000000e+00
1.362000000000000000e+05 0.000000000000000000e+00
1.433000000000000000e+05 0.000000000000000000e+00
1.508000000000000000e+05 0.000000000000000000e+00
1.586000000000000000e+05 0.000000000000000000e+00
1.669000000000000000e+05 0.000000000000000000e+00
1.756000000000000000e+05 0.000000000000000000e+00
1.847000000000000000e+05 0.000000000000000000e+00
1.943000000000000000e+05 0.000000000000000000e+00
2.045000000000000000e+05 0.000000000000000000e+00
2.151000000000000000e+05 0.000000000000000000e+00
2.263000000000000000e+05 0.000000000000000000e+00
2.381000000000000000e+05 0.000000000000000000e+00
2.505000000000000000e+05 0.000000000000000000e+00
2.635000000000000000e+05 0.000000000000000000e+00
2.773000000000000000e+05 0.000000000000000000e+00
2.917000000000000000e+05 0.000000000000000000e+00
3.069000000000000000e+05 0.000000000000000000e+00
3.229000000000000000e+05 0.000000000000000000e+00
3.397000000000000000e+05 0.000000000000000000e+00
3.574000000000000000e+05 0.000000000000000000e+00
3.760000000000000000e+05 0.000000000000000000e+00
3.955000000000000000e+05 0.000000000000000000e+00
4.161000000000000000e+05 0.000000000000000000e+00
4.378000000000000000e+05 0.000000000000000000e+00
4.606000000000000000e+05 0.000000000000000000e+00
4.846000000000000000e+05 0.000000000000000000e+00
5.098000000000000000e+05 0.000000000000000000e+00
5.364000000000000000e+05 0.000000000000000000e+00
5.643000000000000000e+05 0.000000000000000000e+00
5.937000000000000000e+05 0.000000000000000000e+00
6.246000000000000000e+05 0.000000000000000000e+00
6.571000000000000000e+05 0.000000000000000000e+00
6.913000000000000000e+05 0.000000000000000000e+00
7.273000000000000000e+05 0.000000000000000000e+00
7.652000000000000000e+05 0.000000000000000000e+00
8.050000000000000000e+05 0.000000000000000000e+00
8.469000000000000000e+05 0.000000000000000000e+00
8.910000000000000000e+05 0.000000000000000000e+00
9.374000000000000000e+05 0.000000000000000000e+00
9.863000000000000000e+05 0.000000000000000000e+00
1.038000000000000000e+06 0.000000000000000000e+00
1.092000000000000000e+06 0.000000000000000000e+00
1.148000000000000000e+06 0.000000000000000000e+00
1.208000000000000000e+06 0.000000000000000000e+00
1.271000000000000000e+06 0.000000000000000000e+00
1.337000000000000000e+06 0.000000000000000000e+00
1.407000000000000000e+06 0.000000000000000000e+00
1.480000000000000000e+06 0.000000000000000000e+00
1.557000000000000000e+06 0.000000000000000000e+00
1.638000000000000000e+06 0.000000000000000000e+00
1.724000000000000000e+06 0.000000000000000000e+00
1.814000000000000000e+06 0.000000000000000000e+00
1.908000000000000000e+06 0.000000000000000000e+00
2.007000000000000000e+06 0.000000000000000000e+00
2.112000000000000000e+06 0.000000000000000000e+00
2.222000000000000000e+06 0.000000000000000000e+00
2.337000000000000000e+06 0.000000000000000000e+00
2.459000000000000000e+06 0.000000000000000000e+00
2.587000000000000000e+06 0.000000000000000000e+00
2.722000000000000000e+06 0.000000000000000000e+00
2.864000000000000000e+06 0.000000000000000000e+00
3.013000000000000000e+06 0.000000000000000000e+00
3.170000000000000000e+06 0.000000000000000000e+00
3.335000000000000000e+06 0.000000000000000000e+00
3.508000000000000000e+06 0.000000000000000000e+00
3.691000000000000000e+06 0.000000000000000000e+00
3.883000000000000000e+06 0.000000000000000000e+00
4.085000000000000000e+06 0.000000000000000000e+00
4.298000000000000000e+06 0.000000000000000000e+00
4.522000000000000000e+06 0.000000000000000000e+00
4.757000000000000000e+06 0.000000000000000000e+00
5.005000000000000000e+06 0.000000000000000000e+00
5.266000000000000000e+06 0.000000000000000000e+00
5.540000000000000000e+06 0.000000000000000000e+00
5.828000000000000000e+06 0.000000000000000000e+00
6.132000000000000000e+06 0.000000000000000000e+00
6.451000000000000000e+06 0.000000000000000000e+00
6.787000000000000000e+06 0.000000000000000000e+00
7.140000000000000000e+06 0.000000000000000000e+00
7.512000000000000000e+06 0.000000000000000000e+00
7.903000000000000000e+06 0.000000000000000000e+00
8.315000000000000000e+06 0.000000000000000000e+00
8.748000000000000000e+06 0.000000000000000000e+00
9.203000000000000000e+06 0.000000000000000000e+00
9.682000000000000000e+06 0.000000000000000000e+00
1.019000000000000000e+07 0.000000000000000000e+00
1.072000000000000000e+07 0.000000000000000000e+00
1.127000000000000000e+07 0.000000000000000000e+00
1.186000000000000000e+07 0.000000000000000000e+00
1.248000000000000000e+07 0.000000000000000000e+00
1.313000000000000000e+07 0.000000000000000000e+00
1.381000000000000000e+07 0.000000000000000000e+00
1.453000000000000000e+07 0.000000000000000000e+00
1.529000000000000000e+07 0.000000000000000000e+00
1.608000000000000000e+07 0.000000000000000000e+00
1.692000000000000000e+07 0.000000000000000000e+00
1.780000000000000000e+07 0.000000000000000000e+00
1.873000000000000000e+07 0.000000000000000000e+00
1.971000000000000000e+07 0.000000000000000000e+00
2.073000000000000000e+07 0.000000000000000000e+00
2.181000000000000000e+07 0.000000000000000000e+00
2.295000000000000000e+07 0.000000000000000000e+00
2.414000000000000000e+07 0.000000000000000000e+00
2.540000000000000000e+07 0.000000000000000000e+00
2.672000000000000000e+07 0.000000000000000000e+00
2.811000000000000000e+07 0.000000000000000000e+00
2.958000000000000000e+07 0.000000000000000000e+00
3.112000000000000000e+07 0.000000000000000000e+00
3.274000000000000000e+07 0.000000000000000000e+00
3.444000000000000000e+07 0.000000000000000000e+00
3.623000000000000000e+07 0.000000000000000000e+00
3.812000000000000000e+07 0.000000000000000000e+00
4.011000000000000000e+07 0.000000000000000000e+00
4.219000000000000000e+07 0.000000000000000000e+00
4.439000000000000000e+07 0.000000000000000000e+00
4.670000000000000000e+07 0.000000000000000000e+00
4.913000000000000000e+07 0.000000000000000000e+00
5.169000000000000000e+07 0.000000000000000000e+00
5.438000000000000000e+07 0.000000000000000000e+00
5.722000000000000000e+07 0.000000000000000000e+00
6.019000000000000000e+07 0.000000000000000000e+00
6.333000000000000000e+07 0.000000000000000000e+00
6.663000000000000000e+07 0.000000000000000000e+00
7.010000000000000000e+07 0.000000000000000000e+00
7.375000000000000000e+07 0.000000000000000000e+00
7.759000000000000000e+07 0.000000000000000000e+00
8.163000000000000000e+07 0.000000000000000000e+00
8.588000000000000000e+07 0.000000000000000000e+00
9.035000000000000000e+07 0.000000000000000000e+00
9.505000000000000000e+07 0.000000000000000000e+00
1.000000000000000000e+08 0.000000000000000000e+00
