1.000000000000000021e-03 3.137654372950697507e+03
1.051999999999999984e-03 3.117678646546482469e+03
1.106999999999999911e-03 3.096540902581247792e+03
1.163999999999999887e-03 3.066475186007801312e+03
1.224999999999999960e-03 3.038795301471850507e+03
1.288999999999999998e-03 2.998847763647953343e+03
1.356000000000000000e-03 2.964071666516170808e+03
1.427000000000000100e-03 2.915849993936622013e+03
1.500999999999999947e-03 2.871693444338128756e+03
1.579000000000000108e-03 2.817358017943970481e+03
1.661000000000000150e-03 2.764573556585789902e+03
1.747999999999999988e-03 2.704372040556480442e+03
1.839000000000000140e-03 2.642845984596953258e+03
1.935000000000000088e-03 2.577612823276621384e+03
2.034999999999999917e-03 2.509760380473963323e+03
2.141000000000000108e-03 2.439530695276210736e+03
2.252999999999999794e-03 2.365803959377667070e+03
2.370000000000000145e-03 2.292074002691334499e+03
2.492999999999999990e-03 2.214850678762680673e+03
2.623000000000000331e-03 2.138386493323998820e+03
2.759999999999999867e-03 2.058457611712952257e+03
2.903999999999999897e-03 1.980481285670715351e+03
3.054999999999999990e-03 1.901131865594954888e+03
3.213999999999999843e-03 1.823680690286681056e+03
3.380999999999999891e-03 1.746169813939518008e+03
3.556999999999999832e-03 1.669672585159214577e+03
3.742000000000000100e-03 1.595503385648270523e+03
3.936999999999999528e-03 1.522207547224543760e+03
4.142000000000000716e-03 1.452589034615562014e+03
4.357999999999999895e-03 1.383467007951422602e+03
4.585000000000000533e-03 1.319447920270807117e+03
4.824000000000000163e-03 1.256022632382513166e+03
5.074999999999999650e-03 1.198250677495707123e+03
5.338999999999999996e-03 1.141702434309959472e+03
5.616999999999999597e-03 1.090303425809342343e+03
5.908999999999999322e-03 1.041002928437621222e+03
6.217000000000000304e-03 9.964954870603103245e+02
6.540999999999999939e-03 9.544431243459127927e+02
6.880999999999999964e-03 9.169008242868919751e+02
7.239999999999999908e-03 8.823215603011681196e+02
7.617000000000000506e-03 8.512970016864501304e+02
8.012999999999999290e-03 8.236202452478369196e+02
8.429999999999999993e-03 7.988481051249825668e+02
8.868999999999998413e-03 7.774391134559833745e+02
9.330999999999999017e-03 7.583028451863197006e+02
9.816999999999999338e-03 7.425751211815119177e+02
1.032999999999999891e-02 7.284701050343954876e+02
1.086999999999999945e-02 7.173048942595314657e+02
1.143000000000000092e-02 7.078341042151303100e+02
1.203000000000000076e-02 7.006479853639459634e+02
1.264999999999999979e-02 6.948276165863592269e+02
1.330999999999999892e-02 6.908494226268986722e+02
1.400999999999999988e-02 6.879471023505116136e+02
1.473000000000000004e-02 6.865359372937547278e+02
1.549999999999999989e-02 6.860759132451337337e+02
1.631000000000000158e-02 6.862917022193262255e+02
1.715999999999999817e-02 6.875743022166809624e+02
1.805000000000000007e-02 6.891019032640192563e+02
1.898999999999999994e-02 6.914644553889032750e+02
1.997999999999999776e-02 6.940473589458175638e+02
2.101999999999999702e-02 6.968861879251073788e+02
2.212000000000000077e-02 7.000634172109731708e+02
2.326999999999999902e-02 7.030771475438800735e+02
2.447999999999999829e-02 7.065011035432902418e+02
2.574999999999999858e-02 7.092869360571023662e+02
2.708999999999999950e-02 7.125345903878834406e+02
2.850000000000000103e-02 7.151100826331277176e+02
2.998999999999999930e-02 7.180143602739204880e+02
3.155000000000000165e-02 7.201173527280100188e+02
3.318999999999999728e-02 7.222598379894229765e+02
3.491999999999999965e-02 7.237307128883571750e+02
3.673999999999999488e-02 7.251594558117208180e+02
3.864999999999999686e-02 7.257695496340918453e+02
4.066000000000000170e-02 7.262108433198142166e+02
4.277999999999999858e-02 7.259157236852914821e+02
4.500999999999999446e-02 7.252258818678726584e+02
4.734999999999999626e-02 7.241534359767354090e+02
4.982000000000000317e-02 7.222548571605213965e+02
5.240999999999999825e-02 7.201818050323627176e+02
5.513999999999999457e-02 7.170711518877426442e+02
5.800999999999999907e-02 7.139232741608215065e+02
6.102999999999999398e-02 7.096986072630579656e+02
6.421000000000000318e-02 7.054150430266106468e+02
6.755999999999999506e-02 7.001147556957217830e+02
7.106999999999999429e-02 6.947153956571422668e+02
7.477000000000000313e-02 6.885269659778371079e+02
7.867000000000000381e-02 6.818639887470210397e+02
8.276000000000000023e-02 6.746690505099365964e+02
8.707000000000000850e-02 6.669611707384826786e+02
9.160999999999999699e-02 6.587905088919067111e+02
9.637999999999999345e-02 6.500265206520321044e+02
1.014000000000000040e-01 6.410297085456340938e+02
1.067000000000000032e-01 6.312210543858587926e+02
1.122000000000000081e-01 6.214953938475555333e+02
1.180999999999999966e-01 6.108387673109140223e+02
1.242000000000000048e-01 6.002724304395255785e+02
1.307000000000000106e-01 5.888576960886070992e+02
1.375000000000000111e-01 5.774777746838635721e+02
1.446999999999999953e-01 5.654525072898165945e+02
1.522000000000000020e-01 5.534804846014303621e+02
1.600999999999999923e-01 5.410966554376790327e+02
1.683999999999999941e-01 5.285488781101551012e+02
1.771999999999999964e-01 5.157043694285563333e+02
1.864000000000000101e-01 5.027060319361075926e+02
1.960999999999999965e-01 4.895598454565101747e+02
2.064000000000000001e-01 4.761030262438249565e+02
2.170999999999999874e-01 4.627975900334364496e+02
2.283999999999999919e-01 4.492582983325829105e+02
2.403000000000000136e-01 4.357733724960130530e+02
2.528000000000000247e-01 4.222248646560309453e+02
2.660000000000000142e-01 4.086360703915287331e+02
2.798000000000000487e-01 3.952078718737010377e+02
2.943999999999999950e-01 3.816884032017007939e+02
3.096999999999999753e-01 3.683461296914812237e+02
3.259000000000000230e-01 3.549446866587344971e+02
3.427999999999999936e-01 3.418602222135021407e+02
3.606999999999999651e-01 3.287649345977835651e+02
3.795000000000000040e-01 3.159753543604595052e+02
3.991999999999999993e-01 3.033356157128711743e+02
4.200000000000000400e-01 2.909823837520521010e+02
4.419000000000000150e-01 2.787639009236524430e+02
4.649000000000000354e-01 2.668704810108554284e+02
4.891000000000000347e-01 2.551935525340441586e+02
5.144999999999999574e-01 2.438502579499359513e+02
5.413000000000000034e-01 2.327550191138457194e+02
5.695000000000000062e-01 2.219644459777783254e+02
5.992000000000000659e-01 2.115438567972849455e+02
6.304000000000000714e-01 2.014090009437117601e+02
6.632000000000000117e-01 1.917354359362323635e+02
6.976999999999999869e-01 1.823033447042010948e+02
7.340999999999999748e-01 1.732920356123386227e+02
7.722999999999999865e-01 1.645416530054166060e+02
8.125000000000000000e-01 1.562375347244878867e+02
8.548000000000000043e-01 1.482003759566305234e+02
8.992999999999999883e-01 1.406047527619123514e+02
9.460999999999999410e-01 1.333568251251062406e+02
9.954000000000000625e-01 1.264860955277809467e+02
1.046999999999999931e+00 1.200481467900588086e+02
1.101999999999999869e+00 1.138415766793013972e+02
1.159000000000000030e+00 1.081203569063111729e+02
1.219000000000000083e+00 1.026554345195174562e+02
1.283000000000000140e+00 9.750216644915036568e+01
1.350000000000000089e+00 9.265186093808554801e+01
1.419999999999999929e+00 8.820511376059505437e+01
1.493999999999999995e+00 8.406995895599283131e+01
1.572000000000000064e+00 8.023553306845397515e+01
1.654000000000000137e+00 7.677551084745212506e+01
1.739999999999999991e+00 7.353599411984221490e+01
1.830000000000000071e+00 7.065193102655049984e+01
1.925999999999999934e+00 6.787950687537116323e+01
2.025999999999999801e+00 6.544500537255241568e+01
2.131000000000000227e+00 6.318722264446080317e+01
2.241999999999999993e+00 6.118878059987315510e+01
2.358999999999999986e+00 5.944601435179423277e+01
2.481999999999999762e+00 5.789977041806193370e+01
2.611000000000000210e+00 5.665081167367848280e+01
2.746999999999999886e+00 5.548419588276026104e+01
2.890000000000000124e+00 5.456413120634508829e+01
3.040999999999999925e+00 5.367510428161784830e+01
3.198999999999999844e+00 5.298551019438454546e+01
3.366000000000000103e+00 5.238988700416695110e+01
3.540999999999999925e+00 5.195342065322039815e+01
3.725000000000000089e+00 5.173763044295934321e+01
3.918999999999999595e+00 5.162441096718080047e+01
4.123000000000000220e+00 5.176327500291524331e+01
4.338000000000000078e+00 5.192361073528982729e+01
4.564000000000000057e+00 5.221733410769002148e+01
4.801000000000000156e+00 5.247929124481626673e+01
5.051000000000000156e+00 5.273307744606124459e+01
5.314000000000000057e+00 5.299211893134820883e+01
5.590999999999999304e+00 5.316372865151008398e+01
5.881999999999999673e+00 5.341054703574234708e+01
6.187999999999999723e+00 5.359682973629035985e+01
6.511000000000000121e+00 5.386496965381338953e+01
6.850000000000000533e+00 5.416282762767716719e+01
7.205999999999999517e+00 5.446153549084226597e+01
7.581999999999999851e+00 5.483593644625757690e+01
7.976000000000000867e+00 5.514082394278084820e+01
8.391999999999999460e+00 5.548508239943334530e+01
8.829000000000000625e+00 5.575710998931554485e+01
9.288000000000000256e+00 5.597839902860533812e+01
9.772000000000000242e+00 5.616733254899271799e+01
1.027999999999999936e+01 5.620717111854806802e+01
1.082000000000000028e+01 5.627156919137001267e+01
1.137999999999999901e+01 5.614224466902462041e+01
1.196999999999999886e+01 5.601327401914019788e+01
1.259999999999999964e+01 5.574235392379325305e+01
1.325000000000000000e+01 5.533165773948154964e+01
1.393999999999999950e+01 5.490339252490371535e+01
1.466999999999999993e+01 5.419720257665389340e+01
1.542999999999999972e+01 5.353228774186487726e+01
1.623000000000000043e+01 5.257019951256884838e+01
1.708000000000000185e+01 5.157898609572639970e+01
1.796999999999999886e+01 5.035789271965628444e+01
1.889999999999999858e+01 4.903439210209732124e+01
1.989000000000000057e+01 4.751166839394499419e+01
2.092000000000000171e+01 4.585077580533805985e+01
2.200999999999999801e+01 4.401172860084484739e+01
2.316000000000000014e+01 4.199664922571758296e+01
2.437000000000000099e+01 3.981614371259681207e+01
2.562999999999999901e+01 3.749525588129322529e+01
2.697000000000000242e+01 3.499634652023481607e+01
2.837000000000000099e+01 3.237344144370838706e+01
2.985000000000000142e+01 2.961534249879824188e+01
3.139999999999999858e+01 2.677653884488533720e+01
3.303999999999999915e+01 2.385848665431350923e+01
3.475999999999999801e+01 2.094497063365230360e+01
3.657000000000000028e+01 1.806963345343933725e+01
3.846999999999999886e+01 1.530564662453797098e+01
4.048000000000000398e+01 1.269808601399542169e+01
4.259000000000000341e+01 1.031306435001809518e+01
4.479999999999999716e+01 8.216407598097021037e+00
4.714000000000000057e+01 6.400563403783770866e+00
4.959000000000000341e+01 4.895569819450706461e+00
5.217000000000000171e+01 3.688697861820216417e+00
5.489000000000000057e+01 2.726636399662844212e+00
5.775000000000000000e+01 2.005124723683056942e+00
6.075000000000000000e+01 1.454099808850608966e+00
6.392000000000000171e+01 1.051865222943540346e+00
6.723999999999999488e+01 7.534673169837819984e-01
7.075000000000000000e+01 5.354168510618908527e-01
7.442999999999999261e+01 3.754391120837352602e-01
7.829999999999999716e+01 2.570283195445091096e-01
8.237999999999999545e+01 1.706100970233257463e-01
8.667000000000000171e+01 1.087942086862871971e-01
9.117999999999999261e+01 6.697531447449045494e-02
9.593000000000000682e+01 3.917647550966507630e-02
1.009000000000000057e+02 2.282213715576125734e-02
1.062000000000000028e+02 1.246565493281076575e-02
1.116999999999999886e+02 7.130419322077696798e-03
1.175000000000000000e+02 3.822509007996383046e-03
1.236000000000000085e+02 2.091897633265490941e-03
1.300999999999999943e+02 1.033210321534538262e-03
1.369000000000000057e+02 5.124435593977932912e-04
1.440000000000000000e+02 2.345910181343665440e-04
1.515000000000000000e+02 1.051360604698695946e-04
1.593999999999999773e+02 4.585909296320428256e-05
1.676999999999999886e+02 1.875620945562513422e-05
1.764000000000000057e+02 7.617247653842330705e-06
1.855999999999999943e+02 2.678084306116277572e-06
1.952000000000000171e+02 1.002314082613739497e-06
2.054000000000000057e+02 3.058412896099584391e-07
2.160999999999999943e+02 1.045106821041105267e-07
2.273999999999999773e+02 2.698302658389534539e-08
2.391999999999999886e+02 8.158002574072920524e-09
2.516999999999999886e+02 1.853299660181750126e-09
2.647999999999999545e+02 5.136359424266910827e-10
2.785000000000000000e+02 1.139821494691968735e-10
2.930000000000000000e+02 2.459781419065690065e-11
3.083000000000000114e+02 5.544915439974616176e-12
3.244000000000000341e+02 9.717629069959615665e-13
3.411999999999999886e+02 1.910750581642467963e-13
3.590000000000000000e+02 2.706564160833318015e-14
3.776999999999999886e+02 3.659858317479602602e-15
3.973999999999999773e+02 4.797039233866409724e-16
4.181000000000000227e+02 5.162543419404886335e-17
4.398000000000000114e+02 6.146683742689149556e-18
4.626999999999999886e+02 2.983420280632141084e-19
4.868000000000000114e+02 3.466898849538815546e-20
5.122000000000000455e+02 1.448708307049321403e-21
5.387999999999999545e+02 1.684047605816310168e-22
5.668999999999999773e+02 2.702934789464592438e-24
5.964000000000000909e+02 3.200450246650695580e-25
6.275000000000000000e+02 2.912824395199207817e-27
6.601000000000000227e+02 5.342580060202143537e-28
6.945000000000000000e+02 3.288619065607629146e-29
7.307000000000000455e+02 3.744623603941932993e-31
7.687000000000000455e+02 3.271288561755825573e-32
8.087999999999999545e+02 7.773335231354366720e-35
8.508999999999999773e+02 7.855436654423065205e-36
8.952000000000000455e+02 7.022474941997180096e-39
9.417999999999999545e+02 7.773111013202994234e-40
9.908000000000000682e+02 1.933514395625787508e-43
1.042000000000000000e+03 2.407427568377987117e-44
1.097000000000000000e+03 1.376160693954230642e-48
1.154000000000000000e+03 1.690863843044491986e-49
1.214000000000000000e+03 2.520181605657638535e-54
1.277000000000000000e+03 3.320327376854221674e-55
1.344000000000000000e+03 1.022869844274806892e-60
1.414000000000000000e+03 1.512721952872141562e-61
1.487000000000000000e+03 3.082931841520074352e-63
1.565000000000000000e+03 1.679490382594230266e-68
1.646000000000000000e+03 1.344283010650976258e-69
1.732000000000000000e+03 2.064377769702214802e-76
1.822000000000000000e+03 2.165304169958624178e-77
1.917000000000000000e+03 3.670773703594037726e-85
2.017000000000000000e+03 4.435813156055128778e-86
2.122000000000000000e+03 4.584238566963383197e-95
2.232000000000000000e+03 6.111308618043556651e-96
2.348000000000000000e+03 4.277429563962444160e-106
2.470000000000000000e+03 6.229729553752885487e-107
2.599000000000000000e+03 2.252860095511009334e-118
2.734000000000000000e+03 3.520750828676990792e-119
2.877000000000000000e+03 4.911407253804853521e-132
3.027000000000000000e+03 8.161764154893159455e-133
3.184000000000000000e+03 2.240184003841550415e-147
3.350000000000000000e+03 4.900018807736756449e-148
3.524000000000000000e+03 2.710954106414784870e-149
3.708000000000000000e+03 5.977597520485215993e-165
3.901000000000000000e+03 6.443045958169399951e-166
4.104000000000000000e+03 7.633447707782610074e-184
4.318000000000000000e+03 1.057559350611915204e-184
4.543000000000000000e+03 5.974687080993408486e-205
4.779000000000000000e+03 1.005702876055849730e-205
5.028000000000000000e+03 1.672267639311349374e-228
5.290000000000000000e+03 3.178287157891917781e-229
5.565000000000000000e+03 9.027974210746985103e-255
5.855000000000000000e+03 1.854319645431970729e-255
6.160000000000000000e+03 4.653932761509509156e-284
6.481000000000000000e+03 1.050254746083107275e-284
6.818000000000000000e+03 1.481171553682360709e-316
7.173000000000000000e+03 0.000000000000000000e+00
7.547000000000000000e+03 0.000000000000000000e+00
7.940000000000000000e+03 0.000000000000000000e+00
8.353000000000000000e+03 0.000000000000000000e+00
8.788000000000000000e+03 0.000000000000000000e+00
9.246000000000000000e+03 0.000000000000000000e+00
9.727000000000000000e+03 0.000000000000000000e+00
1.023000000000000000e+04 0.000000000000000000e+00
1.077000000000000000e+04 0.000000000000000000e+00
1.133000000000000000e+04 0.000000000000000000e+00
1.192000000000000000e+04 0.000000000000000000e+00
1.254000000000000000e+04 0.000000000000000000e+00
1.319000000000000000e+04 0.000000000000000000e+00
1.388000000000000000e+04 0.000000000000000000e+00
1.460000000000000000e+04 0.000000000000000000e+00
1.536000000000000000e+04 0.000000000000000000e+00
1.616000000000000000e+04 0.000000000000000000e+00
1.700000000000000000e+04 0.000000000000000000e+00
1.789000000000000000e+04 0.000000000000000000e+00
1.882000000000000000e+04 0.000000000000000000e+00
1.980000000000000000e+04 0.000000000000000000e+00
2.083000000000000000e+04 0.000000000000000000e+00
2.191000000000000000e+04 0.000000000000000000e+00
2.305000000000000000e+04 0.000000000000000000e+00
2.425000000000000000e+04 0.000000000000000000e+00
2.552000000000000000e+04 0.000000000000000000e+00
2.684000000000000000e+04 0.000000000000000000e+00
2.824000000000000000e+04 0.000000000000000000e+00
2.971000000000000000e+04 0.000000000000000000e+00
3.126000000000000000e+04 0.000000000000000000e+00
3.289000000000000000e+04 0.000000000000000000e+00
3.460000000000000000e+04 0.000000000000000000e+00
3.640000000000000000e+04 0.000000000000000000e+00
3.830000000000000000e+04 0.000000000000000000e+00
4.029000000000000000e+04 0.000000000000000000e+00
4.239000000000000000e+04 0.000000000000000000e+00
4.460000000000000000e+04 0.000000000000000000e+00
4.692000000000000000e+04 0.000000000000000000e+00
4.936000000000000000e+04 0.000000000000000000e+00
5.193000000000000000e+04 0.000000000000000000e+00
5.464000000000000000e+04 0.000000000000000000e+00
5.748000000000000000e+04 0.000000000000000000e+00
6.047000000000000000e+04 0.000000000000000000e+00
6.362000000000000000e+04 0.000000000000000000e+00
6.693000000000000000e+04 0.000000000000000000e+00
7.042000000000000000e+04 0.000000000000000000e+00
7.409000000000000000e+04 0.000000000000000000e+00
7.794000000000000000e+04 0.000000000000000000e+00
8.200000000000000000e+04 0.000000000000000000e+00
8.627000000000000000e+04 0.000000000000000000e+00
9.076000000000000000e+04 0.000000000000000000e+00
9.549000000000000000e+04 0.000000000000000000e+00
1.005000000000000000e+05 0.000000000000000000e+00
1.057000000000000000e+05 0.000000000000000000e+00
1.112000000000000000e+05 0.000000000000000000e+00
1.170000000000000000e+05 0.000000000000000000e+00
1.231000000000000000e+05 0.000000000000000000e+00
1.295000000000000000e+05 0.000000000000000000e+00
1.362000000000000000e+05 0.000000000000000000e+00
1.433000000000000000e+05 0.000000000000000000e+00
1.508000000000000000e+05 0.000000000000000000e+00
1.586000000000000000e+05 0.000000000000000000e+00
1.669000000000000000e+05 0.000000000000000000e+00
1.756000000000000000e+05 0.000000000000000000e+00
1.847000000000000000e+05 0.000000000000000000e+00
1.943000000000000000e+05 0.000000000000000000e+00
2.045000000000000000e+05 0.000000000000000000e+00
2.151000000000000000e+05 0.000000000000000000e+00
2.263000000000000000e+05 0.000000000000000000e+00
2.381000000000000000e+05 0.000000000000000000e+00
2.505000000000000000e+05 0.000000000000000000e+00
2.635000000000000000e+05 0.000000000000000000e+00
2.773000000000000000e+05 0.000000000000000000e+00
2.917000000000000000e+05 0.000000000000000000e+00
3.069000000000000000e+05 0.000000000000000000e+00
3.229000000000000000e+05 0.000000000000000000e+00
3.397000000000000000e+05 0.000000000000000000e+00
3.574000000000000000e+05 0.000000000000000000e+00
3.760000000000000000e+05 0.000000000000000000e+00
3.955000000000000000e+05 0.000000000000000000e+00
4.161000000000000000e+05 0.000000000000000000e+00
4.378000000000000000e+05 0.000000000000000000e+00
4.606000000000000000e+05 0.000000000000000000e+00
4.846000000000000000e+05 0.000000000000000000e+00
5.098000000000000000e+05 0.000000000000000000e+00
5.364000000000000000e+05 0.000000000000000000e+00
5.643000000000000000e+05 0.000000000000000000e+00
5.937000000000000000e+05 0.000000000000000000e+00
6.246000000000000000e+05 0.000000000000000000e+00
6.571000000000000000e+05 0.000000000000000000e+00
6.913000000000000000e+05 0.000000000000000000e+00
7.273000000000000000e+05 0.000000000000000000e+00
7.652000000000000000e+05 0.000000000000000000e+00
8.050000000000000000e+05 0.000000000000000000e+00
8.469000000000000000e+05 0.000000000000000000e+00
8.910000000000000000e+05 0.000000000000000000e+00
9.374000000000000000e+05 0.000000000000000000e+00
9.863000000000000000e+05 0.000000000000000000e+00
1.038000000000000000e+06 0.000000000000000000e+00
1.092000000000000000e+06 0.000000000000000000e+00
1.148000000000000000e+06 0.000000000000000000e+00
1.208000000000000000e+06 0.000000000000000000e+00
1.271000000000000000e+06 0.000000000000000000e+00
1.337000000000000000e+06 0.000000000000000000e+00
1.407000000000000000e+06 0.000000000000000000e+00
1.480000000000000000e+06 0.000000000000000000e+00
1.557000000000000000e+06 0.000000000000000000e+00
1.638000000000000000e+06 0.000000000000000000e+00
1.724000000000000000e+06 0.000000000000000000e+00
1.814000000000000000e+06 0.000000000000000000e+00
1.908000000000000000e+06 0.000000000000000000e+00
2.007000000000000000e+06 0.000000000000000000e+00
2.112000000000000000e+06 0.000000000000000000e+00
2.222000000000000000e+06 0.000000000000000000e+00
2.337000000000000000e+06 0.000000000000000000e+00
2.459000000000000000e+06 0.000000000000000000e+00
2.587000000000000000e+06 0.000000000000000000e+00
2.722000000000000000e+06 0.000000000000000000e+00
2.864000000000000000e+06 0.000000000000000000e+00
3.013000000000000000e+06 0.000000000000000000e+00
3.170000000000000000e+06 0.000000000000000000e+00
3.335000000000000000e+06 0.000000000000000000e+00
3.508000000000000000e+06 0.000000000000000000e+00
3.691000000000000000e+06 0.000000000000000000e+00
3.883000000000000000e+06 0.000000000000000000e+00
4.085000000000000000e+06 0.000000000000000000e+00
4.298000000000000000e+06 0.000000000000000000e+00
4.522000000000000000e+06 0.000000000000000000e+00
4.757000000000000000e+06 0.000000000000000000e+00
5.005000000000000000e+06 0.000000000000000000e+00
5.266000000000000000e+06 0.000000000000000000e+00
5.540000000000000000e+06 0.000000000000000000e+00
5.828000000000000000e+06 0.000000000000000000e+00
6.132000000000000000e+06 0.000000000000000000e+00
6.451000000000000000e+06 0.000000000000000000e+00
6.787000000000000000e+06 0.000000000000000000e+00
7.140000000000000000e+06 0.000000000000000000e+00
7.512000000000000000e+06 0.000000000000000000e+00
7.903000000000000000e+06 0.000000000000000000e+00
8.315000000000000000e+06 0.000000000000000000e+00
8.748000000000000000e+06 0.000000000000000000e+00
9.203000000000000000e+06 0.000000000000000000e+00
9.682000000000000000e+06 0.000000000000000000e+00
1.019000000000000000e+07 0.000000000000000000e+00
1.072000000000000000e+07 0.000000000000000000e+00
1.127000000000000000e+07 0.000000000000000000e+00
1.186000000000000000e+07 0.000000000000000000e+00
1.248000000000000000e+07 0.000000000000000000e+00
1.313000000000000000e+07 0.000000000000000000e+00
1.381000000000000000e+07 0.000000000000000000e+00
1.453000000000000000e+07 0.000000000000000000e+00
1.529000000000000000e+07 0.000000000000000000e+00
1.608000000000000000e+07 0.000000000000000000e+00
1.692000000000000000e+07 0.000000000000000000e+00
1.780000000000000000e+07 0.000000000000000000e+00
1.873000000000000000e+07 0.000000000000000000e+00
1.971000000000000000e+07 0.000000000000000000e+00
2.073000000000000000e+07 0.000000000000000000e+00
2.181000000000000000e+07 0.000000000000000000e+00
2.295000000000000000e+07 0.000000000000000000e+00
2.414000000000000000e+07 0.000000000000000000e+00
2.540000000000000000e+07 0.000000000000000000e+00
2.672000000000000000e+07 0.000000000000000000e+00
2.811000000000000000e+07 0.000000000000000000e+00
2.958000000000000000e+07 0.000000000000000000e+00
3.112000000000000000e+07 0.000000000000000000e+00
3.274000000000000000e+07 0.000000000000000000e+00
3.444000000000000000e+07 0.000000000000000000e+00
3.623000000000000000e+07 0.000000000000000000e+00
3.812000000000000000e+07 0.000000000000000000e+00
4.011000000000000000e+07 0.000000000000000000e+00
4.219000000000000000e+07 0.000000000000000000e+00
4.439000000000000000e+07 0.000000000000000000e+00
4.670000000000000000e+07 0.000000000000000000e+00
4.913000000000000000e+07 0.000000000000000000e+00
5.169000000000000000e+07 0.000000000000000000e+00
5.438000000000000000e+07 0.000000000000000000e+00
5.722000000000000000e+07 0.000000000000000000e+00
6.019000000000000000e+07 0.000000000000000000e+00
6.333000000000000000e+07 0.000000000000000000e+00
6.663000000000000000e+07 0.000000000000000000e+00
7.010000000000000000e+07 0.000000000000000000e+00
7.375000000000000000e+07 0.000000000000000000e+00
7.759000000000000000e+07 0.000000000000000000e+00
8.163000000000000000e+07 0.000000000000000000e+00
8.588000000000000000e+07 0.000000000000000000e+00
9.035000000000000000e+07 0.000000000000000000e+00
9.505000000000000000e+07 0.000000000000000000e+00
1.000000000000000000e+08 0.000000000000000000e+00
