1.774127155601597394e+01 9.574371215919874560e+17
1.874127155601597394e+01 9.053194037852844800e+17
1.974127155601597394e+01 8.576053965848486400e+17
2.074127155601597394e+01 8.137635938384442880e+17
2.174127155601597394e+01 7.734596711899522560e+17
2.274127155601597394e+01 7.361978290632322560e+17
2.374127155601597394e+01 7.017688908163662080e+17
2.474127155601597394e+01 6.698763369612234240e+17
2.574127155601597394e+01 6.402587987925506560e+17
2.674127155601597394e+01 6.126823093215034880e+17
2.774127155601597394e+01 5.868627438815575040e+17
2.874127155601597394e+01 5.625879000361681280e+17
2.974127155601597394e+01 5.396728079413960960e+17
3.074127155601597394e+01 5.180589559347406720e+17
3.174127155601597394e+01 4.974771731754389760e+17
3.274127155601597394e+01 4.778940684918079360e+17
3.374127155601597394e+01 4.593021937372325760e+17
3.474127155601597394e+01 4.414694803200862080e+17
3.574127155601597394e+01 4.246397866267339520e+17
3.674127155601597394e+01 4.084842795862887040e+17
3.774127155601597394e+01 3.931749013419196800e+17
3.874127155601597394e+01 3.787162559697402880e+17
3.974127155601597394e+01 3.646818649053295360e+17
4.074127155601597394e+01 3.514355696763008000e+17
4.174127155601597394e+01 3.388814250853237760e+17
4.274127155601597394e+01 3.265652886743138560e+17
4.374127155601597394e+01 3.148730150901381120e+17
4.474127155601597394e+01 3.034856662149640960e+17
4.574127155601597394e+01 2.924364429886968960e+17
4.674127155601597394e+01 2.816843064217376960e+17
4.774127155601597394e+01 2.711730383929675200e+17
4.874127155601597394e+01 2.609527531052839040e+17
4.974127155601597394e+01 2.509650636284272640e+17
5.074127155601597394e+01 2.412000739545734400e+17
5.174127155601597394e+01 2.316616189880617280e+17
5.274127155601597394e+01 2.223375169136772160e+17
5.374127155601597394e+01 2.132354072005754880e+17
5.474127155601597394e+01 2.043327049809788160e+17
5.574127155601597394e+01 1.956300765680005760e+17
5.674127155601597394e+01 1.871761938086520640e+17
5.774127155601597394e+01 1.788401080886972160e+17
5.874127155601597394e+01 1.708616034425126400e+17
5.974127155601597394e+01 1.629799919814888960e+17
6.074127155601597394e+01 1.554008874597661760e+17
6.174127155601597394e+01 1.481951028928888960e+17
6.274127155601597394e+01 1.409726392226698240e+17
6.374127155601597394e+01 1.341457840429091840e+17
6.474127155601597394e+01 1.276752318441998880e+17
6.574127155601597394e+01 1.211983030958726240e+17
6.674127155601597394e+01 1.150752624192719680e+17
6.774127155601597394e+01 1.092934784138658720e+17
6.874127155601597394e+01 1.035327379101996480e+17
6.974127155601597394e+01 9.808768666234313600e+16
7.074127155601597394e+01 9.296504655022232000e+16
7.174127155601597394e+01 8.789309570118332800e+16
7.274127155601597394e+01 8.310077029270841600e+16
7.374127155601597394e+01 7.860712813223473600e+16
7.474127155601597394e+01 7.418912157066987200e+16
7.574127155601597394e+01 7.001653209887857600e+16
7.674127155601597394e+01 6.611534463929502400e+16
7.774127155601597394e+01 6.231338451862554400e+16
7.874127155601597394e+01 5.872585417043618400e+16
7.974127155601597394e+01 5.537853447941450400e+16
8.074127155601597394e+01 5.213878493051358400e+16
8.174127155601597394e+01 4.908333040790752800e+16
8.274127155601597394e+01 4.623738459025376800e+16
8.374127155601597394e+01 4.351610258393067200e+16
8.474127155601597394e+01 4.095597579454763200e+16
