1.473707518796992133e+01 8.616131821301378048e+18
1.573707518796992133e+01 8.104734286299383808e+18
1.673707518796992133e+01 7.633511526779924480e+18
1.773707518796992133e+01 7.206213830008561664e+18
1.873707518796992133e+01 6.813770015085756416e+18
1.973707518796992133e+01 6.454689170754279424e+18
2.073707518796992133e+01 6.125259329678712832e+18
2.173707518796992133e+01 5.821647244019134464e+18
2.273707518796992133e+01 5.541082405433970688e+18
2.373707518796992133e+01 5.281790193854197760e+18
2.473707518796992133e+01 5.041655083783798784e+18
2.573707518796992133e+01 4.818747484286052352e+18
2.673707518796992133e+01 4.611100963940752896e+18
2.773707518796992133e+01 4.415913794433564160e+18
2.873707518796992133e+01 4.233768770750123520e+18
2.973707518796992133e+01 4.061696289949346816e+18
3.073707518796992133e+01 3.899028298658198016e+18
3.173707518796992133e+01 3.744119237857985536e+18
3.273707518796992133e+01 3.597252363315099648e+18
3.373707518796992133e+01 3.456955476051297792e+18
3.473707518796992133e+01 3.323516167219641344e+18
3.573707518796992133e+01 3.196367546458032128e+18
3.673707518796992133e+01 3.075349055246795264e+18
3.773707518796992133e+01 2.960245200284525568e+18
3.873707518796992133e+01 2.850657188321283072e+18
3.973707518796992133e+01 2.746165889547515904e+18
4.073707518796992133e+01 2.646476845857877504e+18
4.173707518796992133e+01 2.550783429100608000e+18
4.273707518796992133e+01 2.458914392691482624e+18
4.373707518796992133e+01 2.370226522368159744e+18
4.473707518796992133e+01 2.284368526521383168e+18
4.573707518796992133e+01 2.201044247567348480e+18
4.673707518796992133e+01 2.120049618403130368e+18
4.773707518796992133e+01 2.041077316447802368e+18
4.873707518796992133e+01 1.964022793462211072e+18
4.973707518796992133e+01 1.888820181631268096e+18
5.073707518796992133e+01 1.815342231793499904e+18
5.173707518796992133e+01 1.743559370834173440e+18
5.273707518796992133e+01 1.673370751235255808e+18
5.373707518796992133e+01 1.604872581192636928e+18
5.473707518796992133e+01 1.537835147160605952e+18
5.573707518796992133e+01 1.472457702503041536e+18
5.673707518796992133e+01 1.408689734150223360e+18
5.773707518796992133e+01 1.346545447981245952e+18
5.873707518796992133e+01 1.286090371672427776e+18
5.973707518796992133e+01 1.227558718118722560e+18
6.073707518796992133e+01 1.170761296330947072e+18
6.173707518796992133e+01 1.115688682606642304e+18
6.273707518796992133e+01 1.062503300350865920e+18
6.373707518796992133e+01 1.010972556344835840e+18
6.473707518796992133e+01 9.613385480575105280e+17
6.573707518796992133e+01 9.134214190919873280e+17
6.673707518796992133e+01 8.672847943266374400e+17
6.773707518796992133e+01 8.228966876639223040e+17
6.873707518796992133e+01 7.801764259210892800e+17
6.973707518796992133e+01 7.392700370004524800e+17
7.073707518796992133e+01 7.000050957922042880e+17
7.173707518796992133e+01 6.623088443712849920e+17
7.273707518796992133e+01 6.262755847270045440e+17
7.373707518796992133e+01 5.918582388015454720e+17
7.473707518796992133e+01 5.589776355321448960e+17
7.573707518796992133e+01 5.276546929078885120e+17
7.673707518796992133e+01 4.977038451846360960e+17
7.773707518796992133e+01 4.694508690935928320e+17
7.873707518796992133e+01 4.424986552302127360e+17
7.973707518796992133e+01 4.169370003412771840e+17
8.073707518796992133e+01 3.927238950343337600e+17
8.173707518796992133e+01 3.697888510525469440e+17
8.273707518796992133e+01 3.481186147174063360e+17
8.373707518796992133e+01 3.276847644622387200e+17
8.473707518796992133e+01 3.083692575596737920e+17
8.573707518796992133e+01 2.901606330678440960e+17
8.673707518796992133e+01 2.730047560375383680e+17
