4.999999999999999237e-03 2.901017725898044800e+17
9.999999999999998473e-03 1.136983151928981120e+17
1.499999999999999771e-02 5.407599072241624800e+16
1.999999999999999695e-02 2.792637854907442800e+16
2.499999999999999445e-02 1.504398285762293200e+16
2.999999999999999195e-02 8.286996365158884000e+15
3.499999999999999639e-02 4.611473301880069000e+15
3.999999999999999389e-02 2.570130401162260000e+15
4.499999999999999140e-02 1.424117034184633500e+15
4.999999999999998890e-02 7.788464890276016250e+14
5.499999999999998640e-02 4.169246284741786875e+14
5.999999999999999084e-02 2.160869047711603125e+14
6.499999999999998834e-02 1.067778250381997344e+14
6.999999999999999278e-02 4.901084258630146094e+13
7.499999999999999722e-02 1.997084144948516016e+13
7.999999999999998779e-02 6.532914250063793945e+12
8.499999999999999223e-02 1.264726030327278809e+12
8.999999999999999667e-02 8.030950205576506042e+10
