1.603007518796992770e+01 1.762439808599712876e+01
1.703007518796992770e+01 1.402814933274742870e+01
1.803007518796992770e+01 1.110385317790293236e+01
1.903007518796992770e+01 8.786630138631572606e+00
2.003007518796992770e+01 6.860048055982173487e+00
2.103007518796992770e+01 5.283712881366970038e+00
2.203007518796992770e+01 4.019244677463762017e+00
2.303007518796992770e+01 3.017274708264912064e+00
2.403007518796992770e+01 2.238128922382459418e+00
2.503007518796992770e+01 1.646508928466331678e+00
2.603007518796992770e+01 1.203416990485061344e+00
2.703007518796992770e+01 8.761945310772450979e-01
2.803007518796992770e+01 6.364060295392683919e-01
2.903007518796992770e+01 4.602772907861525375e-01
3.003007518796992770e+01 3.339868375206501705e-01
3.103007518796992770e+01 2.417715515335457921e-01
3.203007518796992770e+01 1.746542524880149716e-01
3.303007518796992770e+01 1.255616452754496903e-01
3.403007518796992770e+01 9.017156613448870650e-02
3.503007518796992770e+01 6.440592934785610568e-02
3.603007518796992770e+01 4.589444805286601453e-02
3.703007518796992770e+01 3.260226745465388126e-02
3.803007518796992770e+01 2.311037956467138638e-02
3.903007518796992770e+01 1.636332466498730334e-02
4.003007518796992770e+01 1.157392729125256148e-02
4.103007518796992770e+01 8.179043029356906219e-03
4.203007518796992770e+01 5.783022996925237316e-03
4.303007518796992770e+01 4.086494354312513767e-03
4.403007518796992770e+01 2.888514117460124105e-03
4.503007518796992770e+01 2.038998303168998785e-03
4.603007518796992770e+01 1.438758164434479755e-03
4.703007518796992770e+01 1.013836417649923924e-03
4.803007518796992770e+01 7.134962344941913042e-04
4.903007518796992770e+01 5.015793307322211677e-04
5.003007518796992770e+01 3.519338201591424437e-04
5.103007518796992770e+01 2.468162139468056552e-04
5.203007518796992770e+01 1.726424601893124971e-04
5.303007518796992770e+01 1.206633555948618039e-04
5.403007518796992770e+01 8.421184427647628317e-05
5.503007518796992770e+01 5.875266936193109934e-05
5.603007518796992770e+01 4.090920944323099865e-05
5.703007518796992770e+01 2.845698231850417439e-05
5.803007518796992770e+01 1.977484145508600613e-05
5.903007518796992770e+01 1.372661735331911263e-05
6.003007518796992770e+01 9.520313750121422430e-06
6.103007518796992770e+01 6.599179352730696275e-06
6.203007518796992770e+01 4.565640595619974695e-06
6.303007518796992770e+01 3.157393457930308911e-06
6.403007518796992770e+01 2.180851556095575998e-06
6.503007518796992770e+01 1.502841781913282866e-06
6.603007518796992770e+01 1.034985066407814257e-06
6.703007518796992770e+01 7.121139878461615082e-07
6.803007518796992770e+01 4.894284451305301924e-07
6.903007518796992770e+01 3.354405765864778997e-07
7.003007518796992770e+01 2.299629324420062739e-07
7.103007518796992770e+01 1.577618691835822761e-07
7.203007518796992770e+01 1.080558402963254109e-07
7.303007518796992770e+01 7.401663139619555013e-08
7.403007518796992770e+01 5.064181618015740163e-08
7.503007518796992770e+01 3.464016805271716519e-08
7.603007518796992770e+01 2.371707219846472275e-08
7.703007518796992770e+01 1.618897779912887603e-08
7.803007518796992770e+01 1.105786976827239938e-08
7.903007518796992770e+01 7.574148456439512427e-09
8.003007518796992770e+01 5.171543674302186758e-09
8.103007518796992770e+01 3.532935956622064243e-09
8.203007518796992770e+01 2.413840712127695550e-09
8.303007518796992770e+01 1.653694929267585483e-09
8.403007518796992770e+01 1.131600478554719809e-09
8.503007518796992770e+01 7.748954211061302653e-10
8.603007518796992770e+01 5.300637661709928042e-10
8.703007518796992770e+01 3.628693645238747601e-10
8.803007518796992770e+01 2.488808402771496475e-10
