1.300000000000000000e+01 2.049257533191471969e-01
1.400000000000000000e+01 1.589067168775725736e-01
1.500000000000000000e+01 1.245758320306281780e-01
1.600000000000000000e+01 9.852405695345956005e-02
1.700000000000000000e+01 7.871630221374537051e-02
1.800000000000000000e+01 6.343454088464035856e-02
1.900000000000000000e+01 5.085233288131753987e-02
2.000000000000000000e+01 4.050032579106454395e-02
2.100000000000000000e+01 3.106154392170722145e-02
2.200000000000000000e+01 2.288278339016129245e-02
2.300000000000000000e+01 1.708366493325269228e-02
2.400000000000000000e+01 1.245953589754906707e-02
2.500000000000000000e+01 8.850488865360351190e-03
2.600000000000000000e+01 6.370311210561425963e-03
2.700000000000000000e+01 4.583430004088019302e-03
2.800000000000000000e+01 3.290868584212711372e-03
2.900000000000000000e+01 2.390028712664810616e-03
3.000000000000000000e+01 1.716994196273077767e-03
3.100000000000000000e+01 1.217383277634858730e-03
3.200000000000000000e+01 8.724941102751330177e-04
3.300000000000000000e+01 6.173365790332361941e-04
3.400000000000000000e+01 4.301578369441987548e-04
3.500000000000000000e+01 3.028483206519650339e-04
3.600000000000000000e+01 2.153097864623630155e-04
3.700000000000000000e+01 1.544947662995157329e-04
3.800000000000000000e+01 1.085017405804919476e-04
3.900000000000000000e+01 7.434502622813052818e-05
4.000000000000000000e+01 5.142555363317988530e-05
4.100000000000000000e+01 3.589358105095872122e-05
4.200000000000000000e+01 2.480597297665968745e-05
4.300000000000000000e+01 1.693665108415674090e-05
4.400000000000000000e+01 1.166464138256925830e-05
4.500000000000000000e+01 8.100648007181849685e-06
4.600000000000000000e+01 5.670424683046656927e-06
4.700000000000000000e+01 3.899831569885666942e-06
4.800000000000000000e+01 2.627396885384361170e-06
4.900000000000000000e+01 1.784477370153269438e-06
5.000000000000000000e+01 1.221409866585060553e-06
5.100000000000000000e+01 8.422569193387651826e-07
5.200000000000000000e+01 5.849731785006732510e-07
5.300000000000000000e+01 4.012425706527857041e-07
5.400000000000000000e+01 2.711646140119821372e-07
5.500000000000000000e+01 1.845682800693771587e-07
5.600000000000000000e+01 1.264935275194226781e-07
5.700000000000000000e+01 8.726934749701749316e-08
5.800000000000000000e+01 6.059513834934550945e-08
5.900000000000000000e+01 4.233523518554844376e-08
6.000000000000000000e+01 2.888480703399863684e-08
6.100000000000000000e+01 1.917726854143752824e-08
6.200000000000000000e+01 1.281670748116246300e-08
6.300000000000000000e+01 8.620794521032922185e-09
6.400000000000000000e+01 5.834614406726621299e-09
6.500000000000000000e+01 3.972720801528408661e-09
6.600000000000000000e+01 2.720794252797140379e-09
6.700000000000000000e+01 1.833326316528836092e-09
6.800000000000000000e+01 1.211990008839434491e-09
6.900000000000000000e+01 8.060574558963771053e-10
7.000000000000000000e+01 5.392200485994037667e-10
7.100000000000000000e+01 3.627669164524262113e-10
7.200000000000000000e+01 2.454044582528836166e-10
7.300000000000000000e+01 1.669032129349050219e-10
7.400000000000000000e+01 1.141067742102910442e-10
7.500000000000000000e+01 7.592379432110872270e-11
7.600000000000000000e+01 4.895728061992539026e-11
7.700000000000000000e+01 3.174928451314866669e-11
7.800000000000000000e+01 2.070447679047844960e-11
7.900000000000000000e+01 1.357522532730077282e-11
8.000000000000000000e+01 8.947947136636627024e-12
8.100000000000000000e+01 5.928388285492249856e-12
8.200000000000000000e+01 3.947590630644128072e-12
8.300000000000000000e+01 2.641539840510044392e-12
8.400000000000000000e+01 1.755775008113483795e-12
8.500000000000000000e+01 1.157366934621239604e-12
8.600000000000000000e+01 7.666191780734482797e-13
8.700000000000000000e+01 5.102067578392319090e-13
8.800000000000000000e+01 3.411330714206385729e-13
8.900000000000000000e+01 2.291222610506246023e-13
9.000000000000000000e+01 1.545727225646998755e-13
9.100000000000000000e+01 1.047317215922014519e-13
9.200000000000000000e+01 7.126274284319680112e-14
9.300000000000000000e+01 4.869071380697644882e-14
9.400000000000000000e+01 3.231303356987893643e-14
9.500000000000000000e+01 2.073524768394126807e-14
9.600000000000000000e+01 1.336747212986910260e-14
9.700000000000000000e+01 8.656781366333880937e-15
9.800000000000000000e+01 5.631064761330825276e-15
9.900000000000000000e+01 3.678853846649140061e-15
1.000000000000000000e+02 2.413707757063314941e-15
1.010000000000000000e+02 1.590267929871341600e-15
1.020000000000000000e+02 1.052043706693465411e-15
1.030000000000000000e+02 6.987801736177179415e-16
1.040000000000000000e+02 4.659690978301328865e-16
1.050000000000000000e+02 3.119254488941509723e-16
1.060000000000000000e+02 2.058423552455940718e-16
1.070000000000000000e+02 1.335704474463395487e-16
1.080000000000000000e+02 8.702145326691942129e-17
1.090000000000000000e+02 5.691813095894896751e-17
1.100000000000000000e+02 3.737250299260968042e-17
1.110000000000000000e+02 2.463206067609963710e-17
1.120000000000000000e+02 1.629546930452102837e-17
1.130000000000000000e+02 1.081986667454547075e-17
1.140000000000000000e+02 7.210044655355588861e-18
1.150000000000000000e+02 4.821562885649598380e-18
1.160000000000000000e+02 3.235527407074195940e-18
1.170000000000000000e+02 2.178632145438584116e-18
1.180000000000000000e+02 1.471902948651910772e-18
1.190000000000000000e+02 8.601425713234216217e-19
1.200000000000000000e+02 4.226687319433014464e-19
1.210000000000000000e+02 2.089211797611632591e-19
1.220000000000000000e+02 1.038665201571134707e-19
1.230000000000000000e+02 5.193242157859741585e-20
1.240000000000000000e+02 2.611148395679237389e-20
1.250000000000000000e+02 1.320126621738875173e-20
1.260000000000000000e+02 6.710465909838195811e-21
1.270000000000000000e+02 3.429301779344460467e-21
1.280000000000000000e+02 1.761726334572892468e-21
1.290000000000000000e+02 9.097362681645174145e-22
1.300000000000000000e+02 4.721742736034972261e-22
1.310000000000000000e+02 2.463003921223780351e-22
