1.900000000000000000e+01 9.082191699810915342e-02
2.000000000000000000e+01 7.723422218964436092e-02
2.100000000000000000e+01 6.317018842129130951e-02
2.200000000000000000e+01 4.963834422508527772e-02
2.300000000000000000e+01 3.941713591343437573e-02
2.400000000000000000e+01 2.981618649173621224e-02
2.500000000000000000e+01 2.141250711028897316e-02
2.600000000000000000e+01 1.557497599312428378e-02
2.700000000000000000e+01 1.152269673306707647e-02
2.800000000000000000e+01 8.665750427958843552e-03
2.900000000000000000e+01 6.581637690182529608e-03
3.000000000000000000e+01 4.911751865130698641e-03
3.100000000000000000e+01 3.593951075404994491e-03
3.200000000000000000e+01 2.655556747446248447e-03
3.300000000000000000e+01 1.954115899187192345e-03
3.400000000000000000e+01 1.429983215413830559e-03
3.500000000000000000e+01 1.055827904497468744e-03
3.600000000000000000e+01 7.861777075682642793e-04
3.700000000000000000e+01 5.900857279299640944e-04
3.800000000000000000e+01 4.340436727807841046e-04
3.900000000000000000e+01 3.121221230802247951e-04
4.000000000000000000e+01 2.263088275426265359e-04
4.100000000000000000e+01 1.653822682798033713e-04
4.200000000000000000e+01 1.186934546004932866e-04
4.300000000000000000e+01 8.344794172051577951e-05
4.400000000000000000e+01 5.914079938580802228e-05
4.500000000000000000e+01 4.223634554335467864e-05
4.600000000000000000e+01 3.038561879284255602e-05
4.700000000000000000e+01 2.137505829649872626e-05
4.800000000000000000e+01 1.465701209461764081e-05
4.900000000000000000e+01 1.012820311380516542e-05
5.000000000000000000e+01 7.050727824271287104e-06
5.100000000000000000e+01 4.943377546825748323e-06
5.200000000000000000e+01 3.489658187784408271e-06
5.300000000000000000e+01 2.460028187326405867e-06
5.400000000000000000e+01 1.730015282378079205e-06
5.500000000000000000e+01 1.224455066997218602e-06
5.600000000000000000e+01 8.720055709562801418e-07
5.700000000000000000e+01 6.247191920458959298e-07
5.800000000000000000e+01 4.501426833372496862e-07
5.900000000000000000e+01 3.261598018144563477e-07
6.000000000000000000e+01 2.296737547623819602e-07
6.100000000000000000e+01 1.566071926643305634e-07
6.200000000000000000e+01 1.074477316573134893e-07
6.300000000000000000e+01 7.416220421150780438e-08
6.400000000000000000e+01 5.148568154743668192e-08
6.500000000000000000e+01 3.594439299570332313e-08
