1.473707518796992133e+01 2.869351877039758954e+06
1.573707518796992133e+01 3.248225700035241898e+06
1.673707518796992133e+01 3.644007658531054854e+06
1.773707518796992133e+01 4.057848999690107536e+06
1.873707518796992133e+01 4.485778523008855060e+06
1.973707518796992133e+01 4.926621906242851168e+06
2.073707518796992133e+01 5.379072742669363506e+06
2.173707518796992133e+01 5.840840229911834933e+06
2.273707518796992133e+01 6.309813302847456187e+06
2.373707518796992133e+01 6.785119007913063280e+06
2.473707518796992133e+01 7.265165512610260397e+06
2.573707518796992133e+01 7.749633931760831736e+06
2.673707518796992133e+01 8.237592922153734602e+06
2.773707518796992133e+01 8.726127106429422274e+06
2.873707518796992133e+01 9.219990505484782159e+06
2.973707518796992133e+01 9.713750138616845012e+06
3.073707518796992133e+01 1.020744793226584606e+07
3.173707518796992133e+01 1.069849192951035500e+07
3.273707518796992133e+01 1.118904959776867740e+07
3.373707518796992133e+01 1.167602702388915233e+07
3.473707518796992133e+01 1.216129720723929256e+07
3.573707518796992133e+01 1.264405657688033767e+07
3.673707518796992133e+01 1.312493999605951086e+07
3.773707518796992133e+01 1.360431382738351449e+07
3.873707518796992133e+01 1.408220399319443479e+07
3.973707518796992133e+01 1.455824984116280824e+07
4.073707518796992133e+01 1.503224773176698759e+07
4.173707518796992133e+01 1.550202918565557897e+07
4.273707518796992133e+01 1.596760690540515631e+07
4.373707518796992133e+01 1.642672087026338838e+07
4.473707518796992133e+01 1.687866155027795210e+07
4.573707518796992133e+01 1.732267897628377378e+07
4.673707518796992133e+01 1.775839284573277459e+07
4.773707518796992133e+01 1.818579587603483349e+07
4.873707518796992133e+01 1.860504264010508731e+07
4.973707518796992133e+01 1.901685388276451081e+07
5.073707518796992133e+01 1.942140851957289502e+07
5.173707518796992133e+01 1.981929340728167444e+07
5.273707518796992133e+01 2.021062236568880826e+07
5.373707518796992133e+01 2.059601157485331222e+07
5.473707518796992133e+01 2.097496359431764111e+07
5.573707518796992133e+01 2.134777497744171321e+07
5.673707518796992133e+01 2.171440540940045565e+07
5.773707518796992133e+01 2.207454059709589928e+07
5.873707518796992133e+01 2.242801222186640278e+07
5.973707518796992133e+01 2.277532254743725806e+07
6.073707518796992133e+01 2.311570961794071645e+07
6.173707518796992133e+01 2.344895318685059249e+07
6.273707518796992133e+01 2.377546743767130747e+07
6.373707518796992133e+01 2.409428996692273393e+07
6.473707518796992133e+01 2.440623480784485489e+07
6.573707518796992133e+01 2.471048692751687020e+07
6.673707518796992133e+01 2.500749797959581763e+07
6.773707518796992133e+01 2.529711193139027804e+07
6.873707518796992133e+01 2.557894732433262840e+07
6.973707518796992133e+01 2.585393084755159542e+07
7.073707518796992133e+01 2.612141905657232925e+07
7.173707518796992133e+01 2.638089470643807203e+07
7.273707518796992133e+01 2.663308826451823860e+07
7.373707518796992133e+01 2.687794325639317185e+07
7.473707518796992133e+01 2.711519817865252122e+07
7.573707518796992133e+01 2.734519656748953089e+07
7.673707518796992133e+01 2.756647263468756899e+07
7.773707518796992133e+01 2.778285423318334669e+07
7.873707518796992133e+01 2.799088179593198374e+07
7.973707518796992133e+01 2.819162282409664243e+07
8.073707518796992133e+01 2.838508861990103871e+07
8.173707518796992133e+01 2.857171677710872516e+07
8.273707518796992133e+01 2.875148876133279875e+07
8.373707518796992133e+01 2.892476265821911022e+07
8.473707518796992133e+01 2.909107839332074672e+07
8.573707518796992133e+01 2.925126630439844355e+07
8.673707518796992133e+01 2.940520594751506299e+07
