1.900000000000000000e+01 2.111259066383297904e+05
2.000000000000000000e+01 2.448652049197238521e+05
2.100000000000000000e+01 2.809836506596026593e+05
2.200000000000000000e+01 3.193340488282586448e+05
2.300000000000000000e+01 3.609060863235166762e+05
2.400000000000000000e+01 4.057234251614807290e+05
2.500000000000000000e+01 4.538777627980005345e+05
2.600000000000000000e+01 5.055623117655115202e+05
2.700000000000000000e+01 5.603623559269178659e+05
2.800000000000000000e+01 6.182702751287147403e+05
2.900000000000000000e+01 6.798533904069841374e+05
3.000000000000000000e+01 7.440447015521038556e+05
3.100000000000000000e+01 8.107131474890835816e+05
3.200000000000000000e+01 8.809898407892778050e+05
3.300000000000000000e+01 9.538490323334863642e+05
3.400000000000000000e+01 1.029177528256368823e+06
3.500000000000000000e+01 1.108046180889230222e+06
3.600000000000000000e+01 1.190514610625692643e+06
3.700000000000000000e+01 1.276641743718306767e+06
3.800000000000000000e+01 1.367068867669014260e+06
3.900000000000000000e+01 1.461939060448048171e+06
4.000000000000000000e+01 1.560772922617464326e+06
4.100000000000000000e+01 1.663632052909215912e+06
4.200000000000000000e+01 1.768654026004459709e+06
4.300000000000000000e+01 1.875647718657911522e+06
4.400000000000000000e+01 1.986460573766251095e+06
4.500000000000000000e+01 2.101138497917331755e+06
4.600000000000000000e+01 2.219726910838885233e+06
4.700000000000000000e+01 2.337729994683939964e+06
4.800000000000000000e+01 2.454696890632158611e+06
4.900000000000000000e+01 2.574949293706714176e+06
5.000000000000000000e+01 2.698510321260280907e+06
5.100000000000000000e+01 2.825402786007808987e+06
5.200000000000000000e+01 2.955649205958308186e+06
5.300000000000000000e+01 3.089788180322431028e+06
5.400000000000000000e+01 3.227889492764744908e+06
5.500000000000000000e+01 3.369483577159350738e+06
5.600000000000000000e+01 3.514593450569113251e+06
5.700000000000000000e+01 3.663241866608948912e+06
5.800000000000000000e+01 3.815451323046437930e+06
5.900000000000000000e+01 3.971244069055396132e+06
6.000000000000000000e+01 4.129482136116828769e+06
6.100000000000000000e+01 4.290092737110101618e+06
6.200000000000000000e+01 4.454208034613873810e+06
6.300000000000000000e+01 4.621846594601254910e+06
6.400000000000000000e+01 4.793026784329814836e+06
6.500000000000000000e+01 4.967766777548984624e+06
6.600000000000000000e+01 5.146084559492726810e+06
6.700000000000000000e+01 5.321693113703235984e+06
6.800000000000000000e+01 5.494173824049558491e+06
6.900000000000000000e+01 5.669623290190186352e+06
7.000000000000000000e+01 5.848048792071206495e+06
7.100000000000000000e+01 6.029457523097869940e+06
7.200000000000000000e+01 6.213856592369468883e+06
7.300000000000000000e+01 6.401253026826245710e+06
7.400000000000000000e+01 6.591653773312910460e+06
7.500000000000000000e+01 6.773054617018000223e+06
7.600000000000000000e+01 6.944810509443207644e+06
7.700000000000000000e+01 7.118606360380603001e+06
7.800000000000000000e+01 7.294439607505870052e+06
7.900000000000000000e+01 7.472307724505713210e+06
8.000000000000000000e+01 7.652208220122528262e+06
8.100000000000000000e+01 7.834138637235995382e+06
8.200000000000000000e+01 8.018096551979780197e+06
8.300000000000000000e+01 8.204079572891611606e+06
8.400000000000000000e+01 8.375190784179214388e+06
8.500000000000000000e+01 8.530771003042750061e+06
8.600000000000000000e+01 8.687381822078738362e+06
8.700000000000000000e+01 8.845018035168217495e+06
8.800000000000000000e+01 9.003674521887380630e+06
8.900000000000000000e+01 9.163346245141403750e+06
9.000000000000000000e+01 9.324028248889412731e+06
9.100000000000000000e+01 9.485715655956041068e+06
9.200000000000000000e+01 9.648403665925512090e+06
9.300000000000000000e+01 9.812087553114108741e+06
9.400000000000000000e+01 9.960458789183106273e+06
9.500000000000000000e+01 1.009309518357332610e+07
9.600000000000000000e+01 1.022608857342452370e+07
9.700000000000000000e+01 1.035943620510844514e+07
9.800000000000000000e+01 1.049313537430074997e+07
9.900000000000000000e+01 1.062718342460599355e+07
1.000000000000000000e+02 1.076157774623426050e+07
1.010000000000000000e+02 1.089631577472727373e+07
1.020000000000000000e+02 1.103139498973151855e+07
1.030000000000000000e+02 1.116681291381620243e+07
1.040000000000000000e+02 1.130256711133406684e+07
