1.000000000000000021e-03 1.011006926749471677e+04
1.051999999999999984e-03 1.020053367577696008e+04
1.106999999999999911e-03 1.030597391570879881e+04
1.163999999999999887e-03 1.037815239832069710e+04
1.224999999999999960e-03 1.047618030857497251e+04
1.288999999999999998e-03 1.054215655467032957e+04
1.356000000000000000e-03 1.062210635802830257e+04
1.427000000000000100e-03 1.067524120156739809e+04
1.500999999999999947e-03 1.075732343995835618e+04
1.579000000000000108e-03 1.078495411349097958e+04
1.661000000000000150e-03 1.086131717226324872e+04
1.747999999999999988e-03 1.086303443435370536e+04
1.839000000000000140e-03 1.094268842013493486e+04
1.935000000000000088e-03 1.091367164914469686e+04
2.034999999999999917e-03 1.094241749536926000e+04
2.141000000000000108e-03 1.100091793167217111e+04
2.252999999999999794e-03 1.090648105054305233e+04
2.370000000000000145e-03 1.102206412751342032e+04
2.492999999999999990e-03 1.093661077439431574e+04
2.623000000000000331e-03 1.102077246164235476e+04
2.759999999999999867e-03 1.090597630264444524e+04
2.903999999999999897e-03 1.101904574619715277e+04
3.054999999999999990e-03 1.085683501595292000e+04
3.213999999999999843e-03 1.098667336609215818e+04
3.380999999999999891e-03 1.080075488904019039e+04
3.556999999999999832e-03 1.100719896592771147e+04
3.742000000000000100e-03 1.074109185525003704e+04
3.936999999999999528e-03 1.105395501547759886e+04
4.142000000000000716e-03 1.063371155003760941e+04
4.357999999999999895e-03 1.074494725002416999e+04
4.585000000000000533e-03 1.102048178056194047e+04
4.824000000000000163e-03 1.032567036872721656e+04
5.074999999999999650e-03 1.119723259491598583e+04
5.338999999999999996e-03 1.060889797074895250e+04
5.616999999999999597e-03 1.208491787636001391e+04
5.908999999999999322e-03 1.282343278126709993e+04
6.217000000000000304e-03 1.317412264970391334e+04
6.540999999999999939e-03 1.123072783851909480e+04
6.880999999999999964e-03 1.241126914980985021e+04
7.239999999999999908e-03 1.173672816299636361e+04
7.617000000000000506e-03 1.360261688271161256e+04
8.012999999999999290e-03 1.234725184061989421e+04
8.429999999999999993e-03 1.482030569992629898e+04
8.868999999999998413e-03 1.299617916883681755e+04
9.330999999999999017e-03 1.629592896943497544e+04
9.816999999999999338e-03 1.456214727700821823e+04
1.032999999999999891e-02 1.581639666005316758e+04
1.086999999999999945e-02 1.787546211861763368e+04
1.143000000000000092e-02 1.624691746970536406e+04
1.203000000000000076e-02 1.851006749097321153e+04
1.264999999999999979e-02 2.109126007165601914e+04
1.330999999999999892e-02 2.089357156837355433e+04
1.400999999999999988e-02 2.340914075754104124e+04
1.473000000000000004e-02 2.507264901130388171e+04
1.549999999999999989e-02 2.839687141348276054e+04
1.631000000000000158e-02 3.028553035042775082e+04
1.715999999999999817e-02 3.612247491956182785e+04
1.805000000000000007e-02 3.817107290867296251e+04
1.898999999999999994e-02 4.058684650360451633e+04
1.997999999999999776e-02 4.316677941185758391e+04
2.101999999999999702e-02 4.577065111892679124e+04
2.212000000000000077e-02 5.752171577628119121e+04
2.326999999999999902e-02 6.018303785843926016e+04
2.447999999999999829e-02 6.309160470422217622e+04
2.574999999999999858e-02 7.122257728154437791e+04
2.708999999999999950e-02 7.166261346672216314e+04
2.850000000000000103e-02 8.024416180879923922e+04
2.998999999999999930e-02 9.043077817294397391e+04
3.155000000000000165e-02 9.463745410357369110e+04
3.318999999999999728e-02 1.039797482291142369e+05
3.491999999999999965e-02 1.120040579767852178e+05
3.673999999999999488e-02 1.241604617251366872e+05
3.864999999999999686e-02 1.363729855576210248e+05
4.066000000000000170e-02 1.406315724752988899e+05
4.277999999999999858e-02 1.547980225900657533e+05
4.500999999999999446e-02 1.747996767482467985e+05
4.734999999999999626e-02 1.800867248183250776e+05
4.982000000000000317e-02 1.938826317229674896e+05
5.240999999999999825e-02 2.205067015109432978e+05
5.513999999999999457e-02 2.271419647078040289e+05
5.800999999999999907e-02 2.441039790497804934e+05
6.102999999999999398e-02 2.655347632719508838e+05
6.421000000000000318e-02 2.804418305827511940e+05
6.755999999999999506e-02 3.057378936488790787e+05
7.106999999999999429e-02 3.267811597346282215e+05
7.477000000000000313e-02 3.456107250690278015e+05
7.867000000000000381e-02 3.738546729220357374e+05
8.276000000000000023e-02 3.906346925759731093e+05
8.707000000000000850e-02 4.265909944014780922e+05
9.160999999999999699e-02 4.419577450792381424e+05
9.637999999999999345e-02 4.776063787204145337e+05
1.014000000000000040e-01 4.952041442746187095e+05
1.067000000000000032e-01 5.357416118724456755e+05
1.122000000000000081e-01 5.526649950656582369e+05
1.180999999999999966e-01 5.903116141800377518e+05
1.242000000000000048e-01 6.140927852521828609e+05
1.307000000000000106e-01 6.573271603904904332e+05
1.375000000000000111e-01 6.687680701469006017e+05
1.446999999999999953e-01 7.300752767095820745e+05
1.522000000000000020e-01 7.396796960162852192e+05
1.600999999999999923e-01 7.759843298346643569e+05
1.683999999999999941e-01 8.099028916567104170e+05
1.771999999999999964e-01 8.385161138801934430e+05
1.864000000000000101e-01 8.682593315065309871e+05
1.960999999999999965e-01 8.902677178947523935e+05
2.064000000000000001e-01 9.095178887503591832e+05
2.170999999999999874e-01 9.410741181068019941e+05
2.283999999999999919e-01 9.588293992216462502e+05
2.403000000000000136e-01 9.775941116402081680e+05
2.528000000000000247e-01 9.931013590416988591e+05
2.660000000000000142e-01 1.004259487090566312e+06
2.798000000000000487e-01 1.019181110659786034e+06
2.943999999999999950e-01 1.016752546444132808e+06
3.096999999999999753e-01 1.027195370308133191e+06
3.259000000000000230e-01 1.022944661425460596e+06
3.427999999999999936e-01 1.010072699263023678e+06
3.606999999999999651e-01 1.010578168631023378e+06
3.795000000000000040e-01 9.878786892594873207e+05
3.991999999999999993e-01 9.797883714618064696e+05
4.200000000000000400e-01 9.564098787447016221e+05
4.419000000000000150e-01 9.267613241274915636e+05
4.649000000000000354e-01 9.044589462349220412e+05
4.891000000000000347e-01 8.668042156935399398e+05
5.144999999999999574e-01 8.458830906742294319e+05
5.413000000000000034e-01 8.050377883467046777e+05
5.695000000000000062e-01 7.654745532642672770e+05
5.992000000000000659e-01 7.281795623543605907e+05
6.304000000000000714e-01 6.873517020669754129e+05
6.632000000000000117e-01 6.438118792375068879e+05
6.976999999999999869e-01 5.978268858176970389e+05
7.340999999999999748e-01 5.567307853310629725e+05
7.722999999999999865e-01 5.145725945353937568e+05
8.125000000000000000e-01 4.771756726389721734e+05
8.548000000000000043e-01 4.352542337495686370e+05
8.992999999999999883e-01 4.001116903148894780e+05
9.460999999999999410e-01 3.609743466701430734e+05
9.954000000000000625e-01 3.309727866839694325e+05
1.046999999999999931e+00 3.014111576150390320e+05
1.101999999999999869e+00 2.733351894334212411e+05
1.159000000000000030e+00 2.466326957024623989e+05
1.219000000000000083e+00 2.251949179754040088e+05
1.283000000000000140e+00 2.049100651072480541e+05
1.350000000000000089e+00 1.859093022143708076e+05
1.419999999999999929e+00 1.699545828354445694e+05
1.493999999999999995e+00 1.572837829369810643e+05
1.572000000000000064e+00 1.450085638896244054e+05
1.654000000000000137e+00 1.353072038145303086e+05
1.739999999999999991e+00 1.258363145357635367e+05
1.830000000000000071e+00 1.201974478123250010e+05
1.925999999999999934e+00 1.137726079115768371e+05
2.025999999999999801e+00 1.109007409362294566e+05
2.131000000000000227e+00 1.074472744361620571e+05
2.241999999999999993e+00 1.060482198441922083e+05
2.358999999999999986e+00 1.050060482953259780e+05
2.481999999999999762e+00 1.052876308234636526e+05
2.611000000000000210e+00 1.052113112359490915e+05
2.746999999999999886e+00 1.074636249398971268e+05
2.890000000000000124e+00 1.092310053269572527e+05
3.040999999999999925e+00 1.117212953986660577e+05
3.198999999999999844e+00 1.151470315208101383e+05
3.366000000000000103e+00 1.186912543600278586e+05
3.540999999999999925e+00 1.227725435287461005e+05
3.725000000000000089e+00 1.279473742505611008e+05
3.918999999999999595e+00 1.321344021016793267e+05
4.123000000000000220e+00 1.373848641402662615e+05
4.338000000000000078e+00 1.422272951028297539e+05
4.564000000000000057e+00 1.487137968245706579e+05
4.801000000000000156e+00 1.533094365974024113e+05
5.051000000000000156e+00 1.601054499978289241e+05
5.314000000000000057e+00 1.655610628341642150e+05
5.590999999999999304e+00 1.709551750583642570e+05
5.881999999999999673e+00 1.767712148977578909e+05
6.187999999999999723e+00 1.828982688399487524e+05
6.511000000000000121e+00 1.890375067059581634e+05
6.850000000000000533e+00 1.947468723558443016e+05
7.205999999999999517e+00 2.000816293931631953e+05
7.581999999999999851e+00 2.061897973857484758e+05
7.976000000000000867e+00 2.111413287416359817e+05
8.391999999999999460e+00 2.163708582918641914e+05
8.829000000000000625e+00 2.208972141862135322e+05
9.288000000000000256e+00 2.265100324302323279e+05
9.772000000000000242e+00 2.314956118331990147e+05
1.027999999999999936e+01 2.353989838903757336e+05
1.082000000000000028e+01 2.403795493666802649e+05
1.137999999999999901e+01 2.439502820307890070e+05
1.196999999999999886e+01 2.475907155532269971e+05
1.259999999999999964e+01 2.513786496475971944e+05
1.325000000000000000e+01 2.540901523903317284e+05
1.393999999999999950e+01 2.566100354109755426e+05
1.466999999999999993e+01 2.593539103966061957e+05
1.542999999999999972e+01 2.608244702583111357e+05
1.623000000000000043e+01 2.634509498639951344e+05
1.708000000000000185e+01 2.646510722151146038e+05
1.796999999999999886e+01 2.657109596010750975e+05
1.889999999999999858e+01 2.658191188004769501e+05
1.989000000000000057e+01 2.667207825013555121e+05
2.092000000000000171e+01 2.661486164103607298e+05
2.200999999999999801e+01 2.663178981187592726e+05
2.316000000000000014e+01 2.645457896541644004e+05
2.437000000000000099e+01 2.641554985774665838e+05
2.562999999999999901e+01 2.627120110635650344e+05
2.697000000000000242e+01 2.606344678123645135e+05
2.837000000000000099e+01 2.585823436869737343e+05
2.985000000000000142e+01 2.556801505372751562e+05
3.139999999999999858e+01 2.529607857031510794e+05
3.303999999999999915e+01 2.499066076790569059e+05
3.475999999999999801e+01 2.463623984088625875e+05
3.657000000000000028e+01 2.419431875807797478e+05
3.846999999999999886e+01 2.379268438315246312e+05
4.048000000000000398e+01 2.332194443586594425e+05
4.259000000000000341e+01 2.284444258924160968e+05
4.479999999999999716e+01 2.231299543447097531e+05
4.714000000000000057e+01 2.181830322515452281e+05
4.959000000000000341e+01 2.127234679206167057e+05
5.217000000000000171e+01 2.070711183377111447e+05
5.489000000000000057e+01 2.009764352921935497e+05
5.775000000000000000e+01 1.950557897798854101e+05
6.075000000000000000e+01 1.888221456894830917e+05
6.392000000000000171e+01 1.827882949792091968e+05
6.723999999999999488e+01 1.764131390588484646e+05
7.075000000000000000e+01 1.699587984653732274e+05
7.442999999999999261e+01 1.638327337605901703e+05
7.829999999999999716e+01 1.572486515430621803e+05
8.237999999999999545e+01 1.510083018106037634e+05
8.667000000000000171e+01 1.445382460525330098e+05
9.117999999999999261e+01 1.380018956999362854e+05
9.593000000000000682e+01 1.318352148498030438e+05
1.009000000000000057e+02 1.254647901244486566e+05
1.062000000000000028e+02 1.193071710719482944e+05
1.116999999999999886e+02 1.133679394894607540e+05
1.175000000000000000e+02 1.073358512759578880e+05
1.236000000000000085e+02 1.015613524555317999e+05
1.300999999999999943e+02 9.574275368752139912e+04
1.369000000000000057e+02 9.039560922923157341e+04
1.440000000000000000e+02 8.486106808822447783e+04
1.515000000000000000e+02 7.968389590836307616e+04
1.593999999999999773e+02 7.464089436528195802e+04
1.676999999999999886e+02 6.974986016132452642e+04
1.764000000000000057e+02 6.504908390030433657e+04
1.855999999999999943e+02 6.058120758482538804e+04
1.952000000000000171e+02 5.624891978382966772e+04
2.054000000000000057e+02 5.213980778322965489e+04
2.160999999999999943e+02 4.831574416391455452e+04
2.273999999999999773e+02 4.452863997654560080e+04
2.391999999999999886e+02 4.098693613678007387e+04
2.516999999999999886e+02 3.766687618479415687e+04
2.647999999999999545e+02 3.452135156992118573e+04
2.785000000000000000e+02 3.151857454773108475e+04
2.930000000000000000e+02 2.875926582922174202e+04
3.083000000000000114e+02 2.619115747562357501e+04
3.244000000000000341e+02 2.376693510913213322e+04
3.411999999999999886e+02 2.150341665636463586e+04
3.590000000000000000e+02 1.945382188076720195e+04
3.776999999999999886e+02 1.751028202744699956e+04
3.973999999999999773e+02 1.577638858801105562e+04
4.181000000000000227e+02 1.413986186359815656e+04
4.398000000000000114e+02 1.266996934214713292e+04
4.626999999999999886e+02 1.127936881820716007e+04
4.868000000000000114e+02 1.006945859925003970e+04
5.122000000000000455e+02 8.928779431821765684e+03
5.387999999999999545e+02 7.923750033824027923e+03
5.668999999999999773e+02 7.000475392733158515e+03
5.964000000000000909e+02 6.163769265408542196e+03
6.275000000000000000e+02 5.421807701686943801e+03
6.601000000000000227e+02 4.759075149210330892e+03
6.945000000000000000e+02 4.161242071582653807e+03
7.307000000000000455e+02 3.638960182069446091e+03
7.687000000000000455e+02 3.167353405084958013e+03
8.087999999999999545e+02 2.752918764919386376e+03
8.508999999999999773e+02 2.380920752415104744e+03
8.952000000000000455e+02 2.064799588901645620e+03
9.417999999999999545e+02 1.774916664799191722e+03
9.908000000000000682e+02 1.533046229963427777e+03
1.042000000000000000e+03 1.311931843717515676e+03
1.097000000000000000e+03 1.124083705875736086e+03
1.154000000000000000e+03 9.599716786160181528e+02
1.214000000000000000e+03 8.178828146409935016e+02
1.277000000000000000e+03 7.004000833047755350e+02
1.344000000000000000e+03 5.975988275392275000e+02
1.414000000000000000e+03 5.080297298304466267e+02
1.487000000000000000e+03 4.349359825103157391e+02
1.565000000000000000e+03 3.723875899088952792e+02
1.646000000000000000e+03 3.178003776309899422e+02
1.732000000000000000e+03 2.744499100002457226e+02
1.822000000000000000e+03 2.368051600872363736e+02
1.917000000000000000e+03 2.066193986042385120e+02
2.017000000000000000e+03 1.829743666893255067e+02
2.122000000000000000e+03 1.637894480754615074e+02
2.232000000000000000e+03 1.483216350938438950e+02
2.348000000000000000e+03 1.379850378291634740e+02
2.470000000000000000e+03 1.301778510000586380e+02
2.599000000000000000e+03 1.253280694897634646e+02
2.734000000000000000e+03 1.231552493479069312e+02
2.877000000000000000e+03 1.231647466248629712e+02
3.027000000000000000e+03 1.241861819208261295e+02
3.184000000000000000e+03 1.267754620095718820e+02
3.350000000000000000e+03 1.298685537725640131e+02
3.524000000000000000e+03 1.333913463453327495e+02
3.708000000000000000e+03 1.366375429768375795e+02
3.901000000000000000e+03 1.383367482867661238e+02
4.104000000000000000e+03 1.396753432283174163e+02
4.318000000000000000e+03 1.369728137731556217e+02
4.543000000000000000e+03 1.340145308929645864e+02
4.779000000000000000e+03 1.249557250253780012e+02
5.028000000000000000e+03 1.155623086782104139e+02
5.290000000000000000e+03 1.022746057405933868e+02
5.565000000000000000e+03 8.804880073183605305e+01
5.855000000000000000e+03 7.392892659932159916e+01
6.160000000000000000e+03 5.934559306740482043e+01
6.481000000000000000e+03 4.709188072848029094e+01
6.818000000000000000e+03 3.588220680081532521e+01
7.173000000000000000e+03 2.689011476739079853e+01
7.547000000000000000e+03 2.002782377985571216e+01
7.940000000000000000e+03 1.436178126239505914e+01
8.353000000000000000e+03 1.082115873985290122e+01
8.788000000000000000e+03 7.644773706968206461e+00
9.246000000000000000e+03 5.881204339354348498e+00
9.727000000000000000e+03 4.144696186014805050e+00
1.023000000000000000e+04 3.096389298703491999e+00
1.077000000000000000e+04 1.975874249816437889e+00
1.133000000000000000e+04 1.391764802355052622e+00
1.192000000000000000e+04 7.764207890890124641e-01
1.254000000000000000e+04 5.047627202147193515e-01
1.319000000000000000e+04 2.743684051400255286e-01
1.388000000000000000e+04 1.621396087663010133e-01
1.460000000000000000e+04 9.223384483910838927e-02
1.536000000000000000e+04 5.061812105033100528e-02
1.616000000000000000e+04 2.802581522233170766e-02
1.700000000000000000e+04 1.298484455114536432e-02
1.789000000000000000e+04 6.884824762351958796e-03
1.882000000000000000e+04 2.417532767378827597e-03
1.980000000000000000e+04 1.360928888036274037e-03
2.083000000000000000e+04 4.535541449045946724e-04
2.191000000000000000e+04 2.521144964725436917e-04
2.305000000000000000e+04 5.521720589062756210e-05
2.425000000000000000e+04 3.188498937392020131e-05
2.552000000000000000e+04 7.192033265323283458e-06
2.684000000000000000e+04 3.618277020278524141e-06
2.824000000000000000e+04 9.121096729041815795e-07
2.971000000000000000e+04 2.652978696399568164e-07
3.126000000000000000e+04 8.175317237497491410e-08
3.289000000000000000e+04 1.604912599652532935e-08
3.460000000000000000e+04 5.625076562013512456e-09
3.640000000000000000e+04 6.362731580719396307e-10
3.830000000000000000e+04 2.493879134215367540e-10
4.029000000000000000e+04 1.617255137405989729e-11
4.239000000000000000e+04 7.037262223860986349e-12
4.460000000000000000e+04 2.891650643229854018e-13
4.692000000000000000e+04 1.364801308393387180e-13
4.936000000000000000e+04 2.674182431290719575e-15
5.193000000000000000e+04 1.357270169380745603e-15
5.464000000000000000e+04 1.847977336040375576e-17
5.748000000000000000e+04 9.943382119041816257e-18
6.047000000000000000e+04 9.561141980558176535e-19
6.362000000000000000e+04 2.648915945208969082e-20
6.693000000000000000e+04 5.155260677315534620e-21
7.042000000000000000e+04 5.777834969324422592e-23
7.409000000000000000e+04 1.568847741443420173e-23
7.794000000000000000e+04 4.725044796201530534e-26
8.200000000000000000e+04 1.598457324895183368e-26
8.627000000000000000e+04 2.152968016877397168e-29
9.076000000000000000e+04 8.480360501927310672e-30
9.549000000000000000e+04 3.023877929936297751e-33
1.005000000000000000e+05 1.319591103831848601e-33
1.057000000000000000e+05 1.816348304973705985e-37
1.112000000000000000e+05 8.741963876086380049e-38
1.170000000000000000e+05 3.769534464573064871e-42
1.231000000000000000e+05 1.943112740650808280e-42
1.295000000000000000e+05 2.692244895416074145e-44
1.362000000000000000e+05 1.150867882414414172e-47
1.433000000000000000e+05 1.537263807520744883e-48
1.508000000000000000e+05 1.614748652816056852e-53
1.586000000000000000e+05 3.665573040687626380e-54
1.669000000000000000e+05 4.665450057699630709e-60
1.756000000000000000e+05 1.384496785206122832e-60
1.847000000000000000e+05 2.190261469412457876e-67
1.943000000000000000e+05 7.933082153351537549e-68
2.045000000000000000e+05 1.734221496958809989e-75
2.151000000000000000e+05 7.170211074313016532e-76
2.263000000000000000e+05 1.496301188732822121e-84
2.381000000000000000e+05 6.826109885678770068e-85
2.505000000000000000e+05 1.312695533070846649e-94
2.635000000000000000e+05 6.520599211535209686e-95
2.773000000000000000e+05 7.164631370855241257e-106
2.917000000000000000e+05 3.793059040110315996e-106
3.069000000000000000e+05 2.341748957635715902e-107
3.229000000000000000e+05 1.144844139728584994e-118
3.397000000000000000e+05 1.915430400354534736e-119
3.574000000000000000e+05 1.076789285407985479e-132
3.760000000000000000e+05 2.714537417450779873e-133
3.955000000000000000e+05 3.335435717251372056e-148
4.161000000000000000e+05 1.078284996491954194e-148
4.378000000000000000e+05 1.466462921131920547e-165
4.606000000000000000e+05 5.579382113597623607e-166
4.846000000000000000e+05 6.051787268653605593e-185
5.098000000000000000e+05 2.603130312180759410e-185
5.364000000000000000e+05 1.777313296333851670e-206
5.643000000000000000e+05 8.386878559179234118e-207
5.937000000000000000e+05 1.662903538574160125e-230
6.246000000000000000e+05 8.453659722029889214e-231
6.571000000000000000e+05 2.344068781078502780e-257
6.913000000000000000e+05 1.266712458654256805e-257
7.273000000000000000e+05 1.339809495261830978e-258
7.652000000000000000e+05 1.900841374664412805e-287
8.050000000000000000e+05 3.857532367499378291e-288
8.469000000000000000e+05 0.000000000000000000e+00
8.910000000000000000e+05 0.000000000000000000e+00
9.374000000000000000e+05 0.000000000000000000e+00
9.863000000000000000e+05 0.000000000000000000e+00
1.038000000000000000e+06 0.000000000000000000e+00
1.092000000000000000e+06 0.000000000000000000e+00
1.148000000000000000e+06 0.000000000000000000e+00
1.208000000000000000e+06 0.000000000000000000e+00
1.271000000000000000e+06 0.000000000000000000e+00
1.337000000000000000e+06 0.000000000000000000e+00
1.407000000000000000e+06 0.000000000000000000e+00
1.480000000000000000e+06 0.000000000000000000e+00
1.557000000000000000e+06 0.000000000000000000e+00
1.638000000000000000e+06 0.000000000000000000e+00
1.724000000000000000e+06 0.000000000000000000e+00
1.814000000000000000e+06 0.000000000000000000e+00
1.908000000000000000e+06 0.000000000000000000e+00
2.007000000000000000e+06 0.000000000000000000e+00
2.112000000000000000e+06 0.000000000000000000e+00
2.222000000000000000e+06 0.000000000000000000e+00
2.337000000000000000e+06 0.000000000000000000e+00
2.459000000000000000e+06 0.000000000000000000e+00
2.587000000000000000e+06 0.000000000000000000e+00
2.722000000000000000e+06 0.000000000000000000e+00
2.864000000000000000e+06 0.000000000000000000e+00
3.013000000000000000e+06 0.000000000000000000e+00
3.170000000000000000e+06 0.000000000000000000e+00
3.335000000000000000e+06 0.000000000000000000e+00
3.508000000000000000e+06 0.000000000000000000e+00
3.691000000000000000e+06 0.000000000000000000e+00
3.883000000000000000e+06 0.000000000000000000e+00
4.085000000000000000e+06 0.000000000000000000e+00
4.298000000000000000e+06 0.000000000000000000e+00
4.522000000000000000e+06 0.000000000000000000e+00
4.757000000000000000e+06 0.000000000000000000e+00
5.005000000000000000e+06 0.000000000000000000e+00
5.266000000000000000e+06 0.000000000000000000e+00
5.540000000000000000e+06 0.000000000000000000e+00
5.828000000000000000e+06 0.000000000000000000e+00
6.132000000000000000e+06 0.000000000000000000e+00
6.451000000000000000e+06 0.000000000000000000e+00
6.787000000000000000e+06 0.000000000000000000e+00
7.140000000000000000e+06 0.000000000000000000e+00
7.512000000000000000e+06 0.000000000000000000e+00
7.903000000000000000e+06 0.000000000000000000e+00
8.315000000000000000e+06 0.000000000000000000e+00
8.748000000000000000e+06 0.000000000000000000e+00
9.203000000000000000e+06 0.000000000000000000e+00
9.682000000000000000e+06 0.000000000000000000e+00
1.019000000000000000e+07 0.000000000000000000e+00
1.072000000000000000e+07 0.000000000000000000e+00
1.127000000000000000e+07 0.000000000000000000e+00
1.186000000000000000e+07 0.000000000000000000e+00
1.248000000000000000e+07 0.000000000000000000e+00
1.313000000000000000e+07 0.000000000000000000e+00
1.381000000000000000e+07 0.000000000000000000e+00
1.453000000000000000e+07 0.000000000000000000e+00
1.529000000000000000e+07 0.000000000000000000e+00
1.608000000000000000e+07 0.000000000000000000e+00
1.692000000000000000e+07 0.000000000000000000e+00
1.780000000000000000e+07 0.000000000000000000e+00
1.873000000000000000e+07 0.000000000000000000e+00
1.971000000000000000e+07 0.000000000000000000e+00
2.073000000000000000e+07 0.000000000000000000e+00
2.181000000000000000e+07 0.000000000000000000e+00
2.295000000000000000e+07 0.000000000000000000e+00
2.414000000000000000e+07 0.000000000000000000e+00
2.540000000000000000e+07 0.000000000000000000e+00
2.672000000000000000e+07 0.000000000000000000e+00
2.811000000000000000e+07 0.000000000000000000e+00
2.958000000000000000e+07 0.000000000000000000e+00
3.112000000000000000e+07 0.000000000000000000e+00
3.274000000000000000e+07 0.000000000000000000e+00
3.444000000000000000e+07 0.000000000000000000e+00
3.623000000000000000e+07 0.000000000000000000e+00
3.812000000000000000e+07 0.000000000000000000e+00
4.011000000000000000e+07 0.000000000000000000e+00
4.219000000000000000e+07 0.000000000000000000e+00
4.439000000000000000e+07 0.000000000000000000e+00
4.670000000000000000e+07 0.000000000000000000e+00
4.913000000000000000e+07 0.000000000000000000e+00
5.169000000000000000e+07 0.000000000000000000e+00
5.438000000000000000e+07 0.000000000000000000e+00
5.722000000000000000e+07 0.000000000000000000e+00
6.019000000000000000e+07 0.000000000000000000e+00
6.333000000000000000e+07 0.000000000000000000e+00
6.663000000000000000e+07 0.000000000000000000e+00
7.010000000000000000e+07 0.000000000000000000e+00
7.375000000000000000e+07 0.000000000000000000e+00
7.759000000000000000e+07 0.000000000000000000e+00
8.163000000000000000e+07 0.000000000000000000e+00
8.588000000000000000e+07 0.000000000000000000e+00
9.035000000000000000e+07 0.000000000000000000e+00
9.505000000000000000e+07 0.000000000000000000e+00
1.000000000000000000e+08 0.000000000000000000e+00
