1.000000000000000021e-03 1.009236017060184349e+04
1.051999999999999984e-03 1.018735287883055389e+04
1.106999999999999911e-03 1.028205481374601004e+04
1.163999999999999887e-03 1.036019262819870346e+04
1.224999999999999960e-03 1.044288567150678136e+04
1.288999999999999998e-03 1.051793448986358089e+04
1.356000000000000000e-03 1.057902912280677447e+04
1.427000000000000100e-03 1.064188111655890862e+04
1.500999999999999947e-03 1.069670142781673167e+04
1.579000000000000108e-03 1.074058026738029184e+04
1.661000000000000150e-03 1.077657339606750065e+04
1.747999999999999988e-03 1.080763413976790252e+04
1.839000000000000140e-03 1.082405312830937146e+04
1.935000000000000088e-03 1.083727312651720604e+04
2.034999999999999917e-03 1.084286313150746173e+04
2.141000000000000108e-03 1.084008082881409791e+04
2.252999999999999794e-03 1.082401430359042388e+04
2.370000000000000145e-03 1.080281094613303321e+04
2.492999999999999990e-03 1.076873682451821878e+04
2.623000000000000331e-03 1.072899315610134181e+04
2.759999999999999867e-03 1.067929330576805114e+04
2.903999999999999897e-03 1.061924257996498818e+04
3.054999999999999990e-03 1.055472147670638151e+04
3.213999999999999843e-03 1.047739654249110754e+04
3.380999999999999891e-03 1.039066183728934993e+04
3.556999999999999832e-03 1.030253796769067230e+04
3.742000000000000100e-03 1.020103415803043754e+04
3.936999999999999528e-03 1.008569048382138681e+04
4.142000000000000716e-03 9.969287245105337206e+03
4.357999999999999895e-03 9.831308382957542563e+03
4.585000000000000533e-03 9.695886496527917188e+03
4.824000000000000163e-03 9.554337422102234996e+03
5.074999999999999650e-03 9.398118122338884859e+03
5.338999999999999996e-03 9.242385648792542270e+03
5.616999999999999597e-03 9.065542136570915318e+03
5.908999999999999322e-03 8.903945989191359331e+03
6.217000000000000304e-03 8.717170269251902937e+03
6.540999999999999939e-03 8.538488719695295003e+03
6.880999999999999964e-03 8.346845628103008494e+03
7.239999999999999908e-03 8.154565302830951623e+03
7.617000000000000506e-03 7.956094048175920761e+03
8.012999999999999290e-03 7.753490811079268497e+03
8.429999999999999993e-03 7.551687606036559373e+03
8.868999999999998413e-03 7.354722319364828763e+03
9.330999999999999017e-03 7.148747857379077686e+03
9.816999999999999338e-03 6.944552803369919275e+03
1.032999999999999891e-02 6.741353174476802451e+03
1.086999999999999945e-02 6.535300999127894102e+03
1.143000000000000092e-02 6.339178002551587269e+03
1.203000000000000076e-02 6.138796553480919101e+03
1.264999999999999979e-02 5.943039426024872228e+03
1.330999999999999892e-02 5.754220762566701524e+03
1.400999999999999988e-02 5.563432847737276461e+03
1.473000000000000004e-02 5.390487085721291805e+03
1.549999999999999989e-02 5.209138525392303563e+03
1.631000000000000158e-02 5.041893883812161221e+03
1.715999999999999817e-02 4.875762515045204054e+03
1.805000000000000007e-02 4.720924180930240254e+03
1.898999999999999994e-02 4.571529731533228187e+03
1.997999999999999776e-02 4.428777041314177040e+03
2.101999999999999702e-02 4.296828924744433607e+03
2.212000000000000077e-02 4.168327254123818420e+03
2.326999999999999902e-02 4.049308140469642240e+03
2.447999999999999829e-02 3.935686090243638318e+03
2.574999999999999858e-02 3.831168158688786207e+03
2.708999999999999950e-02 3.730970094283708022e+03
2.850000000000000103e-02 3.641278232750104507e+03
2.998999999999999930e-02 3.553846846950182226e+03
3.155000000000000165e-02 3.475202333500594250e+03
3.318999999999999728e-02 3.403086966887582093e+03
3.491999999999999965e-02 3.337385706357890740e+03
3.673999999999999488e-02 3.277942962807966978e+03
3.864999999999999686e-02 3.221394926769862650e+03
4.066000000000000170e-02 3.172345695264375536e+03
4.277999999999999858e-02 3.123873453039297601e+03
4.500999999999999446e-02 3.083642073617258575e+03
4.734999999999999626e-02 3.044802576920134015e+03
4.982000000000000317e-02 3.012597983231709804e+03
5.240999999999999825e-02 2.981532612678216537e+03
5.513999999999999457e-02 2.953865979206893826e+03
5.800999999999999907e-02 2.929211772384238429e+03
6.102999999999999398e-02 2.907140716543595772e+03
6.421000000000000318e-02 2.887198516528529581e+03
6.755999999999999506e-02 2.868848122705996502e+03
7.106999999999999429e-02 2.852707870992016979e+03
7.477000000000000313e-02 2.837468168730963953e+03
7.867000000000000381e-02 2.824109728294133674e+03
8.276000000000000023e-02 2.811245353827660438e+03
8.707000000000000850e-02 2.799740708580706269e+03
9.160999999999999699e-02 2.787830745938874315e+03
9.637999999999999345e-02 2.776880198482249398e+03
1.014000000000000040e-01 2.765453170399006922e+03
1.067000000000000032e-01 2.754296748616616242e+03
1.122000000000000081e-01 2.742979506864678115e+03
1.180999999999999966e-01 2.730741490437882021e+03
1.242000000000000048e-01 2.718780059148091823e+03
1.307000000000000106e-01 2.705280189522425644e+03
1.375000000000000111e-01 2.692036982833989896e+03
1.446999999999999953e-01 2.677507370770559646e+03
1.522000000000000020e-01 2.662277711817645468e+03
1.600999999999999923e-01 2.645675973236560822e+03
1.683999999999999941e-01 2.628395997538231313e+03
1.771999999999999964e-01 2.609369495105347596e+03
1.864000000000000101e-01 2.590363400480593555e+03
1.960999999999999965e-01 2.569311250977218151e+03
2.064000000000000001e-01 2.547618880059919320e+03
2.170999999999999874e-01 2.524754760807729326e+03
2.283999999999999919e-01 2.500676333707640879e+03
2.403000000000000136e-01 2.475083255794481374e+03
2.528000000000000247e-01 2.448283905075979419e+03
2.660000000000000142e-01 2.420395777432247996e+03
2.798000000000000487e-01 2.391313627886003815e+03
2.943999999999999950e-01 2.360401408485136926e+03
3.096999999999999753e-01 2.329209595532855019e+03
3.259000000000000230e-01 2.295849432491464540e+03
3.427999999999999936e-01 2.262276447031879798e+03
3.606999999999999651e-01 2.226850911973044276e+03
3.795000000000000040e-01 2.190615027317660861e+03
3.991999999999999993e-01 2.153600994684617035e+03
4.200000000000000400e-01 2.115481510393787175e+03
4.419000000000000150e-01 2.076594094460480846e+03
4.649000000000000354e-01 2.037068565979599953e+03
4.891000000000000347e-01 1.996787331111729145e+03
5.144999999999999574e-01 1.956097900651744567e+03
5.413000000000000034e-01 1.914533549488522112e+03
5.695000000000000062e-01 1.872992707433761097e+03
5.992000000000000659e-01 1.830107726360089146e+03
6.304000000000000714e-01 1.787496149541460909e+03
6.632000000000000117e-01 1.743986234754091129e+03
6.976999999999999869e-01 1.700527095947065391e+03
7.340999999999999748e-01 1.656603383713751100e+03
7.722999999999999865e-01 1.612589668807515409e+03
8.125000000000000000e-01 1.568190244172001258e+03
8.548000000000000043e-01 1.523475697785266675e+03
8.992999999999999883e-01 1.478865130069607403e+03
9.460999999999999410e-01 1.434400897407671437e+03
9.954000000000000625e-01 1.390064276237972081e+03
1.046999999999999931e+00 1.345955253659107257e+03
1.101999999999999869e+00 1.302329202223801985e+03
1.159000000000000030e+00 1.259269718807656318e+03
1.219000000000000083e+00 1.217083067883620970e+03
1.283000000000000140e+00 1.174500674206705298e+03
1.350000000000000089e+00 1.133213573227636516e+03
1.419999999999999929e+00 1.092641392377787270e+03
1.493999999999999995e+00 1.052524312990630278e+03
1.572000000000000064e+00 1.013028946689591976e+03
1.654000000000000137e+00 9.742908409541123547e+02
1.739999999999999991e+00 9.364524514791410184e+02
1.830000000000000071e+00 8.996250154415756697e+02
1.925999999999999934e+00 8.630558733711222885e+02
2.025999999999999801e+00 8.273313197483657859e+02
2.131000000000000227e+00 7.926285087720752927e+02
2.241999999999999993e+00 7.582908821660093963e+02
2.358999999999999986e+00 7.253629983682767488e+02
2.481999999999999762e+00 6.927145089853729587e+02
2.611000000000000210e+00 6.617065786528983153e+02
2.746999999999999886e+00 6.315035588754108176e+02
2.890000000000000124e+00 6.025120818115974544e+02
3.040999999999999925e+00 5.744501724690635456e+02
3.198999999999999844e+00 5.476575907350343186e+02
3.366000000000000103e+00 5.219033070451841922e+02
3.540999999999999925e+00 4.970985928615264129e+02
3.725000000000000089e+00 4.735721136451902566e+02
3.918999999999999595e+00 4.506752927560009994e+02
4.123000000000000220e+00 4.290055308812297881e+02
4.338000000000000078e+00 4.081377277009596583e+02
4.564000000000000057e+00 3.883528502531407867e+02
4.801000000000000156e+00 3.695053557262581307e+02
5.051000000000000156e+00 3.515361814961361233e+02
5.314000000000000057e+00 3.345308984000585042e+02
5.590999999999999304e+00 3.183532514616672415e+02
5.881999999999999673e+00 3.031537912059284281e+02
6.187999999999999723e+00 2.886675675372243859e+02
6.511000000000000121e+00 2.750927386217808817e+02
6.850000000000000533e+00 2.622272771411226131e+02
7.205999999999999517e+00 2.502169515981804579e+02
7.581999999999999851e+00 2.388203254858090077e+02
7.976000000000000867e+00 2.282318691334803589e+02
8.391999999999999460e+00 2.181972984521125909e+02
8.829000000000000625e+00 2.088674115603789687e+02
9.288000000000000256e+00 2.001006860175111797e+02
9.772000000000000242e+00 1.918516844637051690e+02
1.027999999999999936e+01 1.841821652373764664e+02
1.082000000000000028e+01 1.769040828913566656e+02
1.137999999999999901e+01 1.702211214113049209e+02
1.196999999999999886e+01 1.639151639752089977e+02
1.259999999999999964e+01 1.579662412035686430e+02
1.325000000000000000e+01 1.524122275116096716e+02
1.393999999999999950e+01 1.472306349464925006e+02
1.466999999999999993e+01 1.422638464191986714e+02
1.542999999999999972e+01 1.376581205227412283e+02
1.623000000000000043e+01 1.332646904562716372e+02
1.708000000000000185e+01 1.290558557347976603e+02
1.796999999999999886e+01 1.250553813266451471e+02
1.889999999999999858e+01 1.212468927823356353e+02
1.989000000000000057e+01 1.175438115894794464e+02
2.092000000000000171e+01 1.139804972925339825e+02
2.200999999999999801e+01 1.104989665861357935e+02
2.316000000000000014e+01 1.070791216144571081e+02
2.437000000000000099e+01 1.037371600866899826e+02
2.562999999999999901e+01 1.004585850516450591e+02
2.697000000000000242e+01 9.718070861787418835e+01
2.837000000000000099e+01 9.395109832528396510e+01
2.985000000000000142e+01 9.070699695282382891e+01
3.139999999999999858e+01 8.748070874530822039e+01
3.303999999999999915e+01 8.423466065482352860e+01
3.475999999999999801e+01 8.098761265850043856e+01
3.657000000000000028e+01 7.773084445024142042e+01
3.846999999999999886e+01 7.447421775717521086e+01
4.048000000000000398e+01 7.119052193642710336e+01
4.259000000000000341e+01 6.790681759998551570e+01
4.479999999999999716e+01 6.463593584301997907e+01
4.714000000000000057e+01 6.135286762382020243e+01
4.959000000000000341e+01 5.810099371211254038e+01
5.217000000000000171e+01 5.486179395962972194e+01
5.489000000000000057e+01 5.165377016912680119e+01
5.775000000000000000e+01 4.848759003274608403e+01
6.075000000000000000e+01 4.538188066324801184e+01
6.392000000000000171e+01 4.233340428012888879e+01
6.723999999999999488e+01 3.936539432645076886e+01
7.075000000000000000e+01 3.647911340609425679e+01
7.442999999999999261e+01 3.369106474268482998e+01
7.829999999999999716e+01 3.100551580844330601e+01
8.237999999999999545e+01 2.843358700879616663e+01
8.667000000000000171e+01 2.597366287818294950e+01
9.117999999999999261e+01 2.364327761193271726e+01
9.593000000000000682e+01 2.144504980731289834e+01
1.009000000000000057e+02 1.938399961710092612e+01
1.062000000000000028e+02 1.744149379005830269e+01
1.116999999999999886e+02 1.567203271477774251e+01
1.175000000000000000e+02 1.401793499143968802e+01
1.236000000000000085e+02 1.251813682966167107e+01
1.300999999999999943e+02 1.113364819763228297e+01
1.369000000000000057e+02 9.861631139036035165e+00
1.440000000000000000e+02 8.779739799792878330e+00
1.515000000000000000e+02 7.722643113462254405e+00
1.593999999999999773e+02 6.834504803613526747e+00
1.676999999999999886e+02 5.998504681978374720e+00
1.764000000000000057e+02 5.274070284176559653e+00
1.855999999999999943e+02 4.625693955422320869e+00
1.952000000000000171e+02 4.040466617363563273e+00
2.054000000000000057e+02 3.534381793469947297e+00
2.160999999999999943e+02 3.076170046173501760e+00
2.273999999999999773e+02 2.674554080993402749e+00
2.391999999999999886e+02 2.329762672452488914e+00
2.516999999999999886e+02 2.013409708590188529e+00
2.647999999999999545e+02 1.751662773596763145e+00
2.785000000000000000e+02 1.509589771423634375e+00
2.930000000000000000e+02 1.311155276373028755e+00
3.083000000000000114e+02 1.124975101869495120e+00
3.244000000000000341e+02 9.752047919537289999e-01
3.411999999999999886e+02 8.368324864459282253e-01
3.590000000000000000e+02 7.230381134577328339e-01
3.776999999999999886e+02 6.211668730647943448e-01
3.973999999999999773e+02 5.344373913376330165e-01
4.181000000000000227e+02 4.592906322341150371e-01
4.398000000000000114e+02 3.941591596303624101e-01
4.626999999999999886e+02 3.387621992114873137e-01
4.868000000000000114e+02 2.900782737287954660e-01
5.122000000000000455e+02 2.488091904142493149e-01
5.387999999999999545e+02 2.128408367298106896e-01
5.668999999999999773e+02 1.821807755231930059e-01
5.964000000000000909e+02 1.557617766702605877e-01
6.275000000000000000e+02 1.329501091158817871e-01
6.601000000000000227e+02 1.136108215387139353e-01
6.945000000000000000e+02 9.665715366463700775e-02
7.307000000000000455e+02 8.254008088943010080e-02
7.687000000000000455e+02 7.001944835428730585e-02
8.087999999999999545e+02 5.995700591938657453e-02
8.508999999999999773e+02 5.081250166676909430e-02
8.952000000000000455e+02 4.344554320914539858e-02
9.417999999999999545e+02 3.680450920978728391e-02
9.908000000000000682e+02 3.139733255238752463e-02
1.042000000000000000e+03 2.663494585203807219e-02
1.097000000000000000e+03 2.260728396663580497e-02
1.154000000000000000e+03 1.916923609303466947e-02
1.214000000000000000e+03 1.626746846568494220e-02
1.277000000000000000e+03 1.380992659642288345e-02
1.344000000000000000e+03 1.166775927254093403e-02
1.414000000000000000e+03 9.891733117740386660e-03
1.487000000000000000e+03 8.343800646855470404e-03
1.565000000000000000e+03 7.052494428421596240e-03
1.646000000000000000e+03 5.913049902233069588e-03
1.732000000000000000e+03 4.989455197744518955e-03
1.822000000000000000e+03 4.151098718182311131e-03
1.917000000000000000e+03 3.488602651941619115e-03
2.017000000000000000e+03 2.878577110209334933e-03
2.122000000000000000e+03 2.387804199685206186e-03
2.232000000000000000e+03 1.947876003754345220e-03
2.348000000000000000e+03 1.584471696673972474e-03
2.470000000000000000e+03 1.265694890122404104e-03
2.599000000000000000e+03 1.001257933779697851e-03
2.734000000000000000e+03 7.796260870094329221e-04
2.877000000000000000e+03 5.965011119002383566e-04
3.027000000000000000e+03 4.512217279710739604e-04
3.184000000000000000e+03 3.336014341215332024e-04
3.350000000000000000e+03 2.465172875929511065e-04
3.524000000000000000e+03 1.759150288194177847e-04
3.708000000000000000e+03 1.280311942650769197e-04
3.901000000000000000e+03 8.866137321206224442e-05
4.104000000000000000e+03 6.455872093624748231e-05
4.318000000000000000e+03 4.406973033610483981e-05
4.543000000000000000e+03 3.146992372649037861e-05
4.779000000000000000e+03 2.111117838410336844e-05
5.028000000000000000e+03 1.438839240108791273e-05
5.290000000000000000e+03 9.227955132473653066e-06
5.565000000000000000e+03 5.861085909941721184e-06
5.855000000000000000e+03 3.521494164715477382e-06
6.160000000000000000e+03 2.043955063868452271e-06
6.481000000000000000e+03 1.187878062580693950e-06
6.818000000000000000e+03 6.380725068311221548e-07
7.173000000000000000e+03 3.688779806054753863e-07
7.547000000000000000e+03 1.852595268303502962e-07
7.940000000000000000e+03 1.034662737708913482e-07
8.353000000000000000e+03 4.589636226626225834e-08
8.788000000000000000e+03 2.446478131190588101e-08
9.246000000000000000e+03 8.916588356555621431e-09
9.727000000000000000e+03 4.901581363014884118e-09
1.023000000000000000e+04 1.847722419512365377e-09
1.077000000000000000e+04 8.577949461852085733e-10
1.133000000000000000e+04 3.144922100517533181e-10
1.192000000000000000e+04 1.178065422990925981e-10
1.254000000000000000e+04 4.361888628068300022e-11
1.319000000000000000e+04 1.295380469557017022e-11
1.388000000000000000e+04 4.829692201724355982e-12
1.460000000000000000e+04 1.071767674609702681e-12
1.536000000000000000e+04 4.126074482080355210e-13
1.616000000000000000e+04 6.751890713196928573e-14
1.700000000000000000e+04 2.654473862939710216e-14
1.789000000000000000e+04 2.827599265842195564e-15
1.882000000000000000e+04 1.148386941096646297e-15
1.980000000000000000e+04 9.302454639925628044e-17
2.083000000000000000e+04 3.968179951296946228e-17
2.191000000000000000e+04 3.415236843329338967e-18
2.305000000000000000e+04 8.538092108323347418e-19
2.425000000000000000e+04 1.423015351387224570e-19
2.552000000000000000e+04 1.270549420881450509e-20
2.684000000000000000e+04 2.964615315390051187e-21
2.824000000000000000e+04 1.058791184067875424e-22
2.971000000000000000e+04 5.293955920339377119e-23
3.126000000000000000e+04 0.000000000000000000e+00
3.289000000000000000e+04 0.000000000000000000e+00
3.460000000000000000e+04 0.000000000000000000e+00
3.640000000000000000e+04 0.000000000000000000e+00
3.830000000000000000e+04 0.000000000000000000e+00
4.029000000000000000e+04 0.000000000000000000e+00
4.239000000000000000e+04 0.000000000000000000e+00
4.460000000000000000e+04 0.000000000000000000e+00
4.692000000000000000e+04 0.000000000000000000e+00
4.936000000000000000e+04 0.000000000000000000e+00
5.193000000000000000e+04 0.000000000000000000e+00
5.464000000000000000e+04 0.000000000000000000e+00
5.748000000000000000e+04 0.000000000000000000e+00
6.047000000000000000e+04 0.000000000000000000e+00
6.362000000000000000e+04 0.000000000000000000e+00
6.693000000000000000e+04 0.000000000000000000e+00
7.042000000000000000e+04 0.000000000000000000e+00
7.409000000000000000e+04 0.000000000000000000e+00
7.794000000000000000e+04 0.000000000000000000e+00
8.200000000000000000e+04 0.000000000000000000e+00
8.627000000000000000e+04 0.000000000000000000e+00
9.076000000000000000e+04 0.000000000000000000e+00
9.549000000000000000e+04 0.000000000000000000e+00
1.005000000000000000e+05 0.000000000000000000e+00
1.057000000000000000e+05 0.000000000000000000e+00
1.112000000000000000e+05 0.000000000000000000e+00
1.170000000000000000e+05 0.000000000000000000e+00
1.231000000000000000e+05 0.000000000000000000e+00
1.295000000000000000e+05 0.000000000000000000e+00
1.362000000000000000e+05 0.000000000000000000e+00
1.433000000000000000e+05 0.000000000000000000e+00
1.508000000000000000e+05 0.000000000000000000e+00
1.586000000000000000e+05 0.000000000000000000e+00
1.669000000000000000e+05 0.000000000000000000e+00
1.756000000000000000e+05 0.000000000000000000e+00
1.847000000000000000e+05 0.000000000000000000e+00
1.943000000000000000e+05 0.000000000000000000e+00
2.045000000000000000e+05 0.000000000000000000e+00
2.151000000000000000e+05 0.000000000000000000e+00
2.263000000000000000e+05 0.000000000000000000e+00
2.381000000000000000e+05 0.000000000000000000e+00
2.505000000000000000e+05 0.000000000000000000e+00
2.635000000000000000e+05 0.000000000000000000e+00
2.773000000000000000e+05 0.000000000000000000e+00
2.917000000000000000e+05 0.000000000000000000e+00
3.069000000000000000e+05 0.000000000000000000e+00
3.229000000000000000e+05 0.000000000000000000e+00
3.397000000000000000e+05 0.000000000000000000e+00
3.574000000000000000e+05 0.000000000000000000e+00
3.760000000000000000e+05 0.000000000000000000e+00
3.955000000000000000e+05 0.000000000000000000e+00
4.161000000000000000e+05 0.000000000000000000e+00
4.378000000000000000e+05 0.000000000000000000e+00
4.606000000000000000e+05 0.000000000000000000e+00
4.846000000000000000e+05 0.000000000000000000e+00
5.098000000000000000e+05 0.000000000000000000e+00
5.364000000000000000e+05 0.000000000000000000e+00
5.643000000000000000e+05 0.000000000000000000e+00
5.937000000000000000e+05 0.000000000000000000e+00
6.246000000000000000e+05 0.000000000000000000e+00
6.571000000000000000e+05 0.000000000000000000e+00
6.913000000000000000e+05 0.000000000000000000e+00
7.273000000000000000e+05 0.000000000000000000e+00
7.652000000000000000e+05 0.000000000000000000e+00
8.050000000000000000e+05 0.000000000000000000e+00
8.469000000000000000e+05 0.000000000000000000e+00
8.910000000000000000e+05 0.000000000000000000e+00
9.374000000000000000e+05 0.000000000000000000e+00
9.863000000000000000e+05 0.000000000000000000e+00
1.038000000000000000e+06 0.000000000000000000e+00
1.092000000000000000e+06 0.000000000000000000e+00
1.148000000000000000e+06 0.000000000000000000e+00
1.208000000000000000e+06 0.000000000000000000e+00
1.271000000000000000e+06 0.000000000000000000e+00
1.337000000000000000e+06 0.000000000000000000e+00
1.407000000000000000e+06 0.000000000000000000e+00
1.480000000000000000e+06 0.000000000000000000e+00
1.557000000000000000e+06 0.000000000000000000e+00
1.638000000000000000e+06 0.000000000000000000e+00
1.724000000000000000e+06 0.000000000000000000e+00
1.814000000000000000e+06 0.000000000000000000e+00
1.908000000000000000e+06 0.000000000000000000e+00
2.007000000000000000e+06 0.000000000000000000e+00
2.112000000000000000e+06 0.000000000000000000e+00
2.222000000000000000e+06 0.000000000000000000e+00
2.337000000000000000e+06 0.000000000000000000e+00
2.459000000000000000e+06 0.000000000000000000e+00
2.587000000000000000e+06 0.000000000000000000e+00
2.722000000000000000e+06 0.000000000000000000e+00
2.864000000000000000e+06 0.000000000000000000e+00
3.013000000000000000e+06 0.000000000000000000e+00
3.170000000000000000e+06 0.000000000000000000e+00
3.335000000000000000e+06 0.000000000000000000e+00
3.508000000000000000e+06 0.000000000000000000e+00
3.691000000000000000e+06 0.000000000000000000e+00
3.883000000000000000e+06 0.000000000000000000e+00
4.085000000000000000e+06 0.000000000000000000e+00
4.298000000000000000e+06 0.000000000000000000e+00
4.522000000000000000e+06 0.000000000000000000e+00
4.757000000000000000e+06 0.000000000000000000e+00
5.005000000000000000e+06 0.000000000000000000e+00
5.266000000000000000e+06 0.000000000000000000e+00
5.540000000000000000e+06 0.000000000000000000e+00
5.828000000000000000e+06 0.000000000000000000e+00
6.132000000000000000e+06 0.000000000000000000e+00
6.451000000000000000e+06 0.000000000000000000e+00
6.787000000000000000e+06 0.000000000000000000e+00
7.140000000000000000e+06 0.000000000000000000e+00
7.512000000000000000e+06 0.000000000000000000e+00
7.903000000000000000e+06 0.000000000000000000e+00
8.315000000000000000e+06 0.000000000000000000e+00
8.748000000000000000e+06 0.000000000000000000e+00
9.203000000000000000e+06 0.000000000000000000e+00
9.682000000000000000e+06 0.000000000000000000e+00
1.019000000000000000e+07 0.000000000000000000e+00
1.072000000000000000e+07 0.000000000000000000e+00
1.127000000000000000e+07 0.000000000000000000e+00
1.186000000000000000e+07 0.000000000000000000e+00
1.248000000000000000e+07 0.000000000000000000e+00
1.313000000000000000e+07 0.000000000000000000e+00
1.381000000000000000e+07 0.000000000000000000e+00
1.453000000000000000e+07 0.000000000000000000e+00
1.529000000000000000e+07 0.000000000000000000e+00
1.608000000000000000e+07 0.000000000000000000e+00
1.692000000000000000e+07 0.000000000000000000e+00
1.780000000000000000e+07 0.000000000000000000e+00
1.873000000000000000e+07 0.000000000000000000e+00
1.971000000000000000e+07 0.000000000000000000e+00
2.073000000000000000e+07 0.000000000000000000e+00
2.181000000000000000e+07 0.000000000000000000e+00
2.295000000000000000e+07 0.000000000000000000e+00
2.414000000000000000e+07 0.000000000000000000e+00
2.540000000000000000e+07 0.000000000000000000e+00
2.672000000000000000e+07 0.000000000000000000e+00
2.811000000000000000e+07 0.000000000000000000e+00
2.958000000000000000e+07 0.000000000000000000e+00
3.112000000000000000e+07 0.000000000000000000e+00
3.274000000000000000e+07 0.000000000000000000e+00
3.444000000000000000e+07 0.000000000000000000e+00
3.623000000000000000e+07 0.000000000000000000e+00
3.812000000000000000e+07 0.000000000000000000e+00
4.011000000000000000e+07 0.000000000000000000e+00
4.219000000000000000e+07 0.000000000000000000e+00
4.439000000000000000e+07 0.000000000000000000e+00
4.670000000000000000e+07 0.000000000000000000e+00
4.913000000000000000e+07 0.000000000000000000e+00
5.169000000000000000e+07 0.000000000000000000e+00
5.438000000000000000e+07 0.000000000000000000e+00
5.722000000000000000e+07 0.000000000000000000e+00
6.019000000000000000e+07 0.000000000000000000e+00
6.333000000000000000e+07 0.000000000000000000e+00
6.663000000000000000e+07 0.000000000000000000e+00
7.010000000000000000e+07 0.000000000000000000e+00
7.375000000000000000e+07 0.000000000000000000e+00
7.759000000000000000e+07 0.000000000000000000e+00
8.163000000000000000e+07 0.000000000000000000e+00
8.588000000000000000e+07 0.000000000000000000e+00
9.035000000000000000e+07 0.000000000000000000e+00
9.505000000000000000e+07 0.000000000000000000e+00
1.000000000000000000e+08 0.000000000000000000e+00
