4.999999999999999237e-03 9.630478810879413760e+17
9.999999999999998473e-03 3.956999478880290560e+17
1.499999999999999771e-02 1.977184099863737600e+17
1.999999999999999695e-02 1.073738847924222080e+17
2.499999999999999445e-02 6.084216553961147200e+16
2.999999999999999195e-02 3.524943625535870400e+16
3.499999999999999639e-02 2.062532823181080400e+16
3.999999999999999389e-02 1.208063269951252400e+16
4.499999999999999140e-02 7.028896206126319000e+15
4.999999999999998890e-02 4.031840751808590500e+15
5.499999999999998640e-02 2.260582239049149500e+15
5.999999999999999084e-02 1.225161092003548500e+15
6.499999999999998834e-02 6.319159600449188750e+14
6.999999999999999278e-02 3.021684228739560000e+14
7.499999999999999722e-02 1.279967135837686719e+14
7.999999999999998779e-02 4.342173776122803906e+13
8.499999999999999223e-02 8.687858911352430664e+12
8.999999999999999667e-02 5.732527029149613037e+11
