1.221799999999999287e+01 5.714283616583574400e+17
1.321799999999999287e+01 5.337053508977251840e+17
1.421799999999999287e+01 5.000676484350513280e+17
1.521799999999999287e+01 4.698007013924247680e+17
1.621799999999999287e+01 4.422562622399967360e+17
1.721799999999999287e+01 4.170231281422836480e+17
1.821799999999999287e+01 3.939641539737502720e+17
1.921799999999999287e+01 3.727752405836394240e+17
2.021799999999999287e+01 3.532351550171292800e+17
2.121799999999999287e+01 3.351352417298948480e+17
2.221799999999999287e+01 3.187172395190536960e+17
2.321799999999999287e+01 3.034679387783256320e+17
2.421799999999999287e+01 2.892545603150182400e+17
2.521799999999999287e+01 2.762322712581701120e+17
2.621799999999999287e+01 2.640713008698870080e+17
2.721799999999999287e+01 2.526823586390492800e+17
2.821799999999999287e+01 2.421629038328649280e+17
2.921799999999999287e+01 2.322167873317906560e+17
3.021799999999999287e+01 2.227934325194164800e+17
3.121799999999999287e+01 2.140364761778828480e+17
3.221799999999998931e+01 2.056646920799194880e+17
3.321799999999998931e+01 1.976504338199578240e+17
3.421799999999998931e+01 1.901693476461456000e+17
3.521799999999998931e+01 1.831720863404236160e+17
3.621799999999998931e+01 1.766150847170689600e+17
3.721799999999998931e+01 1.703794967564812160e+17
3.821799999999998931e+01 1.644410664983919360e+17
3.921799999999998931e+01 1.588532994380524480e+17
4.021799999999998931e+01 1.535874189059663040e+17
4.121799999999998931e+01 1.485254875950239360e+17
4.221799999999998931e+01 1.436550535094192320e+17
4.321799999999998931e+01 1.390515967236875840e+17
4.421799999999998931e+01 1.346948642544106240e+17
4.521799999999998931e+01 1.305665471823069440e+17
4.621799999999998931e+01 1.264622549523631520e+17
4.721799999999998931e+01 1.223874632235852960e+17
4.821799999999998931e+01 1.185244677743865920e+17
4.921799999999998931e+01 1.148582431074188800e+17
5.021799999999998931e+01 1.113751034842821120e+17
5.121799999999998931e+01 1.080625599897633440e+17
5.221799999999998931e+01 1.046906226933347200e+17
5.321799999999998931e+01 1.012719873491175040e+17
5.421799999999998931e+01 9.802500527331579200e+16
5.521799999999998931e+01 9.493815136271444800e+16
5.621799999999998931e+01 9.200086262565009600e+16
5.721799999999998931e+01 8.920344268734371200e+16
5.821799999999998931e+01 8.653697722910947200e+16
5.921799999999998931e+01 8.379634604892892800e+16
6.021799999999998931e+01 8.099456447286536000e+16
6.121799999999998931e+01 7.832997123978915200e+16
6.221799999999998931e+01 7.579378593513433600e+16
6.321799999999998931e+01 7.337791804243446400e+16
6.421799999999998931e+01 7.107490299288979200e+16
6.521799999999998931e+01 6.887784501875712000e+16
6.621799999999998931e+01 6.658257696584284800e+16
6.721799999999998931e+01 6.420431429550176800e+16
6.821799999999998931e+01 6.194402463050647200e+16
6.921799999999998931e+01 5.979426435036403200e+16
7.021799999999998931e+01 5.774815710815726400e+16
7.121799999999998931e+01 5.579934336557130400e+16
7.221799999999998931e+01 5.394193504327071200e+16
7.321799999999998931e+01 5.217047470636593600e+16
7.421799999999998931e+01 5.028026985325803200e+16
7.521799999999998931e+01 4.828908477339644000e+16
7.621799999999998931e+01 4.640135091993863200e+16
7.721799999999998931e+01 4.461044809718134400e+16
7.821799999999998931e+01 4.291025745650884000e+16
7.921799999999998931e+01 4.129511779121189600e+16
8.021799999999998931e+01 3.975978612930508800e+16
8.121799999999998931e+01 3.829940215484892800e+16
8.221799999999998931e+01 3.690945604455952000e+16
8.321799999999998931e+01 3.542839687937142400e+16
8.421799999999998931e+01 3.387138999257226400e+16
8.521799999999998931e+01 3.239989552897446400e+16
8.621799999999998931e+01 3.100830005819301600e+16
8.721799999999998931e+01 2.969141748442260800e+16
8.821799999999998931e+01 2.844445213467179600e+16
8.921799999999998931e+01 2.726296540532886400e+16
9.021799999999998931e+01 2.614284558913724000e+16
9.121799999999998931e+01 2.508028054842480400e+16
9.221799999999998931e+01 2.407173293871585200e+16
9.321799999999998931e+01 2.302584516816664800e+16
9.421799999999998931e+01 2.195087113600068800e+16
9.521799999999998931e+01 2.093659406667312400e+16
9.621799999999998931e+01 1.997900536331042400e+16
9.721799999999998931e+01 1.907439879337118400e+16
9.821799999999998931e+01 1.821934490016730400e+16
9.921799999999998931e+01 1.741066781062672600e+16
1.002179999999999893e+02 1.664542419371602000e+16
1.012179999999999893e+02 1.592088415123768600e+16
1.022179999999999893e+02 1.523451384675058400e+16
1.032179999999999893e+02 1.458395969954326200e+16
