1.774127155601597394e+01 7.489755638769227520e+17
1.874127155601597394e+01 7.081496938237155840e+17
1.974127155601597394e+01 6.706089479768066560e+17
2.074127155601597394e+01 6.360247408267962880e+17
2.174127155601597394e+01 6.041996649932872960e+17
2.274127155601597394e+01 5.747705653985102080e+17
2.374127155601597394e+01 5.476015376992677120e+17
2.474127155601597394e+01 5.224698269775905920e+17
2.574127155601597394e+01 4.991727652185185280e+17
2.674127155601597394e+01 4.775216841748440960e+17
2.774127155601597394e+01 4.572949809316994560e+17
2.874127155601597394e+01 4.383363907814659200e+17
2.974127155601597394e+01 4.205042830018446720e+17
3.074127155601597394e+01 4.037401330530519040e+17
3.174127155601597394e+01 3.878688548600005760e+17
3.274127155601597394e+01 3.728617174912449280e+17
3.374127155601597394e+01 3.586889064513391360e+17
3.474127155601597394e+01 3.452477483036122880e+17
3.574127155601597394e+01 3.326026753628120960e+17
3.674127155601597394e+01 3.206524302936459520e+17
3.774127155601597394e+01 3.093908756009008000e+17
3.874127155601597394e+01 2.987823831050648960e+17
3.974127155601597394e+01 2.887059575855340800e+17
4.074127155601597394e+01 2.791935173366870720e+17
4.174127155601597394e+01 2.701830513364606080e+17
4.274127155601597394e+01 2.615089953721720320e+17
4.374127155601597394e+01 2.532725256530429440e+17
4.474127155601597394e+01 2.453323628441547520e+17
4.574127155601597394e+01 2.376865389802028800e+17
4.674127155601597394e+01 2.303070677511550080e+17
4.774127155601597394e+01 2.231607002131348800e+17
4.874127155601597394e+01 2.162590123406921280e+17
4.974127155601597394e+01 2.095745647945943040e+17
5.074127155601597394e+01 2.030921947220509440e+17
5.174127155601597394e+01 1.968082432947652480e+17
5.274127155601597394e+01 1.907075772449485760e+17
5.374127155601597394e+01 1.847875522850009600e+17
5.474127155601597394e+01 1.790308546224486080e+17
5.574127155601597394e+01 1.734309868621322560e+17
5.674127155601597394e+01 1.680015517027672000e+17
5.774127155601597394e+01 1.626844032499377920e+17
5.874127155601597394e+01 1.575644222393520320e+17
5.974127155601597394e+01 1.525340443701538560e+17
6.074127155601597394e+01 1.476696736708920960e+17
6.174127155601597394e+01 1.429941034112424320e+17
6.274127155601597394e+01 1.383330599638894720e+17
6.374127155601597394e+01 1.338656370056191360e+17
6.474127155601597394e+01 1.295708525075661760e+17
6.574127155601597394e+01 1.252616087058696480e+17
6.674127155601597394e+01 1.211228955795347200e+17
6.774127155601597394e+01 1.171472048724368480e+17
6.874127155601597394e+01 1.131412604029314560e+17
6.974127155601597394e+01 1.092863558254962400e+17
7.074127155601597394e+01 1.055891964537233760e+17
7.174127155601597394e+01 1.018584526974115520e+17
7.274127155601597394e+01 9.826255070015059200e+16
7.374127155601597394e+01 9.482063943671552000e+16
7.474127155601597394e+01 9.134978766553496000e+16
7.574127155601597394e+01 8.799970064561420800e+16
7.674127155601597394e+01 8.480018038084204800e+16
7.774127155601597394e+01 8.158403372206198400e+16
7.874127155601597394e+01 7.847704109874595200e+16
7.974127155601597394e+01 7.551580755879030400e+16
8.074127155601597394e+01 7.254819544051532800e+16
8.174127155601597394e+01 6.967845111044412000e+16
8.274127155601597394e+01 6.694979460099360000e+16
8.374127155601597394e+01 6.424755628876187200e+16
8.474127155601597394e+01 6.163967725128020800e+16
