1.774127155601597394e+01 1.245317330273349440e+17
1.874127155601597394e+01 1.158214152324137600e+17
1.974127155601597394e+01 1.077435029388738240e+17
2.074127155601597394e+01 1.002346952165426560e+17
2.174127155601597394e+01 9.328367413111337600e+16
2.274127155601597394e+01 8.676739417589086400e+16
2.374127155601597394e+01 8.069548028775142400e+16
2.474127155601597394e+01 7.499199007591844800e+16
2.574127155601597394e+01 6.961352676157831200e+16
2.674127155601597394e+01 6.455085874851758400e+16
2.774127155601597394e+01 5.975559240039304800e+16
2.874127155601597394e+01 5.520097578644776000e+16
2.974127155601597394e+01 5.087239133316141600e+16
3.074127155601597394e+01 4.681373545622137600e+16
3.174127155601597394e+01 4.294001233405586400e+16
3.274127155601597394e+01 3.928529371991798400e+16
3.374127155601597394e+01 3.587911886522353200e+16
3.474127155601597394e+01 3.263197345233252400e+16
3.574127155601597394e+01 2.968428554702818800e+16
3.674127155601597394e+01 2.688385905595749200e+16
3.774127155601597394e+01 2.433363145494326800e+16
3.874127155601597394e+01 2.204734701282995600e+16
3.974127155601597394e+01 1.986974202755875200e+16
4.074127155601597394e+01 1.793400329536005600e+16
4.174127155601597394e+01 1.620976888361626400e+16
4.274127155601597394e+01 1.459760859336096800e+16
4.374127155601597394e+01 1.316275136307146000e+16
4.474127155601597394e+01 1.185855023906380200e+16
4.574127155601597394e+01 1.068089981510541200e+16
4.674127155601597394e+01 9.619292785648776000e+15
4.774127155601597394e+01 8.662087308084076000e+15
4.874127155601597394e+01 7.803307766711453000e+15
4.974127155601597394e+01 7.031691899320515000e+15
5.074127155601597394e+01 6.338455986372070000e+15
5.174127155601597394e+01 5.716351391558347000e+15
5.274127155601597394e+01 5.157045650368428000e+15
5.374127155601597394e+01 4.654501636848700000e+15
5.474127155601597394e+01 4.201907010040510500e+15
5.574127155601597394e+01 3.793619854952650000e+15
5.674127155601597394e+01 3.425893604055670500e+15
5.774127155601597394e+01 3.091437939730864500e+15
5.874127155601597394e+01 2.791545494607955000e+15
5.974127155601597394e+01 2.517202345060493000e+15
6.074127155601597394e+01 2.270102272581835000e+15
6.174127155601597394e+01 2.048756354931616500e+15
6.274127155601597394e+01 1.842897531637167750e+15
6.374127155601597394e+01 1.659298993409562750e+15
6.474127155601597394e+01 1.495031946567146000e+15
6.574127155601597394e+01 1.341593796380947000e+15
6.674127155601597394e+01 1.204712605621515500e+15
6.774127155601597394e+01 1.082619604963134375e+15
6.874127155601597394e+01 9.686226158787345000e+14
6.974127155601597394e+01 8.669826679569181250e+14
7.074127155601597394e+01 7.766997806165382500e+14
7.174127155601597394e+01 6.927945969058296250e+14
7.274127155601597394e+01 6.180746394360313750e+14
7.374127155601597394e+01 5.519811925932212500e+14
7.474127155601597394e+01 4.909616123740104375e+14
7.574127155601597394e+01 4.366971696849775000e+14
7.674127155601597394e+01 3.888841614741178125e+14
7.774127155601597394e+01 3.451453288270987500e+14
7.874127155601597394e+01 3.063159343355978750e+14
7.974127155601597394e+01 2.721943952620844688e+14
8.074127155601597394e+01 2.411754486712825000e+14
8.174127155601597394e+01 2.136626530073724062e+14
8.274127155601597394e+01 1.895406231725566875e+14
8.374127155601597394e+01 1.678597092904948438e+14
8.474127155601597394e+01 1.486728253507062500e+14
