1.473707518796992133e+01 1.171841756298907392e+18
1.573707518796992133e+01 1.086521597693346048e+18
1.673707518796992133e+01 1.008135020933330176e+18
1.773707518796992133e+01 9.373349563955713280e+17
1.873707518796992133e+01 8.716833644537637120e+17
1.973707518796992133e+01 8.109439792894041600e+17
2.073707518796992133e+01 7.546873894898647040e+17
2.173707518796992133e+01 7.022663006875343360e+17
2.273707518796992133e+01 6.532250426996139520e+17
2.373707518796992133e+01 6.074170162397699840e+17
2.473707518796992133e+01 5.643966919449949440e+17
2.573707518796992133e+01 5.239656153727631360e+17
2.673707518796992133e+01 4.857917537822989440e+17
2.773707518796992133e+01 4.491126050526023680e+17
2.873707518796992133e+01 4.152402032549973120e+17
2.973707518796992133e+01 3.829370764749964800e+17
3.073707518796992133e+01 3.523950482468773120e+17
3.173707518796992133e+01 3.232400645935748480e+17
3.273707518796992133e+01 2.959940903122142720e+17
3.373707518796992133e+01 2.701700077159107200e+17
3.473707518796992133e+01 2.461125093905920640e+17
3.573707518796992133e+01 2.236648458208133760e+17
3.673707518796992133e+01 2.028654498483856000e+17
3.773707518796992133e+01 1.836977294151507200e+17
3.873707518796992133e+01 1.661043718701933120e+17
3.973707518796992133e+01 1.500170593697397120e+17
4.073707518796992133e+01 1.354063562463071360e+17
4.173707518796992133e+01 1.220967934318964320e+17
4.273707518796992133e+01 1.100558068167849440e+17
4.373707518796992133e+01 9.915432507615860800e+16
4.473707518796992133e+01 8.930288672903635200e+16
4.573707518796992133e+01 8.041748073727270400e+16
4.673707518796992133e+01 7.242112823469745600e+16
4.773707518796992133e+01 6.522031177399974400e+16
4.873707518796992133e+01 5.875008957245659200e+16
4.973707518796992133e+01 5.293734673208734400e+16
5.073707518796992133e+01 4.771934132190699200e+16
5.173707518796992133e+01 4.303409325187867200e+16
5.273707518796992133e+01 3.882371908183158400e+16
5.373707518796992133e+01 3.503931285225956400e+16
5.473707518796992133e+01 3.162985437313201600e+16
5.573707518796992133e+01 2.856043997967945600e+16
5.673707518796992133e+01 2.578838833250317600e+16
5.773707518796992133e+01 2.328270866712835600e+16
5.873707518796992133e+01 2.101661217779730000e+16
5.973707518796992133e+01 1.896921998359813600e+16
6.073707518796992133e+01 1.711390094731502600e+16
6.173707518796992133e+01 1.542995461042766000e+16
6.273707518796992133e+01 1.390454152885638600e+16
6.373707518796992133e+01 1.251791947236738400e+16
6.473707518796992133e+01 1.126248537336901200e+16
6.573707518796992133e+01 1.012310389574639000e+16
6.673707518796992133e+01 9.090533294518026000e+15
6.773707518796992133e+01 8.155216741024112000e+15
6.873707518796992133e+01 7.307655697760363000e+15
6.973707518796992133e+01 6.543073649507249000e+15
7.073707518796992133e+01 5.851644673865384000e+15
7.173707518796992133e+01 5.226635951151547000e+15
7.273707518796992133e+01 4.664007129946412000e+15
7.373707518796992133e+01 4.158177459080781000e+15
7.473707518796992133e+01 3.703314485792110000e+15
7.573707518796992133e+01 3.295473824069853000e+15
7.673707518796992133e+01 2.928713061835220000e+15
7.773707518796992133e+01 2.603020133253531000e+15
7.873707518796992133e+01 2.310763529884350500e+15
7.973707518796992133e+01 2.050201274925116500e+15
8.073707518796992133e+01 1.818228215130709250e+15
8.173707518796992133e+01 1.611430603732567000e+15
8.273707518796992133e+01 1.427765944971853250e+15
8.373707518796992133e+01 1.264971700724709000e+15
8.473707518796992133e+01 1.120125802420684000e+15
8.573707518796992133e+01 9.915874579567205000e+14
8.673707518796992133e+01 8.775865074216975000e+14
