4.999999999999999237e-03 2.185032844556646000e+16
9.999999999999998473e-03 5.825591948805038000e+15
1.499999999999999771e-02 1.965652509687757000e+15
1.999999999999999695e-02 7.490889265890062500e+14
2.499999999999999445e-02 3.095216386192691875e+14
2.999999999999999195e-02 1.353366082719067500e+14
3.499999999999999639e-02 6.147073840521497656e+13
3.999999999999999389e-02 2.856675295908408203e+13
4.499999999999999140e-02 1.339816297004882422e+13
4.999999999999998890e-02 6.264771041701692383e+12
5.499999999999998640e-02 2.884252017341894043e+12
5.999999999999999084e-02 1.290772440340782471e+12
6.499999999999998834e-02 5.526879028226011963e+11
6.999999999999999278e-02 2.203683885219786072e+11
7.499999999999999722e-02 7.825621089052764893e+10
7.999999999999998779e-02 2.241910139597383118e+10
8.499999999999999223e-02 3.832923622297067165e+09
8.999999999999999667e-02 2.096609653706669509e+08
