9.999999999999999547e-07 6.522605373503890400e+26
1.052000000000000050e-06 6.611613806703427666e+26
1.106999999999999947e-06 6.701514974213027152e+26
1.163999999999999994e-06 6.789510829192804289e+26
1.224999999999999918e-06 6.877884720879265664e+26
1.289000000000000068e-06 6.968215762419930547e+26
1.356000000000000019e-06 7.056545190656566519e+26
1.427000000000000059e-06 7.142915072585364342e+26
1.500999999999999901e-06 7.225335186802554175e+26
1.579000000000000044e-06 7.303618791843805417e+26
1.661000000000000064e-06 7.378621710339933221e+26
1.748000000000000035e-06 7.447289766152002785e+26
1.839000000000000096e-06 7.511548769435729616e+26
1.935000000000000108e-06 7.571722281380432737e+26
2.034999999999999998e-06 7.627414262150948348e+26
2.140999999999999915e-06 7.675926174083677985e+26
2.252999999999999859e-06 7.717263240658246641e+26
2.370000000000000179e-06 7.752755180382352881e+26
2.493000000000000102e-06 7.783737947978068147e+26
2.623000000000000128e-06 7.802908673942406288e+26
2.759999999999999833e-06 7.817052897379212249e+26
2.904000000000000063e-06 7.824206423515977875e+26
3.054999999999999973e-06 7.822864503330930758e+26
3.214000000000000060e-06 7.813222666837259365e+26
3.380999999999999901e-06 7.795559647152454183e+26
3.556999999999999995e-06 7.771451800608421526e+26
3.741999999999999917e-06 7.739926599723083127e+26
3.936999999999999745e-06 7.699074371783554528e+26
4.142000000000000323e-06 7.652358648240709666e+26
4.357999999999999610e-06 7.598349188628510877e+26
4.585000000000000147e-06 7.533556660338700616e+26
4.823999999999999892e-06 7.462836491210665054e+26
5.074999999999999691e-06 7.384494836447122047e+26
5.339000000000000043e-06 7.298950634850496449e+26
5.616999999999999753e-06 7.206259693081982721e+26
5.908999999999999668e-06 7.105767437465475893e+26
6.216999999999999938e-06 6.998087219099785362e+26
6.540999999999999716e-06 6.884078168699161658e+26
6.880999999999999848e-06 6.764416423682532300e+26
7.240000000000000138e-06 6.638938035407465032e+26
7.617000000000000086e-06 6.509570730680980862e+26
8.012999999999999344e-06 6.372845305502885396e+26
8.430000000000000603e-06 6.229792399022058776e+26
8.868999999999999280e-06 6.085548631859077477e+26
9.330999999999999261e-06 5.934975780820364563e+26
9.816999999999999351e-06 5.780604317787116019e+26
1.032999999999999935e-05 5.623528267048197685e+26
1.086999999999999926e-05 5.464041106056640275e+26
1.143000000000000068e-05 5.304219771963030940e+26
1.203000000000000002e-05 5.139151137350050066e+26
1.264999999999999916e-05 4.976443467499672183e+26
1.330999999999999962e-05 4.810297150009739859e+26
1.400999999999999969e-05 4.641601444840891436e+26
1.472999999999999958e-05 4.477719409806224480e+26
1.550000000000000068e-05 4.311001364264191366e+26
1.631000000000000139e-05 4.143700971542730582e+26
1.715999999999999833e-05 3.979246412245268356e+26
1.805000000000000167e-05 3.817708798453498428e+26
1.898999999999999945e-05 3.654867096872380530e+26
1.997999999999999844e-05 3.493678263163852580e+26
2.101999999999999865e-05 3.335369683352615501e+26
2.212000000000000167e-05 3.178844677502895572e+26
2.326999999999999913e-05 3.025898469126736084e+26
2.447999999999999940e-05 2.876166883767629105e+26
2.574999999999999910e-05 2.730926512965111789e+26
2.708999999999999982e-05 2.588469459657152925e+26
2.850000000000000157e-05 2.449493272119396858e+26
2.998999999999999916e-05 2.313560768169129005e+26
3.155000000000000117e-05 2.182673687230583846e+26
3.318999999999999902e-05 2.056635167986201223e+26
3.491999999999999770e-05 1.934261528696461196e+26
3.673999999999999722e-05 1.815803370957294670e+26
3.864999999999999756e-05 1.701780091766879340e+26
4.066000000000000034e-05 1.592544831555285710e+26
4.278000000000000037e-05 1.487482820304404864e+26
4.500999999999999766e-05 1.387046147927417483e+26
4.734999999999999897e-05 1.291456511124136226e+26
4.982000000000000073e-05 1.200096176951953520e+26
5.241000000000000134e-05 1.113767784814115691e+26
5.513999999999999723e-05 1.031607222347376708e+26
5.801000000000000194e-05 9.539840553208572283e+25
6.102999999999999674e-05 8.806138107123731750e+25
6.420999999999999679e-05 8.116556406072103983e+25
6.755999999999999690e-05 7.465672238169275099e+25
7.106999999999999548e-05 6.857403979796195488e+25
7.477000000000000410e-05 6.289113561087189239e+25
7.867000000000000403e-05 5.757147904649879939e+25
8.276000000000000045e-05 5.263198324637728482e+25
8.707000000000000492e-05 4.800307400438725677e+25
9.160999999999999872e-05 4.372390375298651423e+25
9.637999999999999541e-05 3.976693798749724286e+25
1.013999999999999982e-04 3.610747051827122108e+25
1.067000000000000050e-04 3.271626211563972630e+25
1.122000000000000032e-04 2.964007770248740580e+25
1.180999999999999975e-04 2.676353198564780527e+25
1.242000000000000103e-04 2.418600791645462225e+25
1.307000000000000056e-04 2.178730885075743422e+25
1.375000000000000083e-04 1.960671646415370928e+25
1.446999999999999936e-04 1.761625373798645656e+25
1.522000000000000132e-04 1.582379093708517866e+25
1.600999999999999884e-04 1.419353432610424899e+25
1.684000000000000004e-04 1.271148501142302610e+25
1.771999999999999975e-04 1.136460136667694476e+25
1.864000000000000043e-04 1.015455333482141128e+25
1.960999999999999961e-04 9.060719824113160186e+24
2.064000000000000025e-04 8.072050224899193209e+24
2.170999999999999916e-04 7.190013369103708898e+24
2.283999999999999952e-04 6.401831952856418116e+24
2.403000000000000134e-04 5.691034784811619264e+24
2.528000000000000191e-04 5.055185177233235550e+24
2.660000000000000146e-04 4.484599402739158684e+24
2.798000000000000248e-04 3.980723010831024923e+24
2.944000000000000002e-04 3.531190825970104653e+24
3.096999999999999927e-04 3.131067933526271378e+24
3.259000000000000070e-04 2.773402823107877494e+24
3.427999999999999841e-04 2.456721427641731083e+24
3.606999999999999855e-04 2.174982262419698307e+24
3.795000000000000088e-04 1.926209686721847162e+24
3.991999999999999997e-04 1.706931085755427087e+24
4.200000000000000174e-04 1.512021647564941780e+24
4.419000000000000076e-04 1.340068734041974360e+24
4.649000000000000246e-04 1.189360259656975401e+24
4.891000000000000165e-04 1.056749686121157546e+24
5.144999999999999834e-04 9.401516344618689201e+23
5.412999999999999843e-04 8.374588131369727411e+23
5.695000000000000192e-04 7.464761876113481752e+23
5.992000000000000364e-04 6.656601246986484455e+23
6.304000000000000358e-04 5.950874382614652529e+23
6.631999999999999658e-04 5.328872782593290593e+23
6.976999999999999912e-04 4.779289259245569426e+23
7.341000000000000086e-04 4.287931557583343164e+23
7.722999999999999613e-04 3.852336206908969389e+23
8.124999999999999627e-04 3.464552185056766984e+23
8.547999999999999609e-04 3.116030184454417474e+23
8.993000000000000126e-04 2.806686390710811146e+23
9.460999999999999575e-04 2.529003255846744506e+23
9.954000000000000174e-04 2.280396784295525566e+23
1.046999999999999971e-03 2.056162309723998713e+23
1.101999999999999898e-03 1.850788493827766391e+23
1.159000000000000091e-03 1.668146576547755296e+23
1.219000000000000031e-03 1.499339735984719161e+23
1.283000000000000069e-03 1.346636199719332531e+23
1.350000000000000071e-03 1.207115607902741678e+23
1.420000000000000038e-03 1.080963168463499139e+23
1.494000000000000102e-03 9.658309330990175722e+22
1.572000000000000047e-03 8.609420155464893386e+22
1.654000000000000088e-03 7.672835667747770728e+22
1.740000000000000010e-03 6.812455215707979776e+22
1.830000000000000029e-03 6.054897668992324023e+22
1.925999999999999978e-03 5.341590973202272407e+22
2.026000000000000023e-03 4.718307492831661811e+22
2.131000000000000082e-03 4.171851409022634689e+22
2.242000000000000069e-03 3.660651669258606582e+22
2.358999999999999986e-03 3.224900912177222569e+22
2.481999999999999831e-03 2.819020940070953891e+22
2.611000000000000040e-03 2.477155463782332157e+22
2.746999999999999876e-03 2.163940286859172223e+22
2.890000000000000208e-03 1.887683743236343254e+22
3.040999999999999866e-03 1.648286808966667069e+22
3.199000000000000021e-03 1.432757284310129784e+22
3.366000000000000068e-03 1.247141878128783340e+22
3.540999999999999877e-03 1.084284120392119878e+22
3.725000000000000012e-03 9.390888963952781296e+21
3.918999999999999741e-03 8.170396885493112373e+21
4.122999999999999929e-03 7.039423453687803019e+21
4.337999999999999842e-03 6.125836339472493445e+21
4.564000000000000348e-03 5.259769186167480648e+21
4.800999999999999712e-03 4.582833192395768070e+21
5.050999999999999934e-03 3.937379351839918522e+21
5.314000000000000147e-03 3.422755081372522512e+21
5.590999999999999616e-03 2.947025467399451181e+21
5.882000000000000076e-03 2.553516880424688157e+21
6.187999999999999924e-03 2.203167990508243386e+21
6.511000000000000294e-03 1.903787874524771647e+21
6.850000000000000186e-03 1.646338743822228128e+21
7.205999999999999732e-03 1.422397132395401970e+21
7.582000000000000198e-03 1.231818534059915084e+21
7.976000000000000451e-03 1.063209444185055166e+21
8.392000000000000154e-03 9.207317351960269292e+20
8.829000000000000042e-03 7.937149621040206316e+20
9.287999999999999381e-03 6.872969034070057288e+20
9.771999999999999437e-03 5.917265392844670239e+20
1.027999999999999921e-02 5.113240420388435395e+20
1.081999999999999976e-02 4.385050019685196759e+20
1.137999999999999949e-02 3.773788537828916593e+20
1.196999999999999974e-02 3.237168246635665818e+20
1.260000000000000009e-02 2.756057879842169160e+20
1.324999999999999963e-02 2.347905482895623782e+20
1.393999999999999927e-02 1.987509201927697859e+20
1.467000000000000075e-02 1.680911743446260122e+20
1.542999999999999927e-02 1.418658436019938427e+20
1.623000000000000137e-02 1.198627953878207037e+20
1.708000000000000143e-02 1.009528209245262807e+20
1.796999999999999986e-02 8.535992967925257011e+19
1.890000000000000013e-02 7.216655797906590106e+19
1.989000000000000143e-02 6.087629347084511642e+19
2.092000000000000109e-02 5.120450990416023552e+19
2.200999999999999832e-02 4.302787749432727962e+19
2.316000000000000003e-02 3.598884459971940762e+19
2.436999999999999930e-02 3.003025581828755046e+19
2.563000000000000000e-02 2.500627688008037171e+19
2.697000000000000092e-02 2.064292910710437069e+19
2.836999999999999938e-02 1.704450370638253670e+19
2.985000000000000153e-02 1.388854425695115059e+19
3.139999999999999736e-02 1.125937658076395930e+19
3.303999999999999992e-02 8.982513762277319680e+18
3.475999999999999923e-02 7.108017552389824512e+18
3.656999999999999834e-02 5.526553107923867648e+18
3.846999999999999725e-02 4.252486932071111168e+18
4.048000000000000209e-02 3.197646085698042368e+18
4.259000000000000286e-02 2.381702498631265792e+18
4.479999999999999954e-02 1.741668966236229376e+18
4.714000000000000135e-02 1.258769975410572288e+18
4.959000000000000213e-02 9.005273633589255680e+17
5.217000000000000109e-02 6.369518078169356800e+17
5.489000000000000129e-02 4.487025145818705920e+17
5.775000000000000272e-02 3.112969281465091200e+17
6.074999999999999845e-02 2.203337408980070720e+17
6.392000000000000459e-02 1.496397731832493120e+17
6.723999999999999422e-02 1.016864911869514080e+17
7.074999999999999345e-02 6.555156050357970400e+16
7.442999999999999616e-02 4.170814312593835200e+16
7.829999999999999460e-02 2.497936773192454000e+16
8.237999999999999490e-02 1.478422413761743000e+16
8.666999999999999704e-02 8.366102964227925000e+15
9.117999999999999716e-02 4.661346258921665000e+15
9.593000000000000138e-02 2.597664810754320500e+15
1.009000000000000036e-01 1.377396097625981750e+15
1.062000000000000027e-01 7.262893116085648750e+14
1.116999999999999937e-01 3.483650377848794375e+14
1.174999999999999933e-01 1.706214012785113125e+14
1.236000000000000015e-01 6.884531330333771094e+13
1.300999999999999934e-01 3.345420177559444922e+13
1.368999999999999939e-01 1.272162829534597070e+13
1.439999999999999891e-01 6.026889887085074219e+12
1.514999999999999958e-01 2.097772286286581787e+12
1.593999999999999861e-01 8.429662447592945557e+11
1.676999999999999880e-01 2.908071079720222778e+11
1.764000000000000012e-01 9.714012585827468872e+10
1.855999999999999872e-01 3.194404329456769943e+10
1.952000000000000124e-01 8.003771310906353951e+09
2.053999999999999992e-01 2.693668653585196972e+09
2.160999999999999865e-01 5.445035318824127913e+08
2.273999999999999910e-01 1.772460395550070107e+08
2.391999999999999960e-01 2.213431339023049921e+07
2.516999999999999793e-01 7.474489875588894822e+06
2.647999999999999798e-01 7.712287464193585329e+05
2.785000000000000253e-01 2.654369813220747164e+05
2.929999999999999827e-01 1.472805821234838913e+04
3.083000000000000185e-01 5.529103882823531421e+03
3.244000000000000217e-01 5.966148364923028566e+02
3.412000000000000033e-01 8.663041166503666091e+01
3.589999999999999858e-01 1.447185068385064177e+01
3.776999999999999802e-01 7.041238330063154249e-01
3.973999999999999755e-01 1.480314228820574507e-01
4.181000000000000272e-01 3.225747519069652441e-03
4.398000000000000242e-01 8.035580167472971321e-04
4.627000000000000002e-01 8.469408792832775146e-06
4.868000000000000105e-01 2.307754123329500345e-06
5.121999999999999886e-01 1.103678943270884615e-08
5.387999999999999456e-01 3.279758796247725815e-09
5.668999999999999595e-01 6.159086049954707322e-12
5.964000000000000412e-01 1.921878543275038035e-12
6.274999999999999467e-01 1.667663541238896308e-15
6.601000000000000201e-01 5.491888385883426475e-16
6.945000000000000062e-01 1.691850243306833815e-18
7.307000000000000162e-01 6.974255523316026562e-20
7.687000000000000499e-01 7.299878331473739106e-21
8.087999999999999634e-01 2.473823854144350036e-24
8.508999999999999897e-01 4.263535316308790225e-25
8.951999999999999957e-01 2.729925384429143502e-29
9.417999999999999705e-01 6.020060578780066964e-30
9.908000000000000140e-01 8.288010645864491018e-35
1.042000000000000037e+00 2.139845950269885989e-35
1.096999999999999975e+00 5.707629377080633585e-41
1.153999999999999915e+00 1.600216631086518946e-41
1.213999999999999968e+00 8.060452668881421943e-48
1.276999999999999913e+00 2.443188515910264712e-48
1.344000000000000083e+00 1.883399292912854570e-55
1.413999999999999924e+00 5.944048718909417065e-56
1.487000000000000099e+00 4.502238848118245254e-64
1.564999999999999947e+00 1.559811703032813954e-64
1.645999999999999908e+00 7.247373634825008989e-66
1.731999999999999984e+00 5.981727645042302449e-74
1.822000000000000064e+00 8.035865571453088944e-75
1.917000000000000037e+00 1.526116229794717990e-84
2.016999999999999904e+00 2.920838463662182404e-85
2.121999999999999886e+00 2.293386540857440314e-96
2.232000000000000206e+00 5.395111084657693294e-97
2.347999999999999865e+00 1.458757535770228168e-109
2.470000000000000195e+00 3.891820440138529886e-110
2.599000000000000199e+00 2.575411628111382815e-124
2.733999999999999986e+00 7.525480484060217227e-125
2.876999999999999780e+00 9.991318962316695097e-141
3.027000000000000135e+00 3.047887791723537012e-141
3.184000000000000163e+00 5.112757377939544330e-159
3.350000000000000089e+00 1.656787261266529199e-159
3.524000000000000021e+00 2.481439535709655448e-179
3.708000000000000185e+00 9.134385990581561899e-180
3.900999999999999801e+00 7.943756624895447112e-181
4.104000000000000092e+00 1.898829795424192785e-202
4.317999999999999616e+00 3.059594211437466077e-203
4.543000000000000149e+00 1.014909404567571582e-227
4.778999999999999915e+00 2.150032346752827677e-228
5.027999999999999581e+00 6.632724356669830482e-256
5.290000000000000036e+00 1.622820907751345176e-256
5.565000000000000391e+00 2.392060340887130659e-287
5.855000000000000426e+00 6.599648361789408548e-288
6.160000000000000142e+00 0.000000000000000000e+00
6.480999999999999872e+00 0.000000000000000000e+00
6.817999999999999616e+00 0.000000000000000000e+00
7.173000000000000043e+00 0.000000000000000000e+00
7.546999999999999709e+00 0.000000000000000000e+00
7.940000000000000391e+00 0.000000000000000000e+00
8.352999999999999758e+00 0.000000000000000000e+00
8.788000000000000256e+00 0.000000000000000000e+00
9.246000000000000441e+00 0.000000000000000000e+00
9.727000000000000313e+00 0.000000000000000000e+00
1.023000000000000043e+01 0.000000000000000000e+00
1.076999999999999957e+01 0.000000000000000000e+00
1.133000000000000007e+01 0.000000000000000000e+00
1.191999999999999993e+01 0.000000000000000000e+00
1.253999999999999915e+01 0.000000000000000000e+00
1.318999999999999950e+01 0.000000000000000000e+00
1.388000000000000078e+01 0.000000000000000000e+00
1.459999999999999964e+01 0.000000000000000000e+00
1.535999999999999943e+01 0.000000000000000000e+00
1.616000000000000014e+01 0.000000000000000000e+00
1.700000000000000000e+01 0.000000000000000000e+00
1.789000000000000057e+01 0.000000000000000000e+00
1.882000000000000028e+01 0.000000000000000000e+00
1.980000000000000071e+01 0.000000000000000000e+00
2.082999999999999829e+01 0.000000000000000000e+00
2.191000000000000014e+01 0.000000000000000000e+00
2.305000000000000071e+01 0.000000000000000000e+00
2.425000000000000000e+01 0.000000000000000000e+00
2.551999999999999957e+01 0.000000000000000000e+00
2.683999999999999986e+01 0.000000000000000000e+00
2.823999999999999844e+01 0.000000000000000000e+00
2.971000000000000085e+01 0.000000000000000000e+00
3.126000000000000156e+01 0.000000000000000000e+00
3.289000000000000057e+01 0.000000000000000000e+00
3.460000000000000142e+01 0.000000000000000000e+00
3.639999999999999858e+01 0.000000000000000000e+00
3.829999999999999716e+01 0.000000000000000000e+00
4.028999999999999915e+01 0.000000000000000000e+00
4.239000000000000057e+01 0.000000000000000000e+00
4.460000000000000142e+01 0.000000000000000000e+00
4.692000000000000171e+01 0.000000000000000000e+00
4.935999999999999943e+01 0.000000000000000000e+00
5.192999999999999972e+01 0.000000000000000000e+00
5.464000000000000057e+01 0.000000000000000000e+00
5.747999999999999687e+01 0.000000000000000000e+00
6.046999999999999886e+01 0.000000000000000000e+00
6.361999999999999744e+01 0.000000000000000000e+00
6.693000000000000682e+01 0.000000000000000000e+00
7.042000000000000171e+01 0.000000000000000000e+00
7.409000000000000341e+01 0.000000000000000000e+00
7.793999999999999773e+01 0.000000000000000000e+00
8.200000000000000000e+01 0.000000000000000000e+00
8.626999999999999602e+01 0.000000000000000000e+00
9.076000000000000512e+01 0.000000000000000000e+00
9.548999999999999488e+01 0.000000000000000000e+00
1.005000000000000000e+02 0.000000000000000000e+00
1.057000000000000028e+02 0.000000000000000000e+00
1.112000000000000028e+02 0.000000000000000000e+00
1.170000000000000000e+02 0.000000000000000000e+00
1.230999999999999943e+02 0.000000000000000000e+00
1.295000000000000000e+02 0.000000000000000000e+00
1.361999999999999886e+02 0.000000000000000000e+00
1.433000000000000114e+02 0.000000000000000000e+00
1.508000000000000114e+02 0.000000000000000000e+00
1.585999999999999943e+02 0.000000000000000000e+00
1.669000000000000057e+02 0.000000000000000000e+00
1.755999999999999943e+02 0.000000000000000000e+00
1.846999999999999886e+02 0.000000000000000000e+00
1.943000000000000114e+02 0.000000000000000000e+00
2.045000000000000000e+02 0.000000000000000000e+00
2.150999999999999943e+02 0.000000000000000000e+00
2.263000000000000114e+02 0.000000000000000000e+00
2.380999999999999943e+02 0.000000000000000000e+00
2.505000000000000000e+02 0.000000000000000000e+00
2.635000000000000000e+02 0.000000000000000000e+00
2.773000000000000114e+02 0.000000000000000000e+00
2.916999999999999886e+02 0.000000000000000000e+00
3.068999999999999773e+02 0.000000000000000000e+00
3.228999999999999773e+02 0.000000000000000000e+00
3.396999999999999886e+02 0.000000000000000000e+00
3.573999999999999773e+02 0.000000000000000000e+00
3.760000000000000000e+02 0.000000000000000000e+00
3.955000000000000000e+02 0.000000000000000000e+00
4.161000000000000227e+02 0.000000000000000000e+00
4.378000000000000114e+02 0.000000000000000000e+00
4.606000000000000227e+02 0.000000000000000000e+00
4.846000000000000227e+02 0.000000000000000000e+00
5.098000000000000114e+02 0.000000000000000000e+00
5.363999999999999773e+02 0.000000000000000000e+00
5.642999999999999545e+02 0.000000000000000000e+00
5.937000000000000455e+02 0.000000000000000000e+00
6.246000000000000227e+02 0.000000000000000000e+00
6.571000000000000227e+02 0.000000000000000000e+00
6.912999999999999545e+02 0.000000000000000000e+00
7.272999999999999545e+02 0.000000000000000000e+00
7.652000000000000455e+02 0.000000000000000000e+00
8.050000000000000000e+02 0.000000000000000000e+00
8.468999999999999773e+02 0.000000000000000000e+00
8.910000000000000000e+02 0.000000000000000000e+00
9.373999999999999773e+02 0.000000000000000000e+00
9.862999999999999545e+02 0.000000000000000000e+00
1.038000000000000000e+03 0.000000000000000000e+00
1.092000000000000000e+03 0.000000000000000000e+00
1.148000000000000000e+03 0.000000000000000000e+00
1.208000000000000000e+03 0.000000000000000000e+00
1.271000000000000000e+03 0.000000000000000000e+00
1.337000000000000000e+03 0.000000000000000000e+00
1.407000000000000000e+03 0.000000000000000000e+00
1.480000000000000000e+03 0.000000000000000000e+00
1.557000000000000000e+03 0.000000000000000000e+00
1.638000000000000000e+03 0.000000000000000000e+00
1.724000000000000000e+03 0.000000000000000000e+00
1.814000000000000000e+03 0.000000000000000000e+00
1.908000000000000000e+03 0.000000000000000000e+00
2.007000000000000000e+03 0.000000000000000000e+00
2.112000000000000000e+03 0.000000000000000000e+00
2.222000000000000000e+03 0.000000000000000000e+00
2.337000000000000000e+03 0.000000000000000000e+00
2.459000000000000000e+03 0.000000000000000000e+00
2.587000000000000000e+03 0.000000000000000000e+00
2.722000000000000000e+03 0.000000000000000000e+00
2.864000000000000000e+03 0.000000000000000000e+00
3.013000000000000000e+03 0.000000000000000000e+00
3.170000000000000000e+03 0.000000000000000000e+00
3.335000000000000000e+03 0.000000000000000000e+00
3.508000000000000000e+03 0.000000000000000000e+00
3.691000000000000000e+03 0.000000000000000000e+00
3.883000000000000000e+03 0.000000000000000000e+00
4.085000000000000000e+03 0.000000000000000000e+00
4.298000000000000000e+03 0.000000000000000000e+00
4.522000000000000000e+03 0.000000000000000000e+00
4.757000000000000000e+03 0.000000000000000000e+00
5.005000000000000000e+03 0.000000000000000000e+00
5.266000000000000000e+03 0.000000000000000000e+00
5.540000000000000000e+03 0.000000000000000000e+00
5.828000000000000000e+03 0.000000000000000000e+00
6.132000000000000000e+03 0.000000000000000000e+00
6.451000000000000000e+03 0.000000000000000000e+00
6.787000000000000000e+03 0.000000000000000000e+00
7.140000000000000000e+03 0.000000000000000000e+00
7.512000000000000000e+03 0.000000000000000000e+00
7.903000000000000000e+03 0.000000000000000000e+00
8.315000000000000000e+03 0.000000000000000000e+00
8.748000000000000000e+03 0.000000000000000000e+00
9.203000000000000000e+03 0.000000000000000000e+00
9.682000000000000000e+03 0.000000000000000000e+00
1.019000000000000000e+04 0.000000000000000000e+00
1.072000000000000000e+04 0.000000000000000000e+00
1.127000000000000000e+04 0.000000000000000000e+00
1.186000000000000000e+04 0.000000000000000000e+00
1.248000000000000000e+04 0.000000000000000000e+00
1.313000000000000000e+04 0.000000000000000000e+00
1.381000000000000000e+04 0.000000000000000000e+00
1.453000000000000000e+04 0.000000000000000000e+00
1.529000000000000000e+04 0.000000000000000000e+00
1.608000000000000000e+04 0.000000000000000000e+00
1.692000000000000000e+04 0.000000000000000000e+00
1.780000000000000000e+04 0.000000000000000000e+00
1.873000000000000000e+04 0.000000000000000000e+00
1.971000000000000000e+04 0.000000000000000000e+00
2.073000000000000000e+04 0.000000000000000000e+00
2.181000000000000000e+04 0.000000000000000000e+00
2.295000000000000000e+04 0.000000000000000000e+00
2.414000000000000000e+04 0.000000000000000000e+00
2.540000000000000000e+04 0.000000000000000000e+00
2.672000000000000000e+04 0.000000000000000000e+00
2.811000000000000000e+04 0.000000000000000000e+00
2.958000000000000000e+04 0.000000000000000000e+00
3.112000000000000000e+04 0.000000000000000000e+00
3.274000000000000000e+04 0.000000000000000000e+00
3.444000000000000000e+04 0.000000000000000000e+00
3.623000000000000000e+04 0.000000000000000000e+00
3.812000000000000000e+04 0.000000000000000000e+00
4.011000000000000000e+04 0.000000000000000000e+00
4.219000000000000000e+04 0.000000000000000000e+00
4.439000000000000000e+04 0.000000000000000000e+00
4.670000000000000000e+04 0.000000000000000000e+00
4.913000000000000000e+04 0.000000000000000000e+00
5.169000000000000000e+04 0.000000000000000000e+00
5.438000000000000000e+04 0.000000000000000000e+00
5.722000000000000000e+04 0.000000000000000000e+00
6.019000000000000000e+04 0.000000000000000000e+00
6.333000000000000000e+04 0.000000000000000000e+00
6.663000000000000000e+04 0.000000000000000000e+00
7.010000000000000000e+04 0.000000000000000000e+00
7.375000000000000000e+04 0.000000000000000000e+00
7.759000000000000000e+04 0.000000000000000000e+00
8.163000000000000000e+04 0.000000000000000000e+00
8.588000000000000000e+04 0.000000000000000000e+00
9.035000000000000000e+04 0.000000000000000000e+00
9.505000000000000000e+04 0.000000000000000000e+00
1.000000000000000000e+05 0.000000000000000000e+00
