1.774127155601597394e+01 2.620222715022016757e+01
1.874127155601597394e+01 2.481890183312393816e+01
1.974127155601597394e+01 2.294990374642263120e+01
2.074127155601597394e+01 2.082841801038687990e+01
2.174127155601597394e+01 1.866945643833786406e+01
2.274127155601597394e+01 1.650676947841463260e+01
2.374127155601597394e+01 1.447436062304127091e+01
2.474127155601597394e+01 1.261069065794998778e+01
2.574127155601597394e+01 1.093998077931723500e+01
2.674127155601597394e+01 9.479420891635328417e+00
2.774127155601597394e+01 8.213487296923439374e+00
2.874127155601597394e+01 7.123140423992744275e+00
2.974127155601597394e+01 6.186359991723339391e+00
3.074127155601597394e+01 5.382809983896295947e+00
3.174127155601597394e+01 4.684789032646507145e+00
3.274127155601597394e+01 4.074579871666039743e+00
3.374127155601597394e+01 3.542428774794689872e+00
3.474127155601597394e+01 3.062687745536531114e+00
3.574127155601597394e+01 2.648971923136487661e+00
3.674127155601597394e+01 2.268791986375327419e+00
3.774127155601597394e+01 1.938705623533164779e+00
3.874127155601597394e+01 1.656957847402251272e+00
3.974127155601597394e+01 1.394162742058173254e+00
4.074127155601597394e+01 1.174836698197890827e+00
4.174127155601597394e+01 9.913188332001372505e-01
4.274127155601597394e+01 8.260212852642745407e-01
4.374127155601597394e+01 6.890428585614583046e-01
4.474127155601597394e+01 5.722631241643345579e-01
4.574127155601597394e+01 4.741099833568384048e-01
4.674127155601597394e+01 3.921150158026645016e-01
4.774127155601597394e+01 3.237855606990084345e-01
4.874127155601597394e+01 2.674018375447990703e-01
4.974127155601597394e+01 2.207980513477778295e-01
5.074127155601597394e+01 1.823770825624510816e-01
5.174127155601597394e+01 1.507219216525415850e-01
5.274127155601597394e+01 1.245648602182625186e-01
5.374127155601597394e+01 1.029668530367855300e-01
5.474127155601597394e+01 8.508007382570512145e-02
5.574127155601597394e+01 7.024504090106037379e-02
5.674127155601597394e+01 5.796196388144587985e-02
5.774127155601597394e+01 4.768609382095922306e-02
5.874127155601597394e+01 3.926040213924093109e-02
5.974127155601597394e+01 3.219551534167816587e-02
6.074127155601597394e+01 2.638849911126801145e-02
6.174127155601597394e+01 2.165878288919757116e-02
6.274127155601597394e+01 1.765604166726834900e-02
6.374127155601597394e+01 1.441788502292612635e-02
6.474127155601597394e+01 1.179367169473995343e-02
6.574127155601597394e+01 9.590081284359524075e-03
6.674127155601597394e+01 7.810186710522993084e-03
6.774127155601597394e+01 6.373136480116048212e-03
6.874127155601597394e+01 5.174649962183609612e-03
6.974127155601597394e+01 4.207240149361811225e-03
7.074127155601597394e+01 3.427896086983954482e-03
7.174127155601597394e+01 2.780267447206761968e-03
7.274127155601597394e+01 2.257470900454451590e-03
7.374127155601597394e+01 1.836941461160475613e-03
7.474127155601597394e+01 1.487844712464907486e-03
7.574127155601597394e+01 1.205931495965145836e-03
7.674127155601597394e+01 9.796121583944721652e-04
7.774127155601597394e+01 7.922108290980911863e-04
7.874127155601597394e+01 6.408800462378355309e-04
7.974127155601597394e+01 5.196261873881182890e-04
8.074127155601597394e+01 4.193196216302180323e-04
8.174127155601597394e+01 3.383141760661331223e-04
8.274127155601597394e+01 2.735974439577942906e-04
8.374127155601597394e+01 2.204658022335416522e-04
8.474127155601597394e+01 1.776210456165899993e-04
