1.000000000000000021e-03 9.790876830215875088e+02
1.051999999999999984e-03 9.676697080152461012e+02
1.106999999999999911e-03 9.516184822797659990e+02
1.163999999999999887e-03 9.407946143675209214e+02
1.224999999999999960e-03 9.210884858495157914e+02
1.288999999999999998e-03 9.037448723747575059e+02
1.356000000000000000e-03 8.811275741453819137e+02
1.427000000000000100e-03 8.569348809705518306e+02
1.500999999999999947e-03 8.372641462974520437e+02
1.579000000000000108e-03 8.082078213205325028e+02
1.661000000000000150e-03 7.861712822970903289e+02
1.747999999999999988e-03 7.537011042828762584e+02
1.839000000000000140e-03 7.316797431319105272e+02
1.935000000000000088e-03 6.967021859810161004e+02
2.034999999999999917e-03 6.744028578902251638e+02
2.141000000000000108e-03 6.362107467252117203e+02
2.252999999999999794e-03 6.154818848250137080e+02
2.370000000000000145e-03 5.787312150290836144e+02
2.492999999999999990e-03 5.558318234320583997e+02
2.623000000000000331e-03 5.235779821397929936e+02
2.759999999999999867e-03 4.981157955379925966e+02
2.903999999999999897e-03 4.697578369944012593e+02
3.054999999999999990e-03 4.434093532302631502e+02
3.213999999999999843e-03 4.197351620457282024e+02
3.380999999999999891e-03 3.947505815020215323e+02
3.556999999999999832e-03 3.743318040052091646e+02
3.742000000000000100e-03 3.516660668730075940e+02
3.936999999999999528e-03 3.338785675478061421e+02
4.142000000000000716e-03 3.147156410249828014e+02
4.357999999999999895e-03 2.998257682794077823e+02
4.585000000000000533e-03 2.834707500980324539e+02
4.824000000000000163e-03 2.705297628269063352e+02
5.074999999999999650e-03 2.581604730680907096e+02
5.338999999999999996e-03 2.474075247183901922e+02
5.616999999999999597e-03 2.376429407290704319e+02
5.908999999999999322e-03 2.293620036582732951e+02
6.217000000000000304e-03 2.228880796647463285e+02
6.540999999999999939e-03 2.156841850943898464e+02
6.880999999999999964e-03 2.120268454845522683e+02
7.239999999999999908e-03 2.063521605963393029e+02
7.617000000000000506e-03 2.042400668779918931e+02
8.012999999999999290e-03 2.005840877477453432e+02
8.429999999999999993e-03 1.996470183930039184e+02
8.868999999999998413e-03 1.980347940803025892e+02
9.330999999999999017e-03 1.974177484742275794e+02
9.816999999999999338e-03 1.966830301042928681e+02
1.032999999999999891e-02 1.970751975308247950e+02
1.086999999999999945e-02 1.972335605960801104e+02
1.143000000000000092e-02 1.983904566920206491e+02
1.203000000000000076e-02 1.990787728422658631e+02
1.264999999999999979e-02 2.004301637595644650e+02
1.330999999999999892e-02 2.019532238537754552e+02
1.400999999999999988e-02 2.030210350619402675e+02
1.473000000000000004e-02 2.052803307314050301e+02
1.549999999999999989e-02 2.061531483021566373e+02
1.631000000000000158e-02 2.087949808996899321e+02
1.715999999999999817e-02 2.099303000799642405e+02
1.805000000000000007e-02 2.124550319315530373e+02
1.898999999999999994e-02 2.137919198125509581e+02
1.997999999999999776e-02 2.156715842096074880e+02
2.101999999999999702e-02 2.170210241735475165e+02
2.212000000000000077e-02 2.188245345649190199e+02
2.326999999999999902e-02 2.199083250151043671e+02
2.447999999999999829e-02 2.217233723090877504e+02
2.574999999999999858e-02 2.225490409579443849e+02
2.708999999999999950e-02 2.238314812028233405e+02
2.850000000000000103e-02 2.244504544324599351e+02
2.998999999999999930e-02 2.251742214246711171e+02
3.155000000000000165e-02 2.256015818284807324e+02
3.318999999999999728e-02 2.260429008315489909e+02
3.491999999999999965e-02 2.260290336573222305e+02
3.673999999999999488e-02 2.264198481778168173e+02
3.864999999999999686e-02 2.261079855634237674e+02
4.066000000000000170e-02 2.260251227402883671e+02
4.277999999999999858e-02 2.250994674987599069e+02
4.500999999999999446e-02 2.247808933555634212e+02
4.734999999999999626e-02 2.236479453680006486e+02
4.982000000000000317e-02 2.225044406068948319e+02
5.240999999999999825e-02 2.214134139381382624e+02
5.513999999999999457e-02 2.196853367639376984e+02
5.800999999999999907e-02 2.181950642778720066e+02
6.102999999999999398e-02 2.161725449703537834e+02
6.421000000000000318e-02 2.142179835504813354e+02
6.755999999999999506e-02 2.117849566348381813e+02
7.106999999999999429e-02 2.094175037552848266e+02
7.477000000000000313e-02 2.067780071359983367e+02
7.867000000000000381e-02 2.042126276390326893e+02
8.276000000000000023e-02 2.010871829592432221e+02
8.707000000000000850e-02 1.983614010396154299e+02
9.160999999999999699e-02 1.948891150686003755e+02
9.637999999999999345e-02 1.919914521958742739e+02
1.014000000000000040e-01 1.882905335069210366e+02
1.067000000000000032e-01 1.849113000110819769e+02
1.122000000000000081e-01 1.812422051716015403e+02
1.180999999999999966e-01 1.774555423459112262e+02
1.242000000000000048e-01 1.737181899695127925e+02
1.307000000000000106e-01 1.697470311804114544e+02
1.375000000000000111e-01 1.657820158939671273e+02
1.446999999999999953e-01 1.615094443042369505e+02
1.522000000000000020e-01 1.573528797307953937e+02
1.600999999999999923e-01 1.530083002374490491e+02
1.683999999999999941e-01 1.489015473199632709e+02
1.771999999999999964e-01 1.442323320308082657e+02
1.864000000000000101e-01 1.402968002358898900e+02
1.960999999999999965e-01 1.356929203627440472e+02
2.064000000000000001e-01 1.316687815952044502e+02
2.170999999999999874e-01 1.271373652326661556e+02
2.283999999999999919e-01 1.231203945361662875e+02
2.403000000000000136e-01 1.187654893251452961e+02
2.528000000000000247e-01 1.147931891075687076e+02
2.660000000000000142e-01 1.106088069834185887e+02
2.798000000000000487e-01 1.065944541701324511e+02
2.943999999999999950e-01 1.025841260307332448e+02
3.096999999999999753e-01 9.864086553500078480e+01
3.259000000000000230e-01 9.472732389397347674e+01
3.427999999999999936e-01 9.083633545515803576e+01
3.606999999999999651e-01 8.705551572879676314e+01
3.795000000000000040e-01 8.323270891081257616e+01
3.991999999999999993e-01 7.965407432659212361e+01
4.200000000000000400e-01 7.607481548074569844e+01
4.419000000000000150e-01 7.266302773531796788e+01
4.649000000000000354e-01 6.941428455976270584e+01
4.891000000000000347e-01 6.629972856321974461e+01
5.144999999999999574e-01 6.338135462469115566e+01
5.413000000000000034e-01 6.059903812450772875e+01
5.695000000000000062e-01 5.796786956712423233e+01
5.992000000000000659e-01 5.544601228851158226e+01
6.304000000000000714e-01 5.311728365028629639e+01
6.632000000000000117e-01 5.089844212649840927e+01
6.976999999999999869e-01 4.875833295781245624e+01
7.340999999999999748e-01 4.677852347848889281e+01
7.722999999999999865e-01 4.484223140285649833e+01
8.125000000000000000e-01 4.301697482533859329e+01
8.548000000000000043e-01 4.120499091364059296e+01
8.992999999999999883e-01 3.952144716989722184e+01
9.460999999999999410e-01 3.783916454683419062e+01
9.954000000000000625e-01 3.635950760006873139e+01
1.046999999999999931e+00 3.487900489790123260e+01
1.101999999999999869e+00 3.369897989061048804e+01
1.159000000000000030e+00 3.253943222938561064e+01
1.219000000000000083e+00 3.170702632397631859e+01
1.283000000000000140e+00 3.090109914142977487e+01
1.350000000000000089e+00 3.037915097097452843e+01
1.419999999999999929e+00 2.986279740268363980e+01
1.493999999999999995e+00 2.954879863598329592e+01
1.572000000000000064e+00 2.929046368124696187e+01
1.654000000000000137e+00 2.912084432994757321e+01
1.739999999999999991e+00 2.904239696507237412e+01
1.830000000000000071e+00 2.894495637987270698e+01
1.925999999999999934e+00 2.893403838580746879e+01
2.025999999999999801e+00 2.883589692840350693e+01
2.131000000000000227e+00 2.876380955629537794e+01
2.241999999999999993e+00 2.859243084715466665e+01
2.358999999999999986e+00 2.845165370851412590e+01
2.481999999999999762e+00 2.831027149756474870e+01
2.611000000000000210e+00 2.822023091586336818e+01
2.746999999999999886e+00 2.827982649458596853e+01
2.890000000000000124e+00 2.840718046292719379e+01
3.040999999999999925e+00 2.876309402066127063e+01
3.198999999999999844e+00 2.919768315939560210e+01
3.366000000000000103e+00 2.977750796863707450e+01
3.540999999999999925e+00 3.043408999476666565e+01
3.725000000000000089e+00 3.113349455562481438e+01
3.918999999999999595e+00 3.193745161242981823e+01
4.123000000000000220e+00 3.269300509905981045e+01
4.338000000000000078e+00 3.354601162970522665e+01
4.564000000000000057e+00 3.428395159046990415e+01
4.801000000000000156e+00 3.502683753222342489e+01
5.051000000000000156e+00 3.563981249428605480e+01
5.314000000000000057e+00 3.608801908574687189e+01
5.590999999999999304e+00 3.644821924312230266e+01
5.881999999999999673e+00 3.657135343453661136e+01
6.187999999999999723e+00 3.674024015871063398e+01
6.511000000000000121e+00 3.681128807945553660e+01
6.850000000000000533e+00 3.700750216348752986e+01
7.205999999999999517e+00 3.737009951826219378e+01
7.581999999999999851e+00 3.782254021582720327e+01
7.976000000000000867e+00 3.861061725065432171e+01
8.391999999999999460e+00 3.937989927476929353e+01
8.829000000000000625e+00 4.035516708773714356e+01
9.288000000000000256e+00 4.125744233920844550e+01
9.772000000000000242e+00 4.219389249057150693e+01
1.027999999999999936e+01 4.305219519819168994e+01
1.082000000000000028e+01 4.375800736622731080e+01
1.137999999999999901e+01 4.439752554986925759e+01
1.196999999999999886e+01 4.472550984519521222e+01
1.259999999999999964e+01 4.504489429822027091e+01
1.325000000000000000e+01 4.488481057552516518e+01
1.393999999999999950e+01 4.467068144426849585e+01
1.466999999999999993e+01 4.376967925311319618e+01
1.542999999999999972e+01 4.269887817188333656e+01
1.623000000000000043e+01 4.082127715796914913e+01
1.708000000000000185e+01 3.838433918222656160e+01
1.796999999999999886e+01 3.540436009980290066e+01
1.889999999999999858e+01 3.165597599568133091e+01
1.989000000000000057e+01 2.771966412924472323e+01
2.092000000000000171e+01 2.344056211280336299e+01
2.200999999999999801e+01 1.917955460954947355e+01
2.316000000000000014e+01 1.546958384707410872e+01
2.437000000000000099e+01 1.167547767070906062e+01
2.562999999999999901e+01 9.184665224605531364e+00
2.697000000000000242e+01 6.604156423014416966e+00
2.837000000000000099e+01 5.019143411051754988e+00
2.985000000000000142e+01 3.563415085332566790e+00
3.139999999999999858e+01 2.651344279292069395e+00
3.303999999999999915e+01 1.938918401531206426e+00
3.475999999999999801e+01 1.422777621922112656e+00
3.657000000000000028e+01 1.042901092425692511e+00
3.846999999999999886e+01 7.302489114584758134e-01
4.048000000000000398e+01 4.985575942753525114e-01
4.259000000000000341e+01 3.053086295438742770e-01
4.479999999999999716e+01 1.981804593003422266e-01
4.714000000000000057e+01 1.023436376913473278e-01
4.959000000000000341e+01 6.689423294797054720e-02
5.217000000000000171e+01 3.190461497178499056e-02
5.489000000000000057e+01 2.123865520379912553e-02
5.775000000000000000e+01 1.014550890503048558e-02
6.075000000000000000e+01 6.240237553509630532e-03
6.392000000000000171e+01 2.626945136080342628e-03
6.723999999999999488e+01 1.344901216709130584e-03
7.075000000000000000e+01 5.954371852283251755e-04
7.442999999999999261e+01 2.568075699279540698e-04
7.829999999999999716e+01 1.165938641550638856e-04
8.237999999999999545e+01 3.954058827155740698e-05
8.667000000000000171e+01 1.843876986514685754e-05
9.117999999999999261e+01 4.676680707395835486e-06
9.593000000000000682e+01 2.270871917505635706e-06
1.009000000000000057e+02 4.220019158017229366e-07
1.062000000000000028e+02 2.136736721303086201e-07
1.116999999999999886e+02 2.951877299386457799e-08
1.175000000000000000e+02 1.566323063773054671e-08
1.236000000000000085e+02 1.325331225709994546e-09
1.300999999999999943e+02 7.307920462972996424e-10
1.369000000000000057e+02 1.094996980489020681e-10
1.440000000000000000e+02 2.650716651199194433e-11
1.515000000000000000e+02 5.937415526287597298e-12
1.593999999999999773e+02 5.898978540566353014e-13
1.676999999999999886e+02 1.706556787830393995e-13
1.764000000000000057e+02 8.084034487199860630e-15
1.855999999999999943e+02 2.821836562009318207e-15
1.952000000000000171e+02 7.069846878429777360e-17
2.054000000000000057e+02 2.829110776576229377e-17
2.160999999999999943e+02 2.806196276942621931e-19
2.273999999999999773e+02 1.245914923688015042e-19
2.391999999999999886e+02 8.093975519056925513e-22
2.516999999999999886e+02 3.911816980102590685e-22
2.647999999999999545e+02 1.017939550869729029e-24
2.785000000000000000e+02 5.313948860667786856e-25
2.930000000000000000e+02 1.644807626251586851e-26
3.083000000000000114e+02 3.073489479544561781e-28
3.244000000000000341e+02 4.246021081834216245e-29
3.411999999999999886e+02 8.994048304884935253e-32
3.590000000000000000e+02 2.072546519280908824e-32
3.776999999999999886e+02 1.011498059543015337e-35
3.973999999999999773e+02 3.061106890109151082e-36
4.181000000000000227e+02 3.322413334928595411e-40
4.398000000000000114e+02 1.215863261383403471e-40
4.626999999999999886e+02 3.556921930678229564e-45
4.868000000000000114e+02 1.481305764605678047e-45
5.122000000000000455e+02 1.062429977840859909e-50
5.387999999999999545e+02 4.900948046118192649e-51
5.668999999999999773e+02 7.301610368835352072e-57
5.964000000000000909e+02 3.640491365502526352e-57
6.275000000000000000e+02 1.023446224363402118e-63
6.601000000000000227e+02 5.448961346127043645e-64
6.945000000000000000e+02 3.992066468940664582e-65
7.307000000000000455e+02 1.402087407837761494e-71
7.687000000000000455e+02 2.481515217784399805e-72
8.087999999999999545e+02 3.651081438924178438e-80
8.508999999999999773e+02 9.460465972157443129e-81
8.952000000000000455e+02 1.323306467151889152e-89
9.417999999999999545e+02 4.336612219441901771e-90
9.908000000000000682e+02 3.226549934991478501e-100
1.042000000000000000e+03 1.257648009285384967e-100
1.097000000000000000e+03 4.931574846649369176e-112
1.154000000000000000e+03 2.134053359991290677e-112
1.214000000000000000e+03 3.432365718065175593e-125
1.277000000000000000e+03 1.634646964358534806e-125
1.344000000000000000e+03 6.185823288749756068e-140
1.414000000000000000e+03 3.151813174687414542e-140
1.487000000000000000e+03 2.783056059697081911e-156
1.565000000000000000e+03 1.502846588732476736e-156
1.646000000000000000e+03 1.733994135412679788e-157
1.732000000000000000e+03 8.890673955258765516e-175
1.822000000000000000e+03 1.860345994782871647e-175
1.917000000000000000e+03 4.937023362905235931e-195
2.017000000000000000e+03 1.402670629290115101e-195
2.122000000000000000e+03 1.058078834989532720e-217
2.232000000000000000e+03 3.720223877605731330e-218
2.348000000000000000e+03 6.942867763619405964e-243
2.470000000000000000e+03 2.820128992136644210e-243
2.599000000000000000e+03 4.850315214771388617e-271
2.734000000000000000e+03 2.190364926590651262e-271
2.877000000000000000e+03 2.434381715187878660e-302
3.027000000000000000e+03 1.188989030494913871e-302
3.184000000000000000e+03 0.000000000000000000e+00
3.350000000000000000e+03 0.000000000000000000e+00
3.524000000000000000e+03 0.000000000000000000e+00
3.708000000000000000e+03 0.000000000000000000e+00
3.901000000000000000e+03 0.000000000000000000e+00
4.104000000000000000e+03 0.000000000000000000e+00
4.318000000000000000e+03 0.000000000000000000e+00
4.543000000000000000e+03 0.000000000000000000e+00
4.779000000000000000e+03 0.000000000000000000e+00
5.028000000000000000e+03 0.000000000000000000e+00
5.290000000000000000e+03 0.000000000000000000e+00
5.565000000000000000e+03 0.000000000000000000e+00
5.855000000000000000e+03 0.000000000000000000e+00
6.160000000000000000e+03 0.000000000000000000e+00
6.481000000000000000e+03 0.000000000000000000e+00
6.818000000000000000e+03 0.000000000000000000e+00
7.173000000000000000e+03 0.000000000000000000e+00
7.547000000000000000e+03 0.000000000000000000e+00
7.940000000000000000e+03 0.000000000000000000e+00
8.353000000000000000e+03 0.000000000000000000e+00
8.788000000000000000e+03 0.000000000000000000e+00
9.246000000000000000e+03 0.000000000000000000e+00
9.727000000000000000e+03 0.000000000000000000e+00
1.023000000000000000e+04 0.000000000000000000e+00
1.077000000000000000e+04 0.000000000000000000e+00
1.133000000000000000e+04 0.000000000000000000e+00
1.192000000000000000e+04 0.000000000000000000e+00
1.254000000000000000e+04 0.000000000000000000e+00
1.319000000000000000e+04 0.000000000000000000e+00
1.388000000000000000e+04 0.000000000000000000e+00
1.460000000000000000e+04 0.000000000000000000e+00
1.536000000000000000e+04 0.000000000000000000e+00
1.616000000000000000e+04 0.000000000000000000e+00
1.700000000000000000e+04 0.000000000000000000e+00
1.789000000000000000e+04 0.000000000000000000e+00
1.882000000000000000e+04 0.000000000000000000e+00
1.980000000000000000e+04 0.000000000000000000e+00
2.083000000000000000e+04 0.000000000000000000e+00
2.191000000000000000e+04 0.000000000000000000e+00
2.305000000000000000e+04 0.000000000000000000e+00
2.425000000000000000e+04 0.000000000000000000e+00
2.552000000000000000e+04 0.000000000000000000e+00
2.684000000000000000e+04 0.000000000000000000e+00
2.824000000000000000e+04 0.000000000000000000e+00
2.971000000000000000e+04 0.000000000000000000e+00
3.126000000000000000e+04 0.000000000000000000e+00
3.289000000000000000e+04 0.000000000000000000e+00
3.460000000000000000e+04 0.000000000000000000e+00
3.640000000000000000e+04 0.000000000000000000e+00
3.830000000000000000e+04 0.000000000000000000e+00
4.029000000000000000e+04 0.000000000000000000e+00
4.239000000000000000e+04 0.000000000000000000e+00
4.460000000000000000e+04 0.000000000000000000e+00
4.692000000000000000e+04 0.000000000000000000e+00
4.936000000000000000e+04 0.000000000000000000e+00
5.193000000000000000e+04 0.000000000000000000e+00
5.464000000000000000e+04 0.000000000000000000e+00
5.748000000000000000e+04 0.000000000000000000e+00
6.047000000000000000e+04 0.000000000000000000e+00
6.362000000000000000e+04 0.000000000000000000e+00
6.693000000000000000e+04 0.000000000000000000e+00
7.042000000000000000e+04 0.000000000000000000e+00
7.409000000000000000e+04 0.000000000000000000e+00
7.794000000000000000e+04 0.000000000000000000e+00
8.200000000000000000e+04 0.000000000000000000e+00
8.627000000000000000e+04 0.000000000000000000e+00
9.076000000000000000e+04 0.000000000000000000e+00
9.549000000000000000e+04 0.000000000000000000e+00
1.005000000000000000e+05 0.000000000000000000e+00
1.057000000000000000e+05 0.000000000000000000e+00
1.112000000000000000e+05 0.000000000000000000e+00
1.170000000000000000e+05 0.000000000000000000e+00
1.231000000000000000e+05 0.000000000000000000e+00
1.295000000000000000e+05 0.000000000000000000e+00
1.362000000000000000e+05 0.000000000000000000e+00
1.433000000000000000e+05 0.000000000000000000e+00
1.508000000000000000e+05 0.000000000000000000e+00
1.586000000000000000e+05 0.000000000000000000e+00
1.669000000000000000e+05 0.000000000000000000e+00
1.756000000000000000e+05 0.000000000000000000e+00
1.847000000000000000e+05 0.000000000000000000e+00
1.943000000000000000e+05 0.000000000000000000e+00
2.045000000000000000e+05 0.000000000000000000e+00
2.151000000000000000e+05 0.000000000000000000e+00
2.263000000000000000e+05 0.000000000000000000e+00
2.381000000000000000e+05 0.000000000000000000e+00
2.505000000000000000e+05 0.000000000000000000e+00
2.635000000000000000e+05 0.000000000000000000e+00
2.773000000000000000e+05 0.000000000000000000e+00
2.917000000000000000e+05 0.000000000000000000e+00
3.069000000000000000e+05 0.000000000000000000e+00
3.229000000000000000e+05 0.000000000000000000e+00
3.397000000000000000e+05 0.000000000000000000e+00
3.574000000000000000e+05 0.000000000000000000e+00
3.760000000000000000e+05 0.000000000000000000e+00
3.955000000000000000e+05 0.000000000000000000e+00
4.161000000000000000e+05 0.000000000000000000e+00
4.378000000000000000e+05 0.000000000000000000e+00
4.606000000000000000e+05 0.000000000000000000e+00
4.846000000000000000e+05 0.000000000000000000e+00
5.098000000000000000e+05 0.000000000000000000e+00
5.364000000000000000e+05 0.000000000000000000e+00
5.643000000000000000e+05 0.000000000000000000e+00
5.937000000000000000e+05 0.000000000000000000e+00
6.246000000000000000e+05 0.000000000000000000e+00
6.571000000000000000e+05 0.000000000000000000e+00
6.913000000000000000e+05 0.000000000000000000e+00
7.273000000000000000e+05 0.000000000000000000e+00
7.652000000000000000e+05 0.000000000000000000e+00
8.050000000000000000e+05 0.000000000000000000e+00
8.469000000000000000e+05 0.000000000000000000e+00
8.910000000000000000e+05 0.000000000000000000e+00
9.374000000000000000e+05 0.000000000000000000e+00
9.863000000000000000e+05 0.000000000000000000e+00
1.038000000000000000e+06 0.000000000000000000e+00
1.092000000000000000e+06 0.000000000000000000e+00
1.148000000000000000e+06 0.000000000000000000e+00
1.208000000000000000e+06 0.000000000000000000e+00
1.271000000000000000e+06 0.000000000000000000e+00
1.337000000000000000e+06 0.000000000000000000e+00
1.407000000000000000e+06 0.000000000000000000e+00
1.480000000000000000e+06 0.000000000000000000e+00
1.557000000000000000e+06 0.000000000000000000e+00
1.638000000000000000e+06 0.000000000000000000e+00
1.724000000000000000e+06 0.000000000000000000e+00
1.814000000000000000e+06 0.000000000000000000e+00
1.908000000000000000e+06 0.000000000000000000e+00
2.007000000000000000e+06 0.000000000000000000e+00
2.112000000000000000e+06 0.000000000000000000e+00
2.222000000000000000e+06 0.000000000000000000e+00
2.337000000000000000e+06 0.000000000000000000e+00
2.459000000000000000e+06 0.000000000000000000e+00
2.587000000000000000e+06 0.000000000000000000e+00
2.722000000000000000e+06 0.000000000000000000e+00
2.864000000000000000e+06 0.000000000000000000e+00
3.013000000000000000e+06 0.000000000000000000e+00
3.170000000000000000e+06 0.000000000000000000e+00
3.335000000000000000e+06 0.000000000000000000e+00
3.508000000000000000e+06 0.000000000000000000e+00
3.691000000000000000e+06 0.000000000000000000e+00
3.883000000000000000e+06 0.000000000000000000e+00
4.085000000000000000e+06 0.000000000000000000e+00
4.298000000000000000e+06 0.000000000000000000e+00
4.522000000000000000e+06 0.000000000000000000e+00
4.757000000000000000e+06 0.000000000000000000e+00
5.005000000000000000e+06 0.000000000000000000e+00
5.266000000000000000e+06 0.000000000000000000e+00
5.540000000000000000e+06 0.000000000000000000e+00
5.828000000000000000e+06 0.000000000000000000e+00
6.132000000000000000e+06 0.000000000000000000e+00
6.451000000000000000e+06 0.000000000000000000e+00
6.787000000000000000e+06 0.000000000000000000e+00
7.140000000000000000e+06 0.000000000000000000e+00
7.512000000000000000e+06 0.000000000000000000e+00
7.903000000000000000e+06 0.000000000000000000e+00
8.315000000000000000e+06 0.000000000000000000e+00
8.748000000000000000e+06 0.000000000000000000e+00
9.203000000000000000e+06 0.000000000000000000e+00
9.682000000000000000e+06 0.000000000000000000e+00
1.019000000000000000e+07 0.000000000000000000e+00
1.072000000000000000e+07 0.000000000000000000e+00
1.127000000000000000e+07 0.000000000000000000e+00
1.186000000000000000e+07 0.000000000000000000e+00
1.248000000000000000e+07 0.000000000000000000e+00
1.313000000000000000e+07 0.000000000000000000e+00
1.381000000000000000e+07 0.000000000000000000e+00
1.453000000000000000e+07 0.000000000000000000e+00
1.529000000000000000e+07 0.000000000000000000e+00
1.608000000000000000e+07 0.000000000000000000e+00
1.692000000000000000e+07 0.000000000000000000e+00
1.780000000000000000e+07 0.000000000000000000e+00
1.873000000000000000e+07 0.000000000000000000e+00
1.971000000000000000e+07 0.000000000000000000e+00
2.073000000000000000e+07 0.000000000000000000e+00
2.181000000000000000e+07 0.000000000000000000e+00
2.295000000000000000e+07 0.000000000000000000e+00
2.414000000000000000e+07 0.000000000000000000e+00
2.540000000000000000e+07 0.000000000000000000e+00
2.672000000000000000e+07 0.000000000000000000e+00
2.811000000000000000e+07 0.000000000000000000e+00
2.958000000000000000e+07 0.000000000000000000e+00
3.112000000000000000e+07 0.000000000000000000e+00
3.274000000000000000e+07 0.000000000000000000e+00
3.444000000000000000e+07 0.000000000000000000e+00
3.623000000000000000e+07 0.000000000000000000e+00
3.812000000000000000e+07 0.000000000000000000e+00
4.011000000000000000e+07 0.000000000000000000e+00
4.219000000000000000e+07 0.000000000000000000e+00
4.439000000000000000e+07 0.000000000000000000e+00
4.670000000000000000e+07 0.000000000000000000e+00
4.913000000000000000e+07 0.000000000000000000e+00
5.169000000000000000e+07 0.000000000000000000e+00
5.438000000000000000e+07 0.000000000000000000e+00
5.722000000000000000e+07 0.000000000000000000e+00
6.019000000000000000e+07 0.000000000000000000e+00
6.333000000000000000e+07 0.000000000000000000e+00
6.663000000000000000e+07 0.000000000000000000e+00
7.010000000000000000e+07 0.000000000000000000e+00
7.375000000000000000e+07 0.000000000000000000e+00
7.759000000000000000e+07 0.000000000000000000e+00
8.163000000000000000e+07 0.000000000000000000e+00
8.588000000000000000e+07 0.000000000000000000e+00
9.035000000000000000e+07 0.000000000000000000e+00
9.505000000000000000e+07 0.000000000000000000e+00
1.000000000000000000e+08 0.000000000000000000e+00
