1.000000000000000021e-03 4.650932629297599306e+02
1.051999999999999984e-03 4.460698912132372698e+02
1.106999999999999911e-03 4.314590045088834813e+02
1.163999999999999887e-03 4.128976890117132825e+02
1.224999999999999960e-03 3.976187487787557302e+02
1.288999999999999998e-03 3.797329983249325096e+02
1.356000000000000000e-03 3.644421700653092557e+02
1.427000000000000100e-03 3.466052025055225840e+02
1.500999999999999947e-03 3.313511104079478855e+02
1.579000000000000108e-03 3.157800951953100821e+02
1.661000000000000150e-03 3.006725328174165952e+02
1.747999999999999988e-03 2.864648933311644896e+02
1.839000000000000140e-03 2.720487762462254864e+02
1.935000000000000088e-03 2.596531236718029731e+02
2.034999999999999917e-03 2.462103732826053601e+02
2.141000000000000108e-03 2.356222516991891212e+02
2.252999999999999794e-03 2.235647601456246321e+02
2.370000000000000145e-03 2.139491191032356596e+02
2.492999999999999990e-03 2.041030763870907663e+02
2.623000000000000331e-03 1.957735167516412957e+02
2.759999999999999867e-03 1.875371306164090015e+02
2.903999999999999897e-03 1.805708499251677495e+02
3.054999999999999990e-03 1.741234983958008797e+02
3.213999999999999843e-03 1.682570076222033322e+02
3.380999999999999891e-03 1.634663911459896894e+02
3.556999999999999832e-03 1.588754842623858679e+02
3.742000000000000100e-03 1.550541287765943252e+02
3.936999999999999528e-03 1.516247459076212465e+02
4.142000000000000716e-03 1.492414423797387713e+02
4.357999999999999895e-03 1.466916637189088419e+02
4.585000000000000533e-03 1.452830596214604668e+02
4.824000000000000163e-03 1.434638778914113573e+02
5.074999999999999650e-03 1.426795204864046980e+02
5.338999999999999996e-03 1.417581748134253985e+02
5.616999999999999597e-03 1.415681116865975753e+02
5.908999999999999322e-03 1.412482809639500942e+02
6.217000000000000304e-03 1.412553578873314564e+02
6.540999999999999939e-03 1.415193768772143699e+02
6.880999999999999964e-03 1.417429245328257252e+02
7.239999999999999908e-03 1.423858675779059411e+02
7.617000000000000506e-03 1.429466616144336513e+02
8.012999999999999290e-03 1.436331987611652607e+02
8.429999999999999993e-03 1.442373491080524559e+02
8.868999999999998413e-03 1.452204882165651441e+02
9.330999999999999017e-03 1.457835330354419909e+02
9.816999999999999338e-03 1.466837072389387515e+02
1.032999999999999891e-02 1.473538404342967851e+02
1.086999999999999945e-02 1.481417275646492726e+02
1.143000000000000092e-02 1.488605548410079393e+02
1.203000000000000076e-02 1.495849528988845520e+02
1.264999999999999979e-02 1.502285416801583438e+02
1.330999999999999892e-02 1.505812971080686964e+02
1.400999999999999988e-02 1.512097638226812251e+02
1.473000000000000004e-02 1.514238013588445710e+02
1.549999999999999989e-02 1.517159096261349021e+02
1.631000000000000158e-02 1.519370857766516849e+02
1.715999999999999817e-02 1.519571252420686278e+02
1.805000000000000007e-02 1.519575408283487263e+02
1.898999999999999994e-02 1.518449111492303132e+02
1.997999999999999776e-02 1.515546716142355308e+02
2.101999999999999702e-02 1.510813608870926714e+02
2.212000000000000077e-02 1.506596983491390347e+02
2.326999999999999902e-02 1.500124046805895546e+02
2.447999999999999829e-02 1.493293986627219851e+02
2.574999999999999858e-02 1.484378249490785606e+02
2.708999999999999950e-02 1.475647851771277601e+02
2.850000000000000103e-02 1.463413580650861263e+02
2.998999999999999930e-02 1.452814719736885536e+02
3.155000000000000165e-02 1.439185971784963840e+02
3.318999999999999728e-02 1.424809605001871091e+02
3.491999999999999965e-02 1.409617677573279764e+02
3.673999999999999488e-02 1.393330329108435421e+02
3.864999999999999686e-02 1.376557806043214214e+02
4.066000000000000170e-02 1.357863120843758225e+02
4.277999999999999858e-02 1.338990125035602432e+02
4.500999999999999446e-02 1.318023910885605119e+02
4.734999999999999626e-02 1.297647493862868942e+02
4.982000000000000317e-02 1.275375609170245639e+02
5.240999999999999825e-02 1.253333394220792201e+02
5.513999999999999457e-02 1.228852656020649192e+02
5.800999999999999907e-02 1.206091844137025930e+02
6.102999999999999398e-02 1.180353895182663138e+02
6.421000000000000318e-02 1.156252304951102303e+02
6.755999999999999506e-02 1.129765108641917948e+02
7.106999999999999429e-02 1.103864564278289322e+02
7.477000000000000313e-02 1.077175828906597417e+02
7.867000000000000381e-02 1.050322147981195258e+02
8.276000000000000023e-02 1.023690843727847408e+02
8.707000000000000850e-02 9.955206599685875801e+01
9.160999999999999699e-02 9.688704659820979259e+01
9.637999999999999345e-02 9.405279337956471863e+01
1.014000000000000040e-01 9.133920788073633901e+01
1.067000000000000032e-01 8.848902540347097556e+01
1.122000000000000081e-01 8.581460840082991126e+01
1.180999999999999966e-01 8.296402633918033587e+01
1.242000000000000048e-01 8.034160318352260788e+01
1.307000000000000106e-01 7.759073412520649526e+01
1.375000000000000111e-01 7.492983857272425041e+01
1.446999999999999953e-01 7.225927613634955549e+01
1.522000000000000020e-01 6.963545296788292660e+01
1.600999999999999923e-01 6.710434137629394513e+01
1.683999999999999941e-01 6.456654297520634600e+01
1.771999999999999964e-01 6.213585064782677136e+01
1.864000000000000101e-01 5.968349827152734122e+01
1.960999999999999965e-01 5.739137175506022004e+01
2.064000000000000001e-01 5.506597311441305465e+01
2.170999999999999874e-01 5.287525970498360550e+01
2.283999999999999919e-01 5.070600545444358431e+01
2.403000000000000136e-01 4.861365079507142184e+01
2.528000000000000247e-01 4.659760579919689860e+01
2.660000000000000142e-01 4.464287040334920675e+01
2.798000000000000487e-01 4.281654811789919535e+01
2.943999999999999950e-01 4.100622910433750690e+01
3.096999999999999753e-01 3.936058715625220117e+01
3.259000000000000230e-01 3.771202474060864063e+01
3.427999999999999936e-01 3.621225062653721949e+01
3.606999999999999651e-01 3.472078126500642981e+01
3.795000000000000040e-01 3.334677368331652048e+01
3.991999999999999993e-01 3.203169666653056424e+01
4.200000000000000400e-01 3.080512497756357249e+01
4.419000000000000150e-01 2.967248259043083891e+01
4.649000000000000354e-01 2.860128904707081432e+01
4.891000000000000347e-01 2.765530479371452088e+01
5.144999999999999574e-01 2.673262445694789591e+01
5.413000000000000034e-01 2.593065434755119725e+01
5.695000000000000062e-01 2.512814450100130159e+01
5.992000000000000659e-01 2.443709512557687447e+01
6.304000000000000714e-01 2.378019523540050173e+01
6.632000000000000117e-01 2.322014509154517725e+01
6.976999999999999869e-01 2.272395987714918064e+01
7.340999999999999748e-01 2.229158606285206901e+01
7.722999999999999865e-01 2.195491024302647531e+01
8.125000000000000000e-01 2.163611252682390074e+01
8.548000000000000043e-01 2.140268451317664500e+01
8.992999999999999883e-01 2.116311094058603004e+01
9.460999999999999410e-01 2.099866062486121976e+01
9.954000000000000625e-01 2.085619949158461139e+01
1.046999999999999931e+00 2.077140795132243056e+01
1.101999999999999869e+00 2.075245391975627740e+01
1.159000000000000030e+00 2.076289483038291905e+01
1.219000000000000083e+00 2.085754073411408882e+01
1.283000000000000140e+00 2.094455277415693573e+01
1.350000000000000089e+00 2.109037888551030449e+01
1.419999999999999929e+00 2.120173559769920502e+01
1.493999999999999995e+00 2.135495968412349299e+01
1.572000000000000064e+00 2.151829310794244776e+01
1.654000000000000137e+00 2.170010084849769783e+01
1.739999999999999991e+00 2.194802505300802054e+01
1.830000000000000071e+00 2.218144189177611025e+01
1.925999999999999934e+00 2.250501265762237679e+01
2.025999999999999801e+00 2.278220682881431713e+01
2.131000000000000227e+00 2.309178968966355683e+01
2.241999999999999993e+00 2.334967272348870182e+01
2.358999999999999986e+00 2.360369762939572169e+01
2.481999999999999762e+00 2.386201333315585060e+01
2.611000000000000210e+00 2.409387613698268993e+01
2.746999999999999886e+00 2.439072299862467474e+01
2.890000000000000124e+00 2.464524523757130936e+01
3.040999999999999925e+00 2.496811943043338999e+01
3.198999999999999844e+00 2.523710734818495283e+01
3.366000000000000103e+00 2.548599100757004265e+01
3.540999999999999925e+00 2.568278526936608230e+01
3.725000000000000089e+00 2.579328515452447945e+01
3.918999999999999595e+00 2.592392542510034659e+01
4.123000000000000220e+00 2.595169264915431029e+01
4.338000000000000078e+00 2.605175012144727020e+01
4.564000000000000057e+00 2.607051411659964657e+01
4.801000000000000156e+00 2.611736376213355371e+01
5.051000000000000156e+00 2.612058861345070682e+01
5.314000000000000057e+00 2.600239718788825627e+01
5.590999999999999304e+00 2.585581671555504713e+01
5.881999999999999673e+00 2.550382623656782499e+01
6.187999999999999723e+00 2.517875430161336325e+01
6.511000000000000121e+00 2.470794929204807033e+01
6.850000000000000533e+00 2.425590499658676436e+01
7.205999999999999517e+00 2.381336364389893845e+01
7.581999999999999851e+00 2.328047752984389973e+01
7.976000000000000867e+00 2.285401574125508972e+01
8.391999999999999460e+00 2.219199566751746389e+01
8.829000000000000625e+00 2.152267569437469774e+01
9.288000000000000256e+00 2.058472819231650419e+01
9.772000000000000242e+00 1.953471309214703311e+01
1.027999999999999936e+01 1.829842740605930373e+01
1.082000000000000028e+01 1.688310966242583078e+01
1.137999999999999901e+01 1.543186470866876192e+01
1.196999999999999886e+01 1.385657260548325098e+01
1.259999999999999964e+01 1.231445433754077357e+01
1.325000000000000000e+01 1.078557634351130190e+01
1.393999999999999950e+01 9.322770552952988510e+00
1.466999999999999993e+01 7.873677077316358464e+00
1.542999999999999972e+01 6.612632553230682220e+00
1.623000000000000043e+01 5.385907075183858694e+00
1.708000000000000185e+01 4.370007211710969841e+00
1.796999999999999886e+01 3.439119436430218002e+00
1.889999999999999858e+01 2.674310029132314526e+00
1.989000000000000057e+01 2.036681633125756008e+00
2.092000000000000171e+01 1.503354996082538975e+00
2.200999999999999801e+01 1.134404464041203653e+00
2.316000000000000014e+01 8.135803576651650104e-01
2.437000000000000099e+01 6.023099255681394482e-01
2.562999999999999901e+01 4.263865144949381403e-01
2.697000000000000242e+01 3.060542132116923497e-01
2.837000000000000099e+01 2.123953683626442768e-01
2.985000000000000142e+01 1.476950659157956203e-01
3.139999999999999858e+01 9.989037565395753049e-02
3.303999999999999915e+01 6.656648797911546289e-02
3.475999999999999801e+01 4.308927431639419936e-02
3.657000000000000028e+01 2.608775284274433837e-02
3.846999999999999886e+01 1.627756149115289208e-02
4.048000000000000398e+01 8.537795463162578535e-03
4.259000000000000341e+01 5.280618067052877951e-03
4.479999999999999716e+01 2.549775570495099730e-03
4.714000000000000057e+01 1.605441282773387157e-03
4.959000000000000341e+01 7.662219098074213308e-04
5.217000000000000171e+01 4.516110872651926678e-04
5.489000000000000057e+01 1.907248848425739662e-04
5.775000000000000000e+01 9.547504265519993205e-05
6.075000000000000000e+01 4.184653408675822334e-05
6.392000000000000171e+01 1.784563445512196006e-05
6.723999999999999488e+01 7.961218696801893036e-06
7.075000000000000000e+01 2.715429437129333705e-06
7.442999999999999261e+01 1.234978704611896464e-06
7.829999999999999716e+01 3.175201459501325769e-07
8.237999999999999545e+01 1.490990593581366006e-07
8.667000000000000171e+01 2.792470414956740215e-08
9.117999999999999261e+01 1.376756310286786095e-08
9.593000000000000682e+01 1.987747111834884745e-09
1.009000000000000057e+02 1.011819087185592212e-09
1.062000000000000028e+02 8.661879494612196842e-11
1.116999999999999886e+02 4.637642986371498216e-11
1.175000000000000000e+02 7.095189944867154219e-12
1.236000000000000085e+02 1.734809755624662783e-12
1.300999999999999943e+02 3.798739438617022302e-13
1.369000000000000057e+02 3.722986360604443725e-14
1.440000000000000000e+02 1.058945148739468101e-14
1.515000000000000000e+02 5.285729786353212040e-16
1.593999999999999773e+02 1.788688796247742577e-16
1.676999999999999886e+02 4.444994159906145781e-18
1.764000000000000057e+02 1.724748198459703132e-18
1.855999999999999943e+02 1.847183224327285830e-20
1.952000000000000171e+02 7.962304981291487496e-21
2.054000000000000057e+02 5.130929024023040055e-23
2.160999999999999943e+02 2.385126366257036631e-23
2.273999999999999773e+02 6.456340926924515704e-26
2.391999999999999886e+02 3.217808150370615168e-26
2.516999999999999886e+02 9.911688744258774190e-28
2.647999999999999545e+02 1.869236914383767475e-29
2.785000000000000000e+02 2.572312002735572071e-30
2.930000000000000000e+02 5.440200451417816506e-33
3.083000000000000114e+02 1.226788183598573835e-33
3.244000000000000341e+02 6.103234108919730223e-37
3.411999999999999886e+02 1.809023872644070615e-37
3.590000000000000000e+02 2.000663376156023184e-41
3.776999999999999886e+02 7.068084699647363547e-42
3.973999999999999773e+02 2.105791132140338184e-46
4.181000000000000227e+02 8.440540738174957309e-47
4.398000000000000114e+02 6.214944674239344704e-52
4.626999999999999886e+02 2.748369463140421508e-52
4.868000000000000114e+02 4.209869835473062365e-58
5.122000000000000455e+02 2.004690398955899902e-58
5.387999999999999545e+02 5.816035244277876733e-65
5.668999999999999773e+02 2.977493358011639330e-65
5.964000000000000909e+02 2.170092180831127245e-66
6.275000000000000000e+02 7.521197363190313086e-73
6.601000000000000227e+02 1.311757762343320695e-73
6.945000000000000000e+02 0.000000000000000000e+00
7.307000000000000455e+02 4.848798172810544646e-82
7.687000000000000455e+02 0.000000000000000000e+00
8.087999999999999545e+02 2.159563668892417244e-91
8.508999999999999773e+02 0.000000000000000000e+00
8.952000000000000455e+02 6.098979045584282856e-102
9.417999999999999545e+02 0.000000000000000000e+00
9.908000000000000682e+02 1.010100851251628391e-113
1.042000000000000000e+03 0.000000000000000000e+00
1.097000000000000000e+03 7.386382894228588625e-127
1.154000000000000000e+03 0.000000000000000000e+00
1.214000000000000000e+03 0.000000000000000000e+00
1.277000000000000000e+03 0.000000000000000000e+00
1.344000000000000000e+03 0.000000000000000000e+00
1.414000000000000000e+03 0.000000000000000000e+00
1.487000000000000000e+03 0.000000000000000000e+00
1.565000000000000000e+03 0.000000000000000000e+00
1.646000000000000000e+03 0.000000000000000000e+00
1.732000000000000000e+03 0.000000000000000000e+00
1.822000000000000000e+03 0.000000000000000000e+00
1.917000000000000000e+03 0.000000000000000000e+00
2.017000000000000000e+03 0.000000000000000000e+00
2.122000000000000000e+03 0.000000000000000000e+00
2.232000000000000000e+03 0.000000000000000000e+00
2.348000000000000000e+03 0.000000000000000000e+00
2.470000000000000000e+03 0.000000000000000000e+00
2.599000000000000000e+03 0.000000000000000000e+00
2.734000000000000000e+03 0.000000000000000000e+00
2.877000000000000000e+03 0.000000000000000000e+00
3.027000000000000000e+03 0.000000000000000000e+00
3.184000000000000000e+03 0.000000000000000000e+00
3.350000000000000000e+03 0.000000000000000000e+00
3.524000000000000000e+03 0.000000000000000000e+00
3.708000000000000000e+03 0.000000000000000000e+00
3.901000000000000000e+03 0.000000000000000000e+00
4.104000000000000000e+03 0.000000000000000000e+00
4.318000000000000000e+03 0.000000000000000000e+00
4.543000000000000000e+03 0.000000000000000000e+00
4.779000000000000000e+03 0.000000000000000000e+00
5.028000000000000000e+03 0.000000000000000000e+00
5.290000000000000000e+03 0.000000000000000000e+00
5.565000000000000000e+03 0.000000000000000000e+00
5.855000000000000000e+03 0.000000000000000000e+00
6.160000000000000000e+03 0.000000000000000000e+00
6.481000000000000000e+03 0.000000000000000000e+00
6.818000000000000000e+03 0.000000000000000000e+00
7.173000000000000000e+03 0.000000000000000000e+00
7.547000000000000000e+03 0.000000000000000000e+00
7.940000000000000000e+03 0.000000000000000000e+00
8.353000000000000000e+03 0.000000000000000000e+00
8.788000000000000000e+03 0.000000000000000000e+00
9.246000000000000000e+03 0.000000000000000000e+00
9.727000000000000000e+03 0.000000000000000000e+00
1.023000000000000000e+04 0.000000000000000000e+00
1.077000000000000000e+04 0.000000000000000000e+00
1.133000000000000000e+04 0.000000000000000000e+00
1.192000000000000000e+04 0.000000000000000000e+00
1.254000000000000000e+04 0.000000000000000000e+00
1.319000000000000000e+04 0.000000000000000000e+00
1.388000000000000000e+04 0.000000000000000000e+00
1.460000000000000000e+04 0.000000000000000000e+00
1.536000000000000000e+04 0.000000000000000000e+00
1.616000000000000000e+04 0.000000000000000000e+00
1.700000000000000000e+04 0.000000000000000000e+00
1.789000000000000000e+04 0.000000000000000000e+00
1.882000000000000000e+04 0.000000000000000000e+00
1.980000000000000000e+04 0.000000000000000000e+00
2.083000000000000000e+04 0.000000000000000000e+00
2.191000000000000000e+04 0.000000000000000000e+00
2.305000000000000000e+04 0.000000000000000000e+00
2.425000000000000000e+04 0.000000000000000000e+00
2.552000000000000000e+04 0.000000000000000000e+00
2.684000000000000000e+04 0.000000000000000000e+00
2.824000000000000000e+04 0.000000000000000000e+00
2.971000000000000000e+04 0.000000000000000000e+00
3.126000000000000000e+04 0.000000000000000000e+00
3.289000000000000000e+04 0.000000000000000000e+00
3.460000000000000000e+04 0.000000000000000000e+00
3.640000000000000000e+04 0.000000000000000000e+00
3.830000000000000000e+04 0.000000000000000000e+00
4.029000000000000000e+04 0.000000000000000000e+00
4.239000000000000000e+04 0.000000000000000000e+00
4.460000000000000000e+04 0.000000000000000000e+00
4.692000000000000000e+04 0.000000000000000000e+00
4.936000000000000000e+04 0.000000000000000000e+00
5.193000000000000000e+04 0.000000000000000000e+00
5.464000000000000000e+04 0.000000000000000000e+00
5.748000000000000000e+04 0.000000000000000000e+00
6.047000000000000000e+04 0.000000000000000000e+00
6.362000000000000000e+04 0.000000000000000000e+00
6.693000000000000000e+04 0.000000000000000000e+00
7.042000000000000000e+04 0.000000000000000000e+00
7.409000000000000000e+04 0.000000000000000000e+00
7.794000000000000000e+04 0.000000000000000000e+00
8.200000000000000000e+04 0.000000000000000000e+00
8.627000000000000000e+04 0.000000000000000000e+00
9.076000000000000000e+04 0.000000000000000000e+00
9.549000000000000000e+04 0.000000000000000000e+00
1.005000000000000000e+05 0.000000000000000000e+00
1.057000000000000000e+05 0.000000000000000000e+00
1.112000000000000000e+05 0.000000000000000000e+00
1.170000000000000000e+05 0.000000000000000000e+00
1.231000000000000000e+05 0.000000000000000000e+00
1.295000000000000000e+05 0.000000000000000000e+00
1.362000000000000000e+05 0.000000000000000000e+00
1.433000000000000000e+05 0.000000000000000000e+00
1.508000000000000000e+05 0.000000000000000000e+00
1.586000000000000000e+05 0.000000000000000000e+00
1.669000000000000000e+05 0.000000000000000000e+00
1.756000000000000000e+05 0.000000000000000000e+00
1.847000000000000000e+05 0.000000000000000000e+00
1.943000000000000000e+05 0.000000000000000000e+00
2.045000000000000000e+05 0.000000000000000000e+00
2.151000000000000000e+05 0.000000000000000000e+00
2.263000000000000000e+05 0.000000000000000000e+00
2.381000000000000000e+05 0.000000000000000000e+00
2.505000000000000000e+05 0.000000000000000000e+00
2.635000000000000000e+05 0.000000000000000000e+00
2.773000000000000000e+05 0.000000000000000000e+00
2.917000000000000000e+05 0.000000000000000000e+00
3.069000000000000000e+05 0.000000000000000000e+00
3.229000000000000000e+05 0.000000000000000000e+00
3.397000000000000000e+05 0.000000000000000000e+00
3.574000000000000000e+05 0.000000000000000000e+00
3.760000000000000000e+05 0.000000000000000000e+00
3.955000000000000000e+05 0.000000000000000000e+00
4.161000000000000000e+05 0.000000000000000000e+00
4.378000000000000000e+05 0.000000000000000000e+00
4.606000000000000000e+05 0.000000000000000000e+00
4.846000000000000000e+05 0.000000000000000000e+00
5.098000000000000000e+05 0.000000000000000000e+00
5.364000000000000000e+05 0.000000000000000000e+00
5.643000000000000000e+05 0.000000000000000000e+00
5.937000000000000000e+05 0.000000000000000000e+00
6.246000000000000000e+05 0.000000000000000000e+00
6.571000000000000000e+05 0.000000000000000000e+00
6.913000000000000000e+05 0.000000000000000000e+00
7.273000000000000000e+05 0.000000000000000000e+00
7.652000000000000000e+05 0.000000000000000000e+00
8.050000000000000000e+05 0.000000000000000000e+00
8.469000000000000000e+05 0.000000000000000000e+00
8.910000000000000000e+05 0.000000000000000000e+00
9.374000000000000000e+05 0.000000000000000000e+00
9.863000000000000000e+05 0.000000000000000000e+00
1.038000000000000000e+06 0.000000000000000000e+00
1.092000000000000000e+06 0.000000000000000000e+00
1.148000000000000000e+06 0.000000000000000000e+00
1.208000000000000000e+06 0.000000000000000000e+00
1.271000000000000000e+06 0.000000000000000000e+00
1.337000000000000000e+06 0.000000000000000000e+00
1.407000000000000000e+06 0.000000000000000000e+00
1.480000000000000000e+06 0.000000000000000000e+00
1.557000000000000000e+06 0.000000000000000000e+00
1.638000000000000000e+06 0.000000000000000000e+00
1.724000000000000000e+06 0.000000000000000000e+00
1.814000000000000000e+06 0.000000000000000000e+00
1.908000000000000000e+06 0.000000000000000000e+00
2.007000000000000000e+06 0.000000000000000000e+00
2.112000000000000000e+06 0.000000000000000000e+00
2.222000000000000000e+06 0.000000000000000000e+00
2.337000000000000000e+06 0.000000000000000000e+00
2.459000000000000000e+06 0.000000000000000000e+00
2.587000000000000000e+06 0.000000000000000000e+00
2.722000000000000000e+06 0.000000000000000000e+00
2.864000000000000000e+06 0.000000000000000000e+00
3.013000000000000000e+06 0.000000000000000000e+00
3.170000000000000000e+06 0.000000000000000000e+00
3.335000000000000000e+06 0.000000000000000000e+00
3.508000000000000000e+06 0.000000000000000000e+00
3.691000000000000000e+06 0.000000000000000000e+00
3.883000000000000000e+06 0.000000000000000000e+00
4.085000000000000000e+06 0.000000000000000000e+00
4.298000000000000000e+06 0.000000000000000000e+00
4.522000000000000000e+06 0.000000000000000000e+00
4.757000000000000000e+06 0.000000000000000000e+00
5.005000000000000000e+06 0.000000000000000000e+00
5.266000000000000000e+06 0.000000000000000000e+00
5.540000000000000000e+06 0.000000000000000000e+00
5.828000000000000000e+06 0.000000000000000000e+00
6.132000000000000000e+06 0.000000000000000000e+00
6.451000000000000000e+06 0.000000000000000000e+00
6.787000000000000000e+06 0.000000000000000000e+00
7.140000000000000000e+06 0.000000000000000000e+00
7.512000000000000000e+06 0.000000000000000000e+00
7.903000000000000000e+06 0.000000000000000000e+00
8.315000000000000000e+06 0.000000000000000000e+00
8.748000000000000000e+06 0.000000000000000000e+00
9.203000000000000000e+06 0.000000000000000000e+00
9.682000000000000000e+06 0.000000000000000000e+00
1.019000000000000000e+07 0.000000000000000000e+00
1.072000000000000000e+07 0.000000000000000000e+00
1.127000000000000000e+07 0.000000000000000000e+00
1.186000000000000000e+07 0.000000000000000000e+00
1.248000000000000000e+07 0.000000000000000000e+00
1.313000000000000000e+07 0.000000000000000000e+00
1.381000000000000000e+07 0.000000000000000000e+00
1.453000000000000000e+07 0.000000000000000000e+00
1.529000000000000000e+07 0.000000000000000000e+00
1.608000000000000000e+07 0.000000000000000000e+00
1.692000000000000000e+07 0.000000000000000000e+00
1.780000000000000000e+07 0.000000000000000000e+00
1.873000000000000000e+07 0.000000000000000000e+00
1.971000000000000000e+07 0.000000000000000000e+00
2.073000000000000000e+07 0.000000000000000000e+00
2.181000000000000000e+07 0.000000000000000000e+00
2.295000000000000000e+07 0.000000000000000000e+00
2.414000000000000000e+07 0.000000000000000000e+00
2.540000000000000000e+07 0.000000000000000000e+00
2.672000000000000000e+07 0.000000000000000000e+00
2.811000000000000000e+07 0.000000000000000000e+00
2.958000000000000000e+07 0.000000000000000000e+00
3.112000000000000000e+07 0.000000000000000000e+00
3.274000000000000000e+07 0.000000000000000000e+00
3.444000000000000000e+07 0.000000000000000000e+00
3.623000000000000000e+07 0.000000000000000000e+00
3.812000000000000000e+07 0.000000000000000000e+00
4.011000000000000000e+07 0.000000000000000000e+00
4.219000000000000000e+07 0.000000000000000000e+00
4.439000000000000000e+07 0.000000000000000000e+00
4.670000000000000000e+07 0.000000000000000000e+00
4.913000000000000000e+07 0.000000000000000000e+00
5.169000000000000000e+07 0.000000000000000000e+00
5.438000000000000000e+07 0.000000000000000000e+00
5.722000000000000000e+07 0.000000000000000000e+00
6.019000000000000000e+07 0.000000000000000000e+00
6.333000000000000000e+07 0.000000000000000000e+00
6.663000000000000000e+07 0.000000000000000000e+00
7.010000000000000000e+07 0.000000000000000000e+00
7.375000000000000000e+07 0.000000000000000000e+00
7.759000000000000000e+07 0.000000000000000000e+00
8.163000000000000000e+07 0.000000000000000000e+00
8.588000000000000000e+07 0.000000000000000000e+00
9.035000000000000000e+07 0.000000000000000000e+00
9.505000000000000000e+07 0.000000000000000000e+00
1.000000000000000000e+08 0.000000000000000000e+00
