4.999999999999999237e-03 6.646856407508899594e+20
9.999999999999998473e-03 5.358188714324697416e+20
1.499999999999999771e-02 4.506047767621765693e+20
1.999999999999999695e-02 3.877802579628544492e+20
2.499999999999999445e-02 3.387877593516028068e+20
2.999999999999999195e-02 2.992152927275193467e+20
3.499999999999999639e-02 2.664623151201924547e+20
3.999999999999999389e-02 2.388598536279131095e+20
4.499999999999999140e-02 2.152695712583638057e+20
4.999999999999998890e-02 1.948803438351514337e+20
5.499999999999998640e-02 1.770946243552290079e+20
5.999999999999999084e-02 1.614590398527711805e+20
6.499999999999998834e-02 1.476251977596995502e+20
6.999999999999999278e-02 1.353134538102641623e+20
7.499999999999999722e-02 1.243051142306391327e+20
7.999999999999998779e-02 1.144181515639904174e+20
8.499999999999999223e-02 1.055047967912147354e+20
8.999999999999999667e-02 9.744098854740685619e+19
