1.900000000000000000e+01 5.404090539239201997e+19
2.000000000000000000e+01 6.023201263326433280e+19
2.100000000000000000e+01 6.649518006479680307e+19
2.200000000000000000e+01 7.277624887070138368e+19
2.300000000000000000e+01 7.933865502930232934e+19
2.400000000000000000e+01 8.608548883128614912e+19
2.500000000000000000e+01 9.300124010873223578e+19
2.600000000000000000e+01 1.001744080384806912e+20
2.700000000000000000e+01 1.074263472688534979e+20
2.800000000000000000e+01 1.147325250253545964e+20
2.900000000000000000e+01 1.222578889681116856e+20
3.000000000000000000e+01 1.296855258369401160e+20
3.100000000000000000e+01 1.369793909916337439e+20
3.200000000000000000e+01 1.444362821836374180e+20
3.300000000000000000e+01 1.517086668471148544e+20
3.400000000000000000e+01 1.587643723192171889e+20
3.500000000000000000e+01 1.659325541293582254e+20
3.600000000000000000e+01 1.732117608000129597e+20
3.700000000000000000e+01 1.806005991600463544e+20
3.800000000000000000e+01 1.879533474243520102e+20
3.900000000000000000e+01 1.952586203222376448e+20
4.000000000000000000e+01 2.026545418860715377e+20
4.100000000000000000e+01 2.101399568027866563e+20
4.200000000000000000e+01 2.173149275823276032e+20
4.300000000000000000e+01 2.241557766255976120e+20
4.400000000000000000e+01 2.310491503775182356e+20
4.500000000000000000e+01 2.379942580454629376e+20
4.600000000000000000e+01 2.449903379318151250e+20
4.700000000000000000e+01 2.512920002126729380e+20
4.800000000000000000e+01 2.568698177626731315e+20
4.900000000000000000e+01 2.624538205559093002e+20
5.000000000000000000e+01 2.680438902654068326e+20
5.100000000000000000e+01 2.736399131282748211e+20
5.200000000000000000e+01 2.792417796843591434e+20
5.300000000000000000e+01 2.846433748931834020e+20
5.400000000000000000e+01 2.898393618671017001e+20
5.500000000000000000e+01 2.950331390363398636e+20
5.600000000000000000e+01 3.002247471383849206e+20
5.700000000000000000e+01 3.054142254519232758e+20
5.800000000000000000e+01 3.106016118735506637e+20
5.900000000000000000e+01 3.157869429892036690e+20
6.000000000000000000e+01 3.207207445078628106e+20
6.100000000000000000e+01 3.253983712382756454e+20
6.200000000000000000e+01 3.300671236957866557e+20
6.300000000000000000e+01 3.347271603227601142e+20
6.400000000000000000e+01 3.393786342837231944e+20
6.500000000000000000e+01 3.440216937202386207e+20
6.600000000000000000e+01 3.486564819897585500e+20
6.700000000000000000e+01 3.527607409078905078e+20
6.800000000000000000e+01 3.563288181747337789e+20
6.900000000000000000e+01 3.598804893569556808e+20
7.000000000000000000e+01 3.634160643597379174e+20
7.100000000000000000e+01 3.669358429302013297e+20
7.200000000000000000e+01 3.704401151275156111e+20
7.300000000000000000e+01 3.739291617650877399e+20
7.400000000000000000e+01 3.774032548268252201e+20
7.500000000000000000e+01 3.801531442339195781e+20
7.600000000000000000e+01 3.821780191977118106e+20
7.700000000000000000e+01 3.841871718860038472e+20
7.800000000000000000e+01 3.861809249183955681e+20
7.900000000000000000e+01 3.881595902834360320e+20
8.000000000000000000e+01 3.901234698178047508e+20
8.100000000000000000e+01 3.920728556582320210e+20
8.200000000000000000e+01 3.940080306680149443e+20
8.300000000000000000e+01 3.959292688398616494e+20
8.400000000000000000e+01 3.969831408954013123e+20
8.500000000000000000e+01 3.971773362025118433e+20
8.600000000000000000e+01 3.973693666696883077e+20
8.700000000000000000e+01 3.975592810439201260e+20
8.800000000000000000e+01 3.977471264328641413e+20
8.900000000000000000e+01 3.979329483777778647e+20
9.000000000000000000e+01 3.981167909224398193e+20
9.100000000000000000e+01 3.982986966783094292e+20
9.200000000000000000e+01 3.984787068861745725e+20
9.300000000000000000e+01 3.986568614745126994e+20
9.400000000000000000e+01 3.981318847669132329e+20
9.500000000000000000e+01 3.969160723588480369e+20
9.600000000000000000e+01 3.957165802550464348e+20
9.700000000000000000e+01 3.945330236264887747e+20
9.800000000000000000e+01 3.933650305472715817e+20
9.900000000000000000e+01 3.922122414361798902e+20
1.000000000000000000e+02 3.910743085277602120e+20
1.010000000000000000e+02 3.899508953710601830e+20
1.020000000000000000e+02 3.888416763543380296e+20
1.030000000000000000e+02 3.877463362541473628e+20
1.040000000000000000e+02 3.866645698073325732e+20
