1.473707518796992133e+01 8.413207138824067482e+20
1.573707518796992133e+01 9.065011627941562941e+20
1.673707518796992133e+01 9.706963174445565870e+20
1.773707518796992133e+01 1.034333004350175052e+21
1.873707518796992133e+01 1.096293294748659352e+21
1.973707518796992133e+01 1.156339527285206680e+21
2.073707518796992133e+01 1.214268432433189224e+21
2.173707518796992133e+01 1.269650554195825132e+21
2.273707518796992133e+01 1.322196837489084727e+21
2.373707518796992133e+01 1.371964300055045472e+21
2.473707518796992133e+01 1.418714226444126913e+21
2.573707518796992133e+01 1.462531539193714442e+21
2.673707518796992133e+01 1.503300614761809969e+21
2.773707518796992133e+01 1.540359177525770060e+21
2.873707518796992133e+01 1.575462695389610115e+21
2.973707518796992133e+01 1.607270276558134182e+21
3.073707518796992133e+01 1.636088000673048953e+21
3.173707518796992133e+01 1.661472755404837749e+21
3.273707518796992133e+01 1.684280997073204281e+21
3.373707518796992133e+01 1.703879930659339502e+21
3.473707518796992133e+01 1.720989673250415968e+21
3.573707518796992133e+01 1.735544139002077774e+21
3.673707518796992133e+01 1.747843996759097082e+21
3.773707518796992133e+01 1.758097069711792538e+21
3.873707518796992133e+01 1.766443794015396823e+21
3.973707518796992133e+01 1.772959806744466031e+21
4.073707518796992133e+01 1.777855627886674313e+21
4.173707518796992133e+01 1.780879729915942404e+21
4.273707518796992133e+01 1.782313094288903504e+21
4.373707518796992133e+01 1.781978221078449488e+21
4.473707518796992133e+01 1.779956929659129299e+21
4.573707518796992133e+01 1.776315589253791220e+21
4.673707518796992133e+01 1.771142599295443403e+21
4.773707518796992133e+01 1.764519626999478878e+21
4.873707518796992133e+01 1.756561767289024676e+21
4.973707518796992133e+01 1.747427939073169293e+21
5.073707518796992133e+01 1.737203618316837978e+21
5.173707518796992133e+01 1.726014845065534374e+21
5.273707518796992133e+01 1.713943476030410064e+21
5.373707518796992133e+01 1.701139244365137838e+21
5.473707518796992133e+01 1.687600972174490075e+21
5.573707518796992133e+01 1.673492121988492427e+21
5.673707518796992133e+01 1.658873253223052345e+21
5.773707518796992133e+01 1.643807370734481965e+21
5.873707518796992133e+01 1.628381975701606629e+21
5.973707518796992133e+01 1.612726519223505912e+21
6.073707518796992133e+01 1.596814735400916746e+21
6.173707518796992133e+01 1.580683171869045817e+21
6.273707518796992133e+01 1.564421158002809111e+21
6.373707518796992133e+01 1.547976479051450155e+21
6.473707518796992133e+01 1.531464394008379523e+21
6.573707518796992133e+01 1.514846147853456245e+21
6.673707518796992133e+01 1.498165354554665730e+21
6.773707518796992133e+01 1.481435008382249468e+21
6.873707518796992133e+01 1.464641210855597277e+21
6.973707518796992133e+01 1.447866632115926073e+21
7.073707518796992133e+01 1.431063592826098418e+21
7.173707518796992133e+01 1.414212847559422247e+21
7.273707518796992133e+01 1.397372730098662244e+21
7.373707518796992133e+01 1.380546986864384934e+21
7.473707518796992133e+01 1.363717853579714232e+21
7.573707518796992133e+01 1.346921963563098571e+21
7.673707518796992133e+01 1.330072239576079663e+21
7.773707518796992133e+01 1.313407722269110698e+21
7.873707518796992133e+01 1.296708257285007213e+21
7.973707518796992133e+01 1.280065516186027688e+21
8.073707518796992133e+01 1.263484093991145439e+21
8.173707518796992133e+01 1.246970047792212345e+21
8.273707518796992133e+01 1.230547672764991930e+21
8.373707518796992133e+01 1.214249242551072063e+21
8.473707518796992133e+01 1.198030467815238009e+21
8.573707518796992133e+01 1.181940012264702607e+21
8.673707518796992133e+01 1.165983746287339831e+21
