9.999999999999999547e-07 1.861500980877310038e+07
1.052000000000000050e-06 1.870094797262395918e+07
1.106999999999999947e-06 1.878362881999545172e+07
1.163999999999999994e-06 1.883534229388886318e+07
1.224999999999999918e-06 1.887964491424353421e+07
1.289000000000000068e-06 1.890454252742881700e+07
1.356000000000000019e-06 1.891087351216413453e+07
1.427000000000000059e-06 1.889699942869836465e+07
1.500999999999999901e-06 1.885960468209934980e+07
1.579000000000000044e-06 1.880805232455540821e+07
1.661000000000000064e-06 1.872558584496639296e+07
1.748000000000000035e-06 1.863469394962131605e+07
1.839000000000000096e-06 1.851520076074193791e+07
1.935000000000000108e-06 1.837550909244975448e+07
2.034999999999999998e-06 1.821845452983829379e+07
2.140999999999999915e-06 1.803902325989191607e+07
2.252999999999999859e-06 1.784657023379331827e+07
2.370000000000000179e-06 1.763821111115527526e+07
2.493000000000000102e-06 1.738868696559804305e+07
2.623000000000000128e-06 1.714657684095341712e+07
2.759999999999999833e-06 1.685467191890114918e+07
2.904000000000000063e-06 1.656997769937547483e+07
3.054999999999999973e-06 1.627246590665189736e+07
3.214000000000000060e-06 1.594466018526086584e+07
3.380999999999999901e-06 1.562274336773290671e+07
3.556999999999999995e-06 1.525739557515821420e+07
3.741999999999999917e-06 1.492413771219874546e+07
3.936999999999999745e-06 1.454557474092939682e+07
4.142000000000000323e-06 1.417944813065079972e+07
4.357999999999999610e-06 1.380013106210398860e+07
4.585000000000000147e-06 1.341438955451985076e+07
4.823999999999999892e-06 1.302950892757287435e+07
5.074999999999999691e-06 1.264273273603359424e+07
5.339000000000000043e-06 1.225165913611767627e+07
5.616999999999999753e-06 1.187617527506622672e+07
5.908999999999999668e-06 1.149734626056320220e+07
6.216999999999999938e-06 1.111249740761292540e+07
6.540999999999999716e-06 1.074880264952968247e+07
6.880999999999999848e-06 1.038588138195416145e+07
7.240000000000000138e-06 1.003607404469452426e+07
7.617000000000000086e-06 9.689735954551506788e+06
8.012999999999999344e-06 9.351055296770943329e+06
8.430000000000000603e-06 9.039734037933418527e+06
8.868999999999999280e-06 8.724264131887288764e+06
9.330999999999999261e-06 8.441200624091481790e+06
9.816999999999999351e-06 8.152551423186495900e+06
1.032999999999999935e-05 7.886338485662166961e+06
1.086999999999999926e-05 7.625537399134626612e+06
1.143000000000000068e-05 7.385517300185841508e+06
1.203000000000000002e-05 7.160430228981263936e+06
1.264999999999999916e-05 6.952063101277883165e+06
1.330999999999999962e-05 6.756942459798404016e+06
1.400999999999999969e-05 6.566451895343778655e+06
1.472999999999999958e-05 6.399140079063632526e+06
1.550000000000000068e-05 6.238780518278682604e+06
1.631000000000000139e-05 6.095922736429633573e+06
1.715999999999999833e-05 5.954634805442436598e+06
1.805000000000000167e-05 5.835294666860769503e+06
1.898999999999999945e-05 5.720330143960654736e+06
1.997999999999999844e-05 5.619389436178225093e+06
2.101999999999999865e-05 5.527563392897103913e+06
2.212000000000000167e-05 5.443720961407911032e+06
2.326999999999999913e-05 5.369776950520966202e+06
2.447999999999999940e-05 5.301461189587983303e+06
2.574999999999999910e-05 5.245882618426405825e+06
2.708999999999999982e-05 5.188729062779605389e+06
2.850000000000000157e-05 5.146372617910683155e+06
2.998999999999999916e-05 5.103981972127364948e+06
3.155000000000000117e-05 5.070222698138675652e+06
3.318999999999999902e-05 5.038229889411881566e+06
3.491999999999999770e-05 5.012045962093767710e+06
3.673999999999999722e-05 4.987863750961621292e+06
3.864999999999999756e-05 4.967662758458660915e+06
4.066000000000000034e-05 4.950341599070909433e+06
4.278000000000000037e-05 4.933436882320047356e+06
4.500999999999999766e-05 4.919524286420750432e+06
4.734999999999999897e-05 4.906698109441945329e+06
4.982000000000000073e-05 4.896027545731775463e+06
5.241000000000000134e-05 4.883919340636581182e+06
5.513999999999999723e-05 4.874749851844850928e+06
5.801000000000000194e-05 4.862168161112722009e+06
6.102999999999999674e-05 4.850653154062209651e+06
6.420999999999999679e-05 4.838302990527806804e+06
6.755999999999999690e-05 4.825915299732058309e+06
7.106999999999999548e-05 4.810940242430097423e+06
7.477000000000000410e-05 4.794268627416346222e+06
7.867000000000000403e-05 4.776126658451487310e+06
8.276000000000000045e-05 4.756521209633074701e+06
8.707000000000000492e-05 4.734896469130869955e+06
9.160999999999999872e-05 4.711687695049351081e+06
9.637999999999999541e-05 4.685712927719857544e+06
1.013999999999999982e-04 4.657333212483672425e+06
1.067000000000000050e-04 4.626872655820571817e+06
1.122000000000000032e-04 4.593132601812256500e+06
1.180999999999999975e-04 4.558279969943396747e+06
1.242000000000000103e-04 4.519934224721856415e+06
1.307000000000000056e-04 4.479466159835878760e+06
1.375000000000000083e-04 4.436832563843904063e+06
1.446999999999999936e-04 4.391415522339019924e+06
1.522000000000000132e-04 4.343962154115098529e+06
1.600999999999999884e-04 4.292893710912033916e+06
1.684000000000000004e-04 4.240240181392909028e+06
1.771999999999999975e-04 4.184630555560695939e+06
1.864000000000000043e-04 4.126069450653543230e+06
1.960999999999999961e-04 4.067161940721182618e+06
2.064000000000000025e-04 4.003609177608156111e+06
2.170999999999999916e-04 3.939509452161077876e+06
2.283999999999999952e-04 3.872739006114595570e+06
2.403000000000000134e-04 3.803680016535827890e+06
2.528000000000000191e-04 3.733436379781664349e+06
2.660000000000000146e-04 3.661285894407370593e+06
2.798000000000000248e-04 3.587842909118542448e+06
2.944000000000000002e-04 3.512817269828268327e+06
3.096999999999999927e-04 3.436677440378013067e+06
3.259000000000000070e-04 3.359131866152328905e+06
3.427999999999999841e-04 3.280372649512567557e+06
3.606999999999999855e-04 3.201870940707206260e+06
3.795000000000000088e-04 3.120998791142749600e+06
3.991999999999999997e-04 3.040788685568192974e+06
4.200000000000000174e-04 2.958737560536316596e+06
4.419000000000000076e-04 2.877095916244700551e+06
4.649000000000000246e-04 2.795110901532413904e+06
4.891000000000000165e-04 2.713137501915899105e+06
5.144999999999999834e-04 2.630867278763615061e+06
5.412999999999999843e-04 2.548041466329778079e+06
5.695000000000000192e-04 2.466037692697137129e+06
5.992000000000000364e-04 2.384376852225140203e+06
6.304000000000000358e-04 2.303749642377419397e+06
6.631999999999999658e-04 2.222747341071986128e+06
6.976999999999999912e-04 2.144572489450848196e+06
7.341000000000000086e-04 2.065536313321438152e+06
7.722999999999999613e-04 1.989033786620325642e+06
8.124999999999999627e-04 1.912610392373971874e+06
8.547999999999999609e-04 1.838323749183228007e+06
8.993000000000000126e-04 1.765035078004425392e+06
9.460999999999999575e-04 1.693186306083930423e+06
9.954000000000000174e-04 1.622750296072964324e+06
1.046999999999999971e-03 1.554400970720797312e+06
1.101999999999999898e-03 1.486648376566790976e+06
1.159000000000000091e-03 1.421179817001541611e+06
1.219000000000000031e-03 1.357753194345201133e+06
1.283000000000000069e-03 1.294304513883879175e+06
1.350000000000000071e-03 1.233948693576598074e+06
1.420000000000000038e-03 1.174592030029304791e+06
1.494000000000000102e-03 1.118019316566307098e+06
1.572000000000000047e-03 1.062601064345151884e+06
1.654000000000000088e-03 1.009565183700784692e+06
1.740000000000000010e-03 9.585679852194437990e+05
1.830000000000000029e-03 9.098265360267790966e+05
1.925999999999999978e-03 8.626341785857785726e+05
2.026000000000000023e-03 8.177052151029628003e+05
2.131000000000000082e-03 7.748117475090714870e+05
2.242000000000000069e-03 7.333268361926398939e+05
2.358999999999999986e-03 6.940399517192689236e+05
2.481999999999999831e-03 6.562531821148490999e+05
2.611000000000000040e-03 6.205227914220385719e+05
2.746999999999999876e-03 5.864038442531961482e+05
2.890000000000000208e-03 5.540032293010791764e+05
3.040999999999999866e-03 5.231375328641024535e+05
3.199000000000000021e-03 4.942185481212911545e+05
3.366000000000000068e-03 4.667894327128471923e+05
3.540999999999999877e-03 4.407741917026797892e+05
3.725000000000000012e-03 4.164255670574367978e+05
3.918999999999999741e-03 3.934400281906080199e+05
4.122999999999999929e-03 3.718369561429379391e+05
4.337999999999999842e-03 3.514273526319641969e+05
4.564000000000000348e-03 3.324973601413032738e+05
4.800999999999999712e-03 3.146040858694599010e+05
5.050999999999999934e-03 2.979376643441784545e+05
5.314000000000000147e-03 2.823793132775042905e+05
5.590999999999999616e-03 2.677969533577898983e+05
5.882000000000000076e-03 2.541776203852513281e+05
6.187999999999999924e-03 2.415235856368315872e+05
6.511000000000000294e-03 2.296747991134182666e+05
6.850000000000000186e-03 2.186401197187163634e+05
7.205999999999999732e-03 2.084793858467208047e+05
7.582000000000000198e-03 1.989065014205661137e+05
7.976000000000000451e-03 1.900406374689799559e+05
8.392000000000000154e-03 1.816850500888586976e+05
8.829000000000000042e-03 1.739910006019232387e+05
9.287999999999999381e-03 1.667336673500099278e+05
9.771999999999999437e-03 1.600036056605863268e+05
1.027999999999999921e-02 1.536742480789991387e+05
1.081999999999999976e-02 1.476721072416235402e+05
1.137999999999999949e-02 1.420808096534598444e+05
1.196999999999999974e-02 1.367703634278806567e+05
1.260000000000000009e-02 1.316733481999295182e+05
1.324999999999999963e-02 1.269027091854523605e+05
1.393999999999999927e-02 1.222762238442150265e+05
1.467000000000000075e-02 1.177981688576381275e+05
1.542999999999999927e-02 1.135197415026722301e+05
1.623000000000000137e-02 1.093528802626789839e+05
1.708000000000000143e-02 1.052562331914281822e+05
1.796999999999999986e-02 1.012493555267242773e+05
1.890000000000000013e-02 9.732703688871146005e+04
1.989000000000000143e-02 9.340955901499667380e+04
2.092000000000000109e-02 8.956804142646800028e+04
2.200999999999999832e-02 8.574128455719075282e+04
2.316000000000000003e-02 8.192658437209215481e+04
2.436999999999999930e-02 7.811144032047205837e+04
2.563000000000000000e-02 7.436611869392813242e+04
2.697000000000000092e-02 7.058427112871610734e+04
2.836999999999999938e-02 6.685560393466721871e+04
2.985000000000000153e-02 6.313978499457523139e+04
3.139999999999999736e-02 5.946188749106894829e+04
3.303999999999999992e-02 5.582459765763499308e+04
3.475999999999999923e-02 5.224824649003874219e+04
3.656999999999999834e-02 4.873888819732937554e+04
3.846999999999999725e-02 4.532563721343772340e+04
4.048000000000000209e-02 4.198440540690829221e+04
4.259000000000000286e-02 3.877161376705665316e+04
4.479999999999999954e-02 3.567716769822399510e+04
4.714000000000000135e-02 3.269878957452157920e+04
4.959000000000000213e-02 2.988251314337587974e+04
5.217000000000000109e-02 2.719111752974092451e+04
5.489000000000000129e-02 2.467012690591802311e+04
5.775000000000000272e-02 2.229642513331100417e+04
6.074999999999999845e-02 2.008297618529028841e+04
6.392000000000000459e-02 1.805353013143048520e+04
6.723999999999999422e-02 1.615517096232784024e+04
7.074999999999999345e-02 1.443456198101129667e+04
7.442999999999999616e-02 1.287712514241888130e+04
7.829999999999999460e-02 1.141828184638566199e+04
8.237999999999999490e-02 1.018653946744014320e+04
8.666999999999999704e-02 8.971400339698748212e+03
9.117999999999999716e-02 7.958803450606804290e+03
9.593000000000000138e-02 6.998527730089907891e+03
1.009000000000000036e-01 6.161244744581580562e+03
1.062000000000000027e-01 5.410474976229479580e+03
1.116999999999999937e-01 4.730788486298141834e+03
1.174999999999999933e-01 4.146312681611139851e+03
1.236000000000000015e-01 3.615803635650757769e+03
1.300999999999999934e-01 3.143873278893092902e+03
1.368999999999999939e-01 2.736801567722417985e+03
1.439999999999999891e-01 2.369652396824738389e+03
1.514999999999999958e-01 2.061325433628869632e+03
1.593999999999999861e-01 1.774990252161777107e+03
1.676999999999999880e-01 1.541868042710178088e+03
1.764000000000000012e-01 1.322891218083899048e+03
1.855999999999999872e-01 1.147075325682613538e+03
1.952000000000000124e-01 9.824590348116804535e+02
2.053999999999999992e-01 8.487678927702556848e+02
2.160999999999999865e-01 7.271659368956305798e+02
2.273999999999999910e-01 6.248108657557334027e+02
2.391999999999999960e-01 5.355565880926484397e+02
2.516999999999999793e-01 4.582682163418754726e+02
2.647999999999999798e-01 3.923407927168560718e+02
2.785000000000000253e-01 3.351242294294658564e+02
2.929999999999999827e-01 2.864533497713283055e+02
3.083000000000000185e-01 2.438004789105732755e+02
3.244000000000000217e-01 2.079099307154560563e+02
3.412000000000000033e-01 1.769770378761103018e+02
3.589999999999999858e-01 1.506346202275079236e+02
3.776999999999999802e-01 1.279744847012696027e+02
3.973999999999999755e-01 1.087284534945080878e+02
4.181000000000000272e-01 9.237037017931527316e+01
4.398000000000000242e-01 7.839258328087466055e+01
4.627000000000000002e-01 6.681443642537595906e+01
4.868000000000000105e-01 5.663770210956142392e+01
5.121999999999999886e-01 4.824058547232980487e+01
5.387999999999999456e-01 4.089837961466447780e+01
5.668999999999999595e-01 3.479964063508666783e+01
5.964000000000000412e-01 2.948597615462230692e+01
6.274999999999999467e-01 2.504711153565558135e+01
6.601000000000000201e-01 2.122527696142835651e+01
6.945000000000000062e-01 1.801528379622411080e+01
7.307000000000000162e-01 1.527764146604559059e+01
7.687000000000000499e-01 1.296732952419779927e+01
8.087999999999999634e-01 1.100271413175252100e+01
8.508999999999999897e-01 9.325552694738627579e+00
8.951999999999999957e-01 7.915530125651601523e+00
9.417999999999999705e-01 6.697621931164644771e+00
9.908000000000000140e-01 5.683836903079013680e+00
1.042000000000000037e+00 4.798015490487182788e+00
1.096999999999999975e+00 4.061707656469032202e+00
1.153999999999999915e+00 3.416283050714431724e+00
1.213999999999999968e+00 2.884192643770295383e+00
1.276999999999999913e+00 2.415155210903541683e+00
1.344000000000000083e+00 2.020573235201879925e+00
1.413999999999999924e+00 1.678563699952552835e+00
1.487000000000000099e+00 1.393749860671051000e+00
1.564999999999999947e+00 1.143851405179199698e+00
1.645999999999999908e+00 9.355149063441050572e-01
1.731999999999999984e+00 7.563753146792827620e-01
1.822000000000000064e+00 6.055492927732134545e-01
1.917000000000000037e+00 4.791360050461553888e-01
2.016999999999999904e+00 3.729921512347100787e-01
2.121999999999999886e+00 2.874305563108026651e-01
2.232000000000000206e+00 2.169765128654792263e-01
2.347999999999999865e+00 1.637869501984446641e-01
2.470000000000000195e+00 1.196364552750202315e-01
2.599000000000000199e+00 8.822619142353162192e-02
2.733999999999999986e+00 6.279690841450598360e-02
2.876999999999999780e+00 4.525055313733879897e-02
3.027000000000000135e+00 3.172160927372270206e-02
3.184000000000000163e+00 2.246472676458901099e-02
3.350000000000000089e+00 1.559620364539761675e-02
3.524000000000000021e+00 1.074858390633159390e-02
3.708000000000000185e+00 7.279522372000575385e-03
3.900999999999999801e+00 4.769766472161333405e-03
4.104000000000000092e+00 3.038069239046280613e-03
4.317999999999999616e+00 1.828795026851777559e-03
4.543000000000000149e+00 1.102803167054090686e-03
4.778999999999999915e+00 6.090673507999999712e-04
5.027999999999999581e+00 3.580565981703961250e-04
5.290000000000000036e+00 1.847136565603803412e-04
5.565000000000000391e+00 1.098014175420456448e-04
5.855000000000000426e+00 5.497453637616963451e-05
6.160000000000000142e+00 3.006670937277069851e-05
6.480999999999999872e+00 1.399711467454227036e-05
6.817999999999999616e+00 6.814758311173807381e-06
7.173000000000000043e+00 3.022565189598408777e-06
7.546999999999999709e+00 1.283981113819105319e-06
7.940000000000000391e+00 5.657523910600307452e-07
8.352999999999999758e+00 2.107732668156576983e-07
8.788000000000000256e+00 8.793874006802716219e-08
9.246000000000000441e+00 2.578102862740289911e-08
9.727000000000000313e+00 1.078097627537373941e-08
1.023000000000000043e+01 2.684526315483015427e-09
1.076999999999999957e+01 1.074917542338886112e-09
1.133000000000000007e+01 1.914395921410047846e-10
1.191999999999999993e+01 8.004684388399876102e-11
1.253999999999999915e+01 1.355112295042685408e-11
1.318999999999999950e+01 5.146884679346199445e-12
1.388000000000000078e+01 1.001542439946429056e-12
1.459999999999999964e+01 2.005477566763333063e-13
1.535999999999999943e+01 4.804721846623711304e-14
1.616000000000000014e+01 6.203260216988542926e-15
1.700000000000000000e+01 1.646287374021950384e-15
1.789000000000000057e+01 9.960719718014212641e-17
1.882000000000000028e+01 2.943636441047787777e-17
1.980000000000000071e+01 1.353227388287825165e-18
2.082999999999999829e+01 4.266139256638804618e-19
2.191000000000000014e+01 7.746945151974896364e-21
2.305000000000000071e+01 2.626142261370608023e-21
2.425000000000000000e+01 3.312411508178845904e-23
2.551999999999999957e+01 1.165493180446759769e-23
2.683999999999999986e+01 6.281870495215323510e-26
2.823999999999999844e+01 2.481652058735561415e-26
2.971000000000000085e+01 1.957789718592626174e-27
3.126000000000000156e+01 2.826225902850949503e-29
3.289000000000000057e+01 4.377973424883484346e-30
3.460000000000000142e+01 1.510142111008150153e-32
3.639999999999999858e+01 3.285608019152536685e-33
3.829999999999999716e+01 2.773130028758406356e-36
4.028999999999999915e+01 7.216630977785863469e-37
4.239000000000000057e+01 2.357248410276911713e-40
4.460000000000000142e+01 6.898401565426226506e-41
4.692000000000000171e+01 6.136848191008131982e-45
4.935999999999999943e+01 1.957464196802583018e-45
5.192999999999999972e+01 4.326148509006916615e-50
5.464000000000000057e+01 1.474445724074964714e-50
5.747999999999999687e+01 7.931545290405412382e-56
6.046999999999999886e+01 2.865497933152447037e-56
6.361999999999999744e+01 2.501202477626659379e-58
6.693000000000000682e+01 1.368089988022347011e-62
7.042000000000000171e+01 1.521182954992426597e-63
7.409000000000000341e+01 1.114228779205687293e-69
7.793999999999999773e+01 2.041245927870206100e-70
8.200000000000000000e+01 1.180868639243431507e-77
8.626999999999999602e+01 2.788658716886175755e-78
9.076000000000000512e+01 1.998861589666259742e-86
9.548999999999999488e+01 5.467760698947458507e-87
1.005000000000000000e+02 2.418707367865262602e-96
1.057000000000000028e+02 7.383162923712622114e-97
1.112000000000000028e+02 2.382504224470162524e-107
1.170000000000000000e+02 7.805915540045775944e-108
1.230999999999999943e+02 1.314751971242096421e-119
1.295000000000000000e+02 4.569139388689157009e-120
1.361999999999999886e+02 3.208707904193703290e-133
1.433000000000000114e+02 1.226355934965231914e-133
1.508000000000000114e+02 6.061308914236901913e-135
1.585999999999999943e+02 6.912581277400285018e-149
1.669000000000000057e+02 9.713546660971786599e-150
1.755999999999999943e+02 7.947091962304738831e-166
1.846999999999999886e+02 1.633967513144719000e-166
1.943000000000000114e+02 9.858373350701863694e-185
2.045000000000000000e+02 2.440886996733071030e-185
2.150999999999999943e+02 9.268572653018949216e-206
2.263000000000000114e+02 2.652895162006332023e-206
2.380999999999999943e+02 2.977937109772209858e-229
2.505000000000000000e+02 9.334973225764369064e-230
2.635000000000000000e+02 1.702225366693398396e-255
2.773000000000000114e+02 5.679780740105031528e-256
2.916999999999999886e+02 1.087410886381413386e-284
3.068999999999999773e+02 3.859707621828018971e-285
3.228999999999999773e+02 0.000000000000000000e+00
3.396999999999999886e+02 0.000000000000000000e+00
3.573999999999999773e+02 0.000000000000000000e+00
3.760000000000000000e+02 0.000000000000000000e+00
3.955000000000000000e+02 0.000000000000000000e+00
4.161000000000000227e+02 0.000000000000000000e+00
4.378000000000000114e+02 0.000000000000000000e+00
4.606000000000000227e+02 0.000000000000000000e+00
4.846000000000000227e+02 0.000000000000000000e+00
5.098000000000000114e+02 0.000000000000000000e+00
5.363999999999999773e+02 0.000000000000000000e+00
5.642999999999999545e+02 0.000000000000000000e+00
5.937000000000000455e+02 0.000000000000000000e+00
6.246000000000000227e+02 0.000000000000000000e+00
6.571000000000000227e+02 0.000000000000000000e+00
6.912999999999999545e+02 0.000000000000000000e+00
7.272999999999999545e+02 0.000000000000000000e+00
7.652000000000000455e+02 0.000000000000000000e+00
8.050000000000000000e+02 0.000000000000000000e+00
8.468999999999999773e+02 0.000000000000000000e+00
8.910000000000000000e+02 0.000000000000000000e+00
9.373999999999999773e+02 0.000000000000000000e+00
9.862999999999999545e+02 0.000000000000000000e+00
1.038000000000000000e+03 0.000000000000000000e+00
1.092000000000000000e+03 0.000000000000000000e+00
1.148000000000000000e+03 0.000000000000000000e+00
1.208000000000000000e+03 0.000000000000000000e+00
1.271000000000000000e+03 0.000000000000000000e+00
1.337000000000000000e+03 0.000000000000000000e+00
1.407000000000000000e+03 0.000000000000000000e+00
1.480000000000000000e+03 0.000000000000000000e+00
1.557000000000000000e+03 0.000000000000000000e+00
1.638000000000000000e+03 0.000000000000000000e+00
1.724000000000000000e+03 0.000000000000000000e+00
1.814000000000000000e+03 0.000000000000000000e+00
1.908000000000000000e+03 0.000000000000000000e+00
2.007000000000000000e+03 0.000000000000000000e+00
2.112000000000000000e+03 0.000000000000000000e+00
2.222000000000000000e+03 0.000000000000000000e+00
2.337000000000000000e+03 0.000000000000000000e+00
2.459000000000000000e+03 0.000000000000000000e+00
2.587000000000000000e+03 0.000000000000000000e+00
2.722000000000000000e+03 0.000000000000000000e+00
2.864000000000000000e+03 0.000000000000000000e+00
3.013000000000000000e+03 0.000000000000000000e+00
3.170000000000000000e+03 0.000000000000000000e+00
3.335000000000000000e+03 0.000000000000000000e+00
3.508000000000000000e+03 0.000000000000000000e+00
3.691000000000000000e+03 0.000000000000000000e+00
3.883000000000000000e+03 0.000000000000000000e+00
4.085000000000000000e+03 0.000000000000000000e+00
4.298000000000000000e+03 0.000000000000000000e+00
4.522000000000000000e+03 0.000000000000000000e+00
4.757000000000000000e+03 0.000000000000000000e+00
5.005000000000000000e+03 0.000000000000000000e+00
5.266000000000000000e+03 0.000000000000000000e+00
5.540000000000000000e+03 0.000000000000000000e+00
5.828000000000000000e+03 0.000000000000000000e+00
6.132000000000000000e+03 0.000000000000000000e+00
6.451000000000000000e+03 0.000000000000000000e+00
6.787000000000000000e+03 0.000000000000000000e+00
7.140000000000000000e+03 0.000000000000000000e+00
7.512000000000000000e+03 0.000000000000000000e+00
7.903000000000000000e+03 0.000000000000000000e+00
8.315000000000000000e+03 0.000000000000000000e+00
8.748000000000000000e+03 0.000000000000000000e+00
9.203000000000000000e+03 0.000000000000000000e+00
9.682000000000000000e+03 0.000000000000000000e+00
1.019000000000000000e+04 0.000000000000000000e+00
1.072000000000000000e+04 0.000000000000000000e+00
1.127000000000000000e+04 0.000000000000000000e+00
1.186000000000000000e+04 0.000000000000000000e+00
1.248000000000000000e+04 0.000000000000000000e+00
1.313000000000000000e+04 0.000000000000000000e+00
1.381000000000000000e+04 0.000000000000000000e+00
1.453000000000000000e+04 0.000000000000000000e+00
1.529000000000000000e+04 0.000000000000000000e+00
1.608000000000000000e+04 0.000000000000000000e+00
1.692000000000000000e+04 0.000000000000000000e+00
1.780000000000000000e+04 0.000000000000000000e+00
1.873000000000000000e+04 0.000000000000000000e+00
1.971000000000000000e+04 0.000000000000000000e+00
2.073000000000000000e+04 0.000000000000000000e+00
2.181000000000000000e+04 0.000000000000000000e+00
2.295000000000000000e+04 0.000000000000000000e+00
2.414000000000000000e+04 0.000000000000000000e+00
2.540000000000000000e+04 0.000000000000000000e+00
2.672000000000000000e+04 0.000000000000000000e+00
2.811000000000000000e+04 0.000000000000000000e+00
2.958000000000000000e+04 0.000000000000000000e+00
3.112000000000000000e+04 0.000000000000000000e+00
3.274000000000000000e+04 0.000000000000000000e+00
3.444000000000000000e+04 0.000000000000000000e+00
3.623000000000000000e+04 0.000000000000000000e+00
3.812000000000000000e+04 0.000000000000000000e+00
4.011000000000000000e+04 0.000000000000000000e+00
4.219000000000000000e+04 0.000000000000000000e+00
4.439000000000000000e+04 0.000000000000000000e+00
4.670000000000000000e+04 0.000000000000000000e+00
4.913000000000000000e+04 0.000000000000000000e+00
5.169000000000000000e+04 0.000000000000000000e+00
5.438000000000000000e+04 0.000000000000000000e+00
5.722000000000000000e+04 0.000000000000000000e+00
6.019000000000000000e+04 0.000000000000000000e+00
6.333000000000000000e+04 0.000000000000000000e+00
6.663000000000000000e+04 0.000000000000000000e+00
7.010000000000000000e+04 0.000000000000000000e+00
7.375000000000000000e+04 0.000000000000000000e+00
7.759000000000000000e+04 0.000000000000000000e+00
8.163000000000000000e+04 0.000000000000000000e+00
8.588000000000000000e+04 0.000000000000000000e+00
9.035000000000000000e+04 0.000000000000000000e+00
9.505000000000000000e+04 0.000000000000000000e+00
1.000000000000000000e+05 0.000000000000000000e+00
