1.000000000000000021e-03 1.367764958180635627e+22
1.051999999999999984e-03 1.374079389937216730e+22
1.106999999999999911e-03 1.380154485621244140e+22
1.163999999999999887e-03 1.383954208435457543e+22
1.224999999999999960e-03 1.387209407992115390e+22
1.288999999999999998e-03 1.389038796383902184e+22
1.356000000000000000e-03 1.389503974708313326e+22
1.427000000000000100e-03 1.388484556218272475e+22
1.500999999999999947e-03 1.385736922747025280e+22
1.579000000000000108e-03 1.381949038191252917e+22
1.661000000000000150e-03 1.375889693492266612e+22
1.747999999999999988e-03 1.369211279099112194e+22
1.839000000000000140e-03 1.360431343006172735e+22
1.935000000000000088e-03 1.350167294219596595e+22
2.034999999999999917e-03 1.338627481484117462e+22
2.141000000000000108e-03 1.325443507585869152e+22
2.252999999999999794e-03 1.311302741188344703e+22
2.370000000000000145e-03 1.295993251180594804e+22
2.492999999999999990e-03 1.277659101157622651e+22
2.623000000000000331e-03 1.259869707119613916e+22
2.759999999999999867e-03 1.238421567816706766e+22
2.903999999999999897e-03 1.217503245384220987e+22
3.054999999999999990e-03 1.195643133092417241e+22
3.213999999999999843e-03 1.171557130269122101e+22
3.380999999999999891e-03 1.147903823234265514e+22
3.556999999999999832e-03 1.121059362051290510e+22
3.742000000000000100e-03 1.096572755185292332e+22
3.936999999999999528e-03 1.068757289500018947e+22
4.142000000000000716e-03 1.041855603551912958e+22
4.357999999999999895e-03 1.013984729470846632e+22
4.585000000000000533e-03 9.856418103744140411e+21
4.824000000000000163e-03 9.573621457366567354e+21
5.074999999999999650e-03 9.289432017296184836e+21
5.338999999999999996e-03 9.002084993829964874e+21
5.616999999999999597e-03 8.726192758056608072e+21
5.908999999999999322e-03 8.447842622063048131e+21
6.217000000000000304e-03 8.165069322092333236e+21
6.540999999999999939e-03 7.897839301431372284e+21
6.880999999999999964e-03 7.631177614186732585e+21
7.239999999999999908e-03 7.374151578244105634e+21
7.617000000000000506e-03 7.119674622149476221e+21
8.012999999999999290e-03 6.870824076012508152e+21
8.429999999999999993e-03 6.642076246734453866e+21
8.868999999999998413e-03 6.410280138495458542e+21
9.330999999999999017e-03 6.202295103365190779e+21
9.816999999999999338e-03 5.990205898868175929e+21
1.032999999999999891e-02 5.794602065670890848e+21
1.086999999999999945e-02 5.602974668816289628e+21
1.143000000000000092e-02 5.426616405257128772e+21
1.203000000000000076e-02 5.261230401330320769e+21
1.264999999999999979e-02 5.108129619414473507e+21
1.330999999999999892e-02 4.964761886184711389e+21
1.400999999999999988e-02 4.824796169485334610e+21
1.473000000000000004e-02 4.701861375602127798e+21
1.549999999999999989e-02 4.584034852702568055e+21
1.631000000000000158e-02 4.479068016786932236e+21
1.715999999999999817e-02 4.375254651656683389e+21
1.805000000000000007e-02 4.287567746662685213e+21
1.898999999999999994e-02 4.203095889020888023e+21
1.997999999999999776e-02 4.128928233791563497e+21
2.101999999999999702e-02 4.061457711058288378e+21
2.212000000000000077e-02 3.999853263369235071e+21
2.326999999999999902e-02 3.945521824386685862e+21
2.447999999999999829e-02 3.895325824032421446e+21
2.574999999999999858e-02 3.854488659377946886e+21
2.708999999999999950e-02 3.812494251933541859e+21
2.850000000000000103e-02 3.781372237150869783e+21
2.998999999999999930e-02 3.750225092748214534e+21
3.155000000000000165e-02 3.725419974486291120e+21
3.318999999999999728e-02 3.701912792303845507e+21
3.491999999999999965e-02 3.682673770341908611e+21
3.673999999999999488e-02 3.664905538502305776e+21
3.864999999999999686e-02 3.650062565036347884e+21
4.066000000000000170e-02 3.637335590896122986e+21
4.277999999999999858e-02 3.624914604048776167e+21
4.500999999999999446e-02 3.614692121576907211e+21
4.734999999999999626e-02 3.605267901230397522e+21
4.982000000000000317e-02 3.597427549129198273e+21
5.240999999999999825e-02 3.588530869081323602e+21
5.513999999999999457e-02 3.581793453639378928e+21
5.800999999999999907e-02 3.572548873123519267e+21
6.102999999999999398e-02 3.564088053978813694e+21
6.421000000000000318e-02 3.555013591443642515e+21
6.755999999999999506e-02 3.545911555206618284e+21
7.106999999999999429e-02 3.534908413744551297e+21
7.477000000000000313e-02 3.522658701793639268e+21
7.867000000000000381e-02 3.509328625861667062e+21
8.276000000000000023e-02 3.494923236791933731e+21
8.707000000000000850e-02 3.479034143746854748e+21
9.160999999999999699e-02 3.461981158958164345e+21
9.637999999999999345e-02 3.442895820344250073e+21
1.014000000000000040e-01 3.422043411228191621e+21
1.067000000000000032e-01 3.399662073566564188e+21
1.122000000000000081e-01 3.374871077465157009e+21
1.180999999999999966e-01 3.349262598576185278e+21
1.242000000000000048e-01 3.321087503774663049e+21
1.307000000000000106e-01 3.291353003688429879e+21
1.375000000000000111e-01 3.260027348081430233e+21
1.446999999999999953e-01 3.226656515343356789e+21
1.522000000000000020e-01 3.191789461889679884e+21
1.600999999999999923e-01 3.154266179442054791e+21
1.683999999999999941e-01 3.115578231737161875e+21
1.771999999999999964e-01 3.074718249211129758e+21
1.864000000000000101e-01 3.031689624446939169e+21
1.960999999999999965e-01 2.988406473545139356e+21
2.064000000000000001e-01 2.941710155211433574e+21
2.170999999999999874e-01 2.894611948336359408e+21
2.283999999999999919e-01 2.845551390602230759e+21
2.403000000000000136e-01 2.794809292175463416e+21
2.528000000000000247e-01 2.743196756982366732e+21
2.660000000000000142e-01 2.690183136992666583e+21
2.798000000000000487e-01 2.636219833865695920e+21
2.943999999999999950e-01 2.581093652660046266e+21
3.096999999999999753e-01 2.525148804006338363e+21
3.259000000000000230e-01 2.468171063904424690e+21
3.427999999999999936e-01 2.410301582362248479e+21
3.606999999999999651e-01 2.352621308451959603e+21
3.795000000000000040e-01 2.293199318668813795e+21
3.991999999999999993e-01 2.234263775349818786e+21
4.200000000000000400e-01 2.173975516170385621e+21
4.419000000000000150e-01 2.113988128928885637e+21
4.649000000000000354e-01 2.053748445269658173e+21
4.891000000000000347e-01 1.993517295971222159e+21
5.144999999999999574e-01 1.933068051256689558e+21
5.413000000000000034e-01 1.872210579225461654e+21
5.695000000000000062e-01 1.811957112176283484e+21
5.992000000000000659e-01 1.751955620261658624e+21
6.304000000000000714e-01 1.692713603502894744e+21
6.632000000000000117e-01 1.633195982832426025e+21
6.976999999999999869e-01 1.575755871998871601e+21
7.340999999999999748e-01 1.517682890437802590e+21
7.722999999999999865e-01 1.461471544696396841e+21
8.125000000000000000e-01 1.405318342678677553e+21
8.548000000000000043e-01 1.350735149620524483e+21
8.992999999999999883e-01 1.296885231033457050e+21
9.460999999999999410e-01 1.244093299398346539e+21
9.954000000000000625e-01 1.192339415152926917e+21
1.046999999999999931e+00 1.142118752852807123e+21
1.101999999999999869e+00 1.092336547491835412e+21
1.159000000000000030e+00 1.044232569811572621e+21
1.219000000000000083e+00 9.976289350156336497e+20
1.283000000000000140e+00 9.510090929262158152e+20
1.350000000000000089e+00 9.066617748820210483e+20
1.419999999999999929e+00 8.630486018197951611e+20
1.493999999999999995e+00 8.214809766298183270e+20
1.572000000000000064e+00 7.807616086518393733e+20
1.654000000000000137e+00 7.417927228887878861e+20
1.739999999999999991e+00 7.043217885381183406e+20
1.830000000000000071e+00 6.685082988319518228e+20
1.925999999999999934e+00 6.338330268526078853e+20
2.025999999999999801e+00 6.008208165500321792e+20
2.131000000000000227e+00 5.693042164985343508e+20
2.241999999999999993e+00 5.388225736873097298e+20
2.358999999999999986e+00 5.099559631129534136e+20
2.481999999999999762e+00 4.821915837875057459e+20
2.611000000000000210e+00 4.559381588182115942e+20
2.746999999999999886e+00 4.308687654485850194e+20
2.890000000000000124e+00 4.070619417024470712e+20
3.040999999999999925e+00 3.843829216911649669e+20
3.198999999999999844e+00 3.631342764507332608e+20
3.366000000000000103e+00 3.429803344034499789e+20
3.540999999999999925e+00 3.238652571631678259e+20
3.725000000000000089e+00 3.059747505710298563e+20
3.918999999999999595e+00 2.890857911077206098e+20
4.123000000000000220e+00 2.732126192752088187e+20
4.338000000000000078e+00 2.582163658327239229e+20
4.564000000000000057e+00 2.443072781377252557e+20
4.801000000000000156e+00 2.311599342536472330e+20
5.051000000000000156e+00 2.189140382940308439e+20
5.314000000000000057e+00 2.074823132427552686e+20
5.590999999999999304e+00 1.967677119018722263e+20
5.881999999999999673e+00 1.867607086367688622e+20
6.187999999999999723e+00 1.774629723012598333e+20
6.511000000000000121e+00 1.687569038273932165e+20
6.850000000000000533e+00 1.606490124236949094e+20
7.205999999999999517e+00 1.531832652216897372e+20
7.581999999999999851e+00 1.461494489619547095e+20
7.976000000000000867e+00 1.396351262935554949e+20
8.391999999999999460e+00 1.334957367681414431e+20
8.829000000000000625e+00 1.278424218449452401e+20
9.288000000000000256e+00 1.225099905361377034e+20
9.772000000000000242e+00 1.175649796875002348e+20
1.027999999999999936e+01 1.129143920182904914e+20
1.082000000000000028e+01 1.085042316177527112e+20
1.137999999999999901e+01 1.043959442784433603e+20
1.196999999999999886e+01 1.004940165683507036e+20
1.259999999999999964e+01 9.674891039235555328e+19
1.325000000000000000e+01 9.324361389283072410e+19
1.393999999999999950e+01 8.984423640429538509e+19
1.466999999999999993e+01 8.655392028071251149e+19
1.542999999999999972e+01 8.341028346700216730e+19
1.623000000000000043e+01 8.034862148121164186e+19
1.708000000000000185e+01 7.733855037856335462e+19
1.796999999999999886e+01 7.439443865485330022e+19
1.889999999999999858e+01 7.151245790759399424e+19
1.989000000000000057e+01 6.863403398240767181e+19
2.092000000000000171e+01 6.581142298311195034e+19
2.200999999999999801e+01 6.299965763727383757e+19
2.316000000000000014e+01 6.019675111573979136e+19
2.437000000000000099e+01 5.739351845681422336e+19
2.562999999999999901e+01 5.464158884166645350e+19
2.697000000000000242e+01 5.186282126108750643e+19
2.837000000000000099e+01 4.912312873278477107e+19
2.985000000000000142e+01 4.639287664620974899e+19
3.139999999999999858e+01 4.369048788748607488e+19
3.303999999999999915e+01 4.101793620579263283e+19
3.475999999999999801e+01 3.839016009638591693e+19
3.657000000000000028e+01 3.581160797754347110e+19
3.846999999999999886e+01 3.330367210364329165e+19
4.048000000000000398e+01 3.084865336925845914e+19
4.259000000000000341e+01 2.848800791805179494e+19
4.479999999999999716e+01 2.621431859883671962e+19
4.714000000000000057e+01 2.402591189281820262e+19
4.959000000000000341e+01 2.195661176639243469e+19
5.217000000000000171e+01 1.997906963950295450e+19
5.489000000000000057e+01 1.812673506080086221e+19
5.775000000000000000e+01 1.638262311076954317e+19
6.075000000000000000e+01 1.475625925766123315e+19
6.392000000000000171e+01 1.326509421101205094e+19
6.723999999999999488e+01 1.187024716219889664e+19
7.075000000000000000e+01 1.060600465276625920e+19
7.442999999999999261e+01 9.461655251777822720e+18
7.829999999999999716e+01 8.389748892184833024e+18
8.237999999999999545e+01 7.484708239112637440e+18
8.667000000000000171e+01 6.591867066686520320e+18
9.117999999999999261e+01 5.847846754105247744e+18
9.593000000000000682e+01 5.142270182184419328e+18
1.009000000000000057e+02 4.527064313681771008e+18
1.062000000000000028e+02 3.975425291536622592e+18
1.116999999999999886e+02 3.476015743528357376e+18
1.175000000000000000e+02 3.046563633232638976e+18
1.236000000000000085e+02 2.656764384929006080e+18
1.300999999999999943e+02 2.310006681706842624e+18
1.369000000000000057e+02 2.010904812986111744e+18
1.440000000000000000e+02 1.741136612196741376e+18
1.515000000000000000e+02 1.514588885252860160e+18
1.593999999999999773e+02 1.304199940241181440e+18
1.676999999999999886e+02 1.132910001456798336e+18
1.764000000000000057e+02 9.720135901982155520e+17
1.855999999999999943e+02 8.428303025244149760e+17
1.952000000000000171e+02 7.218760851955481600e+17
2.054000000000000057e+02 6.236445713892910080e+17
2.160999999999999943e+02 5.342957631962631680e+17
2.273999999999999773e+02 4.590888838900498560e+17
2.391999999999999886e+02 3.935080034020055680e+17
2.516999999999999886e+02 3.367192465646472960e+17
2.647999999999999545e+02 2.882781118331824640e+17
2.785000000000000000e+02 2.462374086071576960e+17
2.930000000000000000e+02 2.104757708943195200e+17
3.083000000000000114e+02 1.791359527967486720e+17
3.244000000000000341e+02 1.527648497699648640e+17
3.411999999999999886e+02 1.300364562233367200e+17
3.590000000000000000e+02 1.106809811826860960e+17
3.776999999999999886e+02 9.403111656332620800e+16
3.973999999999999773e+02 7.988981481861638400e+16
4.181000000000000227e+02 6.787047484976209600e+16
4.398000000000000114e+02 5.760009234177483200e+16
4.626999999999999886e+02 4.909288030573445600e+16
4.868000000000000114e+02 4.161537654458928800e+16
5.122000000000000455e+02 3.544547279264600400e+16
5.387999999999999545e+02 3.005068010060545200e+16
5.668999999999999773e+02 2.556954280814724400e+16
5.964000000000000909e+02 2.166525043840430800e+16
6.275000000000000000e+02 1.840373000822480800e+16
6.601000000000000227e+02 1.559558139036719800e+16
6.945000000000000000e+02 1.323699215916706400e+16
7.307000000000000455e+02 1.122546958372075200e+16
7.687000000000000455e+02 9.527934235103098000e+15
8.087999999999999545e+02 8.084404461177046000e+15
8.508999999999999773e+02 6.852085667727709000e+15
8.952000000000000455e+02 5.816051048324961000e+15
9.417999999999999545e+02 4.921175263776504000e+15
9.908000000000000682e+02 4.176281948764553000e+15
1.042000000000000000e+03 3.525411764007432000e+15
1.097000000000000000e+03 2.984398858750044500e+15
1.154000000000000000e+03 2.510163729159813000e+15
1.214000000000000000e+03 2.119202552841082250e+15
1.277000000000000000e+03 1.774570467582766250e+15
1.344000000000000000e+03 1.484645613909005500e+15
1.414000000000000000e+03 1.233349126567264250e+15
1.487000000000000000e+03 1.024078009884567625e+15
1.565000000000000000e+03 8.404614799786157500e+14
1.646000000000000000e+03 6.873832030698461250e+14
1.732000000000000000e+03 5.557577789529836250e+14
1.822000000000000000e+03 4.449361625992378750e+14
1.917000000000000000e+03 3.520521582513120000e+14
2.017000000000000000e+03 2.740614156941306875e+14
2.122000000000000000e+03 2.111937876320641562e+14
2.232000000000000000e+03 1.594266530580960000e+14
2.348000000000000000e+03 1.203448471905342344e+14
2.470000000000000000e+03 8.790462800024842188e+13
2.599000000000000000e+03 6.482547914961152344e+13
2.734000000000000000e+03 4.614094308505819531e+13
2.877000000000000000e+03 3.324850298514135938e+13
3.027000000000000000e+03 2.330791443432251953e+13
3.184000000000000000e+03 1.650628518563893359e+13
3.350000000000000000e+03 1.145953778480975000e+13
3.524000000000000000e+03 7.897678576680614258e+12
3.708000000000000000e+03 5.348735087972861328e+12
3.901000000000000000e+03 3.504655386349822266e+12
4.104000000000000000e+03 2.232265622409514648e+12
4.318000000000000000e+03 1.343733782103087891e+12
4.543000000000000000e+03 8.103006891547946777e+11
4.779000000000000000e+03 4.475211069744038086e+11
5.028000000000000000e+03 2.630873005460482178e+11
5.290000000000000000e+03 1.357210494842884216e+11
5.565000000000000000e+03 8.067819078010411072e+10
5.855000000000000000e+03 4.039334129822161102e+10
6.160000000000000000e+03 2.209195262873057556e+10
6.481000000000000000e+03 1.028458387298409843e+10
6.818000000000000000e+03 5.007242925061944008e+09
7.173000000000000000e+03 2.220873796263549328e+09
7.547000000000000000e+03 9.434238243698582649e+08
7.940000000000000000e+03 4.156948094296057224e+08
8.353000000000000000e+03 1.548687276736465096e+08
8.788000000000000000e+03 6.461427007946898788e+07
9.246000000000000000e+03 1.894298628077790141e+07
9.727000000000000000e+03 7.921479341624299996e+06
1.023000000000000000e+04 1.972494810022046091e+06
1.077000000000000000e+04 7.898113202453799313e+05
1.133000000000000000e+04 1.406630286143895646e+05
1.192000000000000000e+04 5.881558441397645947e+04
1.254000000000000000e+04 9.956884957888099962e+03
1.319000000000000000e+04 3.781748481748713402e+03
1.388000000000000000e+04 7.358978950652223148e+02
1.460000000000000000e+04 1.473553851657649432e+02
1.536000000000000000e+04 3.530339356855811417e+01
1.616000000000000000e+04 4.557935793981806150e+00
1.700000000000000000e+04 1.209633625989934957e+00
1.789000000000000000e+04 7.318783889191343706e-02
1.882000000000000000e+04 2.162879748680661754e-02
1.980000000000000000e+04 9.943035330972939401e-04
2.083000000000000000e+04 3.134607954490208309e-04
2.191000000000000000e+04 5.692180783501287401e-06
2.305000000000000000e+04 1.929596275908011968e-06
2.425000000000000000e+04 2.433842600408440554e-08
2.552000000000000000e+04 8.563630895656482468e-09
2.684000000000000000e+04 4.615695840855780457e-11
2.824000000000000000e+04 1.823429995043902645e-11
2.971000000000000000e+04 1.438514510647906537e-12
3.126000000000000000e+04 2.076610645673753947e-14
3.289000000000000000e+04 3.216779738455779759e-15
3.460000000000000000e+04 1.109598911055322994e-17
3.640000000000000000e+04 2.414148346457584372e-18
3.830000000000000000e+04 2.037597678850860149e-21
4.029000000000000000e+04 5.302524720069929900e-22
4.239000000000000000e+04 1.732022602418532734e-25
4.460000000000000000e+04 5.068701024375291422e-26
4.692000000000000000e+04 4.509138590611558023e-30
4.936000000000000000e+04 1.438275328771496496e-30
5.193000000000000000e+04 3.178700626693389161e-35
5.464000000000000000e+04 1.083370470843673124e-35
5.748000000000000000e+04 5.827818423886282213e-41
6.047000000000000000e+04 2.105466341928977620e-41
6.362000000000000000e+04 1.837794950073039169e-43
6.693000000000000000e+04 1.005224044723757494e-47
7.042000000000000000e+04 1.117711331980997587e-48
7.409000000000000000e+04 8.186958240954978047e-55
7.794000000000000000e+04 1.499835175941709170e-55
8.200000000000000000e+04 8.676604318577412909e-63
8.627000000000000000e+04 2.049007608625739082e-63
9.076000000000000000e+04 1.468692666124866452e-71
9.549000000000000000e+04 4.017516810661568458e-72
1.005000000000000000e+05 1.777180466647021146e-81
1.057000000000000000e+05 5.424886492852291509e-82
1.112000000000000000e+05 1.750579679744148014e-92
1.170000000000000000e+05 5.735510135031173848e-93
1.231000000000000000e+05 9.660331600342985167e-105
1.295000000000000000e+05 3.357241714665429004e-105
1.362000000000000000e+05 2.357644866953005454e-118
1.433000000000000000e+05 9.010828849049360368e-119
1.508000000000000000e+05 4.453635006785723079e-120
1.586000000000000000e+05 5.079119774273598051e-134
1.669000000000000000e+05 7.137169885491124107e-135
1.756000000000000000e+05 5.839241567499244011e-151
1.847000000000000000e+05 1.200581428773473318e-151
1.943000000000000000e+05 7.243583405149191009e-170
2.045000000000000000e+05 1.793477272000592851e-170
2.151000000000000000e+05 6.810218752168462876e-191
2.263000000000000000e+05 1.949253359302072673e-191
2.381000000000000000e+05 2.188082664609997416e-214
2.505000000000000000e+05 6.859007540107487228e-215
2.635000000000000000e+05 1.250734880833707717e-240
2.773000000000000000e+05 4.173301623942017386e-241
2.917000000000000000e+05 7.989909867442984308e-270
3.069000000000000000e+05 2.835976391197521366e-270
3.229000000000000000e+05 2.733207612541004593e-302
3.397000000000000000e+05 1.092735772200376626e-302
3.574000000000000000e+05 9.022314252309223763e-304
3.760000000000000000e+05 0.000000000000000000e+00
3.955000000000000000e+05 0.000000000000000000e+00
4.161000000000000000e+05 0.000000000000000000e+00
4.378000000000000000e+05 0.000000000000000000e+00
4.606000000000000000e+05 0.000000000000000000e+00
4.846000000000000000e+05 0.000000000000000000e+00
5.098000000000000000e+05 0.000000000000000000e+00
5.364000000000000000e+05 0.000000000000000000e+00
5.643000000000000000e+05 0.000000000000000000e+00
5.937000000000000000e+05 0.000000000000000000e+00
6.246000000000000000e+05 0.000000000000000000e+00
6.571000000000000000e+05 0.000000000000000000e+00
6.913000000000000000e+05 0.000000000000000000e+00
7.273000000000000000e+05 0.000000000000000000e+00
7.652000000000000000e+05 0.000000000000000000e+00
8.050000000000000000e+05 0.000000000000000000e+00
8.469000000000000000e+05 0.000000000000000000e+00
8.910000000000000000e+05 0.000000000000000000e+00
9.374000000000000000e+05 0.000000000000000000e+00
9.863000000000000000e+05 0.000000000000000000e+00
1.038000000000000000e+06 0.000000000000000000e+00
1.092000000000000000e+06 0.000000000000000000e+00
1.148000000000000000e+06 0.000000000000000000e+00
1.208000000000000000e+06 0.000000000000000000e+00
1.271000000000000000e+06 0.000000000000000000e+00
1.337000000000000000e+06 0.000000000000000000e+00
1.407000000000000000e+06 0.000000000000000000e+00
1.480000000000000000e+06 0.000000000000000000e+00
1.557000000000000000e+06 0.000000000000000000e+00
1.638000000000000000e+06 0.000000000000000000e+00
1.724000000000000000e+06 0.000000000000000000e+00
1.814000000000000000e+06 0.000000000000000000e+00
1.908000000000000000e+06 0.000000000000000000e+00
2.007000000000000000e+06 0.000000000000000000e+00
2.112000000000000000e+06 0.000000000000000000e+00
2.222000000000000000e+06 0.000000000000000000e+00
2.337000000000000000e+06 0.000000000000000000e+00
2.459000000000000000e+06 0.000000000000000000e+00
2.587000000000000000e+06 0.000000000000000000e+00
2.722000000000000000e+06 0.000000000000000000e+00
2.864000000000000000e+06 0.000000000000000000e+00
3.013000000000000000e+06 0.000000000000000000e+00
3.170000000000000000e+06 0.000000000000000000e+00
3.335000000000000000e+06 0.000000000000000000e+00
3.508000000000000000e+06 0.000000000000000000e+00
3.691000000000000000e+06 0.000000000000000000e+00
3.883000000000000000e+06 0.000000000000000000e+00
4.085000000000000000e+06 0.000000000000000000e+00
4.298000000000000000e+06 0.000000000000000000e+00
4.522000000000000000e+06 0.000000000000000000e+00
4.757000000000000000e+06 0.000000000000000000e+00
5.005000000000000000e+06 0.000000000000000000e+00
5.266000000000000000e+06 0.000000000000000000e+00
5.540000000000000000e+06 0.000000000000000000e+00
5.828000000000000000e+06 0.000000000000000000e+00
6.132000000000000000e+06 0.000000000000000000e+00
6.451000000000000000e+06 0.000000000000000000e+00
6.787000000000000000e+06 0.000000000000000000e+00
7.140000000000000000e+06 0.000000000000000000e+00
7.512000000000000000e+06 0.000000000000000000e+00
7.903000000000000000e+06 0.000000000000000000e+00
8.315000000000000000e+06 0.000000000000000000e+00
8.748000000000000000e+06 0.000000000000000000e+00
9.203000000000000000e+06 0.000000000000000000e+00
9.682000000000000000e+06 0.000000000000000000e+00
1.019000000000000000e+07 0.000000000000000000e+00
1.072000000000000000e+07 0.000000000000000000e+00
1.127000000000000000e+07 0.000000000000000000e+00
1.186000000000000000e+07 0.000000000000000000e+00
1.248000000000000000e+07 0.000000000000000000e+00
1.313000000000000000e+07 0.000000000000000000e+00
1.381000000000000000e+07 0.000000000000000000e+00
1.453000000000000000e+07 0.000000000000000000e+00
1.529000000000000000e+07 0.000000000000000000e+00
1.608000000000000000e+07 0.000000000000000000e+00
1.692000000000000000e+07 0.000000000000000000e+00
1.780000000000000000e+07 0.000000000000000000e+00
1.873000000000000000e+07 0.000000000000000000e+00
1.971000000000000000e+07 0.000000000000000000e+00
2.073000000000000000e+07 0.000000000000000000e+00
2.181000000000000000e+07 0.000000000000000000e+00
2.295000000000000000e+07 0.000000000000000000e+00
2.414000000000000000e+07 0.000000000000000000e+00
2.540000000000000000e+07 0.000000000000000000e+00
2.672000000000000000e+07 0.000000000000000000e+00
2.811000000000000000e+07 0.000000000000000000e+00
2.958000000000000000e+07 0.000000000000000000e+00
3.112000000000000000e+07 0.000000000000000000e+00
3.274000000000000000e+07 0.000000000000000000e+00
3.444000000000000000e+07 0.000000000000000000e+00
3.623000000000000000e+07 0.000000000000000000e+00
3.812000000000000000e+07 0.000000000000000000e+00
4.011000000000000000e+07 0.000000000000000000e+00
4.219000000000000000e+07 0.000000000000000000e+00
4.439000000000000000e+07 0.000000000000000000e+00
4.670000000000000000e+07 0.000000000000000000e+00
4.913000000000000000e+07 0.000000000000000000e+00
5.169000000000000000e+07 0.000000000000000000e+00
5.438000000000000000e+07 0.000000000000000000e+00
5.722000000000000000e+07 0.000000000000000000e+00
6.019000000000000000e+07 0.000000000000000000e+00
6.333000000000000000e+07 0.000000000000000000e+00
6.663000000000000000e+07 0.000000000000000000e+00
7.010000000000000000e+07 0.000000000000000000e+00
7.375000000000000000e+07 0.000000000000000000e+00
7.759000000000000000e+07 0.000000000000000000e+00
8.163000000000000000e+07 0.000000000000000000e+00
8.588000000000000000e+07 0.000000000000000000e+00
9.035000000000000000e+07 0.000000000000000000e+00
9.505000000000000000e+07 0.000000000000000000e+00
1.000000000000000000e+08 0.000000000000000000e+00
