1.900000000000000000e+01 2.768342022816016809e-02
2.100000000000000000e+01 1.503168392966458891e-02
2.400000000000000000e+01 5.293081768654350067e-03
2.700000000000000000e+01 1.752794876965978145e-03
3.000000000000000000e+01 6.124974591731881203e-04
3.300000000000000000e+01 1.967160966707016544e-04
3.800000000000000000e+01 3.427242630794819802e-05
4.200000000000000000e+01 7.499023732714339959e-06
4.700000000000000000e+01 8.437332818806603561e-07
5.300000000000000000e+01 7.465848188440266813e-08
6.000000000000000000e+01 4.721968597464753408e-09
6.700000000000000000e+01 2.570900472301195483e-10
