1.903427155601598031e+01 2.354139442566064702e+02
2.003427155601598031e+01 2.628544173673119531e+02
2.103427155601598031e+01 2.918484591400491581e+02
2.203427155601598031e+01 3.222962363674878361e+02
2.303427155601598031e+01 3.541309376852477158e+02
2.403427155601598031e+01 3.871661571006598592e+02
2.503427155601598031e+01 4.213263712952327182e+02
2.603427155601598031e+01 4.563359003919376278e+02
2.703427155601598031e+01 4.919262431051312774e+02
2.803427155601598031e+01 5.278661373963353753e+02
2.903427155601598031e+01 5.637307497846396700e+02
3.003427155601598031e+01 5.990518963590448038e+02
3.103427155601598031e+01 6.332708708071462524e+02
3.203427155601598031e+01 6.664282390011406960e+02
3.303427155601598031e+01 6.972930612416136000e+02
3.403427155601598031e+01 7.255800147372481206e+02
3.503427155601598031e+01 7.515120913904546569e+02
3.603427155601598031e+01 7.728176523475664226e+02
3.703427155601598031e+01 7.923575437505089667e+02
3.803427155601598031e+01 8.056122391852748024e+02
3.903427155601598031e+01 8.159593735171157505e+02
4.003427155601598031e+01 8.243300389829722690e+02
4.103427155601598031e+01 8.237152328669895951e+02
4.203427155601598031e+01 8.219614425632026951e+02
4.303427155601598031e+01 8.187714686712854473e+02
4.403427155601598031e+01 8.074380667235085411e+02
4.503427155601598031e+01 7.950360682414971052e+02
4.603427155601598031e+01 7.782893454472125541e+02
4.703427155601598031e+01 7.584345216267519163e+02
4.803427155601598031e+01 7.358240392829886787e+02
4.903427155601598031e+01 7.106525076136638290e+02
5.003427155601598031e+01 6.840309303200490376e+02
5.103427155601598031e+01 6.559041526353468043e+02
5.203427155601598031e+01 6.267662477124596307e+02
5.303427155601598031e+01 5.970324683950385634e+02
5.403427155601598031e+01 5.670582477067066520e+02
5.503427155601598031e+01 5.371704478068126036e+02
5.603427155601598031e+01 5.075447912434918294e+02
5.703427155601598031e+01 4.784393878761493397e+02
5.803427155601598031e+01 4.502440776499389017e+02
5.903427155601598031e+01 4.225972787718324071e+02
6.003427155601598031e+01 3.965214497223703347e+02
6.103427155601598031e+01 3.712359725059679931e+02
6.203427155601598031e+01 3.473672296038990908e+02
6.303427155601598031e+01 3.251679779084049073e+02
6.403427155601598031e+01 3.036946180336940984e+02
6.503427155601598031e+01 2.838037013853123085e+02
6.603427155601598031e+01 2.653913257857033727e+02
6.703427155601598031e+01 2.478801168930233416e+02
6.803427155601598031e+01 2.316723932374688957e+02
6.903427155601598031e+01 2.167020084988316455e+02
7.003427155601598031e+01 2.026618927122286209e+02
7.103427155601598031e+01 1.896679946712175138e+02
7.203427155601598031e+01 1.776544706159296823e+02
7.303427155601598031e+01 1.664213663498167364e+02
7.403427155601598031e+01 1.560082067184939660e+02
7.503427155601598031e+01 1.463609301853590807e+02
7.603427155601598031e+01 1.373097168469057578e+02
7.703427155601598031e+01 1.288957896553860394e+02
7.803427155601598031e+01 1.210823858830694633e+02
7.903427155601598031e+01 1.136686726718162959e+02
8.003427155601598031e+01 1.067449270152143725e+02
8.103427155601598031e+01 1.003084767354892506e+02
8.203427155601598031e+01 9.413467770221244280e+01
8.303427155601598031e+01 8.834124553704529603e+01
8.403427155601598031e+01 8.295842769624198354e+01
8.503427155601598031e+01 7.777418363601688611e+01
8.603427155601598031e+01 7.289466860455397068e+01
