1.221799999999999287e+01 2.491928503456392008e+01
1.321799999999999287e+01 2.933192409883129059e+01
1.421799999999999287e+01 3.414644762637477982e+01
1.521799999999999287e+01 3.937137752329371665e+01
1.621799999999999287e+01 4.504024606080917437e+01
1.721799999999999287e+01 5.116832566450283082e+01
1.821799999999999287e+01 5.774588363974843475e+01
1.921799999999999287e+01 6.478275555266492347e+01
2.021799999999999287e+01 7.223325566033906853e+01
2.121799999999999287e+01 8.009505446598714684e+01
2.221799999999999287e+01 8.840053244842164304e+01
2.321799999999999287e+01 9.701135387485241779e+01
2.421799999999999287e+01 1.059046513204872468e+02
2.521799999999999287e+01 1.152118174015157877e+02
2.621799999999999287e+01 1.246263443453551076e+02
2.721799999999999287e+01 1.341021407732069690e+02
2.821799999999999287e+01 1.439241615292852714e+02
2.921799999999999287e+01 1.534884994100573294e+02
3.021799999999999287e+01 1.627204820604791280e+02
3.121799999999999287e+01 1.721852774466488825e+02
3.221799999999998931e+01 1.804763008543961007e+02
3.321799999999998931e+01 1.874765258950233715e+02
3.421799999999998931e+01 1.945317881195321661e+02
3.521799999999998931e+01 2.016409158738289307e+02
3.621799999999998931e+01 2.088027946949526097e+02
3.721799999999998931e+01 2.137765969767405636e+02
3.821799999999998931e+01 2.165029160700034083e+02
3.921799999999998931e+01 2.191931532695638793e+02
4.021799999999998931e+01 2.218486771114112059e+02
4.121799999999998931e+01 2.219173377018515509e+02
4.221799999999998931e+01 2.194789333731849581e+02
4.321799999999998931e+01 2.171228348244398774e+02
4.421799999999998931e+01 2.148444742178962201e+02
4.521799999999998931e+01 2.126396321886772682e+02
4.621799999999998931e+01 2.076992028328677975e+02
4.721799999999998931e+01 2.002673355127684545e+02
4.821799999999998931e+01 1.932474131936666879e+02
4.921799999999998931e+01 1.866088313078073782e+02
5.021799999999998931e+01 1.803238136954039703e+02
5.121799999999998931e+01 1.743671019124713553e+02
5.221799999999998931e+01 1.665534223176621822e+02
5.321799999999998931e+01 1.571677801150720768e+02
5.421799999999998931e+01 1.484698327044360440e+02
5.521799999999998931e+01 1.403979676002452948e+02
5.621799999999998931e+01 1.328970631142414334e+02
5.721799999999998931e+01 1.259177057745610000e+02
5.821799999999998931e+01 1.194155136099556955e+02
5.921799999999998931e+01 1.123466824286481227e+02
6.021799999999998931e+01 1.048524561467014706e+02
6.121799999999998931e+01 9.796858859941946207e+01
6.221799999999998931e+01 9.163665505200745542e+01
6.321799999999998931e+01 8.580463188518474738e+01
6.421799999999998931e+01 8.042610936614356376e+01
6.521799999999998931e+01 7.545961148641019633e+01
6.621799999999998931e+01 7.059889445204750302e+01
6.721799999999998931e+01 6.586131555421046357e+01
6.821799999999998931e+01 6.150426470637586362e+01
6.921799999999998931e+01 5.749228945303288185e+01
7.021799999999998931e+01 5.379368312959190490e+01
7.121799999999998931e+01 5.038004358366079316e+01
7.221799999999998931e+01 4.722588909913473287e+01
7.321799999999998931e+01 4.430832344954592372e+01
7.421799999999998931e+01 4.152579678801782848e+01
7.521799999999998931e+01 3.887449349552451849e+01
7.621799999999998931e+01 3.642399068179918942e+01
7.721799999999998931e+01 3.415675309440381824e+01
7.821799999999998931e+01 3.205697496515747957e+01
7.921799999999998931e+01 3.011039036549362180e+01
8.021799999999998931e+01 2.830410639721053556e+01
8.121799999999998931e+01 2.662645622920048183e+01
8.221799999999998931e+01 2.506686941273777336e+01
8.321799999999998931e+01 2.348481513185793901e+01
8.421799999999998931e+01 2.189537026238163264e+01
8.521799999999998931e+01 2.043029548476418000e+01
8.621799999999998931e+01 1.907857440084308820e+01
8.721799999999998931e+01 1.783027768615622932e+01
8.821799999999998931e+01 1.667644508180315555e+01
8.921799999999998931e+01 1.560898133709136104e+01
9.021799999999998931e+01 1.462056432181645427e+01
9.121799999999998931e+01 1.370456377091389655e+01
9.221799999999998931e+01 1.285496933250453822e+01
9.321799999999998931e+01 1.195506056077188362e+01
9.421799999999998931e+01 1.102197920712499624e+01
9.521799999999998931e+01 1.017040170294641044e+01
9.621799999999998931e+01 9.392465979322786040e+00
9.721799999999998931e+01 8.681138589160696029e+00
9.821799999999998931e+01 8.030120118767476001e+00
9.921799999999998931e+01 7.433762208981288921e+00
1.002179999999999893e+02 6.886994663165948438e+00
1.012179999999999893e+02 6.385261331674517038e+00
1.022179999999999893e+02 5.924463643357952058e+00
1.032179999999999893e+02 5.500910809218479969e+00
