1.221799999999999287e+01 5.334046732512331523e+00
1.321799999999999287e+01 4.547375703752941867e+00
1.421799999999999287e+01 3.799121009932977966e+00
1.521799999999999287e+01 3.108395988423510836e+00
1.621799999999999287e+01 2.528193881525898856e+00
1.721799999999999287e+01 2.041416243200652847e+00
1.821799999999999287e+01 1.648824310504996227e+00
1.921799999999999287e+01 1.330414986184352832e+00
2.021799999999999287e+01 1.065925434864882337e+00
2.121799999999999287e+01 8.469463039661204729e-01
2.221799999999999287e+01 6.799714297879576597e-01
2.321799999999999287e+01 5.359317018832827628e-01
2.421799999999999287e+01 4.140418581077884297e-01
2.521799999999999287e+01 3.231712428928773528e-01
2.621799999999999287e+01 2.482974990744605814e-01
2.721799999999999287e+01 1.874552915654403018e-01
2.821799999999999287e+01 1.429414156935677194e-01
2.921799999999999287e+01 1.080300813239579300e-01
3.021799999999999287e+01 8.079248524234169948e-02
3.121799999999999287e+01 6.098829500432684236e-02
3.221799999999998931e+01 4.550877205868385927e-02
3.321799999999998931e+01 3.350761586844553525e-02
3.421799999999998931e+01 2.489339813122521533e-02
3.521799999999998931e+01 1.865071539156855362e-02
3.621799999999998931e+01 1.408556518754480562e-02
3.721799999999998931e+01 1.046321498561759121e-02
3.821799999999998931e+01 7.629149855843366662e-03
3.921799999999998931e+01 5.607775860130210718e-03
4.021799999999998931e+01 4.153689603943334918e-03
4.121799999999998931e+01 3.033768071913135224e-03
4.221799999999998931e+01 2.180521051415449090e-03
4.321799999999998931e+01 1.579288698526831953e-03
4.421799999999998931e+01 1.152220186253985132e-03
4.521799999999998931e+01 8.465283985376886736e-04
4.621799999999998931e+01 6.131429073560109699e-04
4.721799999999998931e+01 4.369206474771721764e-04
4.821799999999998931e+01 3.135446175790863052e-04
4.921799999999998931e+01 2.265309987082419617e-04
5.021799999999998931e+01 1.647291566631254396e-04
5.121799999999998931e+01 1.205362733592176531e-04
5.221799999999998931e+01 8.685999776479648720e-05
5.321799999999998931e+01 6.151019109987836575e-05
5.421799999999998931e+01 4.383709950667441236e-05
5.521799999999998931e+01 3.143428678688845796e-05
5.621799999999998931e+01 2.267448533203609892e-05
5.721799999999998931e+01 1.644952070332787887e-05
5.821799999999998931e+01 1.199956897641232248e-05
5.921799999999998931e+01 8.636676789300757909e-06
6.021799999999998931e+01 6.121515148046610596e-06
6.121799999999998931e+01 4.363304899066223039e-06
6.221799999999998931e+01 3.127071963609926544e-06
6.321799999999998931e+01 2.252946721149617813e-06
6.421799999999998931e+01 1.631485644819708492e-06
6.521799999999998931e+01 1.187317127428837774e-06
6.621799999999998931e+01 8.530208512337927016e-07
6.721799999999998931e+01 6.038932541227716435e-07
6.821799999999998931e+01 4.296962149513625451e-07
6.921799999999998931e+01 3.072557517006730708e-07
7.021799999999998931e+01 2.207571141075135075e-07
7.121799999999998931e+01 1.593482174168611223e-07
7.221799999999998931e+01 1.155424511532668380e-07
7.321799999999998931e+01 8.414806929874464830e-08
7.421799999999998931e+01 6.038379317029255625e-08
7.521799999999998931e+01 4.260894844168217834e-08
7.621799999999998931e+01 3.020435175374433806e-08
7.721799999999998931e+01 2.150675763724766913e-08
7.821799999999998931e+01 1.538039547999350671e-08
7.921799999999998931e+01 1.104585928441576499e-08
8.021799999999998931e+01 7.965720064882442593e-09
8.121799999999998931e+01 5.767663183151791829e-09
8.221799999999998931e+01 4.192580984974682230e-09
8.321799999999998931e+01 2.998072307694469707e-09
8.421799999999998931e+01 2.104473966038257723e-09
8.521799999999998931e+01 1.483371476741142472e-09
8.621799999999998931e+01 1.049830747546861801e-09
8.721799999999998931e+01 7.459525123334639013e-10
8.821799999999998931e+01 5.320917314964413033e-10
8.921799999999998931e+01 3.809846695854160237e-10
9.021799999999998931e+01 2.738026417819382727e-10
9.121799999999998931e+01 1.974884021043435897e-10
9.221799999999998931e+01 1.429503493511251121e-10
9.321799999999998931e+01 1.015355910608437353e-10
9.421799999999998931e+01 7.059489285457249684e-11
9.521799999999998931e+01 4.927051409365761627e-11
9.621799999999998931e+01 3.451637811386174458e-11
9.721799999999998931e+01 2.426912998038474545e-11
9.821799999999998931e+01 1.712543603672101146e-11
9.921799999999998931e+01 1.212707505565750102e-11
1.002179999999999893e+02 8.617216193214036980e-12
1.012179999999999893e+02 6.143909533704926405e-12
1.022179999999999893e+02 4.395019529876747220e-12
1.032179999999999893e+02 3.154184471585895582e-12
