4.999999999999999237e-03 2.493138938922525500e+15
9.999999999999998473e-03 6.908909553724006250e+14
1.499999999999999771e-02 2.440686482496052188e+14
1.999999999999999695e-02 9.742245246467134375e+13
2.499999999999999445e-02 4.192554995368217969e+13
2.999999999999999195e-02 1.898703660876640234e+13
3.499999999999999639e-02 8.912520767935343750e+12
3.999999999999999389e-02 4.287964688845640137e+12
4.499999999999999140e-02 2.094087137330724854e+12
4.999999999999998890e-02 1.028646208485319458e+12
5.499999999999998640e-02 5.037549137218707886e+11
5.999999999999999084e-02 2.436412629503890381e+11
6.499999999999998834e-02 1.152090054155916290e+11
6.999999999999999278e-02 5.259408116611396790e+10
7.499999999999999722e-02 2.285630804054752350e+10
7.999999999999998779e-02 9.305879691181823730e+09
8.499999999999999223e-02 3.534564964854235649e+09
8.999999999999999667e-02 1.348506900741368771e+09
