1.221799999999999287e+01 2.171714096065914250e+15
1.321799999999999287e+01 1.933252208806892500e+15
1.421799999999999287e+01 1.727702048606832250e+15
1.521799999999999287e+01 1.548695715587019500e+15
1.621799999999999287e+01 1.370967117310709000e+15
1.721799999999999287e+01 1.198426195425021500e+15
1.821799999999999287e+01 1.041002582525680500e+15
1.921799999999999287e+01 8.981357111409865000e+14
2.021799999999999287e+01 7.679337733065786250e+14
2.121799999999999287e+01 6.503767328901203750e+14
2.221799999999999287e+01 5.549580988456293750e+14
2.321799999999999287e+01 4.693544590899480625e+14
2.421799999999999287e+01 3.932128101073578750e+14
2.521799999999999287e+01 3.317476432464088125e+14
2.621799999999999287e+01 2.792380136902706562e+14
2.721799999999999287e+01 2.343597927529703125e+14
2.821799999999999287e+01 1.979211103577064375e+14
2.921799999999999287e+01 1.667859765486833438e+14
3.021799999999999287e+01 1.401747207384132188e+14
3.121799999999999287e+01 1.184680027725995938e+14
3.221799999999998931e+01 9.942671441621442188e+13
3.321799999999998931e+01 8.281991212631321875e+13
3.421799999999998931e+01 6.935673448521861719e+13
3.521799999999998931e+01 5.837576800875376562e+13
3.621799999999998931e+01 4.936800131162743750e+13
3.721799999999998931e+01 4.136197350154810156e+13
3.821799999999998931e+01 3.431179144772936328e+13
3.921799999999998931e+01 2.859940607776341406e+13
4.021799999999998931e+01 2.394632941382575000e+13
4.121799999999998931e+01 1.974554125008900781e+13
4.221799999999998931e+01 1.602003865430825781e+13
4.321799999999998931e+01 1.306054296275815430e+13
4.421799999999998931e+01 1.069711830751303125e+13
4.521799999999998931e+01 8.800175448290310547e+12
4.621799999999998931e+01 7.205048119888068359e+12
4.721799999999998931e+01 5.867697458607314453e+12
4.821799999999998931e+01 4.798985067423421875e+12
4.921799999999998931e+01 3.941001846462344238e+12
5.021799999999998931e+01 3.249141574389867676e+12
5.121799999999998931e+01 2.688863432467392090e+12
5.221799999999998931e+01 2.198243419478452148e+12
5.321799999999998931e+01 1.773891349772747559e+12
5.421799999999998931e+01 1.437135141060564453e+12
5.521799999999998931e+01 1.168759666713518311e+12
5.621799999999998931e+01 9.540053794962403564e+11
5.721799999999998931e+01 7.814811688885786133e+11
5.821799999999998931e+01 6.423552348846304932e+11
5.921799999999998931e+01 5.186206537465290527e+11
6.021799999999998931e+01 4.107881368040537109e+11
6.121799999999998931e+01 3.266185114397915039e+11
6.221799999999998931e+01 2.606545225217153320e+11
6.321799999999998931e+01 2.087567763275093689e+11
6.421799999999998931e+01 1.677715819326058350e+11
6.521799999999998931e+01 1.352859194891545715e+11
6.621799999999998931e+01 1.088190809250270081e+11
6.721799999999998931e+01 8.727628854122262573e+10
6.821799999999998931e+01 7.022516804762406921e+10
6.921799999999998931e+01 5.668314851344541168e+10
7.021799999999998931e+01 4.589241388948548889e+10
7.121799999999998931e+01 3.726630495192735291e+10
7.221799999999998931e+01 3.034901136439725876e+10
7.321799999999998931e+01 2.478513553798046875e+10
7.421799999999998931e+01 2.005808159639746094e+10
7.521799999999998931e+01 1.607400175135112762e+10
7.621799999999998931e+01 1.291876572615095139e+10
7.721799999999998931e+01 1.041232475248289490e+10
7.821799999999998931e+01 8.415357917742185593e+09
7.921799999999998931e+01 6.819702191166780472e+09
8.021799999999998931e+01 5.541113152207674980e+09
8.121799999999998931e+01 4.513769270631266594e+09
8.221799999999998931e+01 3.686085311856636047e+09
8.321799999999998931e+01 2.960703555122640133e+09
8.421799999999998931e+01 2.336191786469777584e+09
8.521799999999998931e+01 1.848544897845398903e+09
8.621799999999998931e+01 1.466666644868479252e+09
8.721799999999998931e+01 1.166771071293924809e+09
8.821799999999998931e+01 9.306075276674779654e+08
8.921799999999998931e+01 7.441300904581114054e+08
9.021799999999998931e+01 5.964968240477126837e+08
9.121799999999998931e+01 4.793146907291084528e+08
9.221799999999998931e+01 3.860680129801340103e+08
9.321799999999998931e+01 3.087283462594334483e+08
9.421799999999998931e+01 2.449494568418046832e+08
9.521799999999998931e+01 1.948194852407926321e+08
9.621799999999998931e+01 1.553181738520028889e+08
9.721799999999998931e+01 1.241151649060295075e+08
9.821799999999998931e+01 9.940757425418281555e+07
9.921799999999998931e+01 7.979692369752249122e+07
1.002179999999999893e+02 6.419562868622814119e+07
1.012179999999999893e+02 5.175574497836612165e+07
1.022179999999999893e+02 4.181452726907645911e+07
1.032179999999999893e+02 3.385272146382287890e+07
