1.774127155601597394e+01 1.986349433400053750e+15
1.874127155601597394e+01 1.727180811192913500e+15
1.974127155601597394e+01 1.491368391905001500e+15
2.074127155601597394e+01 1.280732696766970750e+15
2.174127155601597394e+01 1.096628696721891375e+15
2.274127155601597394e+01 9.345883008829803750e+14
2.374127155601597394e+01 7.946715611172247500e+14
2.474127155601597394e+01 6.742425982084533750e+14
2.574127155601597394e+01 5.711545936507607500e+14
2.674127155601597394e+01 4.837399508535398750e+14
2.774127155601597394e+01 4.096118655100902500e+14
2.874127155601597394e+01 3.468000802568460000e+14
2.974127155601597394e+01 2.936270371974430000e+14
3.074127155601597394e+01 2.488429086587776250e+14
3.174127155601597394e+01 2.106917590260758125e+14
3.274127155601597394e+01 1.783043963260006875e+14
3.374127155601597394e+01 1.509172512314028125e+14
3.474127155601597394e+01 1.273300791425506250e+14
3.574127155601597394e+01 1.076178215807619688e+14
3.674127155601597394e+01 9.052090549091193750e+13
3.774127155601597394e+01 7.615415160094978125e+13
3.874127155601597394e+01 6.419575487043493750e+13
3.974127155601597394e+01 5.367115161462943750e+13
4.074127155601597394e+01 4.499136390015898438e+13
4.174127155601597394e+01 3.780370900939548438e+13
4.274127155601597394e+01 3.153822663265254688e+13
4.374127155601597394e+01 2.636464736100156250e+13
4.474127155601597394e+01 2.198570301564968750e+13
4.574127155601597394e+01 1.830829548304596875e+13
4.674127155601597394e+01 1.522684321458653320e+13
4.774127155601597394e+01 1.264749947532524219e+13
4.874127155601597394e+01 1.050167633553303711e+13
4.974127155601597394e+01 8.713596451349191406e+12
5.074127155601597394e+01 7.225419547260519531e+12
5.174127155601597394e+01 5.990294115559932617e+12
5.274127155601597394e+01 4.963494274032133789e+12
5.374127155601597394e+01 4.112000548499133789e+12
5.474127155601597394e+01 3.404970196812552734e+12
5.574127155601597394e+01 2.817333502637804688e+12
5.674127155601597394e+01 2.330997955651175293e+12
5.774127155601597394e+01 1.924674204965258301e+12
5.874127155601597394e+01 1.590797339202837891e+12
5.974127155601597394e+01 1.311306063407669678e+12
6.074127155601597394e+01 1.081039758679335327e+12
6.174127155601597394e+01 8.925869107074309082e+11
6.274127155601597394e+01 7.329462351103123779e+11
6.374127155601597394e+01 6.029560142067222900e+11
6.474127155601597394e+01 4.968468493194901123e+11
6.574127155601597394e+01 4.071532543234313354e+11
6.674127155601597394e+01 3.341557290863689575e+11
6.774127155601597394e+01 2.747457739913129578e+11
6.874127155601597394e+01 2.247092331008188782e+11
6.974127155601597394e+01 1.840090555505876465e+11
7.074127155601597394e+01 1.509805003354491577e+11
7.174127155601597394e+01 1.232922561216299438e+11
7.274127155601597394e+01 1.007803233087197723e+11
7.374127155601597394e+01 8.255204929635522461e+10
7.474127155601597394e+01 6.732754465844645691e+10
7.574127155601597394e+01 5.495009927441434479e+10
7.674127155601597394e+01 4.494652442381845093e+10
7.774127155601597394e+01 3.662613041399110413e+10
7.874127155601597394e+01 2.986145068369938660e+10
7.974127155601597394e+01 2.440012243651041412e+10
8.074127155601597394e+01 1.986268413825729370e+10
8.174127155601597394e+01 1.617109846299685478e+10
8.274127155601597394e+01 1.319566500710199738e+10
8.374127155601597394e+01 1.074047401964546394e+10
8.474127155601597394e+01 8.744147084699735641e+09
