1.900000000000000000e+01 1.591130439671749750e+15
2.000000000000000000e+01 1.470722028639261250e+15
2.100000000000000000e+01 1.341850804577645000e+15
2.200000000000000000e+01 1.208629758881306500e+15
2.300000000000000000e+01 1.093602423469995125e+15
2.400000000000000000e+01 9.805819209342693750e+14
2.500000000000000000e+01 8.711958472835187500e+14
2.600000000000000000e+01 7.775456069192910000e+14
2.700000000000000000e+01 6.908454544767467500e+14
2.800000000000000000e+01 6.109121731996127500e+14
2.900000000000000000e+01 5.425254668741390000e+14
3.000000000000000000e+01 4.802065312086767500e+14
3.100000000000000000e+01 4.235423994527323750e+14
3.200000000000000000e+01 3.750347264436198750e+14
3.300000000000000000e+01 3.304066801702511250e+14
3.400000000000000000e+01 2.895479427075168125e+14
3.500000000000000000e+01 2.547015381492508438e+14
3.600000000000000000e+01 2.248489560748285312e+14
3.700000000000000000e+01 1.991657323057214375e+14
3.800000000000000000e+01 1.752935055622654375e+14
3.900000000000000000e+01 1.532623413360448125e+14
4.000000000000000000e+01 1.344511305253565625e+14
4.100000000000000000e+01 1.183263767310660625e+14
4.200000000000000000e+01 1.033952026656065625e+14
4.300000000000000000e+01 8.967967252665984375e+13
4.400000000000000000e+01 7.803569850550078125e+13
4.500000000000000000e+01 6.811390435953426562e+13
4.600000000000000000e+01 5.962974032182839844e+13
4.700000000000000000e+01 5.167239505241386719e+13
4.800000000000000000e+01 4.430500840222407812e+13
4.900000000000000000e+01 3.810757690038752344e+13
5.000000000000000000e+01 3.287604019716426953e+13
5.100000000000000000e+01 2.844499889228297266e+13
5.200000000000000000e+01 2.467982937711246094e+13
5.300000000000000000e+01 2.123525607671076172e+13
5.400000000000000000e+01 1.811264716369508984e+13
5.500000000000000000e+01 1.549398069020544531e+13
5.600000000000000000e+01 1.329094415324187891e+13
5.700000000000000000e+01 1.143188489599596094e+13
5.800000000000000000e+01 9.858451198758121094e+12
5.900000000000000000e+01 8.522952766058437500e+12
6.000000000000000000e+01 7.318288229485671875e+12
6.100000000000000000e+01 6.238951269683637695e+12
6.200000000000000000e+01 5.332513434204207031e+12
6.300000000000000000e+01 4.569146432950828125e+12
6.400000000000000000e+01 3.924524892392974609e+12
6.500000000000000000e+01 3.378747179304768555e+12
6.600000000000000000e+01 2.915480049271949219e+12
6.700000000000000000e+01 2.492251563140396973e+12
6.800000000000000000e+01 2.109610646198706543e+12
6.900000000000000000e+01 1.790038439047640869e+12
7.000000000000000000e+01 1.522446405316828613e+12
7.100000000000000000e+01 1.297814242868358887e+12
7.200000000000000000e+01 1.108782553530654785e+12
7.300000000000000000e+01 9.493298729954255371e+11
7.400000000000000000e+01 8.145157540740369873e+11
7.500000000000000000e+01 6.919675202028481445e+11
7.600000000000000000e+01 5.817741949596066895e+11
7.700000000000000000e+01 4.902323265914963379e+11
7.800000000000000000e+01 4.140026050073577271e+11
7.900000000000000000e+01 3.503754594733987427e+11
8.000000000000000000e+01 2.971464282632731934e+11
8.100000000000000000e+01 2.525173289928410339e+11
8.200000000000000000e+01 2.150176587418722534e+11
8.300000000000000000e+01 1.834419044192592468e+11
8.400000000000000000e+01 1.550370284399845886e+11
8.500000000000000000e+01 1.297357954978049774e+11
8.600000000000000000e+01 1.087888205452700500e+11
8.700000000000000000e+01 9.140881528823535156e+10
8.800000000000000000e+01 7.695755446334289551e+10
8.900000000000000000e+01 6.491640789085208893e+10
9.000000000000000000e+01 5.486293897588018036e+10
9.100000000000000000e+01 4.645227218359327698e+10
9.200000000000000000e+01 3.940221969804798126e+10
9.300000000000000000e+01 3.348137915852359009e+10
9.400000000000000000e+01 2.817179169233497238e+10
9.500000000000000000e+01 2.345910964660054779e+10
9.600000000000000000e+01 1.957208211196846008e+10
9.700000000000000000e+01 1.635964555727125931e+10
9.800000000000000000e+01 1.369952601814297867e+10
9.900000000000000000e+01 1.149253721675833130e+10
1.000000000000000000e+02 9.658049788780567169e+09
1.010000000000000000e+02 8.130382650787561417e+09
1.020000000000000000e+02 6.855922229758253098e+09
1.030000000000000000e+02 5.790817571929426193e+09
1.040000000000000000e+02 4.899132144184350014e+09
