1.000000000000000021e-03 5.431505298900242464e+24
1.051999999999999984e-03 5.271457721282019549e+24
1.106999999999999911e-03 5.109629620670956426e+24
1.163999999999999887e-03 4.949815955118457832e+24
1.224999999999999960e-03 4.786568501899065343e+24
1.288999999999999998e-03 4.623117893021996868e+24
1.356000000000000000e-03 4.461302967166002971e+24
1.427000000000000100e-03 4.299759626323037379e+24
1.500999999999999947e-03 4.140150627622829678e+24
1.579000000000000108e-03 3.981109003097264601e+24
1.661000000000000150e-03 3.824017794105702311e+24
1.747999999999999988e-03 3.667548694001963571e+24
1.839000000000000140e-03 3.514070043621835785e+24
1.935000000000000088e-03 3.362188402668856895e+24
2.034999999999999917e-03 3.214671261911872120e+24
2.141000000000000108e-03 3.068694341146893066e+24
2.252999999999999794e-03 2.925177097577216401e+24
2.370000000000000145e-03 2.786013620318774183e+24
2.492999999999999990e-03 2.650272767377255747e+24
2.623000000000000331e-03 2.517329785111066792e+24
2.759999999999999867e-03 2.387877124564778811e+24
2.903999999999999897e-03 2.262243018758619207e+24
3.054999999999999990e-03 2.141293125234934803e+24
3.213999999999999843e-03 2.024390794636033067e+24
3.380999999999999891e-03 1.911563135142395849e+24
3.556999999999999832e-03 1.802923044081285848e+24
3.742000000000000100e-03 1.698443271812782674e+24
3.936999999999999528e-03 1.598074784682750591e+24
4.142000000000000716e-03 1.501939940203328503e+24
4.357999999999999895e-03 1.409801722640606614e+24
4.585000000000000533e-03 1.321830815142227812e+24
4.824000000000000163e-03 1.237669432962543872e+24
5.074999999999999650e-03 1.157915262769828215e+24
5.338999999999999996e-03 1.082077282976671067e+24
5.616999999999999597e-03 1.009911918036720338e+24
5.908999999999999322e-03 9.417627267571917835e+23
6.217000000000000304e-03 8.771662623447964828e+23
6.540999999999999939e-03 8.160537636829129312e+23
6.880999999999999964e-03 7.585806060009143885e+23
7.239999999999999908e-03 7.041816078195230392e+23
7.617000000000000506e-03 6.531587832821902066e+23
8.012999999999999290e-03 6.052597601512307714e+23
8.429999999999999993e-03 5.602403161573489325e+23
8.868999999999998413e-03 5.180072169960285688e+23
9.330999999999999017e-03 4.784527450151166579e+23
9.816999999999999338e-03 4.414919374469517961e+23
1.032999999999999891e-02 4.069291843364124015e+23
1.086999999999999945e-02 3.747126704807136880e+23
1.143000000000000092e-02 3.450384188474020373e+23
1.203000000000000076e-02 3.168783092457424248e+23
1.264999999999999979e-02 2.912195559142898081e+23
1.330999999999999892e-02 2.670770899414973824e+23
1.400999999999999988e-02 2.444877408178295611e+23
1.473000000000000004e-02 2.240212098613256053e+23
1.549999999999999989e-02 2.047805499094997265e+23
1.631000000000000158e-02 1.869922726144472378e+23
1.715999999999999817e-02 1.705474910811035512e+23
1.805000000000000007e-02 1.555071841048517516e+23
1.898999999999999994e-02 1.416490210977766766e+23
1.997999999999999776e-02 1.288622597161019517e+23
2.101999999999999702e-02 1.170952201502664635e+23
2.212000000000000077e-02 1.062164376556662434e+23
2.326999999999999902e-02 9.634479596977815080e+22
2.447999999999999829e-02 8.726940966483849642e+22
2.574999999999999858e-02 7.895422882329974433e+22
2.708999999999999950e-02 7.135989870306765098e+22
2.850000000000000103e-02 6.441070536296404038e+22
2.998999999999999930e-02 5.807443506285538758e+22
3.155000000000000165e-02 5.232846967141123595e+22
3.318999999999999728e-02 4.709362636150989547e+22
3.491999999999999965e-02 4.230238031185082476e+22
3.673999999999999488e-02 3.796167504654499001e+22
3.864999999999999686e-02 3.404023828009424676e+22
4.066000000000000170e-02 3.048731718588432594e+22
4.277999999999999858e-02 2.727686935284834474e+22
4.500999999999999446e-02 2.437616000904250104e+22
4.734999999999999626e-02 2.176203714316451447e+22
4.982000000000000317e-02 1.940722130778543935e+22
5.240999999999999825e-02 1.727868067249947830e+22
5.513999999999999457e-02 1.536867653645727118e+22
5.800999999999999907e-02 1.365823824466902463e+22
6.102999999999999398e-02 1.212667386434128183e+22
6.421000000000000318e-02 1.076367460978881724e+22
6.755999999999999506e-02 9.544538105944972722e+21
7.106999999999999429e-02 8.456297738582670442e+21
7.477000000000000313e-02 7.481594555544698356e+21
7.867000000000000381e-02 6.615013559026173608e+21
8.276000000000000023e-02 5.844301558975131812e+21
8.707000000000000850e-02 5.165417010872904057e+21
9.160999999999999699e-02 4.563993218966254780e+21
9.637999999999999345e-02 4.030972532713111683e+21
1.014000000000000040e-01 3.558839568807757873e+21
1.067000000000000032e-01 3.141254647690409542e+21
1.122000000000000081e-01 2.776005684690299126e+21
1.180999999999999966e-01 2.449522214704019145e+21
1.242000000000000048e-01 2.168812719120554394e+21
1.307000000000000106e-01 1.919373070909522575e+21
1.375000000000000111e-01 1.702990141440212599e+21
1.446999999999999953e-01 1.510278581862160138e+21
1.522000000000000020e-01 1.343050391397799297e+21
1.600999999999999923e-01 1.197971846382316945e+21
1.683999999999999941e-01 1.069465352455857242e+21
1.771999999999999964e-01 9.564520768511605473e+20
1.864000000000000101e-01 8.591988703050893885e+20
1.960999999999999965e-01 7.723854705453881098e+20
2.064000000000000001e-01 6.954310867424603013e+20
2.170999999999999874e-01 6.293729421978016154e+20
2.283999999999999919e-01 5.708652201902347387e+20
2.403000000000000136e-01 5.182447109113538806e+20
2.528000000000000247e-01 4.724300891184435036e+20
2.660000000000000142e-01 4.311461119611102167e+20
2.798000000000000487e-01 3.944705069416301199e+20
2.943999999999999950e-01 3.612214068723665469e+20
3.096999999999999753e-01 3.313176531832324751e+20
3.259000000000000230e-01 3.041114040612640522e+20
3.427999999999999936e-01 2.795623688152173117e+20
3.606999999999999651e-01 2.569721347739761705e+20
3.795000000000000040e-01 2.360224974441758065e+20
3.991999999999999993e-01 2.165905850567380173e+20
4.200000000000000400e-01 1.988705054805445509e+20
4.419000000000000150e-01 1.822485270028101222e+20
4.649000000000000354e-01 1.668359971438746993e+20
4.891000000000000347e-01 1.525307883561485271e+20
5.144999999999999574e-01 1.390629733976545198e+20
5.413000000000000034e-01 1.265104473440371016e+20
5.695000000000000062e-01 1.146471013582681866e+20
5.992000000000000659e-01 1.036897025538704998e+20
6.304000000000000714e-01 9.333366758833240474e+19
6.632000000000000117e-01 8.368724572793488998e+19
6.976999999999999869e-01 7.487643571067250278e+19
7.340999999999999748e-01 6.645090174794772480e+19
7.722999999999999865e-01 5.891825744818765005e+19
8.125000000000000000e-01 5.181538705419714560e+19
8.548000000000000043e-01 4.538926467863215309e+19
8.992999999999999883e-01 3.962141373311687066e+19
9.460999999999999410e-01 3.444076523966552064e+19
9.954000000000000625e-01 2.999077092037964186e+19
1.046999999999999931e+00 2.603924516812048794e+19
1.101999999999999869e+00 2.256816863802002637e+19
1.159000000000000030e+00 1.966441537901418086e+19
1.219000000000000083e+00 1.702149080980297318e+19
1.283000000000000140e+00 1.483726255872762880e+19
1.350000000000000089e+00 1.276075930905647309e+19
1.419999999999999929e+00 1.108599609787672986e+19
1.493999999999999995e+00 9.536897963232786432e+18
1.572000000000000064e+00 8.255179409782364160e+18
1.654000000000000137e+00 7.102488026410560512e+18
1.739999999999999991e+00 6.124882970966085632e+18
1.830000000000000071e+00 5.285359764140835840e+18
1.925999999999999934e+00 4.531693240988686848e+18
2.025999999999999801e+00 3.901111363162862592e+18
2.131000000000000227e+00 3.344310613529495552e+18
2.241999999999999993e+00 2.864948322197732352e+18
2.358999999999999986e+00 2.449401323931998208e+18
2.481999999999999762e+00 2.096990105042325504e+18
2.611000000000000210e+00 1.793059717939004928e+18
2.746999999999999886e+00 1.528711195624655360e+18
2.890000000000000124e+00 1.309163064930535168e+18
3.040999999999999925e+00 1.112105699183187200e+18
3.198999999999999844e+00 9.529905492214626560e+17
3.366000000000000103e+00 8.071685028051106560e+17
3.540999999999999925e+00 6.944808769908344320e+17
3.725000000000000089e+00 5.885139753120058880e+17
3.918999999999999595e+00 5.058108852998521600e+17
4.123000000000000220e+00 4.291934457154356480e+17
4.338000000000000078e+00 3.678881045573198720e+17
4.564000000000000057e+00 3.126236832658770560e+17
4.801000000000000156e+00 2.674678330099166720e+17
5.051000000000000156e+00 2.282160985188397440e+17
5.314000000000000057e+00 1.944095416862848000e+17
5.590999999999999304e+00 1.660403255373877120e+17
5.881999999999999673e+00 1.414216412096705760e+17
6.187999999999999723e+00 1.211295696479130720e+17
6.511000000000000121e+00 1.028669833037892480e+17
6.850000000000000533e+00 8.820804958473008000e+16
7.205999999999999517e+00 7.482836763405344000e+16
7.581999999999999851e+00 6.436198391941254400e+16
7.976000000000000867e+00 5.447592905473112800e+16
8.391999999999999460e+00 4.701597183197516800e+16
8.829000000000000625e+00 3.988517722566244000e+16
9.288000000000000256e+00 3.434395970858166800e+16
9.772000000000000242e+00 2.917333653506855200e+16
1.027999999999999936e+01 2.504068009247594000e+16
1.082000000000000028e+01 2.132374128305264800e+16
1.137999999999999901e+01 1.825393209350213200e+16
1.196999999999999886e+01 1.559715586225655200e+16
1.259999999999999964e+01 1.326406108941098800e+16
1.325000000000000000e+01 1.135201500721264600e+16
1.393999999999999950e+01 9.644831431506656000e+15
1.466999999999999993e+01 8.259202809255552000e+15
1.542999999999999972e+01 6.993830736769296000e+15
1.623000000000000043e+01 6.021191212235422000e+15
1.708000000000000185e+01 5.083177942928980000e+15
1.796999999999999886e+01 4.375683049514327500e+15
1.889999999999999858e+01 3.697353981466349500e+15
1.989000000000000057e+01 3.176173174378135500e+15
2.092000000000000171e+01 2.680134288593602500e+15
2.200999999999999801e+01 2.284938901591182000e+15
2.316000000000000014e+01 1.914531486380869000e+15
2.437000000000000099e+01 1.609105505392725250e+15
2.562999999999999901e+01 1.338236383396344000e+15
2.697000000000000242e+01 1.106361672464036625e+15
2.837000000000000099e+01 9.089633193442173750e+14
2.985000000000000142e+01 7.376606346957097500e+14
3.139999999999999858e+01 5.999716423250347500e+14
3.303999999999999915e+01 4.760580705355725000e+14
3.475999999999999801e+01 3.828278554412776250e+14
3.657000000000000028e+01 2.962638096619761875e+14
3.846999999999999886e+01 2.351053102279524062e+14
4.048000000000000398e+01 1.759850863985503438e+14
4.259000000000000341e+01 1.374472437791519375e+14
4.479999999999999716e+01 1.000456725275790625e+14
4.714000000000000057e+01 7.570420146802664062e+13
4.959000000000000341e+01 5.361000611425202344e+13
5.217000000000000171e+01 3.911305864687026562e+13
5.489000000000000057e+01 2.719081640645314062e+13
5.775000000000000000e+01 1.909654694575651953e+13
6.075000000000000000e+01 1.326845270638186133e+13
6.392000000000000171e+01 9.069796737397658203e+12
6.723999999999999488e+01 6.408759496874377930e+12
7.075000000000000000e+01 4.269862881014711914e+12
7.442999999999999261e+01 2.909807852239736328e+12
7.829999999999999716e+01 1.766919633009092041e+12
8.237999999999999545e+01 1.130540183419927979e+12
8.667000000000000171e+01 5.882796824485926514e+11
9.117999999999999261e+01 3.739932200623861694e+11
9.593000000000000682e+01 1.821238114562310791e+11
1.009000000000000057e+02 1.170698943498979492e+11
1.062000000000000028e+02 5.934385670521391296e+10
1.116999999999999886e+02 3.410556361865430450e+10
1.175000000000000000e+02 1.610941622887806129e+10
1.236000000000000085e+02 7.812747101126741409e+09
1.300999999999999943e+02 3.539116015733593464e+09
1.369000000000000057e+02 1.419420053261538982e+09
1.440000000000000000e+02 6.781366667694643736e+08
1.515000000000000000e+02 2.460969779840598702e+08
1.593999999999999773e+02 1.095359423341284245e+08
1.676999999999999886e+02 2.778174127914416045e+07
1.764000000000000057e+02 1.298295387952866219e+07
1.855999999999999943e+02 2.935910011813793331e+06
1.952000000000000171e+02 1.298742475840909174e+06
2.054000000000000057e+02 1.946706478769446549e+05
2.160999999999999943e+02 9.225936116887351091e+04
2.273999999999999773e+02 1.569900564208351898e+04
2.391999999999999886e+02 5.123783165844314681e+03
2.516999999999999886e+02 1.101468426329759495e+03
2.647999999999999545e+02 1.960858061169651876e+02
2.785000000000000000e+02 4.808863441079999745e+01
2.930000000000000000e+02 4.665507518177834712e+00
3.083000000000000114e+02 1.236977776535173046e+00
3.244000000000000341e+02 7.431824688491071862e-02
3.411999999999999886e+02 2.055596464272040069e-02
3.590000000000000000e+02 6.026641960055255463e-04
3.776999999999999886e+02 1.717498268446389115e-04
3.973999999999999773e+02 3.625674757357442488e-06
4.181000000000000227e+02 9.431499787872830822e-07
4.398000000000000114e+02 7.229661846607857008e-09
4.626999999999999886e+02 2.017342028792361522e-09
4.868000000000000114e+02 1.381462030319305785e-11
5.122000000000000455e+02 6.178061428551642582e-12
5.387999999999999545e+02 4.892121911279490819e-13
5.668999999999999773e+02 4.223593058367071245e-15
5.964000000000000909e+02 4.888299963076224415e-16
6.275000000000000000e+02 1.571041364293095214e-18
6.601000000000000227e+02 2.037948675864131899e-19
6.945000000000000000e+02 1.946892005646668472e-22
7.307000000000000455e+02 2.482380909098923862e-23
7.687000000000000455e+02 7.780529690071289738e-27
8.087999999999999545e+02 9.678966425833088720e-28
8.508999999999999773e+02 1.089647002797364302e-31
8.952000000000000455e+02 1.260439153584791644e-32
9.417999999999999545e+02 4.239394599525819860e-37
9.908000000000000682e+02 4.501352716502507821e-38
1.042000000000000000e+03 3.738504569116973567e-43
1.097000000000000000e+03 1.397003123595991194e-43
1.154000000000000000e+03 1.832080373837402283e-45
1.214000000000000000e+03 2.995349657004578033e-50
1.277000000000000000e+03 8.962652759653108991e-52
1.344000000000000000e+03 1.060178086102854820e-57
1.414000000000000000e+03 3.070387646056485415e-59
1.487000000000000000e+03 4.849408371213659589e-66
1.565000000000000000e+03 1.273694964000792833e-67
1.646000000000000000e+03 2.197301265618770691e-75
1.732000000000000000e+03 8.131427738683297098e-76
1.822000000000000000e+03 3.025094146840821111e-76
1.917000000000000000e+03 1.121711344757781557e-76
2.017000000000000000e+03 4.157452144412152022e-77
2.122000000000000000e+03 1.543967576119510038e-77
2.232000000000000000e+03 5.757300461404996971e-78
2.348000000000000000e+03 2.141530578201366037e-78
2.470000000000000000e+03 7.967610082021478723e-79
2.599000000000000000e+03 2.949685311798361443e-79
2.734000000000000000e+03 1.097763757062520582e-79
2.877000000000000000e+03 4.058180845584277221e-80
3.027000000000000000e+03 1.504861976711122422e-80
3.184000000000000000e+03 5.608497476570468101e-81
3.350000000000000000e+03 2.079829016549839446e-81
3.524000000000000000e+03 7.740750132382036044e-82
3.708000000000000000e+03 2.866408127186213635e-82
3.901000000000000000e+03 1.064663848191243242e-82
4.104000000000000000e+03 3.955315483729467501e-83
4.318000000000000000e+03 1.466537514078215406e-83
4.543000000000000000e+03 5.441287346075323153e-84
4.779000000000000000e+03 2.024858112744354932e-84
5.028000000000000000e+03 7.513449856317207999e-85
5.290000000000000000e+03 2.787673706243999852e-85
5.565000000000000000e+03 1.036664264546163327e-85
5.855000000000000000e+03 3.846048519012109273e-86
6.160000000000000000e+03 1.427400815827575107e-86
6.481000000000000000e+03 5.295790517301771234e-87
6.818000000000000000e+03 1.968883620147632074e-87
7.173000000000000000e+03 7.310481872657401261e-88
7.547000000000000000e+03 2.710769164960552268e-88
7.940000000000000000e+03 1.006406054462378141e-88
8.353000000000000000e+03 3.740466649673246796e-89
8.788000000000000000e+03 1.388605505987377476e-89
9.246000000000000000e+03 5.151270149066731473e-90
9.727000000000000000e+03 1.914288464976407900e-90
1.023000000000000000e+04 7.154921994152783940e-91
1.077000000000000000e+04 2.621492577329980699e-91
1.133000000000000000e+04 9.746594284972615533e-92
1.192000000000000000e+04 3.618510382141697285e-92
1.254000000000000000e+04 1.344918573295577793e-92
1.319000000000000000e+04 5.015416415799598274e-93
1.388000000000000000e+04 1.853807878291555867e-93
1.460000000000000000e+04 6.908135947019829194e-94
1.536000000000000000e+04 2.565627972236914747e-94
1.616000000000000000e+04 9.523498943957667007e-95
1.700000000000000000e+04 3.541852181107210427e-95
1.789000000000000000e+04 1.308161133622488824e-95
1.882000000000000000e+04 4.864763011572774247e-96
1.980000000000000000e+04 1.806149677747900433e-96
2.083000000000000000e+04 6.712206056126440873e-97
2.191000000000000000e+04 2.502431095410782180e-97
2.305000000000000000e+04 9.297932134205444747e-98
2.425000000000000000e+04 3.452798960385628994e-98
2.552000000000000000e+04 1.274839627550739687e-98
2.684000000000000000e+04 4.763795038541614006e-99
2.824000000000000000e+04 1.765755353664956371e-99
2.971000000000000000e+04 6.557996116370303787e-100
3.126000000000000000e+04 2.430344230789377843e-100
3.289000000000000000e+04 9.011298467147273682e-101
3.460000000000000000e+04 3.350659548151836179e-101
3.640000000000000000e+04 1.245140390296193333e-101
3.830000000000000000e+04 4.612102087991690381e-102
4.029000000000000000e+04 1.715970719381080159e-102
4.239000000000000000e+04 6.365027143051080786e-103
4.460000000000000000e+04 2.360409389609078192e-103
4.692000000000000000e+04 8.772373722917880596e-104
4.936000000000000000e+04 3.261098942184829756e-104
5.193000000000000000e+04 1.210884898774542260e-104
5.464000000000000000e+04 4.486229459262403003e-105
5.748000000000000000e+04 1.668570573851178002e-105
6.047000000000000000e+04 6.201162538520372895e-106
6.362000000000000000e+04 2.301476646920567464e-106
6.693000000000000000e+04 8.551808862090384801e-107
7.042000000000000000e+04 3.170821489155885150e-107
7.409000000000000000e+04 1.176284688468465613e-107
7.794000000000000000e+04 4.376009464698589865e-108
8.200000000000000000e+04 1.624113951840288015e-108
8.627000000000000000e+04 6.029776810496455118e-109
9.076000000000000000e+04 2.239781704085626618e-109
9.549000000000000000e+04 8.309016501671055522e-110
1.005000000000000000e+05 3.062442422317584775e-110
1.057000000000000000e+05 1.144003018665252355e-110
1.112000000000000000e+05 4.250373146253729884e-111
1.170000000000000000e+05 1.575527973465836232e-111
1.231000000000000000e+05 5.842497987817311638e-112
1.295000000000000000e+05 2.172458309641248062e-112
1.362000000000000000e+05 8.115992816498608098e-113
1.433000000000000000e+05 3.010057412548538043e-113
1.508000000000000000e+05 1.112059271518087692e-113
1.586000000000000000e+05 4.155520683335142102e-114
1.669000000000000000e+05 1.535386056851623686e-114
1.756000000000000000e+05 5.694668390850803391e-115
1.847000000000000000e+05 2.124098264822825617e-115
1.943000000000000000e+05 7.900251107716112532e-116
2.045000000000000000e+05 2.910169444501502791e-116
2.151000000000000000e+05 1.085256573497089970e-116
2.263000000000000000e+05 4.029510948525580734e-117
2.381000000000000000e+05 1.494077283314277719e-117
2.505000000000000000e+05 5.546399766313246364e-118
2.635000000000000000e+05 2.065959942202298409e-118
2.773000000000000000e+05 7.627809811842408743e-119
2.917000000000000000e+05 2.839512303355541906e-119
3.069000000000000000e+05 1.053525865295164839e-119
3.229000000000000000e+05 3.906949969638487737e-120
3.397000000000000000e+05 1.451719113771247797e-120
3.574000000000000000e+05 5.386572401065799683e-121
3.760000000000000000e+05 2.000986394562487147e-121
3.955000000000000000e+05 7.458181360788920193e-122
4.161000000000000000e+05 2.768309063145588561e-122
4.378000000000000000e+05 1.026296472907670076e-122
4.606000000000000000e+05 3.809904016215201047e-123
4.846000000000000000e+05 1.413626481196852723e-123
5.098000000000000000e+05 5.255278039334165466e-124
5.364000000000000000e+05 1.947337686471994172e-124
5.643000000000000000e+05 7.237814311491639131e-125
5.937000000000000000e+05 2.685817091955571167e-125
6.246000000000000000e+05 9.976453191047570380e-126
6.571000000000000000e+05 3.706654954885103982e-126
6.913000000000000000e+05 1.376825174168081202e-126
7.273000000000000000e+05 5.111429314867630388e-127
7.652000000000000000e+05 1.896382580907401500e-127
8.050000000000000000e+05 7.048540396057827269e-128
8.469000000000000000e+05 2.618021049474964820e-128
8.910000000000000000e+05 9.719975800666931729e-129
9.374000000000000000e+05 3.608482130092174682e-129
9.863000000000000000e+05 1.337410957367751809e-129
1.038000000000000000e+06 4.933675730722145862e-130
1.092000000000000000e+06 1.833405882234287170e-130
1.148000000000000000e+06 6.907488102329599239e-131
1.208000000000000000e+06 2.555411941984198744e-131
1.271000000000000000e+06 9.473445515236039541e-132
1.337000000000000000e+06 3.526676136341382326e-132
1.407000000000000000e+06 1.302481551387335851e-132
1.480000000000000000e+06 4.852719632153636969e-133
1.557000000000000000e+06 1.803191071346713723e-133
1.638000000000000000e+06 6.700848003473672319e-134
1.724000000000000000e+06 2.468035904292320250e-134
1.814000000000000000e+06 9.140726426631757096e-135
1.908000000000000000e+06 3.409668652363761474e-135
2.007000000000000000e+06 1.270278007926444719e-135
2.112000000000000000e+06 4.694831280035202233e-136
2.222000000000000000e+06 1.742700860035133150e-136
2.337000000000000000e+06 6.508339452121695001e-137
2.459000000000000000e+06 2.410479448416321497e-137
2.587000000000000000e+06 8.952518288249250936e-138
2.722000000000000000e+06 3.316935528148262914e-138
2.864000000000000000e+06 1.229310413939654935e-138
3.013000000000000000e+06 4.568075954642362692e-139
3.170000000000000000e+06 1.694888688808850391e-139
3.335000000000000000e+06 6.295189489630124582e-140
3.508000000000000000e+06 2.345837882700757532e-140
3.691000000000000000e+06 8.694226764790266742e-141
3.883000000000000000e+06 3.231147912706852993e-141
4.085000000000000000e+06 1.200761771669314991e-141
4.298000000000000000e+06 4.452328116733757844e-142
4.522000000000000000e+06 1.651644718327522658e-142
4.757000000000000000e+06 6.143948494503907474e-143
5.005000000000000000e+06 2.278476893631835032e-143
5.266000000000000000e+06 8.447489294528535750e-144
5.540000000000000000e+06 3.138664607809235497e-144
5.828000000000000000e+06 1.167173988262151464e-144
6.132000000000000000e+06 4.326182370700250271e-145
6.451000000000000000e+06 1.607683066961533598e-145
6.787000000000000000e+06 5.967470532257212571e-146
7.140000000000000000e+06 2.218065565450159592e-146
7.512000000000000000e+06 8.230688712375053049e-147
7.903000000000000000e+06 3.057082692903183074e-147
8.315000000000000000e+06 1.133749497314172030e-147
8.748000000000000000e+06 4.209113348014518653e-148
9.203000000000000000e+06 1.564476893471811681e-148
9.682000000000000000e+06 5.811051600003572887e-149
1.019000000000000000e+07 2.141680821477409919e-149
1.072000000000000000e+07 7.960387034772979539e-150
1.127000000000000000e+07 2.997801285395697230e-150
1.186000000000000000e+07 1.107251467664206589e-150
1.248000000000000000e+07 4.095362695311635724e-151
1.313000000000000000e+07 1.520180740386877328e-151
1.381000000000000000e+07 5.673663283941561097e-152
1.453000000000000000e+07 2.103977046439485549e-152
1.529000000000000000e+07 7.777739023267250677e-153
1.608000000000000000e+07 2.909412699376122129e-153
1.692000000000000000e+07 1.076850915083726319e-153
1.780000000000000000e+07 4.002706179895572233e-154
1.873000000000000000e+07 1.481277451986752000e-154
1.971000000000000000e+07 5.474098661060547223e-155
2.073000000000000000e+07 2.044554154491970547e-155
2.181000000000000000e+07 7.587173449072597333e-156
2.295000000000000000e+07 2.806610702361718677e-156
2.414000000000000000e+07 1.046285882287006025e-156
2.540000000000000000e+07 3.875692328484864207e-157
2.672000000000000000e+07 1.441708371973652816e-157
2.811000000000000000e+07 5.357755249893930746e-158
2.958000000000000000e+07 1.980997802430271229e-158
3.112000000000000000e+07 7.356260437548040579e-159
3.274000000000000000e+07 2.731968675113336483e-159
3.444000000000000000e+07 1.017092483463831861e-159
3.623000000000000000e+07 3.783037713583607410e-160
3.812000000000000000e+07 1.402076586763208708e-160
4.011000000000000000e+07 5.192851202558218166e-161
4.219000000000000000e+07 1.935661520826778211e-161
4.439000000000000000e+07 7.176867852391776394e-162
4.670000000000000000e+07 2.666226601845370199e-162
4.913000000000000000e+07 9.905931339618306462e-163
5.169000000000000000e+07 3.675447758665040257e-163
5.438000000000000000e+07 1.365381772789391928e-163
5.722000000000000000e+07 5.054927246540073588e-164
6.019000000000000000e+07 1.882588314225308565e-164
6.333000000000000000e+07 6.977100386041590985e-165
6.663000000000000000e+07 2.588683980936415092e-165
7.010000000000000000e+07 9.609918001828723325e-166
7.375000000000000000e+07 3.568143145113494490e-166
7.759000000000000000e+07 1.324860983899764598e-166
8.163000000000000000e+07 4.919173685436862481e-167
8.588000000000000000e+07 1.826624346806662499e-167
9.035000000000000000e+07 6.784623418782242402e-168
9.505000000000000000e+07 2.521387187298218449e-168
1.000000000000000000e+08 9.360230607924087463e-169
