1.900000000000000000e+01 1.070952647317969844e+14
2.000000000000000000e+01 8.863758948683131250e+13
2.100000000000000000e+01 7.258989185307028125e+13
2.200000000000000000e+01 5.876546100790520312e+13
2.300000000000000000e+01 4.801379116629162500e+13
2.400000000000000000e+01 3.868378608636508594e+13
2.500000000000000000e+01 3.069830533903513672e+13
2.600000000000000000e+01 2.457929849707936328e+13
2.700000000000000000e+01 1.946172196074926172e+13
2.800000000000000000e+01 1.522010609259198242e+13
2.900000000000000000e+01 1.200444789751628906e+13
3.000000000000000000e+01 9.400063876977480469e+12
3.100000000000000000e+01 7.299440308345001953e+12
3.200000000000000000e+01 5.713292221434106445e+12
3.300000000000000000e+01 4.431794306692669922e+12
3.400000000000000000e+01 3.402769492494694336e+12
3.500000000000000000e+01 2.632503261226598145e+12
3.600000000000000000e+01 2.051190265414561768e+12
3.700000000000000000e+01 1.609072713340375977e+12
3.800000000000000000e+01 1.248053745897364502e+12
3.900000000000000000e+01 9.559233508075458984e+11
4.000000000000000000e+01 7.370753544038057861e+11
4.100000000000000000e+01 5.719499988821578369e+11
4.200000000000000000e+01 4.390827572224642944e+11
4.300000000000000000e+01 3.330526038732032471e+11
4.400000000000000000e+01 2.542205254324804993e+11
4.500000000000000000e+01 1.952172155441284485e+11
4.600000000000000000e+01 1.507723428576311035e+11
4.700000000000000000e+01 1.149396609406004333e+11
4.800000000000000000e+01 8.636306337202279663e+10
4.900000000000000000e+01 6.527132982128324890e+10
5.000000000000000000e+01 4.960798242556009674e+10
5.100000000000000000e+01 3.790702702423136139e+10
5.200000000000000000e+01 2.911634425344888687e+10
5.300000000000000000e+01 2.204514785006283951e+10
5.400000000000000000e+01 1.642712115007218933e+10
5.500000000000000000e+01 1.230651157087091255e+10
5.600000000000000000e+01 9.267239155473871231e+09
5.700000000000000000e+01 7.013404802580944061e+09
5.800000000000000000e+01 5.333298359667634010e+09
5.900000000000000000e+01 4.074557068632742405e+09
6.000000000000000000e+01 3.071691183931090355e+09
6.100000000000000000e+01 2.281552926507787704e+09
6.200000000000000000e+01 1.702818617242197990e+09
6.300000000000000000e+01 1.276805681661197901e+09
6.400000000000000000e+01 9.616934084781564474e+08
6.500000000000000000e+01 7.275178425249645710e+08
6.600000000000000000e+01 5.526985670197142363e+08
6.700000000000000000e+01 4.161031065586367249e+08
6.800000000000000000e+01 3.100814439420485497e+08
6.900000000000000000e+01 2.320615129025030136e+08
7.000000000000000000e+01 1.743933794038945138e+08
7.100000000000000000e+01 1.315847784712325931e+08
7.200000000000000000e+01 9.967390428605180979e+07
7.300000000000000000e+01 7.578980940455526114e+07
7.400000000000000000e+01 5.784275270303536952e+07
7.500000000000000000e+01 4.376179893795629591e+07
7.600000000000000000e+01 3.278548617511770874e+07
7.700000000000000000e+01 2.465459870632800832e+07
7.800000000000000000e+01 1.860810995554142445e+07
7.900000000000000000e+01 1.409465218010920286e+07
8.000000000000000000e+01 1.071310855216838419e+07
8.100000000000000000e+01 8.170495521939674392e+06
8.200000000000000000e+01 6.251973189762946218e+06
8.300000000000000000e+01 4.799400684506067075e+06
8.400000000000000000e+01 3.638056558727826923e+06
8.500000000000000000e+01 2.719428842747818213e+06
8.600000000000000000e+01 2.039654051049646921e+06
8.700000000000000000e+01 1.534871595347803086e+06
8.800000000000000000e+01 1.158755019436591770e+06
8.900000000000000000e+01 8.775738469774426194e+05
9.000000000000000000e+01 6.666803513418565271e+05
9.100000000000000000e+01 5.080004087505610660e+05
9.200000000000000000e+01 3.882346886243757326e+05
9.300000000000000000e+01 2.975643160638126428e+05
9.400000000000000000e+01 2.249102076273921994e+05
9.500000000000000000e+01 1.673954922019610531e+05
9.600000000000000000e+01 1.249727069888013648e+05
9.700000000000000000e+01 9.358275706983328564e+04
9.800000000000000000e+01 7.028440865063518868e+04
9.900000000000000000e+01 5.293936475618802069e+04
1.000000000000000000e+02 3.998801782877490768e+04
1.010000000000000000e+02 3.028921700180966582e+04
1.020000000000000000e+02 2.300538736041678203e+04
1.030000000000000000e+02 1.751989076622445282e+04
1.040000000000000000e+02 1.337738568285368274e+04
