1.221799999999999287e+01 1.343701184667333438e+14
1.321799999999999287e+01 9.569484017045850000e+13
1.421799999999999287e+01 6.952416580416490625e+13
1.521799999999999287e+01 5.135998723272934375e+13
1.621799999999999287e+01 3.720035952354121875e+13
1.721799999999999287e+01 2.632514362734459375e+13
1.821799999999999287e+01 1.835161882240773438e+13
1.921799999999999287e+01 1.255309373678475391e+13
2.021799999999999287e+01 8.451234811521305664e+12
2.121799999999999287e+01 5.575084233940812500e+12
2.221799999999999287e+01 3.747526082260336426e+12
2.321799999999999287e+01 2.509155914567222656e+12
2.421799999999999287e+01 1.667983252049022705e+12
2.521799999999999287e+01 1.126964216232324951e+12
2.621799999999999287e+01 7.605921139562086182e+11
2.721799999999999287e+01 5.114595939130391846e+11
2.821799999999999287e+01 3.488148077003556519e+11
2.921799999999999287e+01 2.347083924613655090e+11
3.021799999999999287e+01 1.552836841905018005e+11
3.121799999999999287e+01 1.041080270567339630e+11
3.221799999999998931e+01 6.852334383540995789e+10
3.321799999999998931e+01 4.409691515475721741e+10
3.421799999999998931e+01 2.874654714268181610e+10
3.521799999999998931e+01 1.896930545089424133e+10
3.621799999999998931e+01 1.266229616787732506e+10
3.721799999999998931e+01 8.343489109379744530e+09
3.821799999999998931e+01 5.409239861518402100e+09
3.921799999999998931e+01 3.545958221773684502e+09
4.021799999999998931e+01 2.349091813973504543e+09
4.121799999999998931e+01 1.522721916367752314e+09
4.221799999999998931e+01 9.615886149032114744e+08
4.321799999999998931e+01 6.137423198226683140e+08
4.421799999999998931e+01 3.957318117353045940e+08
4.521799999999998931e+01 2.576546936313769817e+08
4.621799999999998931e+01 1.658654783743939698e+08
4.721799999999998931e+01 1.052513671207778901e+08
4.821799999999998931e+01 6.742220899967777729e+07
4.921799999999998931e+01 4.358274150688341260e+07
5.021799999999998931e+01 2.841877220129391924e+07
5.121799999999998931e+01 1.868647426841839030e+07
5.221799999999998931e+01 1.184224819644920714e+07
5.321799999999998931e+01 7.185869202326412313e+06
5.421799999999998931e+01 4.400808613545326516e+06
5.521799999999998931e+01 2.719243932554981671e+06
5.621799999999998931e+01 1.694683659999761032e+06
5.721799999999998931e+01 1.064935786335267359e+06
5.821799999999998931e+01 6.745727087446006481e+05
5.921799999999998931e+01 4.252640247007256839e+05
6.021799999999998931e+01 2.662713740254138829e+05
6.121799999999998931e+01 1.680026985233019223e+05
6.221799999999998931e+01 1.067890830976316938e+05
6.321799999999998931e+01 6.836821697015505924e+04
6.421799999999998931e+01 4.407590091501743154e+04
6.521799999999998931e+01 2.860717197995336028e+04
6.621799999999998931e+01 1.868791045069570464e+04
6.721799999999998931e+01 1.228487158982792062e+04
6.821799999999998931e+01 8.125574884385545374e+03
6.921799999999998931e+01 5.406718986650513216e+03
7.021799999999998931e+01 3.618559032250046585e+03
7.121799999999998931e+01 2.435503479191014776e+03
7.221799999999998931e+01 1.648257618495176530e+03
7.321799999999998931e+01 1.121448881879803366e+03
7.421799999999998931e+01 7.311663652995138136e+02
7.521799999999998931e+01 4.537854817804893628e+02
7.621799999999998931e+01 2.834040214653516614e+02
7.721799999999998931e+01 1.780786484450431431e+02
7.821799999999998931e+01 1.125641895233161165e+02
7.921799999999998931e+01 7.156586129315597589e+01
8.021799999999998931e+01 4.575788673243921068e+01
8.121799999999998931e+01 2.941845709580981705e+01
8.221799999999998931e+01 1.901557167383772651e+01
8.321799999999998931e+01 1.154395393074653065e+01
8.421799999999998931e+01 6.507092792035004791e+00
8.521799999999998931e+01 3.692702398370346195e+00
8.621799999999998931e+01 2.109398087190710758e+00
8.721799999999998931e+01 1.212729935355089550e+00
8.821799999999998931e+01 7.016129153515203720e-01
8.921799999999998931e+01 4.084112822839637835e-01
9.021799999999998931e+01 2.391692592886985325e-01
9.121799999999998931e+01 1.408844957071489767e-01
9.221799999999998931e+01 8.346720499733700782e-02
9.321799999999998931e+01 5.024588518834955525e-02
9.421799999999998931e+01 3.078380676248402073e-02
9.521799999999998931e+01 1.895748682898606638e-02
9.621799999999998931e+01 1.173354563944253685e-02
9.721799999999998931e+01 7.298317022331446934e-03
9.821799999999998931e+01 4.561602132088773617e-03
9.921799999999998931e+01 2.864645566964793121e-03
1.002179999999999893e+02 1.807349182203378882e-03
1.012179999999999893e+02 1.145489206919572808e-03
1.022179999999999893e+02 7.292542320114669312e-04
1.032179999999999893e+02 4.663031217078501215e-04
