1.774127155601597394e+01 2.655018286993892812e+14
1.874127155601597394e+01 2.057058786443584062e+14
1.974127155601597394e+01 1.588365669805597500e+14
2.074127155601597394e+01 1.222138602917617031e+14
2.174127155601597394e+01 9.383381963244278125e+13
2.274127155601597394e+01 7.155143851427087500e+13
2.374127155601597394e+01 5.429486564999052344e+13
2.474127155601597394e+01 4.094498266572828906e+13
2.574127155601597394e+01 3.069311682489367578e+13
2.674127155601597394e+01 2.293551553401100000e+13
2.774127155601597394e+01 1.708843361531557227e+13
2.874127155601597394e+01 1.270538060018764648e+13
2.974127155601597394e+01 9.436028552847000000e+12
3.074127155601597394e+01 7.014801884129295898e+12
3.174127155601597394e+01 5.204966595987259766e+12
3.274127155601597394e+01 3.859765914653745117e+12
3.374127155601597394e+01 2.863154452585941406e+12
3.474127155601597394e+01 2.113133535089006348e+12
3.574127155601597394e+01 1.564568031289933350e+12
3.674127155601597394e+01 1.149324320045713867e+12
3.774127155601597394e+01 8.445530518162645264e+11
3.874127155601597394e+01 6.230876284680643311e+11
3.974127155601597394e+01 4.535552277994255981e+11
4.074127155601597394e+01 3.317187656881541138e+11
4.174127155601597394e+01 2.437475310747076111e+11
4.274127155601597394e+01 1.772531376915941772e+11
4.374127155601597394e+01 1.294002439102963867e+11
4.474127155601597394e+01 9.423509608387976074e+10
4.574127155601597394e+01 6.854516798888087463e+10
4.674127155601597394e+01 4.980275311446926880e+10
4.774127155601597394e+01 3.613006700866503143e+10
4.874127155601597394e+01 2.620983559709679413e+10
4.974127155601597394e+01 1.899224353489349365e+10
5.074127155601597394e+01 1.374872753748807907e+10
5.174127155601597394e+01 9.949168691886880875e+09
5.274127155601597394e+01 7.191379864964757919e+09
5.374127155601597394e+01 5.194300873075906754e+09
5.474127155601597394e+01 3.748024215038985729e+09
5.574127155601597394e+01 2.700053824127729416e+09
5.674127155601597394e+01 1.944638146558374643e+09
5.774127155601597394e+01 1.396228783221169233e+09
5.874127155601597394e+01 1.004426403819169879e+09
5.974127155601597394e+01 7.201826670878938437e+08
6.074127155601597394e+01 5.167186825348285437e+08
6.174127155601597394e+01 3.719804118093243241e+08
6.274127155601597394e+01 2.661097376193689406e+08
6.374127155601597394e+01 1.910336077312072515e+08
6.474127155601597394e+01 1.376340976502473950e+08
6.574127155601597394e+01 9.866995403749954700e+07
6.674127155601597394e+01 7.096201823576503992e+07
6.774127155601597394e+01 5.122694425401356816e+07
6.874127155601597394e+01 3.683581969426172227e+07
6.974127155601597394e+01 2.656410873408160731e+07
7.074127155601597394e+01 1.922849774962598830e+07
7.174127155601597394e+01 1.386629102166992053e+07
7.274127155601597394e+01 1.002373752243307792e+07
7.374127155601597394e+01 7.272881968342261389e+06
7.474127155601597394e+01 5.256897903906822205e+06
7.574127155601597394e+01 3.807015489364606328e+06
7.674127155601597394e+01 2.767094316617254168e+06
7.774127155601597394e+01 2.003187540075447178e+06
7.874127155601597394e+01 1.452112774495491758e+06
7.974127155601597394e+01 1.056451992901813937e+06
8.074127155601597394e+01 7.655772482379174326e+05
8.174127155601597394e+01 5.552463313837890746e+05
8.274127155601597394e+01 4.041469054697190295e+05
8.374127155601597394e+01 2.930616791514952783e+05
8.474127155601597394e+01 2.125791139251730929e+05
