1.473707518796992133e+01 1.696832700358390750e+15
1.573707518796992133e+01 1.244479537404243000e+15
1.673707518796992133e+01 9.034987454391967500e+14
1.773707518796992133e+01 6.563826179498515000e+14
1.873707518796992133e+01 4.701283337878396250e+14
1.973707518796992133e+01 3.334256260291062500e+14
2.073707518796992133e+01 2.348232714101103750e+14
2.173707518796992133e+01 1.642341392927059375e+14
2.273707518796992133e+01 1.141805160465722188e+14
2.373707518796992133e+01 7.911308502457301562e+13
2.473707518796992133e+01 5.468633635358328906e+13
2.573707518796992133e+01 3.778198909921595312e+13
2.673707518796992133e+01 2.611391553149875000e+13
2.773707518796992133e+01 1.801899573124032031e+13
2.873707518796992133e+01 1.250132910985193750e+13
2.973707518796992133e+01 8.674240494732265625e+12
3.073707518796992133e+01 6.019642903278510742e+12
3.173707518796992133e+01 4.166584681888015625e+12
3.273707518796992133e+01 2.887071338519197266e+12
3.373707518796992133e+01 1.993995241451720947e+12
3.473707518796992133e+01 1.376090502061055176e+12
3.573707518796992133e+01 9.473798174837683105e+11
3.673707518796992133e+01 6.510159946987979736e+11
3.773707518796992133e+01 4.466827483314962769e+11
3.873707518796992133e+01 3.059128529126243896e+11
3.973707518796992133e+01 2.092765473917847595e+11
4.073707518796992133e+01 1.431984997480921631e+11
4.173707518796992133e+01 9.780768410686981201e+10
4.273707518796992133e+01 6.678919264454330444e+10
4.373707518796992133e+01 4.560138717042735291e+10
4.473707518796992133e+01 3.109969287988028717e+10
4.573707518796992133e+01 2.120029755714235687e+10
4.673707518796992133e+01 1.444951998120154381e+10
4.773707518796992133e+01 9.837596567625299454e+09
4.873707518796992133e+01 6.695388337493922234e+09
4.973707518796992133e+01 4.553925943186288834e+09
5.073707518796992133e+01 3.095154389487957954e+09
5.173707518796992133e+01 2.103692974985717773e+09
5.273707518796992133e+01 1.427919660559662580e+09
5.373707518796992133e+01 9.693860125762730837e+08
5.473707518796992133e+01 6.575321676036047935e+08
5.573707518796992133e+01 4.458113938270643353e+08
5.673707518796992133e+01 3.020700184015964270e+08
5.773707518796992133e+01 2.043774039465384483e+08
5.873707518796992133e+01 1.382350366869577765e+08
5.973707518796992133e+01 9.357039561069850624e+07
6.073707518796992133e+01 6.334259722464914620e+07
6.173707518796992133e+01 4.282217295697562397e+07
6.273707518796992133e+01 2.895611455591959879e+07
6.373707518796992133e+01 1.957881419023394585e+07
6.473707518796992133e+01 1.326080730349873751e+07
6.573707518796992133e+01 8.981976066284447908e+06
6.673707518796992133e+01 6.083428909204963595e+06
6.773707518796992133e+01 4.128256788638005964e+06
6.873707518796992133e+01 2.804254405665667262e+06
6.973707518796992133e+01 1.909143336340867449e+06
7.073707518796992133e+01 1.301495915367292007e+06
7.173707518796992133e+01 8.875065235430531902e+05
7.273707518796992133e+01 6.059474619413902983e+05
7.373707518796992133e+01 4.143900762633788399e+05
7.473707518796992133e+01 2.840680653817480197e+05
7.573707518796992133e+01 1.946038190014144056e+05
7.673707518796992133e+01 1.334587883446058258e+05
7.773707518796992133e+01 9.179377022984530777e+04
7.873707518796992133e+01 6.306853137620002235e+04
7.973707518796992133e+01 4.342290658378451189e+04
8.073707518796992133e+01 2.986458321994863945e+04
8.173707518796992133e+01 2.055948577041955286e+04
8.273707518796992133e+01 1.419372422199410357e+04
8.373707518796992133e+01 9.778799917568412639e+03
8.473707518796992133e+01 6.739920515724390498e+03
8.573707518796992133e+01 4.642108640492626364e+03
8.673707518796992133e+01 3.201861096630284919e+03
