1.473707518796992133e+01 4.247029800423370000e+15
1.573707518796992133e+01 3.313670028080132000e+15
1.673707518796992133e+01 2.569960179111193500e+15
1.773707518796992133e+01 1.999650488514975000e+15
1.873707518796992133e+01 1.548493512770459750e+15
1.973707518796992133e+01 1.196160677119882750e+15
2.073707518796992133e+01 9.218897538850566250e+14
2.173707518796992133e+01 7.073740124023040000e+14
2.273707518796992133e+01 5.394647270934500625e+14
2.373707518796992133e+01 4.090972360495394375e+14
2.473707518796992133e+01 3.082840302268613750e+14
2.573707518796992133e+01 2.311810553602321250e+14
2.673707518796992133e+01 1.726647311486157188e+14
2.773707518796992133e+01 1.282761482389439688e+14
2.873707518796992133e+01 9.555437891685796875e+13
2.973707518796992133e+01 7.109060376744390625e+13
3.073707518796992133e+01 5.285366060964960938e+13
3.173707518796992133e+01 3.921631554676349219e+13
3.273707518796992133e+01 2.912990988752635547e+13
3.373707518796992133e+01 2.158763949126816406e+13
3.473707518796992133e+01 1.598885160529418750e+13
3.573707518796992133e+01 1.181587630394276367e+13
3.673707518796992133e+01 8.712919829214115234e+12
3.773707518796992133e+01 6.410621802069052734e+12
3.873707518796992133e+01 4.704656419149055664e+12
3.973707518796992133e+01 3.445209452423502441e+12
4.073707518796992133e+01 2.520744243281907715e+12
4.173707518796992133e+01 1.839806327177011230e+12
4.273707518796992133e+01 1.341579298946759521e+12
4.373707518796992133e+01 9.772423526862211914e+11
4.473707518796992133e+01 7.108869817081506348e+11
4.573707518796992133e+01 5.166769810820238647e+11
4.673707518796992133e+01 3.753707890897432251e+11
4.773707518796992133e+01 2.723787686073896484e+11
4.873707518796992133e+01 1.975338078439268494e+11
4.973707518796992133e+01 1.431284537825817261e+11
5.073707518796992133e+01 1.036267711962207642e+11
5.173707518796992133e+01 7.498738589370797729e+10
5.273707518796992133e+01 5.418664300645013428e+10
5.373707518796992133e+01 3.913711269199325562e+10
5.473707518796992133e+01 2.823196196045540619e+10
5.573707518796992133e+01 2.035118535626463699e+10
5.673707518796992133e+01 1.465256001340677071e+10
5.773707518796992133e+01 1.053497795947063637e+10
5.873707518796992133e+01 7.569856094095897675e+09
5.973707518796992133e+01 5.440760519050926208e+09
6.073707518796992133e+01 3.909255125159439564e+09
6.173707518796992133e+01 2.805776491956130981e+09
6.273707518796992133e+01 2.014059159655488491e+09
6.373707518796992133e+01 1.445306949652572632e+09
6.473707518796992133e+01 1.038464163545274258e+09
6.573707518796992133e+01 7.463378134681103230e+08
6.673707518796992133e+01 5.364938500404285192e+08
6.773707518796992133e+01 3.862214808890694976e+08
6.873707518796992133e+01 2.782312691282892227e+08
6.973707518796992133e+01 2.007750853434640467e+08
7.073707518796992133e+01 1.450050332054894865e+08
7.173707518796992133e+01 1.047543204453095794e+08
7.273707518796992133e+01 7.573276846115720272e+07
7.373707518796992133e+01 5.481759231341278553e+07
7.473707518796992133e+01 3.972628131638297439e+07
7.573707518796992133e+01 2.877749697902533039e+07
7.673707518796992133e+01 2.085353432284283638e+07
7.773707518796992133e+01 1.514219546290191635e+07
7.873707518796992133e+01 1.097978245735765249e+07
7.973707518796992133e+01 7.971456073456156068e+06
8.073707518796992133e+01 5.782378640068633482e+06
8.173707518796992133e+01 4.195572335689776577e+06
8.273707518796992133e+01 3.047941132640740834e+06
8.373707518796992133e+01 2.211310521665636916e+06
8.473707518796992133e+01 1.603908236937797163e+06
8.573707518796992133e+01 1.162127877925728448e+06
8.673707518796992133e+01 8.425238838298924966e+05
