4.999999999999999237e-03 1.726966263563501562e+13
9.999999999999998473e-03 9.290550516378851318e+11
1.499999999999999771e-02 9.256487147343789673e+10
1.999999999999999695e-02 1.235916236017572403e+10
2.499999999999999445e-02 1.957922947072140455e+09
2.999999999999999195e-02 3.547773225890299678e+08
3.499999999999999639e-02 7.078757160240003467e+07
3.999999999999999389e-02 1.502934353777725622e+07
4.499999999999999140e-02 3.352421407165266108e+06
4.999999999999998890e-02 7.773031652790008811e+05
5.499999999999998640e-02 1.898286447560302913e+05
5.999999999999999084e-02 4.657137069549362059e+04
6.499999999999998834e-02 1.188247905657673618e+04
6.999999999999999278e-02 2.788048348653637731e+03
7.499999999999999722e-02 5.768017270273741133e+02
7.999999999999998779e-02 1.052881218110079544e+02
8.499999999999999223e-02 1.159101125531706167e+01
8.999999999999999667e-02 3.733225159623605460e-01
