1.000000000000000021e-03 5.682223734039704884e+24
1.051999999999999984e-03 5.371072430612986852e+24
1.106999999999999911e-03 5.069401275204930690e+24
1.163999999999999887e-03 4.783975329081193264e+24
1.224999999999999960e-03 4.506754569853607336e+24
1.288999999999999998e-03 4.242060040181300473e+24
1.356000000000000000e-03 3.989923646291686705e+24
1.427000000000000100e-03 3.747983323409590507e+24
1.500999999999999947e-03 3.519923063999764036e+24
1.579000000000000108e-03 3.301786773932674134e+24
1.661000000000000150e-03 3.094785399983634538e+24
1.747999999999999988e-03 2.896782575099544468e+24
1.839000000000000140e-03 2.709971891296546650e+24
1.935000000000000088e-03 2.532478023040055384e+24
2.034999999999999917e-03 2.366199057529814655e+24
2.141000000000000108e-03 2.207830100668835240e+24
2.252999999999999794e-03 2.057300443896381950e+24
2.370000000000000145e-03 1.916419781790958229e+24
2.492999999999999990e-03 1.783758753516499977e+24
2.623000000000000331e-03 1.658328329211779947e+24
2.759999999999999867e-03 1.540094711874107910e+24
2.903999999999999897e-03 1.429207237221891554e+24
3.054999999999999990e-03 1.325528860940605971e+24
3.213999999999999843e-03 1.228159318685634399e+24
3.380999999999999891e-03 1.137185881823170429e+24
3.556999999999999832e-03 1.051937923897547106e+24
3.742000000000000100e-03 9.723105095256959227e+23
3.936999999999999528e-03 8.977620149709817596e+23
4.142000000000000716e-03 8.281731493477285448e+23
4.357999999999999895e-03 7.633509446105072277e+23
4.585000000000000533e-03 7.032707919190469305e+23
4.824000000000000163e-03 6.470470684119621488e+23
5.074999999999999650e-03 5.948625467333822193e+23
5.338999999999999996e-03 5.462302206466937680e+23
5.616999999999999597e-03 5.013350782619053027e+23
5.908999999999999322e-03 4.597196865775949421e+23
6.217000000000000304e-03 4.209117981057543402e+23
6.540999999999999939e-03 3.851871413819443616e+23
6.880999999999999964e-03 3.522149150917199816e+23
7.239999999999999908e-03 3.217012325300852102e+23
7.617000000000000506e-03 2.936504169150836921e+23
8.012999999999999290e-03 2.677610785746314991e+23
8.429999999999999993e-03 2.439055689691480489e+23
8.868999999999998413e-03 2.219914089861402182e+23
9.330999999999999017e-03 2.017929271879102586e+23
9.816999999999999338e-03 1.832662282202958675e+23
1.032999999999999891e-02 1.662985428701746613e+23
1.086999999999999945e-02 1.506865710421635016e+23
1.143000000000000092e-02 1.366222866397121133e+23
1.203000000000000076e-02 1.235608487976785538e+23
1.264999999999999979e-02 1.117981446055208681e+23
1.330999999999999892e-02 1.009665614477169231e+23
1.400999999999999988e-02 9.102186182495552982e+22
1.473000000000000004e-02 8.216703023871636695e+22
1.549999999999999989e-02 7.400177934033292886e+22
1.631000000000000158e-02 6.660360661902891889e+22
1.715999999999999817e-02 5.988789899960238106e+22
1.805000000000000007e-02 5.383189014948961111e+22
1.898999999999999994e-02 4.833463332945286031e+22
1.997999999999999776e-02 4.333623749611656472e+22
2.101999999999999702e-02 3.885680071940447299e+22
2.212000000000000077e-02 3.478459320304895263e+22
2.326999999999999902e-02 3.113117100763194065e+22
2.447999999999999829e-02 2.785336775904170344e+22
2.574999999999999858e-02 2.491055245713270112e+22
2.708999999999999950e-02 2.224905056038780351e+22
2.850000000000000103e-02 1.986671445682592049e+22
2.998999999999999930e-02 1.773021687959646110e+22
3.155000000000000165e-02 1.581880698656157336e+22
3.318999999999999728e-02 1.410936128958436580e+22
3.491999999999999965e-02 1.258123577895601098e+22
3.673999999999999488e-02 1.122019648430619912e+22
3.864999999999999686e-02 1.001126414252653517e+22
4.066000000000000170e-02 8.925392822337051558e+21
4.277999999999999858e-02 7.958005243847284621e+21
4.500999999999999446e-02 7.104690519590931792e+21
4.734999999999999626e-02 6.345078379967076631e+21
4.982000000000000317e-02 5.667014206194859377e+21
5.240999999999999825e-02 5.065945414905061442e+21
5.513999999999999457e-02 4.531783126547621741e+21
5.800999999999999907e-02 4.055403192908429394e+21
6.102999999999999398e-02 3.638224779814480904e+21
6.421000000000000318e-02 3.267678212078534394e+21
6.755999999999999506e-02 2.937903855938652078e+21
7.106999999999999429e-02 2.646884948681090400e+21
7.477000000000000313e-02 2.386882786794403791e+21
7.867000000000000381e-02 2.157124575629410042e+21
8.276000000000000023e-02 1.953094297888777306e+21
8.707000000000000850e-02 1.771726861889133347e+21
9.160999999999999699e-02 1.607923541738998202e+21
9.637999999999999345e-02 1.460906339407725068e+21
1.014000000000000040e-01 1.331593357253175411e+21
1.067000000000000032e-01 1.213272025751538893e+21
1.122000000000000081e-01 1.107815739355696071e+21
1.180999999999999966e-01 1.010087428676576477e+21
1.242000000000000048e-01 9.220220256407648993e+20
1.307000000000000106e-01 8.402879515461041521e+20
1.375000000000000111e-01 7.657647494135957422e+20
1.446999999999999953e-01 6.967386071496539505e+20
1.522000000000000020e-01 6.333740462422913188e+20
1.600999999999999923e-01 5.755657763286361702e+20
1.683999999999999941e-01 5.220097453839942943e+20
1.771999999999999964e-01 4.722952323912562115e+20
1.864000000000000101e-01 4.269179139853294633e+20
1.960999999999999965e-01 3.854997555932696412e+20
2.064000000000000001e-01 3.476911355179991695e+20
2.170999999999999874e-01 3.138035685505267794e+20
2.283999999999999919e-01 2.831065576904979251e+20
2.403000000000000136e-01 2.555112625154208891e+20
2.528000000000000247e-01 2.306915816854107587e+20
2.660000000000000142e-01 2.082779439739451802e+20
2.798000000000000487e-01 1.880663456523651318e+20
2.943999999999999950e-01 1.693416158848750060e+20
3.096999999999999753e-01 1.526022192846476083e+20
3.259000000000000230e-01 1.368368484008158659e+20
3.427999999999999936e-01 1.226728239525384847e+20
3.606999999999999651e-01 1.098056617059544269e+20
3.795000000000000040e-01 9.793847202113637581e+19
3.991999999999999993e-01 8.731563069191426867e+19
4.200000000000000400e-01 7.743046402280985395e+19
4.419000000000000150e-01 6.862865736104786330e+19
4.649000000000000354e-01 6.061799488229085184e+19
4.891000000000000347e-01 5.328419317890389606e+19
5.144999999999999574e-01 4.696832428625003315e+19
5.413000000000000034e-01 4.099036806868415283e+19
5.695000000000000062e-01 3.590250419349064090e+19
5.992000000000000659e-01 3.132733585504842547e+19
6.304000000000000714e-01 2.726937493290865869e+19
6.632000000000000117e-01 2.374311936146333696e+19
6.976999999999999869e-01 2.057407014909183181e+19
7.340999999999999748e-01 1.785487990786788147e+19
7.722999999999999865e-01 1.544266304436840653e+19
8.125000000000000000e-01 1.333207328180495770e+19
8.548000000000000043e-01 1.154635628038069248e+19
8.992999999999999883e-01 9.911666815242948608e+18
9.460999999999999410e-01 8.587123170812059648e+18
9.954000000000000625e-01 7.337763409093265408e+18
1.046999999999999931e+00 6.370434518746549248e+18
1.101999999999999869e+00 5.433694550298044416e+18
1.159000000000000030e+00 4.696917946725271552e+18
1.219000000000000083e+00 4.020119537027663872e+18
1.283000000000000140e+00 3.450967442734795776e+18
1.350000000000000089e+00 2.950044282571324928e+18
1.419999999999999929e+00 2.532021236218780672e+18
1.493999999999999995e+00 2.169701409236236032e+18
1.572000000000000064e+00 1.852640175204507904e+18
1.654000000000000137e+00 1.588024665279780864e+18
1.739999999999999991e+00 1.355218648176926976e+18
1.830000000000000071e+00 1.165141885825431808e+18
1.925999999999999934e+00 9.908924219308692480e+17
2.025999999999999801e+00 8.512858100481868800e+17
2.131000000000000227e+00 7.254528481543737600e+17
2.241999999999999993e+00 6.227750443030205440e+17
2.358999999999999986e+00 5.299591432195971200e+17
2.481999999999999762e+00 4.541028013621512960e+17
2.611000000000000210e+00 3.881953181281468160e+17
2.746999999999999886e+00 3.323846776965900800e+17
2.890000000000000124e+00 2.841946155643907840e+17
3.040999999999999925e+00 2.427534259963859520e+17
3.198999999999999844e+00 2.075696386579155200e+17
3.366000000000000103e+00 1.771254168376208320e+17
3.540999999999999925e+00 1.516347939420620160e+17
3.725000000000000089e+00 1.293310887840762560e+17
3.918999999999999595e+00 1.105847052085994240e+17
4.123000000000000220e+00 9.427732097865881600e+16
4.338000000000000078e+00 8.056154263522198400e+16
4.564000000000000057e+00 6.856156632807108800e+16
4.801000000000000156e+00 5.859656270241607200e+16
5.051000000000000156e+00 4.970985634543032800e+16
5.314000000000000057e+00 4.242739026528116800e+16
5.590999999999999304e+00 3.610791444904312800e+16
5.881999999999999673e+00 3.076601535420523600e+16
6.187999999999999723e+00 2.616070760657338400e+16
6.511000000000000121e+00 2.221837318067487200e+16
6.850000000000000533e+00 1.885104877422088800e+16
7.205999999999999517e+00 1.596089716335190800e+16
7.581999999999999851e+00 1.349367857628328400e+16
7.976000000000000867e+00 1.135799868043991000e+16
8.391999999999999460e+00 9.552204542913270000e+15
8.829000000000000625e+00 7.978553230855299000e+15
9.288000000000000256e+00 6.653988351520307000e+15
9.772000000000000242e+00 5.487433136496956000e+15
1.027999999999999936e+01 4.521383415044301000e+15
1.082000000000000028e+01 3.654595185418711500e+15
1.137999999999999901e+01 2.953482964423429000e+15
1.196999999999999886e+01 2.336305195895164000e+15
1.259999999999999964e+01 1.831501275198750000e+15
1.325000000000000000e+01 1.415797192248534750e+15
1.393999999999999950e+01 1.078103888157982000e+15
1.466999999999999993e+01 8.061778183761633750e+14
1.542999999999999972e+01 5.947318662795633750e+14
1.623000000000000043e+01 4.352478975725931875e+14
1.708000000000000185e+01 3.113272226416741875e+14
1.796999999999999886e+01 2.232505826446120000e+14
1.889999999999999858e+01 1.572497769200362812e+14
1.989000000000000057e+01 1.106810423551728594e+14
2.092000000000000171e+01 7.689893078147457812e+13
2.200999999999999801e+01 5.310349052339535156e+13
2.316000000000000014e+01 3.540005905440335938e+13
2.437000000000000099e+01 2.323189866379151562e+13
2.562999999999999901e+01 1.445034717510967969e+13
2.697000000000000242e+01 8.754015984119073242e+12
2.837000000000000099e+01 5.165633275470075195e+12
2.985000000000000142e+01 2.906296324144995117e+12
3.139999999999999858e+01 1.699035707614513184e+12
3.303999999999999915e+01 9.269018019381035156e+11
3.475999999999999801e+01 5.133122640275147095e+11
3.657000000000000028e+01 2.659469597515568848e+11
3.846999999999999886e+01 1.364817162103646545e+11
4.048000000000000398e+01 6.406350096845397186e+10
4.259000000000000341e+01 2.939993544380420303e+10
4.479999999999999716e+01 1.315740076084944153e+10
4.714000000000000057e+01 5.427515783426528931e+09
4.959000000000000341e+01 2.295805854239155769e+09
5.217000000000000171e+01 8.387518882194029093e+08
5.489000000000000057e+01 3.306545522372240424e+08
5.775000000000000000e+01 9.827208218888770044e+07
6.075000000000000000e+01 3.724420303058081865e+07
6.392000000000000171e+01 9.366393110013943166e+06
6.723999999999999488e+01 3.803615886221126188e+06
7.075000000000000000e+01 9.163041513110958040e+05
7.442999999999999261e+01 2.784887155625566375e+05
7.829999999999999716e+01 7.008091959081352979e+04
8.237999999999999545e+01 1.561402341623533903e+04
8.667000000000000171e+01 3.915286640913655447e+03
9.117999999999999261e+01 5.785261075436353622e+02
9.593000000000000682e+01 1.525362964900655243e+02
1.009000000000000057e+02 1.516464086726023552e+01
1.062000000000000028e+02 4.012105878973820872e+00
1.116999999999999886e+02 2.179185868102695434e-01
1.175000000000000000e+02 6.153446494637457992e-02
1.236000000000000085e+02 2.427172537306477532e-03
1.300999999999999943e+02 6.905312302736455084e-04
1.369000000000000057e+02 1.075047479159538661e-05
1.440000000000000000e+02 3.387037367606014862e-06
1.515000000000000000e+02 1.770524230876249383e-07
1.593999999999999773e+02 1.570949465068086718e-08
1.676999999999999886e+02 2.009285514059755144e-09
1.764000000000000057e+02 2.831606355533545353e-11
1.855999999999999943e+02 5.032196201909257791e-12
1.952000000000000171e+02 2.228069917981166527e-14
2.054000000000000057e+02 4.730161296894567098e-15
2.160999999999999943e+02 9.907961757998975395e-18
2.273999999999999773e+02 2.339640861128455808e-18
2.391999999999999886e+02 1.350522820060012693e-21
2.516999999999999886e+02 3.446629993661641196e-22
2.647999999999999545e+02 7.072402549323000266e-26
2.785000000000000000e+02 1.960285178692122166e-26
2.930000000000000000e+02 1.329209995912049840e-30
3.083000000000000114e+02 3.802243133490890077e-31
3.244000000000000341e+02 6.656341219699690702e-36
3.411999999999999886e+02 2.246868630213953932e-36
3.590000000000000000e+02 1.712147181165459387e-37
3.776999999999999886e+02 3.045976445260634843e-42
3.973999999999999773e+02 4.434170882116181986e-43
4.181000000000000227e+02 7.800323338163952902e-49
4.398000000000000114e+02 -2.667253677595786660e-49
4.626999999999999886e+02 -1.371368287855881471e-48
4.868000000000000114e+02 -2.533896426472513961e-48
5.122000000000000455e+02 -3.759133551819504678e-48
5.387999999999999545e+02 -5.042255895686824853e-48
5.668999999999999773e+02 -6.397734762704561102e-48
5.964000000000000909e+02 -7.820746384662684959e-48
6.275000000000000000e+02 -9.320938297981238772e-48
6.601000000000000227e+02 -1.089348673445021413e-47
6.945000000000000000e+02 -1.255286299869968489e-47
7.307000000000000455e+02 -1.429906709072964619e-47
7.687000000000000455e+02 -1.613209901054011139e-47
8.087999999999999545e+02 -1.806643006276114099e-47
8.508999999999999773e+02 -2.009723647918273022e-47
8.952000000000000455e+02 -2.223416579622492264e-47
9.417999999999999545e+02 -2.448204178209775219e-47
9.908000000000000682e+02 -2.684568820501124552e-47
1.042000000000000000e+03 -2.931545752854533475e-47
1.097000000000000000e+03 -3.196853004406047536e-47
1.154000000000000000e+03 -3.471807792377616345e-47
1.214000000000000000e+03 -3.761233884979267517e-47
1.277000000000000000e+03 -4.065131282211002026e-47
1.344000000000000000e+03 -4.388323752282847003e-47
1.414000000000000000e+03 -4.725987526984771426e-47
1.487000000000000000e+03 -5.078122606316784048e-47
1.565000000000000000e+03 -5.454376526698929405e-47
1.646000000000000000e+03 -5.845101751711158099e-47
1.732000000000000000e+03 -6.259945817773528281e-47
1.822000000000000000e+03 -6.694084956676003095e-47
1.917000000000000000e+03 -7.152342936628617452e-47
2.017000000000000000e+03 -7.634719757631369406e-47
2.122000000000000000e+03 -8.141215419684258958e-47
2.232000000000000000e+03 -8.671829922787290970e-47
2.348000000000000000e+03 -9.231387035150482848e-47
2.470000000000000000e+03 -9.819886756773843344e-47
2.599000000000000000e+03 -1.044215285586739473e-46
2.734000000000000000e+03 -1.109336156422110695e-46
2.877000000000000000e+03 -1.178316041825504010e-46
3.027000000000000000e+03 -1.250672564975917192e-46
3.184000000000000000e+03 -1.326405725873349269e-46
3.350000000000000000e+03 -1.406480278159806638e-46
3.524000000000000000e+03 -1.490413845014285128e-46
3.708000000000000000e+03 -1.579171180078791915e-46
3.901000000000000000e+03 -1.672269906532323023e-46
4.104000000000000000e+03 -1.770192401195881456e-46
4.318000000000000000e+03 -1.873421040890471191e-46
4.543000000000000000e+03 -1.981955825616090283e-46
4.779000000000000000e+03 -2.095796755372739511e-46
5.028000000000000000e+03 -2.215908583802424884e-46
5.290000000000000000e+03 -2.342291310905146013e-46
5.565000000000000000e+03 -2.474944936680902897e-46
5.855000000000000000e+03 -2.614834214771701159e-46
6.160000000000000000e+03 -2.761959145177541185e-46
6.481000000000000000e+03 -2.916802104719425010e-46
6.818000000000000000e+03 -3.079363093397351466e-46
7.173000000000000000e+03 -3.250606864853330451e-46
7.547000000000000000e+03 -3.431015795908359332e-46
7.940000000000000000e+03 -3.620589886562441220e-46
8.353000000000000000e+03 -3.819811513636576591e-46
8.788000000000000000e+03 -4.029645430772775344e-46
9.246000000000000000e+03 -4.250574014792034455e-46
9.727000000000000000e+03 -4.482597265694360149e-46
1.023000000000000000e+04 -4.725232806658743779e-46
1.077000000000000000e+04 -4.985716290000227889e-46
1.133000000000000000e+04 -5.255847309761772095e-46
1.192000000000000000e+04 -5.540449634153392832e-46
1.254000000000000000e+04 -5.839523263175101766e-46
1.319000000000000000e+04 -6.153068196826889564e-46
1.388000000000000000e+04 -6.485908203318791329e-46
1.460000000000000000e+04 -6.833219514440772737e-46
1.536000000000000000e+04 -7.199825898402865000e-46
1.616000000000000000e+04 -7.585727355205065008e-46
1.700000000000000000e+04 -7.990923884847378983e-46
1.789000000000000000e+04 -8.420239255539829584e-46
1.882000000000000000e+04 -8.868849699072389485e-46
1.980000000000000000e+04 -9.341578983655087567e-46
2.083000000000000000e+04 -9.838427109287920718e-46
2.191000000000000000e+04 -1.035939407597089361e-45
2.305000000000000000e+04 -1.090930365191403200e-45
2.425000000000000000e+04 -1.148815583711733435e-45
2.552000000000000000e+04 -1.210077439979082952e-45
2.684000000000000000e+04 -1.273751180351446444e-45
2.824000000000000000e+04 -1.341283935291831640e-45
2.971000000000000000e+04 -1.412193327979236118e-45
3.126000000000000000e+04 -1.486961735234662769e-45
3.289000000000000000e+04 -1.565589157058111901e-45
3.460000000000000000e+04 -1.648075593449582271e-45
3.640000000000000000e+04 -1.734903421230077545e-45
3.830000000000000000e+04 -1.826555017220600456e-45
4.029000000000000000e+04 -1.922548004600147959e-45
4.239000000000000000e+04 -2.023847137010726763e-45
4.460000000000000000e+04 -2.130452414452334693e-45
4.692000000000000000e+04 -2.242363836924973613e-45
4.936000000000000000e+04 -2.360063781249645012e-45
5.193000000000000000e+04 -2.484034624247352556e-45
5.464000000000000000e+04 -2.614758742739098044e-45
5.748000000000000000e+04 -2.751753759903879988e-45
6.047000000000000000e+04 -2.895984429383702608e-45
6.362000000000000000e+04 -3.047933127999570193e-45
6.693000000000000000e+04 -3.207599855751480876e-45
7.042000000000000000e+04 -3.375949366281441989e-45
7.409000000000000000e+04 -3.552981659589451665e-45
7.794000000000000000e+04 -3.738696735675512392e-45
8.200000000000000000e+04 -3.934541725002629880e-45
8.627000000000000000e+04 -4.140516627570804751e-45
9.076000000000000000e+04 -4.357103820201040981e-45
9.549000000000000000e+04 -4.585268056535341547e-45
1.005000000000000000e+05 -4.826938843857721112e-45
1.057000000000000000e+05 -5.077774790779152596e-45
1.112000000000000000e+05 -5.343082042330667298e-45
1.170000000000000000e+05 -5.622860598512263354e-45
1.231000000000000000e+05 -5.917110459323942630e-45
1.295000000000000000e+05 -6.225831624765703881e-45
1.362000000000000000e+05 -6.549024094837548351e-45
1.433000000000000000e+05 -6.891511637749503367e-45
1.508000000000000000e+05 -7.253294253501565193e-45
1.586000000000000000e+05 -7.629548173883712729e-45
1.669000000000000000e+05 -8.029920935316001868e-45
1.756000000000000000e+05 -8.449588769588392841e-45
1.847000000000000000e+05 -8.888551676700896847e-45
1.943000000000000000e+05 -9.351633424863541212e-45
2.045000000000000000e+05 -9.843657782286348284e-45
2.151000000000000000e+05 -1.035497721254926839e-44
2.263000000000000000e+05 -1.089523925207234871e-44
2.381000000000000000e+05 -1.146444390085559796e-44
2.505000000000000000e+05 -1.206259115889900618e-44
2.635000000000000000e+05 -1.268968102620259080e-44
2.773000000000000000e+05 -1.335536103918638656e-44
2.917000000000000000e+05 -1.404998366143034875e-44
3.069000000000000000e+05 -1.478319642935453452e-44
3.229000000000000000e+05 -1.555499934295893640e-44
3.397000000000000000e+05 -1.636539240224356186e-44
3.574000000000000000e+05 -1.721919937541843076e-44
3.760000000000000000e+05 -1.811642026248355803e-44
3.955000000000000000e+05 -1.905705506343892127e-44
4.161000000000000000e+05 -2.005075131470459006e-44
4.378000000000000000e+05 -2.109750901628056690e-44
4.606000000000000000e+05 -2.219732816816684182e-44
4.846000000000000000e+05 -2.335503253857345709e-44
5.098000000000000000e+05 -2.457062212750038284e-44
5.364000000000000000e+05 -2.585374447136769611e-44
5.643000000000000000e+05 -2.719957580196538204e-44
5.937000000000000000e+05 -2.861776365571348033e-44
6.246000000000000000e+05 -3.010830803261198103e-44
6.571000000000000000e+05 -3.167603270087093387e-44
6.913000000000000000e+05 -3.332576142870033878e-44
7.273000000000000000e+05 -3.506231798431024551e-44
7.652000000000000000e+05 -3.689052613591068883e-44
8.050000000000000000e+05 -3.881038588350163889e-44
8.469000000000000000e+05 -4.083154476350317522e-44
8.910000000000000000e+05 -4.295882654412530274e-44
9.374000000000000000e+05 -4.519705499357809608e-44
9.863000000000000000e+05 -4.755587764828152525e-44
1.038000000000000000e+06 -5.004976581286576930e-44
1.092000000000000000e+06 -5.265460064628063437e-44
1.148000000000000000e+06 -5.535591084389605589e-44
1.208000000000000000e+06 -5.825017176991257042e-44
1.271000000000000000e+06 -6.128914574222989972e-44
1.337000000000000000e+06 -6.447283276084805375e-44
1.407000000000000000e+06 -6.784947050786734061e-44
1.480000000000000000e+06 -7.137082130118742234e-44
1.557000000000000000e+06 -7.508512282290861697e-44
1.638000000000000000e+06 -7.899237507303092453e-44
1.724000000000000000e+06 -8.314081573365458340e-44
1.814000000000000000e+06 -8.748220712267938506e-44
1.908000000000000000e+06 -9.201654924010524986e-44
2.007000000000000000e+06 -9.679207976803248588e-44
2.112000000000000000e+06 -1.018570363885614112e-43
2.222000000000000000e+06 -1.071631814195916580e-43
2.337000000000000000e+06 -1.127105148611233058e-43
2.459000000000000000e+06 -1.185955120773569112e-43
2.587000000000000000e+06 -1.247699353861921860e-43
2.722000000000000000e+06 -1.312820224697292989e-43
2.864000000000000000e+06 -1.381317733279683495e-43
3.013000000000000000e+06 -1.453191879609094173e-43
3.170000000000000000e+06 -1.528925040506526114e-43
3.335000000000000000e+06 -1.608517215971979716e-43
3.508000000000000000e+06 -1.691968406005456571e-43
3.691000000000000000e+06 -1.780243364248960055e-43
3.883000000000000000e+06 -1.872859713881488680e-43
4.085000000000000000e+06 -1.970299831724045326e-43
4.298000000000000000e+06 -2.073046094597631283e-43
4.522000000000000000e+06 -2.181098502502247746e-43
4.757000000000000000e+06 -2.294457055437894316e-43
5.005000000000000000e+06 -2.414086507046576757e-43
5.266000000000000000e+06 -2.539986857328295069e-43
5.540000000000000000e+06 -2.672158106283050049e-43
5.828000000000000000e+06 -2.811082630731842587e-43
6.132000000000000000e+06 -2.957725184316679243e-43
6.451000000000000000e+06 -3.111603390216557534e-43
6.787000000000000000e+06 -3.273682002073482029e-43
7.140000000000000000e+06 -3.443961019887453923e-43
7.512000000000000000e+06 -3.623405197300476589e-43
7.903000000000000000e+06 -3.812014534312552815e-43
8.315000000000000000e+06 -4.010753784565689162e-43
8.748000000000000000e+06 -4.219622948059879258e-43
9.203000000000000000e+06 -4.439104401616131162e-43
9.682000000000000000e+06 -4.670162898876450637e-43
1.019000000000000000e+07 -4.915210323945849305e-43
1.072000000000000000e+07 -5.170870039077308984e-43
1.127000000000000000e+07 -5.436177290628823911e-43
1.186000000000000000e+07 -5.720779615020445350e-43
1.248000000000000000e+07 -6.019853244042152449e-43
1.313000000000000000e+07 -6.333398177693942817e-43
1.381000000000000000e+07 -6.661414415975813268e-43
1.453000000000000000e+07 -7.008725727097795012e-43
1.529000000000000000e+07 -7.375332111059888843e-43
1.608000000000000000e+07 -7.756409799652062758e-43
1.692000000000000000e+07 -8.161606329294375190e-43
1.780000000000000000e+07 -8.586097931776796524e-43
1.873000000000000000e+07 -9.034708375309356375e-43
1.971000000000000000e+07 -9.507437659892054744e-43
2.073000000000000000e+07 -9.999462017314858828e-43
2.181000000000000000e+07 -1.052042898399783264e-42
2.295000000000000000e+07 -1.107033855994096980e-42
2.414000000000000000e+07 -1.164436697693424707e-42
2.540000000000000000e+07 -1.225216177139771413e-42
2.672000000000000000e+07 -1.288889917512134932e-42
2.811000000000000000e+07 -1.355940295631517269e-42
2.958000000000000000e+07 -1.426849688318921865e-42
3.112000000000000000e+07 -1.501135718753346236e-42
3.274000000000000000e+07 -1.579280763755791590e-42
3.444000000000000000e+07 -1.661284823326260000e-42
3.623000000000000000e+07 -1.747630274285752514e-42
3.812000000000000000e+07 -1.838799493455273050e-42
4.011000000000000000e+07 -1.934792480834820334e-42
4.219000000000000000e+07 -2.035126859603392997e-42
4.439000000000000000e+07 -2.141249760223998967e-42
4.670000000000000000e+07 -2.252678805875634329e-42
4.913000000000000000e+07 -2.369896373379303635e-42
5.169000000000000000e+07 -2.493384839556007618e-42
5.438000000000000000e+07 -2.623144204405748825e-42
5.722000000000000000e+07 -2.760139221570529677e-42
6.019000000000000000e+07 -2.903405137408347753e-42
6.333000000000000000e+07 -3.054871459203211396e-42
6.663000000000000000e+07 -3.214055810134119874e-42
7.010000000000000000e+07 -3.381440567022074237e-42
7.375000000000000000e+07 -3.557508106688079359e-42
7.759000000000000000e+07 -3.742740805953136926e-42
8.163000000000000000e+07 -3.937621041638247351e-42
8.588000000000000000e+07 -4.142631190564418056e-42
9.035000000000000000e+07 -4.358253629552648816e-42
9.505000000000000000e+07 -4.584970735423943231e-42
1.000000000000000000e+08 -4.823747261820305311e-42
