1.473707518796992133e+01 8.383439607758852219e+00
1.573707518796992133e+01 6.440522205628385954e+00
1.673707518796992133e+01 4.873704055586505213e+00
1.773707518796992133e+01 3.669420867750315729e+00
1.873707518796992133e+01 2.695232401272138922e+00
1.973707518796992133e+01 1.940189870151682872e+00
2.073707518796992133e+01 1.375147571520266565e+00
2.173707518796992133e+01 9.613188415104616524e-01
2.273707518796992133e+01 6.649518557076993241e-01
2.373707518796992133e+01 4.572327384372977255e-01
2.473707518796992133e+01 3.130339345563887266e-01
2.573707518796992133e+01 2.137435655315767236e-01
2.673707518796992133e+01 1.455108733793750164e-01
2.773707518796992133e+01 9.827000602188361300e-02
2.873707518796992133e+01 6.653319644530282517e-02
2.973707518796992133e+01 4.479335615285328503e-02
3.073707518796992133e+01 3.001359484309855385e-02
3.173707518796992133e+01 1.997922594946528047e-02
3.273707518796992133e+01 1.329783098059756849e-02
3.373707518796992133e+01 8.811309555797572704e-03
3.473707518796992133e+01 5.834547616978492425e-03
3.573707518796992133e+01 3.856956182462576224e-03
3.673707518796992133e+01 2.545464733760584297e-03
3.773707518796992133e+01 1.676049914450362423e-03
3.873707518796992133e+01 1.100686932086764784e-03
3.973707518796992133e+01 7.207782205296419005e-04
4.073707518796992133e+01 4.712779810263812590e-04
4.173707518796992133e+01 3.068163984934270698e-04
4.273707518796992133e+01 1.992372128763516138e-04
4.373707518796992133e+01 1.290026756956425544e-04
4.473707518796992133e+01 8.326287980907795777e-05
4.573707518796992133e+01 5.359778746135247465e-05
4.673707518796992133e+01 3.446302877377344895e-05
4.773707518796992133e+01 2.210530720046793043e-05
4.873707518796992133e+01 1.416225608391867241e-05
4.973707518796992133e+01 9.061737187367239921e-06
5.073707518796992133e+01 5.786278981137665583e-06
5.173707518796992133e+01 3.691668678655896830e-06
5.273707518796992133e+01 2.347172204133384946e-06
5.373707518796992133e+01 1.489872154109484638e-06
5.473707518796992133e+01 9.430753839522882049e-07
5.573707518796992133e+01 5.952727911739935067e-07
5.673707518796992133e+01 3.742997816053765745e-07
5.773707518796992133e+01 2.346316044912787114e-07
5.873707518796992133e+01 1.466863510825596100e-07
5.973707518796992133e+01 9.153302096430273599e-08
6.073707518796992133e+01 5.691354000305387297e-08
6.173707518796992133e+01 3.521886784550497910e-08
6.273707518796992133e+01 2.175050157566177281e-08
6.373707518796992133e+01 1.339998305103634442e-08
6.473707518796992133e+01 8.245828899139553400e-09
6.573707518796992133e+01 5.061098869155668996e-09
6.673707518796992133e+01 3.100654424962286565e-09
6.773707518796992133e+01 1.901006061289853396e-09
6.873707518796992133e+01 1.167347834880123413e-09
6.973707518796992133e+01 7.186017584181763755e-10
7.073707518796992133e+01 4.429504561776216926e-10
7.173707518796992133e+01 2.731868493618224992e-10
7.273707518796992133e+01 1.687514461037341938e-10
7.373707518796992133e+01 1.046522254600123869e-10
7.473707518796992133e+01 6.514611258600981762e-11
7.573707518796992133e+01 4.059384080388765788e-11
7.673707518796992133e+01 2.531142106704268550e-11
7.773707518796992133e+01 1.584876672532121452e-11
7.873707518796992133e+01 9.952310602115720780e-12
7.973707518796992133e+01 6.261998250800005199e-12
8.073707518796992133e+01 3.945337389284706326e-12
8.173707518796992133e+01 2.492693947523166601e-12
8.273707518796992133e+01 1.577810678578404236e-12
8.373707518796992133e+01 9.983815552986444744e-13
8.473707518796992133e+01 6.307679117623824428e-13
8.573707518796992133e+01 3.975942824099021725e-13
8.673707518796992133e+01 2.502793398811798393e-13
