4.999999999999999237e-03 2.012157833364491485e-02
9.999999999999998473e-03 5.433225032475839586e-04
1.499999999999999771e-02 2.972732634443626159e-05
1.999999999999999695e-02 2.502253699152083522e-06
2.499999999999999445e-02 2.566912183474419321e-07
2.999999999999999195e-02 3.059583087591253911e-08
3.499999999999999639e-02 4.170887423395608614e-09
3.999999999999999389e-02 6.358733469834770644e-10
4.499999999999999140e-02 9.256891296048232121e-11
4.999999999999998890e-02 1.621655813059711383e-11
5.499999999999998640e-02 2.348882926220347531e-12
5.999999999999999084e-02 4.814371559531749317e-13
6.499999999999998834e-02 7.482209350681854320e-14
6.999999999999999278e-02 1.220750132821840599e-14
7.499999999999999722e-02 2.383514254657930165e-15
7.999999999999998779e-02 2.986894957303340527e-16
8.499999999999999223e-02 2.167921366495524004e-17
8.999999999999999667e-02 6.387785695165938011e-19
