1.774127155601597394e+01 2.423657404066545951e-01
1.874127155601597394e+01 1.788353536517458819e-01
1.974127155601597394e+01 1.292217663131975114e-01
2.074127155601597394e+01 9.194417641138970254e-02
2.174127155601597394e+01 6.492696463962016606e-02
2.274127155601597394e+01 4.536586512602304444e-02
2.374127155601597394e+01 3.155594274019656031e-02
2.474127155601597394e+01 2.186907426532690851e-02
2.574127155601597394e+01 1.510420187359477230e-02
2.674127155601597394e+01 1.041595461171617755e-02
2.774127155601597394e+01 7.161188740627286685e-03
2.874127155601597394e+01 4.906830706882484017e-03
2.974127155601597394e+01 3.349372049550831520e-03
3.074127155601597394e+01 2.283998491406790451e-03
3.174127155601597394e+01 1.549805006539356315e-03
3.274127155601597394e+01 1.049383608337118830e-03
3.374127155601597394e+01 7.100892973007790583e-04
3.474127155601597394e+01 4.779986835276159502e-04
3.574127155601597394e+01 3.232434839319248284e-04
3.674127155601597394e+01 2.170017675477977585e-04
3.774127155601597394e+01 1.459005007738478675e-04
3.874127155601597394e+01 9.867289321277654933e-05
3.974127155601597394e+01 6.578418833677374036e-05
4.074127155601597394e+01 4.413759658615911682e-05
4.174127155601597394e+01 2.979608795036731982e-05
4.274127155601597394e+01 1.985691229072387510e-05
4.374127155601597394e+01 1.329841573442279917e-05
4.474127155601597394e+01 8.877926632010317914e-06
4.574127155601597394e+01 5.914495414759732189e-06
4.674127155601597394e+01 3.932820972920462352e-06
4.774127155601597394e+01 2.610453830703996031e-06
4.874127155601597394e+01 1.732667119031856480e-06
4.974127155601597394e+01 1.148230260885723449e-06
5.074127155601597394e+01 7.597890540748971006e-07
5.174127155601597394e+01 5.028268509913453040e-07
5.274127155601597394e+01 3.325527647465101121e-07
5.374127155601597394e+01 2.197109342785622960e-07
5.474127155601597394e+01 1.451498295740377897e-07
5.574127155601597394e+01 9.566222062427775172e-08
5.674127155601597394e+01 6.304879951975849759e-08
5.774127155601597394e+01 4.139882784424410462e-08
5.874127155601597394e+01 2.724251006391626625e-08
5.974127155601597394e+01 1.784157363810155528e-08
6.074127155601597394e+01 1.168878264724986833e-08
6.174127155601597394e+01 7.688128432401002403e-09
6.274127155601597394e+01 5.005010627227506048e-09
6.374127155601597394e+01 3.271429541235530069e-09
6.474127155601597394e+01 2.147018598340499775e-09
6.574127155601597394e+01 1.394076901333355024e-09
6.674127155601597394e+01 9.081622650571399340e-10
6.774127155601597394e+01 5.942540652557935106e-10
6.874127155601597394e+01 3.853812367512013146e-10
6.974127155601597394e+01 2.506444026080777564e-10
7.074127155601597394e+01 1.637721557442927243e-10
7.174127155601597394e+01 1.061350066948727576e-10
7.274127155601597394e+01 6.894202846948100445e-11
7.374127155601597394e+01 4.500205106592718769e-11
7.474127155601597394e+01 2.920362235439951403e-11
7.574127155601597394e+01 1.899325549418997629e-11
7.674127155601597394e+01 1.241385525469622570e-11
7.774127155601597394e+01 8.076071720876642905e-12
7.874127155601597394e+01 5.264018843851791642e-12
7.974127155601597394e+01 3.448474342377343887e-12
8.074127155601597394e+01 2.256621435468224446e-12
8.174127155601597394e+01 1.480539979538073446e-12
8.274127155601597394e+01 9.760364623627860913e-13
8.374127155601597394e+01 6.416711810139982692e-13
8.474127155601597394e+01 4.223929756829945412e-13
