1.000000000000000021e-03 1.488395839818082891e+02
1.051999999999999984e-03 1.409396984022586423e+02
1.106999999999999911e-03 1.359034494133313444e+02
1.163999999999999887e-03 1.278601303769539186e+02
1.224999999999999960e-03 1.227028646498798992e+02
1.288999999999999998e-03 1.149632677912124450e+02
1.356000000000000000e-03 1.099978152699907952e+02
1.427000000000000100e-03 1.027110098317985347e+02
1.500999999999999947e-03 9.784979296970624318e+01
1.579000000000000108e-03 9.167644940408945331e+01
1.661000000000000150e-03 8.667177165416019591e+01
1.747999999999999988e-03 8.158494665041737903e+01
1.839000000000000140e-03 7.678270611877131557e+01
1.935000000000000088e-03 7.254387516212537435e+01
2.034999999999999917e-03 6.834258079405128683e+01
2.141000000000000108e-03 6.491474123222734249e+01
2.252999999999999794e-03 6.144212191453277683e+01
2.370000000000000145e-03 5.849653007660688786e+01
2.492999999999999990e-03 5.568321274512976515e+01
2.623000000000000331e-03 5.337694734200774604e+01
2.759999999999999867e-03 5.117535218695202559e+01
2.903999999999999897e-03 4.935633738869996989e+01
3.054999999999999990e-03 4.774700593580155328e+01
3.213999999999999843e-03 4.639697418331115841e+01
3.380999999999999891e-03 4.530583252479488721e+01
3.556999999999999832e-03 4.432594587555187360e+01
3.742000000000000100e-03 4.373699280976521209e+01
3.936999999999999528e-03 4.297005611629447230e+01
4.142000000000000716e-03 4.282480315998684972e+01
4.357999999999999895e-03 4.231016239316899430e+01
4.585000000000000533e-03 4.240412086451136275e+01
4.824000000000000163e-03 4.219767455474899975e+01
5.074999999999999650e-03 4.239153569895621843e+01
5.338999999999999996e-03 4.239667893883130034e+01
5.616999999999999597e-03 4.267367428290093301e+01
5.908999999999999322e-03 4.284783902772369402e+01
6.217000000000000304e-03 4.322277859062101157e+01
6.540999999999999939e-03 4.353576070663058317e+01
6.880999999999999964e-03 4.391891154019430843e+01
7.239999999999999908e-03 4.436778452110551285e+01
7.617000000000000506e-03 4.467126018449511804e+01
8.012999999999999290e-03 4.521778099272468410e+01
8.429999999999999993e-03 4.550008242785503398e+01
8.868999999999998413e-03 4.603485542100855810e+01
9.330999999999999017e-03 4.636162081063861251e+01
9.816999999999999338e-03 4.691497315269454305e+01
1.032999999999999891e-02 4.723186087639833630e+01
1.086999999999999945e-02 4.767973701350768323e+01
1.143000000000000092e-02 4.802116453288119402e+01
1.203000000000000076e-02 4.840430842857408322e+01
1.264999999999999979e-02 4.864720179489323471e+01
1.330999999999999892e-02 4.904319740858321808e+01
1.400999999999999988e-02 4.920784409430974193e+01
1.473000000000000004e-02 4.951003622069002574e+01
1.549999999999999989e-02 4.963714480702864051e+01
1.631000000000000158e-02 4.982176077891614341e+01
1.715999999999999817e-02 4.987719697461428581e+01
1.805000000000000007e-02 4.995691692786189719e+01
1.898999999999999994e-02 4.994063675002557545e+01
1.997999999999999776e-02 4.995401806323782523e+01
2.101999999999999702e-02 4.983659512286792648e+01
2.212000000000000077e-02 4.976950525522368451e+01
2.326999999999999902e-02 4.956706442963833581e+01
2.447999999999999829e-02 4.946698003634273277e+01
2.574999999999999858e-02 4.918668723822659672e+01
2.708999999999999950e-02 4.897344317570103556e+01
2.850000000000000103e-02 4.864944163195123394e+01
2.998999999999999930e-02 4.830678798538467333e+01
3.155000000000000165e-02 4.796999250841994922e+01
3.318999999999999728e-02 4.755206414762390210e+01
3.491999999999999965e-02 4.712841839941532385e+01
3.673999999999999488e-02 4.661673039937593899e+01
3.864999999999999686e-02 4.608321917373197607e+01
4.066000000000000170e-02 4.551830108362351979e+01
4.277999999999999858e-02 4.489962619179459580e+01
4.500999999999999446e-02 4.420724521395577256e+01
4.734999999999999626e-02 4.355950545503918647e+01
4.982000000000000317e-02 4.280832350713868095e+01
5.240999999999999825e-02 4.210686064591016020e+01
5.513999999999999457e-02 4.128587697424295300e+01
5.800999999999999907e-02 4.056282595142056380e+01
6.102999999999999398e-02 3.973934500813007276e+01
6.421000000000000318e-02 3.897488918679621861e+01
6.755999999999999506e-02 3.815816754961630153e+01
7.106999999999999429e-02 3.733861574564150487e+01
7.477000000000000313e-02 3.652641071132738659e+01
7.867000000000000381e-02 3.567918509861505072e+01
8.276000000000000023e-02 3.486180227757134276e+01
8.707000000000000850e-02 3.396659143082977295e+01
9.160999999999999699e-02 3.313165003329948632e+01
9.637999999999999345e-02 3.219634125114666290e+01
1.014000000000000040e-01 3.136442449704630775e+01
1.067000000000000032e-01 3.038818219060267012e+01
1.122000000000000081e-01 2.953326326780375055e+01
1.180999999999999966e-01 2.856173613752138607e+01
1.242000000000000048e-01 2.770047453302842655e+01
1.307000000000000106e-01 2.676389397667726300e+01
1.375000000000000111e-01 2.593139595668513664e+01
1.446999999999999953e-01 2.506594875604086425e+01
1.522000000000000020e-01 2.427600649171074565e+01
1.600999999999999923e-01 2.349226843163651779e+01
1.683999999999999941e-01 2.275754495788457277e+01
1.771999999999999964e-01 2.202878102146855355e+01
1.864000000000000101e-01 2.134709430286403986e+01
1.960999999999999965e-01 2.068011362079892379e+01
2.064000000000000001e-01 2.003632827091875512e+01
2.170999999999999874e-01 1.941188526585254692e+01
2.283999999999999919e-01 1.880282030465723864e+01
2.403000000000000136e-01 1.820168442307820200e+01
2.528000000000000247e-01 1.761119677595483424e+01
2.660000000000000142e-01 1.702167031077825854e+01
2.798000000000000487e-01 1.644364874893958017e+01
2.943999999999999950e-01 1.588785383324329281e+01
3.096999999999999753e-01 1.535552815688084749e+01
3.259000000000000230e-01 1.486609306761000227e+01
3.427999999999999936e-01 1.443242074618798121e+01
3.606999999999999651e-01 1.404009108202791900e+01
3.795000000000000040e-01 1.371767297206253033e+01
3.991999999999999993e-01 1.343372351007471188e+01
4.200000000000000400e-01 1.320554905937182966e+01
4.419000000000000150e-01 1.301581283231631048e+01
4.649000000000000354e-01 1.286720135802504572e+01
4.891000000000000347e-01 1.274784026936078085e+01
5.144999999999999574e-01 1.265394669412486550e+01
5.413000000000000034e-01 1.258327776131132403e+01
5.695000000000000062e-01 1.250565857418746596e+01
5.992000000000000659e-01 1.244827472162920756e+01
6.304000000000000714e-01 1.235213576315371853e+01
6.632000000000000117e-01 1.227896981941539067e+01
6.976999999999999869e-01 1.215923408871501188e+01
7.340999999999999748e-01 1.207690333983196318e+01
7.722999999999999865e-01 1.198675106205712382e+01
8.125000000000000000e-01 1.194885953566906878e+01
8.548000000000000043e-01 1.195648077465843251e+01
8.992999999999999883e-01 1.201128821911227718e+01
9.460999999999999410e-01 1.214310183856833802e+01
9.954000000000000625e-01 1.230013481937159270e+01
1.046999999999999931e+00 1.253108894915867921e+01
1.101999999999999869e+00 1.277746301973880172e+01
1.159000000000000030e+00 1.306642052087143924e+01
1.219000000000000083e+00 1.336736735875153848e+01
1.283000000000000140e+00 1.368381096709972056e+01
1.350000000000000089e+00 1.400489931719994630e+01
1.419999999999999929e+00 1.429191264493497471e+01
1.493999999999999995e+00 1.457005197695460730e+01
1.572000000000000064e+00 1.478066527558214460e+01
1.654000000000000137e+00 1.496244085774078769e+01
1.739999999999999991e+00 1.508119662732639199e+01
1.830000000000000071e+00 1.516691103902770088e+01
1.925999999999999934e+00 1.526738601888280122e+01
2.025999999999999801e+00 1.535670983618004115e+01
2.131000000000000227e+00 1.553256775749887453e+01
2.241999999999999993e+00 1.573027003523402101e+01
2.358999999999999986e+00 1.602769113919073618e+01
2.481999999999999762e+00 1.636522782563528011e+01
2.611000000000000210e+00 1.675512024222273766e+01
2.746999999999999886e+00 1.720912998892611512e+01
2.890000000000000124e+00 1.764253830141296575e+01
3.040999999999999925e+00 1.816041378023103547e+01
3.198999999999999844e+00 1.861219667216872864e+01
3.366000000000000103e+00 1.912572038486508319e+01
3.540999999999999925e+00 1.955768280269133541e+01
3.725000000000000089e+00 1.997001074230973927e+01
3.918999999999999595e+00 2.030058149279054902e+01
4.123000000000000220e+00 2.051813743709744386e+01
4.338000000000000078e+00 2.067592940907487886e+01
4.564000000000000057e+00 2.068023820346299502e+01
4.801000000000000156e+00 2.067647277376669024e+01
5.051000000000000156e+00 2.061908269022788076e+01
5.314000000000000057e+00 2.059091255690296407e+01
5.590999999999999304e+00 2.065120753988612279e+01
5.881999999999999673e+00 2.069303559684248484e+01
6.187999999999999723e+00 2.090154645133453215e+01
6.511000000000000121e+00 2.090418142519284572e+01
6.850000000000000533e+00 2.103874379249996096e+01
7.205999999999999517e+00 2.073227792517879209e+01
7.581999999999999851e+00 2.037851180145719354e+01
7.976000000000000867e+00 1.946931626085898870e+01
8.391999999999999460e+00 1.831820399475843786e+01
8.829000000000000625e+00 1.673077725882638234e+01
9.288000000000000256e+00 1.481502557461999992e+01
9.772000000000000242e+00 1.279890305935707140e+01
1.027999999999999936e+01 1.064704265872213007e+01
1.082000000000000028e+01 8.604716596956096808e+00
1.137999999999999901e+01 6.818782461358770419e+00
1.196999999999999886e+01 5.152745346095692014e+00
1.259999999999999964e+01 3.955574160494104596e+00
1.325000000000000000e+01 2.803989572769437277e+00
1.393999999999999950e+01 2.160474447161905953e+00
1.466999999999999993e+01 1.499987853420680972e+00
1.542999999999999972e+01 1.156606402056702620e+00
1.623000000000000043e+01 8.308649465337876183e-01
1.708000000000000185e+01 6.191817888328208230e-01
1.796999999999999886e+01 4.384875879687809008e-01
1.889999999999999858e+01 3.076836821373814534e-01
1.989000000000000057e+01 1.991975423943784518e-01
2.092000000000000171e+01 1.236930115687602527e-01
2.200999999999999801e+01 7.577259788627740966e-02
2.316000000000000014e+01 4.047304844245087213e-02
2.437000000000000099e+01 2.525839856864032715e-02
2.562999999999999901e+01 1.281119548781779575e-02
2.697000000000000242e+01 8.024508490992605589e-03
2.837000000000000099e+01 3.677342312732749530e-03
2.985000000000000142e+01 2.242845645272066070e-03
3.139999999999999858e+01 7.772976939722305197e-04
3.303999999999999915e+01 4.798603910706582005e-04
3.475999999999999801e+01 1.732678341399293358e-04
3.657000000000000028e+01 8.799640890953022146e-05
3.846999999999999886e+01 3.404368937438597814e-05
4.048000000000000398e+01 1.368675832738353747e-05
4.259000000000000341e+01 5.324827550764091927e-06
4.479999999999999716e+01 1.499595352866208591e-06
4.714000000000000057e+01 6.349223320987038618e-07
4.959000000000000341e+01 1.392027539867455889e-07
5.217000000000000171e+01 6.235504850939303497e-08
5.489000000000000057e+01 8.888886253259472472e-09
5.775000000000000000e+01 4.226151989868052185e-09
6.075000000000000000e+01 4.000428848416968890e-10
6.392000000000000171e+01 2.018441475472641867e-10
6.723999999999999488e+01 1.279347328698248775e-11
7.075000000000000000e+01 6.802268504442549777e-12
7.442999999999999261e+01 5.358358033161093848e-13
7.829999999999999716e+01 1.434607272169566946e-13
8.237999999999999545e+01 2.473416752794251645e-14
8.667000000000000171e+01 2.030811538758598069e-15
9.117999999999999261e+01 5.052402556205250436e-16
9.593000000000000682e+01 1.375119498625639039e-17
1.009000000000000057e+02 4.407612819242929906e-18
1.062000000000000028e+02 6.959119181312621762e-20
1.116999999999999886e+02 2.612446048935315442e-20
1.175000000000000000e+02 1.350193122171455751e-22
1.236000000000000085e+02 5.759023101880153594e-23
1.300999999999999943e+02 1.803425682375038852e-25
1.369000000000000057e+02 8.351495413368481538e-26
1.440000000000000000e+02 9.457340278228085712e-29
1.515000000000000000e+02 4.750881502333450513e-29
1.593999999999999773e+02 2.203952567512604752e-32
1.676999999999999886e+02 1.178646905432811841e-32
1.764000000000000057e+02 1.039446919776596002e-33
1.855999999999999943e+02 1.250406152183058102e-36
1.952000000000000171e+02 2.407135316059762777e-37
2.054000000000000057e+02 3.770682208912262360e-41
2.160999999999999943e+02 1.016646513729356714e-41
2.273999999999999773e+02 3.392117567650256457e-46
2.391999999999999886e+02 1.142007695173864844e-46
2.516999999999999886e+02 8.458001679469048201e-52
2.647999999999999545e+02 3.304506721354871284e-52
2.785000000000000000e+02 4.946873982316596849e-58
2.930000000000000000e+02 2.178568199518631216e-58
3.083000000000000114e+02 5.856950779476435785e-65
3.244000000000000341e+02 2.804076341213970051e-65
3.411999999999999886e+02 1.020737459144484326e-72
3.590000000000000000e+02 5.261731288158807979e-73
3.776999999999999886e+02 6.602942286015996056e-75
3.973999999999999773e+02 1.108071868454995067e-81
4.181000000000000227e+02 1.408471060790826815e-82
4.398000000000000114e+02 2.773575118396305328e-91
4.626999999999999886e+02 6.149395555627842301e-92
4.868000000000000114e+02 5.445320381337040513e-102
5.122000000000000455e+02 1.606443723807731497e-102
5.387999999999999545e+02 5.756075594650726014e-114
5.668999999999999773e+02 2.059751784645277829e-114
5.964000000000000909e+02 2.304578263815749379e-127
6.275000000000000000e+02 9.448741047950745691e-128
6.601000000000000227e+02 3.408794127334924009e-142
6.945000000000000000e+02 1.552441008771134869e-142
7.307000000000000455e+02 8.143591527302446030e-159
7.687000000000000455e+02 4.028294508841341762e-159
8.087999999999999545e+02 2.835651576822217114e-177
8.508999999999999773e+02 1.496763877668560058e-177
8.952000000000000455e+02 8.791243728145323538e-179
9.417999999999999545e+02 3.686963488567559866e-198
9.908000000000000682e+02 6.118965187925431054e-199
1.042000000000000000e+03 4.498771860475689921e-221
1.097000000000000000e+03 1.102593656417391546e-221
1.154000000000000000e+03 1.092144405154872410e-246
1.214000000000000000e+03 3.493611318881940852e-247
1.277000000000000000e+03 3.560036038185293972e-275
1.344000000000000000e+03 1.333670531945854083e-275
1.414000000000000000e+03 6.434158163196001165e-307
1.487000000000000000e+03 2.772199039266268439e-307
1.565000000000000000e+03 0.000000000000000000e+00
1.646000000000000000e+03 0.000000000000000000e+00
1.732000000000000000e+03 0.000000000000000000e+00
1.822000000000000000e+03 0.000000000000000000e+00
1.917000000000000000e+03 0.000000000000000000e+00
2.017000000000000000e+03 0.000000000000000000e+00
2.122000000000000000e+03 0.000000000000000000e+00
2.232000000000000000e+03 0.000000000000000000e+00
2.348000000000000000e+03 0.000000000000000000e+00
2.470000000000000000e+03 0.000000000000000000e+00
2.599000000000000000e+03 0.000000000000000000e+00
2.734000000000000000e+03 0.000000000000000000e+00
2.877000000000000000e+03 0.000000000000000000e+00
3.027000000000000000e+03 0.000000000000000000e+00
3.184000000000000000e+03 0.000000000000000000e+00
3.350000000000000000e+03 0.000000000000000000e+00
3.524000000000000000e+03 0.000000000000000000e+00
3.708000000000000000e+03 0.000000000000000000e+00
3.901000000000000000e+03 0.000000000000000000e+00
4.104000000000000000e+03 0.000000000000000000e+00
4.318000000000000000e+03 0.000000000000000000e+00
4.543000000000000000e+03 0.000000000000000000e+00
4.779000000000000000e+03 0.000000000000000000e+00
5.028000000000000000e+03 0.000000000000000000e+00
5.290000000000000000e+03 0.000000000000000000e+00
5.565000000000000000e+03 0.000000000000000000e+00
5.855000000000000000e+03 0.000000000000000000e+00
6.160000000000000000e+03 0.000000000000000000e+00
6.481000000000000000e+03 0.000000000000000000e+00
6.818000000000000000e+03 0.000000000000000000e+00
7.173000000000000000e+03 0.000000000000000000e+00
7.547000000000000000e+03 0.000000000000000000e+00
7.940000000000000000e+03 0.000000000000000000e+00
8.353000000000000000e+03 0.000000000000000000e+00
8.788000000000000000e+03 0.000000000000000000e+00
9.246000000000000000e+03 0.000000000000000000e+00
9.727000000000000000e+03 0.000000000000000000e+00
1.023000000000000000e+04 0.000000000000000000e+00
1.077000000000000000e+04 0.000000000000000000e+00
1.133000000000000000e+04 0.000000000000000000e+00
1.192000000000000000e+04 0.000000000000000000e+00
1.254000000000000000e+04 0.000000000000000000e+00
1.319000000000000000e+04 0.000000000000000000e+00
1.388000000000000000e+04 0.000000000000000000e+00
1.460000000000000000e+04 0.000000000000000000e+00
1.536000000000000000e+04 0.000000000000000000e+00
1.616000000000000000e+04 0.000000000000000000e+00
1.700000000000000000e+04 0.000000000000000000e+00
1.789000000000000000e+04 0.000000000000000000e+00
1.882000000000000000e+04 0.000000000000000000e+00
1.980000000000000000e+04 0.000000000000000000e+00
2.083000000000000000e+04 0.000000000000000000e+00
2.191000000000000000e+04 0.000000000000000000e+00
2.305000000000000000e+04 0.000000000000000000e+00
2.425000000000000000e+04 0.000000000000000000e+00
2.552000000000000000e+04 0.000000000000000000e+00
2.684000000000000000e+04 0.000000000000000000e+00
2.824000000000000000e+04 0.000000000000000000e+00
2.971000000000000000e+04 0.000000000000000000e+00
3.126000000000000000e+04 0.000000000000000000e+00
3.289000000000000000e+04 0.000000000000000000e+00
3.460000000000000000e+04 0.000000000000000000e+00
3.640000000000000000e+04 0.000000000000000000e+00
3.830000000000000000e+04 0.000000000000000000e+00
4.029000000000000000e+04 0.000000000000000000e+00
4.239000000000000000e+04 0.000000000000000000e+00
4.460000000000000000e+04 0.000000000000000000e+00
4.692000000000000000e+04 0.000000000000000000e+00
4.936000000000000000e+04 0.000000000000000000e+00
5.193000000000000000e+04 0.000000000000000000e+00
5.464000000000000000e+04 0.000000000000000000e+00
5.748000000000000000e+04 0.000000000000000000e+00
6.047000000000000000e+04 0.000000000000000000e+00
6.362000000000000000e+04 0.000000000000000000e+00
6.693000000000000000e+04 0.000000000000000000e+00
7.042000000000000000e+04 0.000000000000000000e+00
7.409000000000000000e+04 0.000000000000000000e+00
7.794000000000000000e+04 0.000000000000000000e+00
8.200000000000000000e+04 0.000000000000000000e+00
8.627000000000000000e+04 0.000000000000000000e+00
9.076000000000000000e+04 0.000000000000000000e+00
9.549000000000000000e+04 0.000000000000000000e+00
1.005000000000000000e+05 0.000000000000000000e+00
1.057000000000000000e+05 0.000000000000000000e+00
1.112000000000000000e+05 0.000000000000000000e+00
1.170000000000000000e+05 0.000000000000000000e+00
1.231000000000000000e+05 0.000000000000000000e+00
1.295000000000000000e+05 0.000000000000000000e+00
1.362000000000000000e+05 0.000000000000000000e+00
1.433000000000000000e+05 0.000000000000000000e+00
1.508000000000000000e+05 0.000000000000000000e+00
1.586000000000000000e+05 0.000000000000000000e+00
1.669000000000000000e+05 0.000000000000000000e+00
1.756000000000000000e+05 0.000000000000000000e+00
1.847000000000000000e+05 0.000000000000000000e+00
1.943000000000000000e+05 0.000000000000000000e+00
2.045000000000000000e+05 0.000000000000000000e+00
2.151000000000000000e+05 0.000000000000000000e+00
2.263000000000000000e+05 0.000000000000000000e+00
2.381000000000000000e+05 0.000000000000000000e+00
2.505000000000000000e+05 0.000000000000000000e+00
2.635000000000000000e+05 0.000000000000000000e+00
2.773000000000000000e+05 0.000000000000000000e+00
2.917000000000000000e+05 0.000000000000000000e+00
3.069000000000000000e+05 0.000000000000000000e+00
3.229000000000000000e+05 0.000000000000000000e+00
3.397000000000000000e+05 0.000000000000000000e+00
3.574000000000000000e+05 0.000000000000000000e+00
3.760000000000000000e+05 0.000000000000000000e+00
3.955000000000000000e+05 0.000000000000000000e+00
4.161000000000000000e+05 0.000000000000000000e+00
4.378000000000000000e+05 0.000000000000000000e+00
4.606000000000000000e+05 0.000000000000000000e+00
4.846000000000000000e+05 0.000000000000000000e+00
5.098000000000000000e+05 0.000000000000000000e+00
5.364000000000000000e+05 0.000000000000000000e+00
5.643000000000000000e+05 0.000000000000000000e+00
5.937000000000000000e+05 0.000000000000000000e+00
6.246000000000000000e+05 0.000000000000000000e+00
6.571000000000000000e+05 0.000000000000000000e+00
6.913000000000000000e+05 0.000000000000000000e+00
7.273000000000000000e+05 0.000000000000000000e+00
7.652000000000000000e+05 0.000000000000000000e+00
8.050000000000000000e+05 0.000000000000000000e+00
8.469000000000000000e+05 0.000000000000000000e+00
8.910000000000000000e+05 0.000000000000000000e+00
9.374000000000000000e+05 0.000000000000000000e+00
9.863000000000000000e+05 0.000000000000000000e+00
1.038000000000000000e+06 0.000000000000000000e+00
1.092000000000000000e+06 0.000000000000000000e+00
1.148000000000000000e+06 0.000000000000000000e+00
1.208000000000000000e+06 0.000000000000000000e+00
1.271000000000000000e+06 0.000000000000000000e+00
1.337000000000000000e+06 0.000000000000000000e+00
1.407000000000000000e+06 0.000000000000000000e+00
1.480000000000000000e+06 0.000000000000000000e+00
1.557000000000000000e+06 0.000000000000000000e+00
1.638000000000000000e+06 0.000000000000000000e+00
1.724000000000000000e+06 0.000000000000000000e+00
1.814000000000000000e+06 0.000000000000000000e+00
1.908000000000000000e+06 0.000000000000000000e+00
2.007000000000000000e+06 0.000000000000000000e+00
2.112000000000000000e+06 0.000000000000000000e+00
2.222000000000000000e+06 0.000000000000000000e+00
2.337000000000000000e+06 0.000000000000000000e+00
2.459000000000000000e+06 0.000000000000000000e+00
2.587000000000000000e+06 0.000000000000000000e+00
2.722000000000000000e+06 0.000000000000000000e+00
2.864000000000000000e+06 0.000000000000000000e+00
3.013000000000000000e+06 0.000000000000000000e+00
3.170000000000000000e+06 0.000000000000000000e+00
3.335000000000000000e+06 0.000000000000000000e+00
3.508000000000000000e+06 0.000000000000000000e+00
3.691000000000000000e+06 0.000000000000000000e+00
3.883000000000000000e+06 0.000000000000000000e+00
4.085000000000000000e+06 0.000000000000000000e+00
4.298000000000000000e+06 0.000000000000000000e+00
4.522000000000000000e+06 0.000000000000000000e+00
4.757000000000000000e+06 0.000000000000000000e+00
5.005000000000000000e+06 0.000000000000000000e+00
5.266000000000000000e+06 0.000000000000000000e+00
5.540000000000000000e+06 0.000000000000000000e+00
5.828000000000000000e+06 0.000000000000000000e+00
6.132000000000000000e+06 0.000000000000000000e+00
6.451000000000000000e+06 0.000000000000000000e+00
6.787000000000000000e+06 0.000000000000000000e+00
7.140000000000000000e+06 0.000000000000000000e+00
7.512000000000000000e+06 0.000000000000000000e+00
7.903000000000000000e+06 0.000000000000000000e+00
8.315000000000000000e+06 0.000000000000000000e+00
8.748000000000000000e+06 0.000000000000000000e+00
9.203000000000000000e+06 0.000000000000000000e+00
9.682000000000000000e+06 0.000000000000000000e+00
1.019000000000000000e+07 0.000000000000000000e+00
1.072000000000000000e+07 0.000000000000000000e+00
1.127000000000000000e+07 0.000000000000000000e+00
1.186000000000000000e+07 0.000000000000000000e+00
1.248000000000000000e+07 0.000000000000000000e+00
1.313000000000000000e+07 0.000000000000000000e+00
1.381000000000000000e+07 0.000000000000000000e+00
1.453000000000000000e+07 0.000000000000000000e+00
1.529000000000000000e+07 0.000000000000000000e+00
1.608000000000000000e+07 0.000000000000000000e+00
1.692000000000000000e+07 0.000000000000000000e+00
1.780000000000000000e+07 0.000000000000000000e+00
1.873000000000000000e+07 0.000000000000000000e+00
1.971000000000000000e+07 0.000000000000000000e+00
2.073000000000000000e+07 0.000000000000000000e+00
2.181000000000000000e+07 0.000000000000000000e+00
2.295000000000000000e+07 0.000000000000000000e+00
2.414000000000000000e+07 0.000000000000000000e+00
2.540000000000000000e+07 0.000000000000000000e+00
2.672000000000000000e+07 0.000000000000000000e+00
2.811000000000000000e+07 0.000000000000000000e+00
2.958000000000000000e+07 0.000000000000000000e+00
3.112000000000000000e+07 0.000000000000000000e+00
3.274000000000000000e+07 0.000000000000000000e+00
3.444000000000000000e+07 0.000000000000000000e+00
3.623000000000000000e+07 0.000000000000000000e+00
3.812000000000000000e+07 0.000000000000000000e+00
4.011000000000000000e+07 0.000000000000000000e+00
4.219000000000000000e+07 0.000000000000000000e+00
4.439000000000000000e+07 0.000000000000000000e+00
4.670000000000000000e+07 0.000000000000000000e+00
4.913000000000000000e+07 0.000000000000000000e+00
5.169000000000000000e+07 0.000000000000000000e+00
5.438000000000000000e+07 0.000000000000000000e+00
5.722000000000000000e+07 0.000000000000000000e+00
6.019000000000000000e+07 0.000000000000000000e+00
6.333000000000000000e+07 0.000000000000000000e+00
6.663000000000000000e+07 0.000000000000000000e+00
7.010000000000000000e+07 0.000000000000000000e+00
7.375000000000000000e+07 0.000000000000000000e+00
7.759000000000000000e+07 0.000000000000000000e+00
8.163000000000000000e+07 0.000000000000000000e+00
8.588000000000000000e+07 0.000000000000000000e+00
9.035000000000000000e+07 0.000000000000000000e+00
9.505000000000000000e+07 0.000000000000000000e+00
1.000000000000000000e+08 0.000000000000000000e+00
