1.000000000000000021e-03 5.428249432187774914e+01
1.051999999999999984e-03 5.203789842499270435e+01
1.106999999999999911e-03 4.933036926139610046e+01
1.163999999999999887e-03 4.738868787023136520e+01
1.224999999999999960e-03 4.499358118091396364e+01
1.288999999999999998e-03 4.331146805546069345e+01
1.356000000000000000e-03 4.138592642765037510e+01
1.427000000000000100e-03 3.987839177146570790e+01
1.500999999999999947e-03 3.837740555561276068e+01
1.579000000000000108e-03 3.708591997271901874e+01
1.661000000000000150e-03 3.595196061387164121e+01
1.747999999999999988e-03 3.488295258427814360e+01
1.839000000000000140e-03 3.409476263648038241e+01
1.935000000000000088e-03 3.327596112810914519e+01
2.034999999999999917e-03 3.271329326677461324e+01
2.141000000000000108e-03 3.211044744086719049e+01
2.252999999999999794e-03 3.176119895462854004e+01
2.370000000000000145e-03 3.134675833029089276e+01
2.492999999999999990e-03 3.115435579388390863e+01
2.623000000000000331e-03 3.091216871997627180e+01
2.759999999999999867e-03 3.082330013610575747e+01
2.903999999999999897e-03 3.073997729158624992e+01
3.054999999999999990e-03 3.075083675444121667e+01
3.213999999999999843e-03 3.079757371272060595e+01
3.380999999999999891e-03 3.082658220575167718e+01
3.556999999999999832e-03 3.099861872150641773e+01
3.742000000000000100e-03 3.105639427317864687e+01
3.936999999999999528e-03 3.127317387848112418e+01
4.142000000000000716e-03 3.139796622414887395e+01
4.357999999999999895e-03 3.160902516193683098e+01
4.585000000000000533e-03 3.176895379507690365e+01
4.824000000000000163e-03 3.199189289279225790e+01
5.074999999999999650e-03 3.215803295259758698e+01
5.338999999999999996e-03 3.234771532407403782e+01
5.616999999999999597e-03 3.252155302576579743e+01
5.908999999999999322e-03 3.269094846045308600e+01
6.217000000000000304e-03 3.285473988683533264e+01
6.540999999999999939e-03 3.298374099368355417e+01
6.880999999999999964e-03 3.314218647898448467e+01
7.239999999999999908e-03 3.321811991682156417e+01
7.617000000000000506e-03 3.335134427232937071e+01
8.012999999999999290e-03 3.338672159753465252e+01
8.429999999999999993e-03 3.346100298116681415e+01
8.868999999999998413e-03 3.346181217874939762e+01
9.330999999999999017e-03 3.347986639770595474e+01
9.816999999999999338e-03 3.347214595998013920e+01
1.032999999999999891e-02 3.342340775173866518e+01
1.086999999999999945e-02 3.335829078867924835e+01
1.143000000000000092e-02 3.326513290728443195e+01
1.203000000000000076e-02 3.315208508188848668e+01
1.264999999999999979e-02 3.301324269218137886e+01
1.330999999999999892e-02 3.283956213225133069e+01
1.400999999999999988e-02 3.263326328076154681e+01
1.473000000000000004e-02 3.241813943424178035e+01
1.549999999999999989e-02 3.217665725426515166e+01
1.631000000000000158e-02 3.191716253391408031e+01
1.715999999999999817e-02 3.162559717372764467e+01
1.805000000000000007e-02 3.131181783597939727e+01
1.898999999999999994e-02 3.097507303975573478e+01
1.997999999999999776e-02 3.061158678258207289e+01
2.101999999999999702e-02 3.024539862679068136e+01
2.212000000000000077e-02 2.981989660359485939e+01
2.326999999999999902e-02 2.942964930485998210e+01
2.447999999999999829e-02 2.897951846015096677e+01
2.574999999999999858e-02 2.854767822221517193e+01
2.708999999999999950e-02 2.806031022577530365e+01
2.850000000000000103e-02 2.759510911594076532e+01
2.998999999999999930e-02 2.708197016018891290e+01
3.155000000000000165e-02 2.658891623726520592e+01
3.318999999999999728e-02 2.605454292198346522e+01
3.491999999999999965e-02 2.553256518309829914e+01
3.673999999999999488e-02 2.499066212080762739e+01
3.864999999999999686e-02 2.444576722118524259e+01
4.066000000000000170e-02 2.390866864683944826e+01
4.277999999999999858e-02 2.333839854114001255e+01
4.500999999999999446e-02 2.279104274933161989e+01
4.734999999999999626e-02 2.220358889884438014e+01
4.982000000000000317e-02 2.166078885186976422e+01
5.240999999999999825e-02 2.107778920888739194e+01
5.513999999999999457e-02 2.053358943115809510e+01
5.800999999999999907e-02 1.996676271125662794e+01
6.102999999999999398e-02 1.942364510193236526e+01
6.421000000000000318e-02 1.887183799727597844e+01
6.755999999999999506e-02 1.833431748952778761e+01
7.106999999999999429e-02 1.780095035089473043e+01
7.477000000000000313e-02 1.726912900825023556e+01
7.867000000000000381e-02 1.675607364497528096e+01
8.276000000000000023e-02 1.624179079671344184e+01
8.707000000000000850e-02 1.576383312486345289e+01
9.160999999999999699e-02 1.527261748816790998e+01
9.637999999999999345e-02 1.482597180038450091e+01
1.014000000000000040e-01 1.436493877953292753e+01
1.067000000000000032e-01 1.394127962661113429e+01
1.122000000000000081e-01 1.351028463013801328e+01
1.180999999999999966e-01 1.311057590557414443e+01
1.242000000000000048e-01 1.271878520630553133e+01
1.307000000000000106e-01 1.234969788319354222e+01
1.375000000000000111e-01 1.200441708357111814e+01
1.446999999999999953e-01 1.167252329310970360e+01
1.522000000000000020e-01 1.137286213659074008e+01
1.600999999999999923e-01 1.107638277475424893e+01
1.683999999999999941e-01 1.081482141297062860e+01
1.771999999999999964e-01 1.054499714462792248e+01
1.864000000000000101e-01 1.031420304754417039e+01
1.960999999999999965e-01 1.008399471743897990e+01
2.064000000000000001e-01 9.886459928024025956e+00
2.170999999999999874e-01 9.708049142968569356e+00
2.283999999999999919e-01 9.550282552696826244e+00
2.403000000000000136e-01 9.417183364367575749e+00
2.528000000000000247e-01 9.288922988122241264e+00
2.660000000000000142e-01 9.191260039622310529e+00
2.798000000000000487e-01 9.085025936504649735e+00
2.943999999999999950e-01 9.017194314334124883e+00
3.096999999999999753e-01 8.944128543625748051e+00
3.259000000000000230e-01 8.910140835685311345e+00
3.427999999999999936e-01 8.885528125000451638e+00
3.606999999999999651e-01 8.883575780725537996e+00
3.795000000000000040e-01 8.902364586295323789e+00
3.991999999999999993e-01 8.919515470681727010e+00
4.200000000000000400e-01 8.964727417551859645e+00
4.419000000000000150e-01 8.991811065596813535e+00
4.649000000000000354e-01 9.054446570905243519e+00
4.891000000000000347e-01 9.105737774525776373e+00
5.144999999999999574e-01 9.191688869514710092e+00
5.413000000000000034e-01 9.284519629659595097e+00
5.695000000000000062e-01 9.394649216932823066e+00
5.992000000000000659e-01 9.521610886588952383e+00
6.304000000000000714e-01 9.639359802067446026e+00
6.632000000000000117e-01 9.778562593808835857e+00
6.976999999999999869e-01 9.892067445444382656e+00
7.340999999999999748e-01 1.003023604490535803e+01
7.722999999999999865e-01 1.015746557697001506e+01
8.125000000000000000e-01 1.030480800668925845e+01
8.548000000000000043e-01 1.046570098659864456e+01
8.992999999999999883e-01 1.062636511071928958e+01
9.460999999999999410e-01 1.080998914662268362e+01
9.954000000000000625e-01 1.096548326105564719e+01
1.046999999999999931e+00 1.114107766878579042e+01
1.101999999999999869e+00 1.127917161855077133e+01
1.159000000000000030e+00 1.142725377193516323e+01
1.219000000000000083e+00 1.156435467677409257e+01
1.283000000000000140e+00 1.170296260395304699e+01
1.350000000000000089e+00 1.186404891487202207e+01
1.419999999999999929e+00 1.200153888305365868e+01
1.493999999999999995e+00 1.216841472855662865e+01
1.572000000000000064e+00 1.228752662761399783e+01
1.654000000000000137e+00 1.241790336719597221e+01
1.739999999999999991e+00 1.249952942229662511e+01
1.830000000000000071e+00 1.256143029880526640e+01
1.925999999999999934e+00 1.262636447465367695e+01
2.025999999999999801e+00 1.264628899681310159e+01
2.131000000000000227e+00 1.271503574740283682e+01
2.241999999999999993e+00 1.271676907242360421e+01
2.358999999999999986e+00 1.276232603188684323e+01
2.481999999999999762e+00 1.272800853590187664e+01
2.611000000000000210e+00 1.268727668934557151e+01
2.746999999999999886e+00 1.258715676287491547e+01
2.890000000000000124e+00 1.241521211121118995e+01
3.040999999999999925e+00 1.224449809033016656e+01
3.198999999999999844e+00 1.198870537524105373e+01
3.366000000000000103e+00 1.175695049888573784e+01
3.540999999999999925e+00 1.146089609337201054e+01
3.725000000000000089e+00 1.114019421296865531e+01
3.918999999999999595e+00 1.076978014976409348e+01
4.123000000000000220e+00 1.029537258589801496e+01
4.338000000000000078e+00 9.785959186739560778e+00
4.564000000000000057e+00 9.131612779599141305e+00
4.801000000000000156e+00 8.472899746842234237e+00
5.051000000000000156e+00 7.741543049943587107e+00
5.314000000000000057e+00 7.038193723377245803e+00
5.590999999999999304e+00 6.373088971758587462e+00
5.881999999999999673e+00 5.755678070187361328e+00
6.187999999999999723e+00 5.223532044349031622e+00
6.511000000000000121e+00 4.718723571837276864e+00
6.850000000000000533e+00 4.286525550891784775e+00
7.205999999999999517e+00 3.849419728056957979e+00
7.581999999999999851e+00 3.428955900058273443e+00
7.976000000000000867e+00 2.981030279240101777e+00
8.391999999999999460e+00 2.543366141939053193e+00
8.829000000000000625e+00 2.098076286737406093e+00
9.288000000000000256e+00 1.684235981060391296e+00
9.772000000000000242e+00 1.320000104799220253e+00
1.027999999999999936e+01 9.865996555805107704e-01
1.082000000000000028e+01 7.475380924373400404e-01
1.137999999999999901e+01 5.255871650722063748e-01
1.196999999999999886e+01 4.000774616543001372e-01
1.259999999999999964e+01 2.767829828432852857e-01
1.325000000000000000e+01 2.122442103466708474e-01
1.393999999999999950e+01 1.522418800490896729e-01
1.466999999999999993e+01 1.133974958635206587e-01
1.542999999999999972e+01 8.054870593462148953e-02
1.623000000000000043e+01 5.635615676102057048e-02
1.708000000000000185e+01 3.650703971784385882e-02
1.796999999999999886e+01 2.257294572082241269e-02
1.889999999999999858e+01 1.376781893588435723e-02
1.989000000000000057e+01 7.414391609197323874e-03
2.092000000000000171e+01 4.599007224189530230e-03
2.200999999999999801e+01 2.356780201329511382e-03
2.316000000000000014e+01 1.451952351259569451e-03
2.437000000000000099e+01 6.771632619476872228e-04
2.562999999999999901e+01 3.984566671915348163e-04
2.697000000000000242e+01 1.437675297300163024e-04
2.837000000000000099e+01 8.560771346848971425e-05
2.985000000000000142e+01 3.172642548361550435e-05
3.139999999999999858e+01 1.582613467826705402e-05
3.303999999999999915e+01 6.129329868182311399e-06
3.475999999999999801e+01 2.465010218897069425e-06
3.657000000000000028e+01 9.364805811133220187e-07
3.846999999999999886e+01 2.722142272366243261e-07
4.048000000000000398e+01 1.093276539430282465e-07
4.259000000000000341e+01 2.535896268946936412e-08
4.479999999999999716e+01 1.036454656275711761e-08
4.714000000000000057e+01 1.630596667860531247e-09
4.959000000000000341e+01 6.795408957714636584e-10
5.217000000000000171e+01 7.387410319210232776e-11
5.489000000000000057e+01 3.132454746608651862e-11
5.775000000000000000e+01 2.371549838326661034e-12
6.075000000000000000e+01 1.080146668584115040e-12
6.392000000000000171e+01 9.379246875334119433e-14
6.723999999999999488e+01 2.423003069838120583e-14
7.075000000000000000e+01 3.906011044523055041e-15
7.442999999999999261e+01 3.535700389258498530e-16
7.829999999999999716e+01 7.301293544043153645e-17
8.237999999999999545e+01 2.447254713563393984e-18
8.667000000000000171e+01 5.969303207187082546e-19
9.117999999999999261e+01 1.260671662946617673e-20
9.593000000000000682e+01 3.243871261219226697e-21
1.009000000000000057e+02 2.464457127825094056e-23
1.062000000000000028e+02 6.532823955246505911e-24
1.116999999999999886e+02 3.325265646537896016e-26
1.175000000000000000e+02 9.862635869873783810e-27
1.236000000000000085e+02 1.761563659686403703e-29
1.300999999999999943e+02 4.858974458546240178e-30
1.369000000000000057e+02 4.094371031422581073e-33
1.440000000000000000e+02 1.887252717894516165e-33
1.515000000000000000e+02 1.135555775471061809e-34
1.593999999999999773e+02 2.123521631264050712e-37
1.676999999999999886e+02 2.086743347047985918e-38
1.764000000000000057e+02 6.605518600465457172e-42
1.855999999999999943e+02 8.111627952624404853e-43
1.952000000000000171e+02 6.118371864692128221e-47
2.054000000000000057e+02 8.350940229706321950e-48
2.160999999999999943e+02 1.538149357301316263e-52
2.273999999999999773e+02 2.049056487749265270e-53
2.391999999999999886e+02 9.029206229721650296e-59
2.516999999999999886e+02 1.069313880918254072e-59
2.647999999999999545e+02 1.075669783699352202e-65
2.785000000000000000e+02 1.398570184290367581e-66
2.930000000000000000e+02 1.768687320083342259e-73
3.083000000000000114e+02 7.096548015552463384e-74
3.244000000000000341e+02 3.283219958647941231e-76
3.411999999999999886e+02 1.838905882624878869e-82
3.590000000000000000e+02 5.237539309049550127e-84
3.776999999999999886e+02 0.000000000000000000e+00
3.973999999999999773e+02 1.578661266802209276e-93
4.181000000000000227e+02 0.000000000000000000e+00
4.398000000000000114e+02 3.537172398291570966e-104
4.626999999999999886e+02 0.000000000000000000e+00
4.868000000000000114e+02 3.251737979060675567e-116
5.122000000000000455e+02 0.000000000000000000e+00
5.387999999999999545e+02 1.442652909029021216e-129
5.668999999999999773e+02 0.000000000000000000e+00
5.964000000000000909e+02 0.000000000000000000e+00
6.275000000000000000e+02 0.000000000000000000e+00
6.601000000000000227e+02 0.000000000000000000e+00
6.945000000000000000e+02 0.000000000000000000e+00
7.307000000000000455e+02 0.000000000000000000e+00
7.687000000000000455e+02 0.000000000000000000e+00
8.087999999999999545e+02 0.000000000000000000e+00
8.508999999999999773e+02 0.000000000000000000e+00
8.952000000000000455e+02 0.000000000000000000e+00
9.417999999999999545e+02 0.000000000000000000e+00
9.908000000000000682e+02 0.000000000000000000e+00
1.042000000000000000e+03 0.000000000000000000e+00
1.097000000000000000e+03 0.000000000000000000e+00
1.154000000000000000e+03 0.000000000000000000e+00
1.214000000000000000e+03 0.000000000000000000e+00
1.277000000000000000e+03 0.000000000000000000e+00
1.344000000000000000e+03 0.000000000000000000e+00
1.414000000000000000e+03 0.000000000000000000e+00
1.487000000000000000e+03 0.000000000000000000e+00
1.565000000000000000e+03 0.000000000000000000e+00
1.646000000000000000e+03 0.000000000000000000e+00
1.732000000000000000e+03 0.000000000000000000e+00
1.822000000000000000e+03 0.000000000000000000e+00
1.917000000000000000e+03 0.000000000000000000e+00
2.017000000000000000e+03 0.000000000000000000e+00
2.122000000000000000e+03 0.000000000000000000e+00
2.232000000000000000e+03 0.000000000000000000e+00
2.348000000000000000e+03 0.000000000000000000e+00
2.470000000000000000e+03 0.000000000000000000e+00
2.599000000000000000e+03 0.000000000000000000e+00
2.734000000000000000e+03 0.000000000000000000e+00
2.877000000000000000e+03 0.000000000000000000e+00
3.027000000000000000e+03 0.000000000000000000e+00
3.184000000000000000e+03 0.000000000000000000e+00
3.350000000000000000e+03 0.000000000000000000e+00
3.524000000000000000e+03 0.000000000000000000e+00
3.708000000000000000e+03 0.000000000000000000e+00
3.901000000000000000e+03 0.000000000000000000e+00
4.104000000000000000e+03 0.000000000000000000e+00
4.318000000000000000e+03 0.000000000000000000e+00
4.543000000000000000e+03 0.000000000000000000e+00
4.779000000000000000e+03 0.000000000000000000e+00
5.028000000000000000e+03 0.000000000000000000e+00
5.290000000000000000e+03 0.000000000000000000e+00
5.565000000000000000e+03 0.000000000000000000e+00
5.855000000000000000e+03 0.000000000000000000e+00
6.160000000000000000e+03 0.000000000000000000e+00
6.481000000000000000e+03 0.000000000000000000e+00
6.818000000000000000e+03 0.000000000000000000e+00
7.173000000000000000e+03 0.000000000000000000e+00
7.547000000000000000e+03 0.000000000000000000e+00
7.940000000000000000e+03 0.000000000000000000e+00
8.353000000000000000e+03 0.000000000000000000e+00
8.788000000000000000e+03 0.000000000000000000e+00
9.246000000000000000e+03 0.000000000000000000e+00
9.727000000000000000e+03 0.000000000000000000e+00
1.023000000000000000e+04 0.000000000000000000e+00
1.077000000000000000e+04 0.000000000000000000e+00
1.133000000000000000e+04 0.000000000000000000e+00
1.192000000000000000e+04 0.000000000000000000e+00
1.254000000000000000e+04 0.000000000000000000e+00
1.319000000000000000e+04 0.000000000000000000e+00
1.388000000000000000e+04 0.000000000000000000e+00
1.460000000000000000e+04 0.000000000000000000e+00
1.536000000000000000e+04 0.000000000000000000e+00
1.616000000000000000e+04 0.000000000000000000e+00
1.700000000000000000e+04 0.000000000000000000e+00
1.789000000000000000e+04 0.000000000000000000e+00
1.882000000000000000e+04 0.000000000000000000e+00
1.980000000000000000e+04 0.000000000000000000e+00
2.083000000000000000e+04 0.000000000000000000e+00
2.191000000000000000e+04 0.000000000000000000e+00
2.305000000000000000e+04 0.000000000000000000e+00
2.425000000000000000e+04 0.000000000000000000e+00
2.552000000000000000e+04 0.000000000000000000e+00
2.684000000000000000e+04 0.000000000000000000e+00
2.824000000000000000e+04 0.000000000000000000e+00
2.971000000000000000e+04 0.000000000000000000e+00
3.126000000000000000e+04 0.000000000000000000e+00
3.289000000000000000e+04 0.000000000000000000e+00
3.460000000000000000e+04 0.000000000000000000e+00
3.640000000000000000e+04 0.000000000000000000e+00
3.830000000000000000e+04 0.000000000000000000e+00
4.029000000000000000e+04 0.000000000000000000e+00
4.239000000000000000e+04 0.000000000000000000e+00
4.460000000000000000e+04 0.000000000000000000e+00
4.692000000000000000e+04 0.000000000000000000e+00
4.936000000000000000e+04 0.000000000000000000e+00
5.193000000000000000e+04 0.000000000000000000e+00
5.464000000000000000e+04 0.000000000000000000e+00
5.748000000000000000e+04 0.000000000000000000e+00
6.047000000000000000e+04 0.000000000000000000e+00
6.362000000000000000e+04 0.000000000000000000e+00
6.693000000000000000e+04 0.000000000000000000e+00
7.042000000000000000e+04 0.000000000000000000e+00
7.409000000000000000e+04 0.000000000000000000e+00
7.794000000000000000e+04 0.000000000000000000e+00
8.200000000000000000e+04 0.000000000000000000e+00
8.627000000000000000e+04 0.000000000000000000e+00
9.076000000000000000e+04 0.000000000000000000e+00
9.549000000000000000e+04 0.000000000000000000e+00
1.005000000000000000e+05 0.000000000000000000e+00
1.057000000000000000e+05 0.000000000000000000e+00
1.112000000000000000e+05 0.000000000000000000e+00
1.170000000000000000e+05 0.000000000000000000e+00
1.231000000000000000e+05 0.000000000000000000e+00
1.295000000000000000e+05 0.000000000000000000e+00
1.362000000000000000e+05 0.000000000000000000e+00
1.433000000000000000e+05 0.000000000000000000e+00
1.508000000000000000e+05 0.000000000000000000e+00
1.586000000000000000e+05 0.000000000000000000e+00
1.669000000000000000e+05 0.000000000000000000e+00
1.756000000000000000e+05 0.000000000000000000e+00
1.847000000000000000e+05 0.000000000000000000e+00
1.943000000000000000e+05 0.000000000000000000e+00
2.045000000000000000e+05 0.000000000000000000e+00
2.151000000000000000e+05 0.000000000000000000e+00
2.263000000000000000e+05 0.000000000000000000e+00
2.381000000000000000e+05 0.000000000000000000e+00
2.505000000000000000e+05 0.000000000000000000e+00
2.635000000000000000e+05 0.000000000000000000e+00
2.773000000000000000e+05 0.000000000000000000e+00
2.917000000000000000e+05 0.000000000000000000e+00
3.069000000000000000e+05 0.000000000000000000e+00
3.229000000000000000e+05 0.000000000000000000e+00
3.397000000000000000e+05 0.000000000000000000e+00
3.574000000000000000e+05 0.000000000000000000e+00
3.760000000000000000e+05 0.000000000000000000e+00
3.955000000000000000e+05 0.000000000000000000e+00
4.161000000000000000e+05 0.000000000000000000e+00
4.378000000000000000e+05 0.000000000000000000e+00
4.606000000000000000e+05 0.000000000000000000e+00
4.846000000000000000e+05 0.000000000000000000e+00
5.098000000000000000e+05 0.000000000000000000e+00
5.364000000000000000e+05 0.000000000000000000e+00
5.643000000000000000e+05 0.000000000000000000e+00
5.937000000000000000e+05 0.000000000000000000e+00
6.246000000000000000e+05 0.000000000000000000e+00
6.571000000000000000e+05 0.000000000000000000e+00
6.913000000000000000e+05 0.000000000000000000e+00
7.273000000000000000e+05 0.000000000000000000e+00
7.652000000000000000e+05 0.000000000000000000e+00
8.050000000000000000e+05 0.000000000000000000e+00
8.469000000000000000e+05 0.000000000000000000e+00
8.910000000000000000e+05 0.000000000000000000e+00
9.374000000000000000e+05 0.000000000000000000e+00
9.863000000000000000e+05 0.000000000000000000e+00
1.038000000000000000e+06 0.000000000000000000e+00
1.092000000000000000e+06 0.000000000000000000e+00
1.148000000000000000e+06 0.000000000000000000e+00
1.208000000000000000e+06 0.000000000000000000e+00
1.271000000000000000e+06 0.000000000000000000e+00
1.337000000000000000e+06 0.000000000000000000e+00
1.407000000000000000e+06 0.000000000000000000e+00
1.480000000000000000e+06 0.000000000000000000e+00
1.557000000000000000e+06 0.000000000000000000e+00
1.638000000000000000e+06 0.000000000000000000e+00
1.724000000000000000e+06 0.000000000000000000e+00
1.814000000000000000e+06 0.000000000000000000e+00
1.908000000000000000e+06 0.000000000000000000e+00
2.007000000000000000e+06 0.000000000000000000e+00
2.112000000000000000e+06 0.000000000000000000e+00
2.222000000000000000e+06 0.000000000000000000e+00
2.337000000000000000e+06 0.000000000000000000e+00
2.459000000000000000e+06 0.000000000000000000e+00
2.587000000000000000e+06 0.000000000000000000e+00
2.722000000000000000e+06 0.000000000000000000e+00
2.864000000000000000e+06 0.000000000000000000e+00
3.013000000000000000e+06 0.000000000000000000e+00
3.170000000000000000e+06 0.000000000000000000e+00
3.335000000000000000e+06 0.000000000000000000e+00
3.508000000000000000e+06 0.000000000000000000e+00
3.691000000000000000e+06 0.000000000000000000e+00
3.883000000000000000e+06 0.000000000000000000e+00
4.085000000000000000e+06 0.000000000000000000e+00
4.298000000000000000e+06 0.000000000000000000e+00
4.522000000000000000e+06 0.000000000000000000e+00
4.757000000000000000e+06 0.000000000000000000e+00
5.005000000000000000e+06 0.000000000000000000e+00
5.266000000000000000e+06 0.000000000000000000e+00
5.540000000000000000e+06 0.000000000000000000e+00
5.828000000000000000e+06 0.000000000000000000e+00
6.132000000000000000e+06 0.000000000000000000e+00
6.451000000000000000e+06 0.000000000000000000e+00
6.787000000000000000e+06 0.000000000000000000e+00
7.140000000000000000e+06 0.000000000000000000e+00
7.512000000000000000e+06 0.000000000000000000e+00
7.903000000000000000e+06 0.000000000000000000e+00
8.315000000000000000e+06 0.000000000000000000e+00
8.748000000000000000e+06 0.000000000000000000e+00
9.203000000000000000e+06 0.000000000000000000e+00
9.682000000000000000e+06 0.000000000000000000e+00
1.019000000000000000e+07 0.000000000000000000e+00
1.072000000000000000e+07 0.000000000000000000e+00
1.127000000000000000e+07 0.000000000000000000e+00
1.186000000000000000e+07 0.000000000000000000e+00
1.248000000000000000e+07 0.000000000000000000e+00
1.313000000000000000e+07 0.000000000000000000e+00
1.381000000000000000e+07 0.000000000000000000e+00
1.453000000000000000e+07 0.000000000000000000e+00
1.529000000000000000e+07 0.000000000000000000e+00
1.608000000000000000e+07 0.000000000000000000e+00
1.692000000000000000e+07 0.000000000000000000e+00
1.780000000000000000e+07 0.000000000000000000e+00
1.873000000000000000e+07 0.000000000000000000e+00
1.971000000000000000e+07 0.000000000000000000e+00
2.073000000000000000e+07 0.000000000000000000e+00
2.181000000000000000e+07 0.000000000000000000e+00
2.295000000000000000e+07 0.000000000000000000e+00
2.414000000000000000e+07 0.000000000000000000e+00
2.540000000000000000e+07 0.000000000000000000e+00
2.672000000000000000e+07 0.000000000000000000e+00
2.811000000000000000e+07 0.000000000000000000e+00
2.958000000000000000e+07 0.000000000000000000e+00
3.112000000000000000e+07 0.000000000000000000e+00
3.274000000000000000e+07 0.000000000000000000e+00
3.444000000000000000e+07 0.000000000000000000e+00
3.623000000000000000e+07 0.000000000000000000e+00
3.812000000000000000e+07 0.000000000000000000e+00
4.011000000000000000e+07 0.000000000000000000e+00
4.219000000000000000e+07 0.000000000000000000e+00
4.439000000000000000e+07 0.000000000000000000e+00
4.670000000000000000e+07 0.000000000000000000e+00
4.913000000000000000e+07 0.000000000000000000e+00
5.169000000000000000e+07 0.000000000000000000e+00
5.438000000000000000e+07 0.000000000000000000e+00
5.722000000000000000e+07 0.000000000000000000e+00
6.019000000000000000e+07 0.000000000000000000e+00
6.333000000000000000e+07 0.000000000000000000e+00
6.663000000000000000e+07 0.000000000000000000e+00
7.010000000000000000e+07 0.000000000000000000e+00
7.375000000000000000e+07 0.000000000000000000e+00
7.759000000000000000e+07 0.000000000000000000e+00
8.163000000000000000e+07 0.000000000000000000e+00
8.588000000000000000e+07 0.000000000000000000e+00
9.035000000000000000e+07 0.000000000000000000e+00
9.505000000000000000e+07 0.000000000000000000e+00
1.000000000000000000e+08 0.000000000000000000e+00
