1.903427155601598031e+01 1.552258469696899277e+19
2.003427155601598031e+01 1.485924412387580518e+19
2.103427155601598031e+01 1.421594265801527091e+19
2.203427155601598031e+01 1.359791332205051904e+19
2.303427155601598031e+01 1.301084932466193408e+19
2.403427155601598031e+01 1.245007568543303066e+19
2.503427155601598031e+01 1.191877009519796224e+19
2.603427155601598031e+01 1.141423785478223053e+19
2.703427155601598031e+01 1.093475422411472486e+19
2.803427155601598031e+01 1.047979889837681459e+19
2.903427155601598031e+01 1.004699627825251123e+19
3.003427155601598031e+01 9.634537945274499072e+18
3.103427155601598031e+01 9.241070087604402176e+18
3.203427155601598031e+01 8.867453353449864192e+18
3.303427155601598031e+01 8.509963218611600384e+18
3.403427155601598031e+01 8.169852330157952000e+18
3.503427155601598031e+01 7.847337844909535232e+18
3.603427155601598031e+01 7.540730124304423936e+18
3.703427155601598031e+01 7.252178953697737728e+18
3.803427155601598031e+01 6.979054753258940416e+18
3.903427155601598031e+01 6.721627372823462912e+18
4.003427155601598031e+01 6.479356356552747008e+18
4.103427155601598031e+01 6.249434817627246592e+18
4.203427155601598031e+01 6.032604157845366784e+18
4.303427155601598031e+01 5.827668162351461376e+18
4.403427155601598031e+01 5.631868527521788928e+18
4.503427155601598031e+01 5.446370725769390080e+18
4.603427155601598031e+01 5.269291934666848256e+18
4.703427155601598031e+01 5.100319532031942656e+18
4.803427155601598031e+01 4.938870675286821888e+18
4.903427155601598031e+01 4.784386139486078976e+18
5.003427155601598031e+01 4.636682828011088896e+18
5.103427155601598031e+01 4.495211294024111616e+18
5.203427155601598031e+01 4.359583119977660928e+18
5.303427155601598031e+01 4.229599603635981312e+18
5.403427155601598031e+01 4.104967804353164288e+18
5.503427155601598031e+01 3.985458748151998464e+18
5.603427155601598031e+01 3.870708011520558592e+18
5.703427155601598031e+01 3.760609421352985088e+18
5.803427155601598031e+01 3.655081637446117888e+18
5.903427155601598031e+01 3.553718649214343680e+18
6.003427155601598031e+01 3.456599237323537920e+18
6.103427155601598031e+01 3.363348353716608512e+18
6.203427155601598031e+01 3.273905990414839808e+18
6.303427155601598031e+01 3.188129728502580736e+18
6.403427155601598031e+01 3.105512330610908672e+18
6.503427155601598031e+01 3.026206096529968128e+18
6.603427155601598031e+01 2.949995602318225408e+18
6.703427155601598031e+01 2.876307163391913472e+18
6.803427155601598031e+01 2.805423600535959040e+18
6.903427155601598031e+01 2.737181423067646464e+18
7.003427155601598031e+01 2.670889851012229120e+18
7.103427155601598031e+01 2.606981162455832064e+18
7.203427155601598031e+01 2.545368672973187072e+18
7.303427155601598031e+01 2.485293447370123776e+18
7.403427155601598031e+01 2.427256802215718912e+18
7.503427155601598031e+01 2.371251075714718720e+18
7.603427155601598031e+01 2.316526538206460928e+18
7.703427155601598031e+01 2.263563484394258432e+18
7.803427155601598031e+01 2.212411705353705984e+18
7.903427155601598031e+01 2.162333455949515776e+18
8.003427155601598031e+01 2.113779394362578944e+18
8.103427155601598031e+01 2.066859698102991104e+18
8.203427155601598031e+01 2.020953492278020096e+18
8.303427155601598031e+01 1.976397451588811264e+18
8.403427155601598031e+01 1.933317928668336384e+18
8.503427155601598031e+01 1.891251486127791616e+18
8.603427155601598031e+01 1.850404011054520064e+18
