4.999999999999999237e-03 5.378915656731447500e+14
9.999999999999998473e-03 5.341390067472014844e+13
1.499999999999999771e-02 8.304899095787380859e+12
1.999999999999999695e-02 1.642669664182084229e+12
2.499999999999999445e-02 3.821869723256369629e+11
2.999999999999999195e-02 9.851589341931448364e+10
3.499999999999999639e-02 2.698139588586756134e+10
3.999999999999999389e-02 7.693585720555822372e+09
4.499999999999999140e-02 2.263910867631576061e+09
4.999999999999998890e-02 6.807148153570485115e+08
5.499999999999998640e-02 2.063212661081050634e+08
5.999999999999999084e-02 6.340236139219725132e+07
6.499999999999998834e-02 1.846910550065676123e+07
6.999999999999999278e-02 5.215679440572567284e+06
7.499999999999999722e-02 1.322320319124989212e+06
7.999999999999998779e-02 2.676340218651537434e+05
8.499999999999999223e-02 3.426243914240214508e+04
8.999999999999999667e-02 1.399865399369316719e+03
