1.473707518796992133e+01 1.234378197409279680e+17
1.673707518796992133e+01 8.392273017759436800e+16
1.873707518796992133e+01 5.579406983002530400e+16
2.073707518796992133e+01 3.665342017882369600e+16
2.273707518796992133e+01 2.403837407234692400e+16
2.473707518796992133e+01 1.577613788815848600e+16
2.673707518796992133e+01 1.033107885074507000e+16
2.873707518796992133e+01 6.728937274155865000e+15
3.073707518796992133e+01 4.331822552925146000e+15
3.273707518796992133e+01 2.748776990267240000e+15
3.473707518796992133e+01 1.723164743740610750e+15
3.673707518796992133e+01 1.071489136929161875e+15
3.873707518796992133e+01 6.637364327289930000e+14
4.073707518796992133e+01 4.114782400669078750e+14
4.273707518796992133e+01 2.555175397512755625e+14
4.473707518796992133e+01 1.587037529589033438e+14
4.673707518796992133e+01 9.835490698807937500e+13
4.873707518796992133e+01 6.064957562726561719e+13
5.073707518796992133e+01 3.716160901713350000e+13
5.273707518796992133e+01 2.260962217108763672e+13
5.473707518796992133e+01 1.366042682113400000e+13
5.673707518796992133e+01 8.200716988228709961e+12
5.873707518796992133e+01 4.899403495201771484e+12
6.073707518796992133e+01 2.918188053620514648e+12
6.273707518796992133e+01 1.732789721578775391e+12
6.473707518796992133e+01 1.027428667288924805e+12
6.673707518796992133e+01 6.084027324479212646e+11
6.873707518796992133e+01 3.599520982227436523e+11
7.073707518796992133e+01 2.125794821975609436e+11
7.273707518796992133e+01 1.252859222327021790e+11
7.473707518796992133e+01 7.389047304696623230e+10
7.673707518796992133e+01 4.358581405883116150e+10
7.873707518796992133e+01 2.579953638501221848e+10
8.073707518796992133e+01 1.531211676294254494e+10
8.273707518796992133e+01 9.117353456620546341e+09
8.473707518796992133e+01 5.434999049810298920e+09
