4.999999999999999237e-03 2.883258155978932800e+16
9.999999999999998473e-03 1.322493483595308600e+16
1.499999999999999771e-02 7.478160849271054000e+15
1.999999999999999695e-02 4.645798698927555000e+15
2.499999999999999445e-02 3.048681475203356500e+15
2.999999999999999195e-02 2.076264080921066250e+15
3.499999999999999639e-02 1.454078937606672750e+15
3.999999999999999389e-02 1.041564674287525625e+15
4.499999999999999140e-02 7.604499171768391250e+14
4.999999999999998890e-02 5.644819236813636250e+14
5.499999999999998640e-02 4.251733713331883750e+14
5.999999999999999084e-02 3.244147436442908750e+14
6.499999999999998834e-02 2.503905443402661875e+14
6.999999999999999278e-02 1.952228151653362812e+14
7.499999999999999722e-02 1.536016183094655000e+14
7.999999999999998779e-02 1.218285324240624531e+14
8.499999999999999223e-02 9.732398558991485938e+13
8.999999999999999667e-02 7.824770129583351562e+13
