1.000000000000000021e-03 4.208438350003836169e+24
1.051999999999999984e-03 4.147324635738749192e+24
1.106999999999999911e-03 4.081574547538638375e+24
1.163999999999999887e-03 4.013845576993201157e+24
1.224999999999999960e-03 3.941918676577408124e+24
1.288999999999999998e-03 3.866615825252475875e+24
1.356000000000000000e-03 3.788745682261739563e+24
1.427000000000000100e-03 3.708080532076882309e+24
1.500999999999999947e-03 3.626417112832957250e+24
1.579000000000000108e-03 3.541942808050954962e+24
1.661000000000000150e-03 3.455274970658924982e+24
1.747999999999999988e-03 3.365796965591973592e+24
1.839000000000000140e-03 3.275289897388838484e+24
1.935000000000000088e-03 3.183090562382027202e+24
2.034999999999999917e-03 3.090819277059192317e+24
2.141000000000000108e-03 2.997315179025236859e+24
2.252999999999999794e-03 2.902048917566390633e+24
2.370000000000000145e-03 2.807024278210243258e+24
2.492999999999999990e-03 2.712424525684724227e+24
2.623000000000000331e-03 2.617527711822409267e+24
2.759999999999999867e-03 2.522063256311251778e+24
2.903999999999999897e-03 2.427114415239596375e+24
3.054999999999999990e-03 2.333197122889042683e+24
3.213999999999999843e-03 2.240051714710606860e+24
3.380999999999999891e-03 2.147867076930878151e+24
3.556999999999999832e-03 2.056572138870887374e+24
3.742000000000000100e-03 1.966774840687433869e+24
3.936999999999999528e-03 1.878255517230359577e+24
4.142000000000000716e-03 1.791341471868263294e+24
4.357999999999999895e-03 1.706237677165059909e+24
4.585000000000000533e-03 1.623172533904274748e+24
4.824000000000000163e-03 1.541944331207917378e+24
5.074999999999999650e-03 1.462952197073562080e+24
5.338999999999999996e-03 1.386284645932366645e+24
5.616999999999999597e-03 1.311636380149325134e+24
5.908999999999999322e-03 1.239554560620802475e+24
6.217000000000000304e-03 1.169641533226741603e+24
6.540999999999999939e-03 1.102240224247583387e+24
6.880999999999999964e-03 1.037460800456449359e+24
7.239999999999999908e-03 9.749082865975504583e+23
7.617000000000000506e-03 9.150467818738310374e+23
8.012999999999999290e-03 8.579649106762959558e+23
8.429999999999999993e-03 8.033789292091304491e+23
8.868999999999998413e-03 7.510678535952854208e+23
9.330999999999999017e-03 7.012064864661444871e+23
9.816999999999999338e-03 6.538815998648947153e+23
1.032999999999999891e-02 6.088440457671160459e+23
1.086999999999999945e-02 5.662530813168289600e+23
1.143000000000000092e-02 5.265444738748371236e+23
1.203000000000000076e-02 4.882318256462751387e+23
1.264999999999999979e-02 4.528141520708223275e+23
1.330999999999999892e-02 4.191151608310515116e+23
1.400999999999999988e-02 3.872120919230881747e+23
1.473000000000000004e-02 3.579708884110036980e+23
1.549999999999999989e-02 3.300920399521371998e+23
1.631000000000000158e-02 3.040485460574798139e+23
1.715999999999999817e-02 2.797712304640946896e+23
1.805000000000000007e-02 2.572885034051143488e+23
1.898999999999999994e-02 2.362675590934215745e+23
1.997999999999999776e-02 2.166298512340644172e+23
2.101999999999999702e-02 1.984192712286244553e+23
2.212000000000000077e-02 1.814810904757990976e+23
2.326999999999999902e-02 1.659272993517144344e+23
2.447999999999999829e-02 1.515099223503354976e+23
2.574999999999999858e-02 1.381909665328205314e+23
2.708999999999999950e-02 1.258828802227115865e+23
2.850000000000000103e-02 1.145609074808710769e+23
2.998999999999999930e-02 1.041114844123230068e+23
3.155000000000000165e-02 9.452973316271274302e+22
3.318999999999999728e-02 8.573623946655619141e+22
3.491999999999999965e-02 7.767462364525277636e+22
3.673999999999999488e-02 7.028198094355149357e+22
3.864999999999999686e-02 6.355308511662197178e+22
4.066000000000000170e-02 5.741665022424897290e+22
4.277999999999999858e-02 5.176084419850237955e+22
4.500999999999999446e-02 4.663129564654885824e+22
4.734999999999999626e-02 4.197356096701883377e+22
4.982000000000000317e-02 3.772591325040166830e+22
5.240999999999999825e-02 3.386889573702670326e+22
5.513999999999999457e-02 3.037507313345681687e+22
5.800999999999999907e-02 2.721016054062617356e+22
6.102999999999999398e-02 2.433907896588069293e+22
6.421000000000000318e-02 2.175465764856138826e+22
6.755999999999999506e-02 1.942058357301182464e+22
7.106999999999999429e-02 1.732008737971780977e+22
7.477000000000000313e-02 1.543529053129099392e+22
7.867000000000000381e-02 1.373521281333531456e+22
8.276000000000000023e-02 1.220335379989699284e+22
8.707000000000000850e-02 1.083649708611732295e+22
9.160999999999999699e-02 9.617049775096853430e+21
9.637999999999999345e-02 8.528978717817350128e+21
1.014000000000000040e-01 7.553936790934084649e+21
1.067000000000000032e-01 6.684363986960834888e+21
1.122000000000000081e-01 5.919039770152919892e+21
1.180999999999999966e-01 5.223876937409500283e+21
1.242000000000000048e-01 4.619617959759738044e+21
1.307000000000000106e-01 4.077199783984543826e+21
1.375000000000000111e-01 3.601060286038103556e+21
1.446999999999999953e-01 3.178420703633766089e+21
1.522000000000000020e-01 2.805993121595096826e+21
1.600999999999999923e-01 2.476002128371291521e+21
1.683999999999999941e-01 2.187323042545199743e+21
1.771999999999999964e-01 1.931667436337535386e+21
1.864000000000000101e-01 1.708449216926674321e+21
1.960999999999999965e-01 1.513252602075497890e+21
2.064000000000000001e-01 1.339899684793981075e+21
2.170999999999999874e-01 1.190273107692309971e+21
2.283999999999999919e-01 1.059316771694873281e+21
2.403000000000000136e-01 9.425185736148254720e+20
2.528000000000000247e-01 8.405096887150772224e+20
2.660000000000000142e-01 7.515277759986485166e+20
2.798000000000000487e-01 6.739187640144072540e+20
2.943999999999999950e-01 6.054639498008733942e+20
3.096999999999999753e-01 5.447493831779349299e+20
3.259000000000000230e-01 4.905805229782797517e+20
3.427999999999999936e-01 4.440617613583206318e+20
3.606999999999999651e-01 4.021948978375112786e+20
3.795000000000000040e-01 3.649956597229790167e+20
3.991999999999999993e-01 3.317612811818675077e+20
4.200000000000000400e-01 3.016994874329394053e+20
4.419000000000000150e-01 2.745356877023131075e+20
4.649000000000000354e-01 2.497216894355364905e+20
4.891000000000000347e-01 2.274630570693639864e+20
5.144999999999999574e-01 2.074189542303442207e+20
5.413000000000000034e-01 1.886618074793017672e+20
5.695000000000000062e-01 1.715034434752518554e+20
5.992000000000000659e-01 1.557195256617723494e+20
6.304000000000000714e-01 1.413577543479195402e+20
6.632000000000000117e-01 1.280414351969689272e+20
6.976999999999999869e-01 1.159383312086787523e+20
7.340999999999999748e-01 1.046226121282484142e+20
7.722999999999999865e-01 9.432382800407460250e+19
8.125000000000000000e-01 8.495380442403975987e+19
8.548000000000000043e-01 7.627973899691184947e+19
8.992999999999999883e-01 6.842136710431537562e+19
9.460999999999999410e-01 6.127691477308167782e+19
9.954000000000000625e-01 5.467728521463582720e+19
1.046999999999999931e+00 4.896370461012715110e+19
1.101999999999999869e+00 4.341119271875951821e+19
1.159000000000000030e+00 3.872508506380621414e+19
1.219000000000000083e+00 3.428755096618471424e+19
1.283000000000000140e+00 3.033357712589206733e+19
1.350000000000000089e+00 2.685440247126739354e+19
1.419999999999999929e+00 2.358863383180167578e+19
1.493999999999999995e+00 2.079555888276790886e+19
1.572000000000000064e+00 1.812405992028153856e+19
1.654000000000000137e+00 1.584554456807322829e+19
1.739999999999999991e+00 1.375754359623300301e+19
1.830000000000000071e+00 1.188736264267405926e+19
1.925999999999999934e+00 1.023679251313150566e+19
2.025999999999999801e+00 8.775450844208185344e+18
2.131000000000000227e+00 7.526304031345717248e+18
2.241999999999999993e+00 6.413884569830145024e+18
2.358999999999999986e+00 5.494721125688225792e+18
2.481999999999999762e+00 4.704261764767301632e+18
2.611000000000000210e+00 4.036283191807749632e+18
2.746999999999999886e+00 3.454759337899215872e+18
2.890000000000000124e+00 2.951675692231460864e+18
3.040999999999999925e+00 2.535710914337360896e+18
3.198999999999999844e+00 2.163998918282726656e+18
3.366000000000000103e+00 1.856938273109916672e+18
3.540999999999999925e+00 1.582899419013843968e+18
3.725000000000000089e+00 1.356704860262049536e+18
3.918999999999999595e+00 1.155371988459396864e+18
4.123000000000000220e+00 9.866030898364226560e+17
4.338000000000000078e+00 8.405100890781605120e+17
4.564000000000000057e+00 7.151933856672171520e+17
4.801000000000000156e+00 6.095735685802391040e+17
5.051000000000000156e+00 5.177361345806133120e+17
5.314000000000000057e+00 4.420022289822745600e+17
5.590999999999999304e+00 3.734256130091502720e+17
5.881999999999999673e+00 3.184261938076663680e+17
6.187999999999999723e+00 2.681971167574033920e+17
6.511000000000000121e+00 2.290212890398686720e+17
6.850000000000000533e+00 1.923029723825759040e+17
7.205999999999999517e+00 1.646549370732066560e+17
7.581999999999999851e+00 1.383632679326300480e+17
7.976000000000000867e+00 1.177423382880846880e+17
8.391999999999999460e+00 9.894799211137412800e+16
8.829000000000000625e+00 8.376697259993440000e+16
9.288000000000000256e+00 7.036804114012062400e+16
9.772000000000000242e+00 5.915922729853247200e+16
1.027999999999999936e+01 4.956139423593209600e+16
1.082000000000000028e+01 4.118585926761472800e+16
1.137999999999999901e+01 3.437653408394203200e+16
1.196999999999999886e+01 2.827170354399406000e+16
1.259999999999999964e+01 2.331222134980859600e+16
1.325000000000000000e+01 1.883146924682445600e+16
1.393999999999999950e+01 1.535733174772899200e+16
1.466999999999999993e+01 1.204935488983480000e+16
1.542999999999999972e+01 9.693582196792168000e+15
1.623000000000000043e+01 7.418054497446723000e+15
1.708000000000000185e+01 5.812836002361158000e+15
1.796999999999999886e+01 4.333703412052543000e+15
1.889999999999999858e+01 3.297686860838753000e+15
1.989000000000000057e+01 2.398180871017339000e+15
2.092000000000000171e+01 1.763515364510450500e+15
2.200999999999999801e+01 1.267738951400594500e+15
2.316000000000000014e+01 8.991685318072038750e+14
2.437000000000000099e+01 6.412389307011950000e+14
2.562999999999999901e+01 4.410998968675566250e+14
2.697000000000000242e+01 3.129712774630502500e+14
2.837000000000000099e+01 2.071780384487850000e+14
2.985000000000000142e+01 1.445944432104507812e+14
3.139999999999999858e+01 8.986525709093823438e+13
3.303999999999999915e+01 6.069881077900228125e+13
3.475999999999999801e+01 3.407159523706507812e+13
3.657000000000000028e+01 2.257136653811000000e+13
3.846999999999999886e+01 1.199832691438059375e+13
4.048000000000000398e+01 7.387548717175279297e+12
4.259000000000000341e+01 3.928112924313707031e+12
4.479999999999999716e+01 2.210215442248683594e+12
4.714000000000000057e+01 1.175602126193498535e+12
4.959000000000000341e+01 5.970917602362473145e+11
5.217000000000000171e+01 3.078945198310375977e+11
5.489000000000000057e+01 1.318655715880249939e+11
5.775000000000000000e+01 6.716558028877735901e+10
6.075000000000000000e+01 2.395576008612494278e+10
6.392000000000000171e+01 1.244228094645095444e+10
6.723999999999999488e+01 3.867892064672608376e+09
7.075000000000000000e+01 1.983044099420310736e+09
7.442999999999999261e+01 4.528987008950363398e+08
7.829999999999999716e+01 2.402241401790044010e+08
8.237999999999999545e+01 5.407571862178504467e+07
8.667000000000000171e+01 2.477710390353152528e+07
9.117999999999999261e+01 6.295812720159890130e+06
9.593000000000000682e+01 1.780522664233161602e+06
1.009000000000000057e+02 5.322303579381742748e+05
1.062000000000000028e+02 1.003339444920482347e+05
1.116999999999999886e+02 3.347330177459167317e+04
1.175000000000000000e+02 3.875290223736750704e+03
1.236000000000000085e+02 1.423969262239792670e+03
1.300999999999999943e+02 9.535077487395598439e+01
1.369000000000000057e+02 3.790342496737088140e+01
1.440000000000000000e+02 1.678058861872413265e+00
1.515000000000000000e+02 7.170352881371624409e-01
1.593999999999999773e+02 1.521755518395944383e-02
1.676999999999999886e+02 6.880698218797935695e-03
1.764000000000000057e+02 1.050995658039931535e-04
1.855999999999999943e+02 5.121294835751586647e-05
1.952000000000000171e+02 4.959395170998257506e-06
2.054000000000000057e+02 1.358172427282919070e-07
2.160999999999999943e+02 2.567477617583791674e-08
2.273999999999999773e+02 3.100899133994016840e-10
2.391999999999999886e+02 8.030886680544579229e-11
2.516999999999999886e+02 2.595460964789467995e-13
2.647999999999999545e+02 8.176015096019081100e-14
2.785000000000000000e+02 1.209964686855763072e-16
2.930000000000000000e+02 4.370552919293501063e-17
3.083000000000000114e+02 1.723950571515569556e-20
3.244000000000000341e+02 6.881915993744441788e-21
3.411999999999999886e+02 1.066861051675784780e-24
3.590000000000000000e+02 4.631159647364797109e-25
3.776999999999999886e+02 2.266714514231618944e-29
3.973999999999999773e+02 1.046861887885407704e-29
4.181000000000000227e+02 2.981072669532218741e-31
4.398000000000000114e+02 6.426558848785162264e-35
4.626999999999999886e+02 8.373480039256470476e-36
4.868000000000000114e+02 9.419589405585067385e-41
5.122000000000000455e+02 2.037362420420228659e-41
5.387999999999999545e+02 2.836119247947766675e-47
5.668999999999999773e+02 7.915557483937659560e-48
5.964000000000000909e+02 1.378878804030018803e-54
6.275000000000000000e+02 4.597954328381083742e-55
6.601000000000000227e+02 1.120757794449476373e-62
6.945000000000000000e+02 4.230236267801139339e-63
7.307000000000000455e+02 1.021210076967061019e-71
7.687000000000000455e+02 4.229787060525253164e-72
8.087999999999999545e+02 9.252164511744460760e-82
8.508999999999999773e+02 4.103135891897477991e-82
8.952000000000000455e+02 5.247969931805651411e-93
9.417999999999999545e+02 2.506432985070793097e-93
9.908000000000000682e+02 1.672974070793209840e-94
1.042000000000000000e+03 8.224240664904969101e-106
1.097000000000000000e+03 1.325572464815294394e-106
1.154000000000000000e+03 8.228750586521310092e-120
1.214000000000000000e+03 1.977425620623749074e-120
1.277000000000000000e+03 2.704229280633967407e-135
1.344000000000000000e+03 8.110966713804706388e-136
1.414000000000000000e+03 1.259798667547007908e-152
1.487000000000000000e+03 4.440416896480494449e-153
1.565000000000000000e+03 5.751427086993133991e-172
1.646000000000000000e+03 2.260813119322592951e-172
1.732000000000000000e+03 1.777526895331607711e-193
1.822000000000000000e+03 7.517520755537553245e-194
1.917000000000000000e+03 1.818726081139985319e-217
2.017000000000000000e+03 8.230337471993234940e-218
2.122000000000000000e+03 2.872605790293878072e-244
2.232000000000000000e+03 1.398297822422496352e-244
2.348000000000000000e+03 1.491812135074593646e-245
2.470000000000000000e+03 2.349094714325043546e-274
2.599000000000000000e+03 4.578557004534773519e-275
2.734000000000000000e+03 2.355447086073508576e-307
2.877000000000000000e+03 6.222423858269643256e-308
3.027000000000000000e+03 0.000000000000000000e+00
3.184000000000000000e+03 0.000000000000000000e+00
3.350000000000000000e+03 0.000000000000000000e+00
3.524000000000000000e+03 0.000000000000000000e+00
3.708000000000000000e+03 0.000000000000000000e+00
3.901000000000000000e+03 0.000000000000000000e+00
4.104000000000000000e+03 0.000000000000000000e+00
4.318000000000000000e+03 0.000000000000000000e+00
4.543000000000000000e+03 0.000000000000000000e+00
4.779000000000000000e+03 0.000000000000000000e+00
5.028000000000000000e+03 0.000000000000000000e+00
5.290000000000000000e+03 0.000000000000000000e+00
5.565000000000000000e+03 0.000000000000000000e+00
5.855000000000000000e+03 0.000000000000000000e+00
6.160000000000000000e+03 0.000000000000000000e+00
6.481000000000000000e+03 0.000000000000000000e+00
6.818000000000000000e+03 0.000000000000000000e+00
7.173000000000000000e+03 0.000000000000000000e+00
7.547000000000000000e+03 0.000000000000000000e+00
7.940000000000000000e+03 0.000000000000000000e+00
8.353000000000000000e+03 0.000000000000000000e+00
8.788000000000000000e+03 0.000000000000000000e+00
9.246000000000000000e+03 0.000000000000000000e+00
9.727000000000000000e+03 0.000000000000000000e+00
1.023000000000000000e+04 0.000000000000000000e+00
1.077000000000000000e+04 0.000000000000000000e+00
1.133000000000000000e+04 0.000000000000000000e+00
1.192000000000000000e+04 0.000000000000000000e+00
1.254000000000000000e+04 0.000000000000000000e+00
1.319000000000000000e+04 0.000000000000000000e+00
1.388000000000000000e+04 0.000000000000000000e+00
1.460000000000000000e+04 0.000000000000000000e+00
1.536000000000000000e+04 0.000000000000000000e+00
1.616000000000000000e+04 0.000000000000000000e+00
1.700000000000000000e+04 0.000000000000000000e+00
1.789000000000000000e+04 0.000000000000000000e+00
1.882000000000000000e+04 0.000000000000000000e+00
1.980000000000000000e+04 0.000000000000000000e+00
2.083000000000000000e+04 0.000000000000000000e+00
2.191000000000000000e+04 0.000000000000000000e+00
2.305000000000000000e+04 0.000000000000000000e+00
2.425000000000000000e+04 0.000000000000000000e+00
2.552000000000000000e+04 0.000000000000000000e+00
2.684000000000000000e+04 0.000000000000000000e+00
2.824000000000000000e+04 0.000000000000000000e+00
2.971000000000000000e+04 0.000000000000000000e+00
3.126000000000000000e+04 0.000000000000000000e+00
3.289000000000000000e+04 0.000000000000000000e+00
3.460000000000000000e+04 0.000000000000000000e+00
3.640000000000000000e+04 0.000000000000000000e+00
3.830000000000000000e+04 0.000000000000000000e+00
4.029000000000000000e+04 0.000000000000000000e+00
4.239000000000000000e+04 0.000000000000000000e+00
4.460000000000000000e+04 0.000000000000000000e+00
4.692000000000000000e+04 0.000000000000000000e+00
4.936000000000000000e+04 0.000000000000000000e+00
5.193000000000000000e+04 0.000000000000000000e+00
5.464000000000000000e+04 0.000000000000000000e+00
5.748000000000000000e+04 0.000000000000000000e+00
6.047000000000000000e+04 0.000000000000000000e+00
6.362000000000000000e+04 0.000000000000000000e+00
6.693000000000000000e+04 0.000000000000000000e+00
7.042000000000000000e+04 0.000000000000000000e+00
7.409000000000000000e+04 0.000000000000000000e+00
7.794000000000000000e+04 0.000000000000000000e+00
8.200000000000000000e+04 0.000000000000000000e+00
8.627000000000000000e+04 0.000000000000000000e+00
9.076000000000000000e+04 0.000000000000000000e+00
9.549000000000000000e+04 0.000000000000000000e+00
1.005000000000000000e+05 0.000000000000000000e+00
1.057000000000000000e+05 0.000000000000000000e+00
1.112000000000000000e+05 0.000000000000000000e+00
1.170000000000000000e+05 0.000000000000000000e+00
1.231000000000000000e+05 0.000000000000000000e+00
1.295000000000000000e+05 0.000000000000000000e+00
1.362000000000000000e+05 0.000000000000000000e+00
1.433000000000000000e+05 0.000000000000000000e+00
1.508000000000000000e+05 0.000000000000000000e+00
1.586000000000000000e+05 0.000000000000000000e+00
1.669000000000000000e+05 0.000000000000000000e+00
1.756000000000000000e+05 0.000000000000000000e+00
1.847000000000000000e+05 0.000000000000000000e+00
1.943000000000000000e+05 0.000000000000000000e+00
2.045000000000000000e+05 0.000000000000000000e+00
2.151000000000000000e+05 0.000000000000000000e+00
2.263000000000000000e+05 0.000000000000000000e+00
2.381000000000000000e+05 0.000000000000000000e+00
2.505000000000000000e+05 0.000000000000000000e+00
2.635000000000000000e+05 0.000000000000000000e+00
2.773000000000000000e+05 0.000000000000000000e+00
2.917000000000000000e+05 0.000000000000000000e+00
3.069000000000000000e+05 0.000000000000000000e+00
3.229000000000000000e+05 0.000000000000000000e+00
3.397000000000000000e+05 0.000000000000000000e+00
3.574000000000000000e+05 0.000000000000000000e+00
3.760000000000000000e+05 0.000000000000000000e+00
3.955000000000000000e+05 0.000000000000000000e+00
4.161000000000000000e+05 0.000000000000000000e+00
4.378000000000000000e+05 0.000000000000000000e+00
4.606000000000000000e+05 0.000000000000000000e+00
4.846000000000000000e+05 0.000000000000000000e+00
5.098000000000000000e+05 0.000000000000000000e+00
5.364000000000000000e+05 0.000000000000000000e+00
5.643000000000000000e+05 0.000000000000000000e+00
5.937000000000000000e+05 0.000000000000000000e+00
6.246000000000000000e+05 0.000000000000000000e+00
6.571000000000000000e+05 0.000000000000000000e+00
6.913000000000000000e+05 0.000000000000000000e+00
7.273000000000000000e+05 0.000000000000000000e+00
7.652000000000000000e+05 0.000000000000000000e+00
8.050000000000000000e+05 0.000000000000000000e+00
8.469000000000000000e+05 0.000000000000000000e+00
8.910000000000000000e+05 0.000000000000000000e+00
9.374000000000000000e+05 0.000000000000000000e+00
9.863000000000000000e+05 0.000000000000000000e+00
1.038000000000000000e+06 0.000000000000000000e+00
1.092000000000000000e+06 0.000000000000000000e+00
1.148000000000000000e+06 0.000000000000000000e+00
1.208000000000000000e+06 0.000000000000000000e+00
1.271000000000000000e+06 0.000000000000000000e+00
1.337000000000000000e+06 0.000000000000000000e+00
1.407000000000000000e+06 0.000000000000000000e+00
1.480000000000000000e+06 0.000000000000000000e+00
1.557000000000000000e+06 0.000000000000000000e+00
1.638000000000000000e+06 0.000000000000000000e+00
1.724000000000000000e+06 0.000000000000000000e+00
1.814000000000000000e+06 0.000000000000000000e+00
1.908000000000000000e+06 0.000000000000000000e+00
2.007000000000000000e+06 0.000000000000000000e+00
2.112000000000000000e+06 0.000000000000000000e+00
2.222000000000000000e+06 0.000000000000000000e+00
2.337000000000000000e+06 0.000000000000000000e+00
2.459000000000000000e+06 0.000000000000000000e+00
2.587000000000000000e+06 0.000000000000000000e+00
2.722000000000000000e+06 0.000000000000000000e+00
2.864000000000000000e+06 0.000000000000000000e+00
3.013000000000000000e+06 0.000000000000000000e+00
3.170000000000000000e+06 0.000000000000000000e+00
3.335000000000000000e+06 0.000000000000000000e+00
3.508000000000000000e+06 0.000000000000000000e+00
3.691000000000000000e+06 0.000000000000000000e+00
3.883000000000000000e+06 0.000000000000000000e+00
4.085000000000000000e+06 0.000000000000000000e+00
4.298000000000000000e+06 0.000000000000000000e+00
4.522000000000000000e+06 0.000000000000000000e+00
4.757000000000000000e+06 0.000000000000000000e+00
5.005000000000000000e+06 0.000000000000000000e+00
5.266000000000000000e+06 0.000000000000000000e+00
5.540000000000000000e+06 0.000000000000000000e+00
5.828000000000000000e+06 0.000000000000000000e+00
6.132000000000000000e+06 0.000000000000000000e+00
6.451000000000000000e+06 0.000000000000000000e+00
6.787000000000000000e+06 0.000000000000000000e+00
7.140000000000000000e+06 0.000000000000000000e+00
7.512000000000000000e+06 0.000000000000000000e+00
7.903000000000000000e+06 0.000000000000000000e+00
8.315000000000000000e+06 0.000000000000000000e+00
8.748000000000000000e+06 0.000000000000000000e+00
9.203000000000000000e+06 0.000000000000000000e+00
9.682000000000000000e+06 0.000000000000000000e+00
1.019000000000000000e+07 0.000000000000000000e+00
1.072000000000000000e+07 0.000000000000000000e+00
1.127000000000000000e+07 0.000000000000000000e+00
1.186000000000000000e+07 0.000000000000000000e+00
1.248000000000000000e+07 0.000000000000000000e+00
1.313000000000000000e+07 0.000000000000000000e+00
1.381000000000000000e+07 0.000000000000000000e+00
1.453000000000000000e+07 0.000000000000000000e+00
1.529000000000000000e+07 0.000000000000000000e+00
1.608000000000000000e+07 0.000000000000000000e+00
1.692000000000000000e+07 0.000000000000000000e+00
1.780000000000000000e+07 0.000000000000000000e+00
1.873000000000000000e+07 0.000000000000000000e+00
1.971000000000000000e+07 0.000000000000000000e+00
2.073000000000000000e+07 0.000000000000000000e+00
2.181000000000000000e+07 0.000000000000000000e+00
2.295000000000000000e+07 0.000000000000000000e+00
2.414000000000000000e+07 0.000000000000000000e+00
2.540000000000000000e+07 0.000000000000000000e+00
2.672000000000000000e+07 0.000000000000000000e+00
2.811000000000000000e+07 0.000000000000000000e+00
2.958000000000000000e+07 0.000000000000000000e+00
3.112000000000000000e+07 0.000000000000000000e+00
3.274000000000000000e+07 0.000000000000000000e+00
3.444000000000000000e+07 0.000000000000000000e+00
3.623000000000000000e+07 0.000000000000000000e+00
3.812000000000000000e+07 0.000000000000000000e+00
4.011000000000000000e+07 0.000000000000000000e+00
4.219000000000000000e+07 0.000000000000000000e+00
4.439000000000000000e+07 0.000000000000000000e+00
4.670000000000000000e+07 0.000000000000000000e+00
4.913000000000000000e+07 0.000000000000000000e+00
5.169000000000000000e+07 0.000000000000000000e+00
5.438000000000000000e+07 0.000000000000000000e+00
5.722000000000000000e+07 0.000000000000000000e+00
6.019000000000000000e+07 0.000000000000000000e+00
6.333000000000000000e+07 0.000000000000000000e+00
6.663000000000000000e+07 0.000000000000000000e+00
7.010000000000000000e+07 0.000000000000000000e+00
7.375000000000000000e+07 0.000000000000000000e+00
7.759000000000000000e+07 0.000000000000000000e+00
8.163000000000000000e+07 0.000000000000000000e+00
8.588000000000000000e+07 0.000000000000000000e+00
9.035000000000000000e+07 0.000000000000000000e+00
9.505000000000000000e+07 0.000000000000000000e+00
1.000000000000000000e+08 0.000000000000000000e+00
