1.000000000000000000e+15 1.000000000000000082e-05 3.481937910852477003e-02
1.000000000000000000e+15 1.832980710832437485e-05 1.161731102195640020e-01
1.000000000000000000e+15 3.359818286283781333e-05 3.854249221343460929e-01
1.000000000000000000e+15 6.158482110660267199e-05 1.266040329960811173e+00
1.000000000000000000e+15 1.128837891684688374e-04 4.088189409947819541e+00
1.000000000000000000e+15 2.069138081114790220e-04 1.283680759846431840e+01
1.000000000000000000e+15 3.792690190732249909e-04 3.862374613954746394e+01
1.000000000000000000e+15 6.951927961775604793e-04 1.095707776040224530e+02
1.000000000000000000e+15 1.274274985703133418e-03 2.893018602966831168e+02
1.000000000000000000e+15 2.335721469090121152e-03 7.073860269472693290e+02
1.000000000000000000e+15 4.281332398719391377e-03 1.608722782291087242e+03
1.000000000000000000e+15 7.847599703514606187e-03 3.440292446097706943e+03
1.000000000000000000e+15 1.438449888287663021e-02 7.012445338549970984e+03
1.000000000000000000e+15 2.636650898730358294e-02 1.379970468321540829e+04
1.000000000000000000e+15 4.832930238571751802e-02 2.649574822807408054e+04
1.000000000000000000e+15 8.858667904100822610e-02 5.003171360596158047e+04
1.000000000000000000e+15 1.623776739188720897e-01 9.344233086602765252e+04
1.000000000000000000e+15 2.976351441631319150e-01 1.732857622074042738e+05
1.000000000000000000e+15 5.455594781168514595e-01 3.199114780266700545e+05
1.000000000000000000e+15 1.000000000000000000e+00 5.889487345369097311e+05
1.500000000000000000e+15 1.000000000000000082e-05 4.361996681585982027e-03
1.500000000000000000e+15 1.832980710832437485e-05 1.459770336018229725e-02
1.500000000000000000e+15 3.359818286283781333e-05 4.869457608436723872e-02
1.500000000000000000e+15 6.158482110660267199e-05 1.614973203447322148e-01
1.500000000000000000e+15 1.128837891684688374e-04 5.301987797742709896e-01
1.500000000000000000e+15 2.069138081114790220e-04 1.710829959070488293e+00
1.500000000000000000e+15 3.792690190732249909e-04 5.368461200753162466e+00
1.500000000000000000e+15 6.951927961775604793e-04 1.615721583854778842e+01
1.500000000000000000e+15 1.274274985703133418e-03 4.596964514144834624e+01
1.500000000000000000e+15 2.335721469090121152e-03 1.223180581523347712e+02
1.500000000000000000e+15 4.281332398719391377e-03 3.033134480643660140e+02
1.500000000000000000e+15 7.847599703514606187e-03 7.036379867149992151e+02
1.500000000000000000e+15 1.438449888287663021e-02 1.540299553326608702e+03
1.500000000000000000e+15 2.636650898730358294e-02 3.214801448893195357e+03
1.500000000000000000e+15 4.832930238571751802e-02 6.462444164646269201e+03
1.500000000000000000e+15 8.858667904100822610e-02 1.262591022708372839e+04
1.500000000000000000e+15 1.623776739188720897e-01 2.415853441061949707e+04
1.500000000000000000e+15 2.976351441631319150e-01 4.554937614031173871e+04
1.500000000000000000e+15 5.455594781168514595e-01 8.502055386909967638e+04
1.500000000000000000e+15 1.000000000000000000e+00 1.576387968044124136e+05
2.000000000000000000e+15 1.000000000000000082e-05 8.675307075789884942e-04
2.000000000000000000e+15 1.832980710832437485e-05 2.907058310502163602e-03
2.000000000000000000e+15 3.359818286283781333e-05 9.720296048438551578e-03
2.000000000000000000e+15 6.158482110660267199e-05 3.237460843291506407e-02
2.000000000000000000e+15 1.128837891684688374e-04 1.070785705740518456e-01
2.000000000000000000e+15 2.069138081114790220e-04 3.498923245666312187e-01
2.000000000000000000e+15 3.792690190732249909e-04 1.120335614541260405e+00
2.000000000000000000e+15 6.951927961775604793e-04 3.474258191560534836e+00
2.000000000000000000e+15 1.274274985703133418e-03 1.028726810371411027e+01
2.000000000000000000e+15 2.335721469090121152e-03 2.869593807485516734e+01
2.000000000000000000e+15 4.281332398719391377e-03 7.478531649654955515e+01
2.000000000000000000e+15 7.847599703514606187e-03 1.819631677757347177e+02
2.000000000000000000e+15 1.438449888287663021e-02 4.158036250247984640e+02
2.000000000000000000e+15 2.636650898730358294e-02 9.008861588806337295e+02
2.000000000000000000e+15 4.832930238571751802e-02 1.869904526938057415e+03
2.000000000000000000e+15 8.858667904100822610e-02 3.753574611997068587e+03
2.000000000000000000e+15 1.623776739188720897e-01 7.344834876924676792e+03
2.000000000000000000e+15 2.976351441631319150e-01 1.409855945448862440e+04
2.000000000000000000e+15 5.455594781168514595e-01 2.667965460181485832e+04
2.000000000000000000e+15 1.000000000000000000e+00 4.996771911879652907e+04
2.500000000000000000e+15 1.000000000000000082e-05 2.178021944009550634e-04
2.500000000000000000e+15 1.832980710832437485e-05 7.304535752510315366e-04
2.500000000000000000e+15 3.359818286283781333e-05 2.446101743582631671e-03
2.500000000000000000e+15 6.158482110660267199e-05 8.169230420497953712e-03
2.500000000000000000e+15 1.128837891684688374e-04 2.715045804549463468e-02
2.500000000000000000e+15 2.069138081114790220e-04 8.946305406086729750e-02
2.500000000000000000e+15 3.792690190732249909e-04 2.904701963379510143e-01
2.500000000000000000e+15 6.951927961775604793e-04 9.205360404999227697e-01
2.500000000000000000e+15 1.274274985703133418e-03 2.811185871653001822e+00
2.500000000000000000e+15 2.335721469090121152e-03 8.154837818858744924e+00
2.500000000000000000e+15 4.281332398719391377e-03 2.220492028614597402e+01
2.500000000000000000e+15 7.847599703514606187e-03 5.644370794033189043e+01
2.500000000000000000e+15 1.438449888287663021e-02 1.342212745082109393e+02
2.500000000000000000e+15 2.636650898730358294e-02 3.008626055074216197e+02
2.500000000000000000e+15 4.832930238571751802e-02 6.420953477722783873e+02
2.500000000000000000e+15 8.858667904100822610e-02 1.317865197268291013e+03
2.500000000000000000e+15 1.623776739188720897e-01 2.624374282783253875e+03
2.500000000000000000e+15 2.976351441631319150e-01 5.107750303584498397e+03
2.500000000000000000e+15 5.455594781168514595e-01 9.772177673249676445e+03
2.500000000000000000e+15 1.000000000000000000e+00 1.846097768513192568e+04
3.000000000000000000e+15 1.000000000000000082e-05 5.982394401672327163e-05
3.000000000000000000e+15 1.832980710832437485e-05 2.007538746014245613e-04
3.000000000000000000e+15 3.359818286283781333e-05 6.730022999306625731e-04
3.000000000000000000e+15 6.158482110660267199e-05 2.252037134942363843e-03
3.000000000000000000e+15 1.128837891684688374e-04 7.511037286767095235e-03
3.000000000000000000e+15 2.069138081114790220e-04 2.490345999586692644e-02
3.000000000000000000e+15 3.792690190732249909e-04 8.171916776024447382e-02
3.000000000000000000e+15 6.951927961775604793e-04 2.634913279978922662e-01
3.000000000000000000e+15 1.274274985703133418e-03 8.259672602079081161e-01
3.000000000000000000e+15 2.335721469090121152e-03 2.483112376074311900e+00
3.000000000000000000e+15 4.281332398719391377e-03 7.060080036693729078e+00
3.000000000000000000e+15 7.847599703514606187e-03 1.879625391479832430e+01
3.000000000000000000e+15 1.438449888287663021e-02 4.672698993051857741e+01
3.000000000000000000e+15 2.636650898730358294e-02 1.089315965217327715e+02
3.000000000000000000e+15 4.832930238571751802e-02 2.402136664237774255e+02
3.000000000000000000e+15 8.858667904100822610e-02 5.061660332430340077e+02
3.000000000000000000e+15 1.623776739188720897e-01 1.028985642144793474e+03
3.000000000000000000e+15 2.976351441631319150e-01 2.034784025020049285e+03
3.000000000000000000e+15 5.455594781168514595e-01 3.940223147499189508e+03
3.000000000000000000e+15 1.000000000000000000e+00 7.511199430917613427e+03
3.500000000000000000e+15 1.000000000000000082e-05 1.695244710866547640e-05
3.500000000000000000e+15 1.832980710832437485e-05 5.691274780855152556e-05
3.500000000000000000e+15 3.359818286283781333e-05 1.909438653944796327e-04
3.500000000000000000e+15 6.158482110660267199e-05 6.398664094988295963e-04
3.500000000000000000e+15 1.128837891684688374e-04 2.139645178537070459e-03
3.500000000000000000e+15 2.069138081114790220e-04 7.127132630136760912e-03
3.500000000000000000e+15 3.792690190732249909e-04 2.357752245227800331e-02
3.500000000000000000e+15 6.951927961775604793e-04 7.706869886059281027e-02
3.500000000000000000e+15 1.274274985703133418e-03 2.469108473442458151e-01
3.500000000000000000e+15 2.335721469090121152e-03 7.663964182704069428e-01
3.500000000000000000e+15 4.281332398719391377e-03 2.272501703272887585e+00
3.500000000000000000e+15 7.847599703514606187e-03 6.352175443794110699e+00
3.500000000000000000e+15 1.438449888287663021e-02 1.660218495269999295e+01
3.500000000000000000e+15 2.636650898730358294e-02 4.054591673569893828e+01
3.500000000000000000e+15 4.832930238571751802e-02 9.306457056404065042e+01
3.500000000000000000e+15 8.858667904100822610e-02 2.026343651060279001e+02
3.500000000000000000e+15 1.623776739188720897e-01 4.227706547223978077e+02
3.500000000000000000e+15 2.976351441631319150e-01 8.530277544544842385e+02
3.500000000000000000e+15 5.455594781168514595e-01 1.677456463255710560e+03
3.500000000000000000e+15 1.000000000000000000e+00 3.234997801552853161e+03
4.000000000000000000e+15 1.000000000000000082e-05 4.749000821254095579e-06
4.000000000000000000e+15 1.832980710832437485e-05 1.594821311490924833e-05
4.000000000000000000e+15 3.359818286283781333e-05 5.353657882899115039e-05
4.000000000000000000e+15 6.158482110660267199e-05 1.795875856329416773e-04
4.000000000000000000e+15 1.128837891684688374e-04 6.016328961160758229e-04
4.000000000000000000e+15 2.069138081114790220e-04 2.010719360052349268e-03
4.000000000000000000e+15 3.792690190732249909e-04 6.691246376685796790e-03
4.000000000000000000e+15 6.951927961775604793e-04 2.209800479558811717e-02
4.000000000000000000e+15 1.274274985703133418e-03 7.202242319041957108e-02
4.000000000000000000e+15 2.335721469090121152e-03 2.296463878997945518e-01
4.000000000000000000e+15 4.281332398719391377e-03 7.076630573748580177e-01
4.000000000000000000e+15 7.847599703514606187e-03 2.077623515515957031e+00
4.000000000000000000e+15 1.438449888287663021e-02 5.738361788758164828e+00
4.000000000000000000e+15 2.636650898730358294e-02 1.480987891867742867e+01
4.000000000000000000e+15 4.832930238571751802e-02 3.574441860554850336e+01
4.000000000000000000e+15 8.858667904100822610e-02 8.122034958278955230e+01
4.000000000000000000e+15 1.623776739188720897e-01 1.754098298675559136e+02
4.000000000000000000e+15 2.976351441631319150e-01 3.636326438232826490e+02
4.000000000000000000e+15 5.455594781168514595e-01 7.300569826636659627e+02
4.000000000000000000e+15 1.000000000000000000e+00 1.430122771975051137e+03
4.500000000000000000e+15 1.000000000000000082e-05 1.295990422472338548e-06
4.500000000000000000e+15 1.832980710832437485e-05 4.353104562360839544e-06
4.500000000000000000e+15 3.359818286283781333e-05 1.461833259522907926e-05
4.500000000000000000e+15 6.158482110660267199e-05 4.907001726242702532e-05
4.500000000000000000e+15 1.128837891684688374e-04 1.645905815467856026e-04
4.500000000000000000e+15 2.069138081114790220e-04 5.513063020146254361e-04
4.500000000000000000e+15 3.792690190732249909e-04 1.842005163206240697e-03
4.500000000000000000e+15 6.951927961775604793e-04 6.126707578025330191e-03
4.500000000000000000e+15 1.274274985703133418e-03 2.021553862488801104e-02
4.500000000000000000e+15 2.335721469090121152e-03 6.578582535851153212e-02
4.500000000000000000e+15 4.281332398719391377e-03 2.092311793965172528e-01
4.500000000000000000e+15 7.847599703514606187e-03 6.422636042946000545e-01
4.500000000000000000e+15 1.438449888287663021e-02 1.875569695194926334e+00
4.500000000000000000e+15 2.636650898730358294e-02 5.146779742986683281e+00
4.500000000000000000e+15 4.832930238571751802e-02 1.319210404295452577e+01
4.500000000000000000e+15 8.858667904100822610e-02 3.163550069730123226e+01
4.500000000000000000e+15 1.623776739188720897e-01 7.148892264160778609e+01
4.500000000000000000e+15 2.976351441631319150e-01 1.537022154915790679e+02
4.500000000000000000e+15 5.455594781168514595e-01 3.174850072366648419e+02
4.500000000000000000e+15 1.000000000000000000e+00 6.355483714036771516e+02
5.000000000000000000e+15 1.000000000000000082e-05 3.472582727748456023e-07
5.000000000000000000e+15 1.832980710832437485e-05 1.166550214927754984e-06
5.000000000000000000e+15 3.359818286283781333e-05 3.918322913788887347e-06
5.000000000000000000e+15 6.158482110660267199e-05 1.315824622415963737e-05
5.000000000000000000e+15 1.128837891684688374e-04 4.416870110424468248e-05
5.000000000000000000e+15 2.069138081114790220e-04 1.481494953424287032e-04
5.000000000000000000e+15 3.792690190732249909e-04 4.962290983977900739e-04
5.000000000000000000e+15 6.951927961775604793e-04 1.657941397040086588e-03
5.000000000000000000e+15 1.274274985703133418e-03 5.514234203720291307e-03
5.000000000000000000e+15 2.335721469090121152e-03 1.819305263675216264e-02
5.000000000000000000e+15 4.281332398719391377e-03 5.919457406697213597e-02
5.000000000000000000e+15 7.847599703514606187e-03 1.882109580263230109e-01
5.000000000000000000e+15 1.438449888287663021e-02 5.774282748307588697e-01
5.000000000000000000e+15 2.636650898730358294e-02 1.684755371632945531e+00
5.000000000000000000e+15 4.832930238571751802e-02 4.617446791526799821e+00
5.000000000000000000e+15 8.858667904100822610e-02 1.181795166315708911e+01
5.000000000000000000e+15 1.623776739188720897e-01 2.829738905632278545e+01
5.000000000000000000e+15 2.976351441631319150e-01 6.385296104261979622e+01
5.000000000000000000e+15 5.455594781168514595e-01 1.370936082921671186e+02
5.000000000000000000e+15 1.000000000000000000e+00 2.827880148685409836e+02
5.500000000000000000e+15 1.000000000000000082e-05 9.541963135765669897e-08
5.500000000000000000e+15 1.832980710832437485e-05 3.205665340550148873e-07
5.500000000000000000e+15 3.359818286283781333e-05 1.076884696393040208e-06
5.500000000000000000e+15 6.158482110660267199e-05 3.617148476483217623e-06
5.500000000000000000e+15 1.128837891684688374e-04 1.214688028627831424e-05
5.500000000000000000e+15 2.069138081114790220e-04 4.077392482044471013e-05
5.500000000000000000e+15 3.792690190732249909e-04 1.367634796622996577e-04
5.500000000000000000e+15 6.951927961775604793e-04 4.580953731916984615e-04
5.500000000000000000e+15 1.274274985703133418e-03 1.530556467879814076e-03
5.500000000000000000e+15 2.335721469090121152e-03 5.090686327888459956e-03
5.500000000000000000e+15 4.281332398719391377e-03 1.679630502494947400e-02
5.500000000000000000e+15 7.847599703514606187e-03 5.465280794250206714e-02
5.500000000000000000e+15 1.438449888287663021e-02 1.737773979628033372e-01
5.500000000000000000e+15 2.636650898730358294e-02 5.331237368140061550e-01
5.500000000000000000e+15 4.832930238571751802e-02 1.555072888340869763e+00
5.500000000000000000e+15 8.858667904100822610e-02 4.259235611406571032e+00
5.500000000000000000e+15 1.623776739188720897e-01 1.088902377670150834e+01
5.500000000000000000e+15 2.976351441631319150e-01 2.603384341194535523e+01
5.500000000000000000e+15 5.455594781168514595e-01 5.864083276154514834e+01
5.500000000000000000e+15 1.000000000000000000e+00 1.256603124271321690e+02
6.000000000000000000e+15 1.000000000000000082e-05 2.703199510517032572e-08
6.000000000000000000e+15 1.832980710832437485e-05 9.081854492145080135e-08
6.000000000000000000e+15 3.359818286283781333e-05 3.051090349269966693e-07
6.000000000000000000e+15 6.158482110660267199e-05 1.024958318296043654e-06
6.000000000000000000e+15 1.128837891684688374e-04 3.442734386899347072e-06
6.000000000000000000e+15 2.069138081114790220e-04 1.156118271869393824e-05
6.000000000000000000e+15 3.792690190732249909e-04 3.880794389339260801e-05
6.000000000000000000e+15 6.951927961775604793e-04 1.301695308443745274e-04
6.000000000000000000e+15 1.274274985703133418e-03 4.360105629318229226e-04
6.000000000000000000e+15 2.335721469090121152e-03 1.456779137911368583e-03
6.000000000000000000e+15 4.281332398719391377e-03 4.845357877127745225e-03
6.000000000000000000e+15 7.847599703514606187e-03 1.598712079512351267e-02
6.000000000000000000e+15 1.438449888287663021e-02 5.202048914257251244e-02
6.000000000000000000e+15 2.636650898730358294e-02 1.654038178295942074e-01
6.000000000000000000e+15 4.832930238571751802e-02 5.073618616568869033e-01
6.000000000000000000e+15 8.858667904100822610e-02 1.479279532276545073e+00
6.000000000000000000e+15 1.623776739188720897e-01 4.047729284468584154e+00
6.000000000000000000e+15 2.976351441631319150e-01 1.033105996482612099e+01
6.000000000000000000e+15 5.455594781168514595e-01 2.464198082159342462e+01
6.000000000000000000e+15 1.000000000000000000e+00 5.535062732850560963e+01
