1.774127155601597394e+01 2.681410836711283200e+16
1.874127155601597394e+01 2.509826957350109200e+16
1.974127155601597394e+01 2.351964334513514400e+16
2.074127155601597394e+01 2.206531405862165600e+16
2.174127155601597394e+01 2.072687874113242400e+16
2.274127155601597394e+01 1.948266580148416400e+16
2.374127155601597394e+01 1.832838584435512800e+16
2.474127155601597394e+01 1.724894362509737600e+16
2.574127155601597394e+01 1.623373326940767400e+16
2.674127155601597394e+01 1.527707036786925600e+16
2.774127155601597394e+01 1.436794822327951400e+16
2.874127155601597394e+01 1.349903200047827400e+16
2.974127155601597394e+01 1.266476284444191200e+16
3.074127155601597394e+01 1.187155847936894800e+16
3.174127155601597394e+01 1.110224227570504400e+16
3.274127155601597394e+01 1.036144556804709800e+16
3.374127155601597394e+01 9.656228422438418000e+15
3.474127155601597394e+01 8.965965504421140000e+15
3.574127155601597394e+01 8.324979540547740000e+15
3.674127155601597394e+01 7.696279524210236000e+15
3.774127155601597394e+01 7.109271405039356000e+15
3.874127155601597394e+01 6.570037702525026000e+15
3.974127155601597394e+01 6.036238097099384000e+15
4.074127155601597394e+01 5.551489292705658000e+15
4.174127155601597394e+01 5.110041252383864000e+15
4.274127155601597394e+01 4.681698879346279000e+15
4.374127155601597394e+01 4.292638822644111000e+15
4.474127155601597394e+01 3.929137505727780500e+15
4.574127155601597394e+01 3.592998445502065500e+15
4.674127155601597394e+01 3.283051512800756500e+15
4.774127155601597394e+01 2.997314414169308000e+15
4.874127155601597394e+01 2.736158877394036500e+15
4.974127155601597394e+01 2.496977571602606500e+15
5.074127155601597394e+01 2.278422473255919000e+15
5.174127155601597394e+01 2.079111352773576250e+15
5.274127155601597394e+01 1.897208831777261000e+15
5.374127155601597394e+01 1.731464239756112500e+15
5.474127155601597394e+01 1.580338648634007750e+15
5.574127155601597394e+01 1.442520007602850250e+15
5.674127155601597394e+01 1.317133212621772000e+15
5.774127155601597394e+01 1.202256902393089750e+15
5.874127155601597394e+01 1.098277702168976750e+15
5.974127155601597394e+01 1.002805482138678000e+15
6.074127155601597394e+01 9.160795942316435000e+14
6.174127155601597394e+01 8.376106960391752500e+14
6.274127155601597394e+01 7.647144726573776250e+14
6.374127155601597394e+01 6.988668762126970000e+14
6.474127155601597394e+01 6.392192231717560000e+14
6.574127155601597394e+01 5.834699830036002500e+14
6.674127155601597394e+01 5.330072125465234375e+14
6.774127155601597394e+01 4.872849690417536875e+14
6.874127155601597394e+01 4.442737910617246875e+14
6.974127155601597394e+01 4.052728487319494375e+14
7.074127155601597394e+01 3.699822820635272500e+14
7.174127155601597394e+01 3.366647034934009375e+14
7.274127155601597394e+01 3.064225888888945625e+14
7.374127155601597394e+01 2.791258013207685625e+14
7.474127155601597394e+01 2.533420904231250312e+14
7.574127155601597394e+01 2.299297597660577812e+14
7.674127155601597394e+01 2.088696238658250000e+14
7.774127155601597394e+01 1.890565614711350000e+14
7.874127155601597394e+01 1.710770549742425312e+14
7.974127155601597394e+01 1.549588454499882500e+14
8.074127155601597394e+01 1.398600895362347812e+14
8.174127155601597394e+01 1.261680393887992812e+14
8.274127155601597394e+01 1.139399030290554531e+14
8.374127155601597394e+01 1.026372953025953438e+14
8.474127155601597394e+01 9.242167702872307812e+13
