4.999999999999999237e-03 1.115866393550509800e+16
9.999999999999998473e-03 3.365013419167798500e+15
1.499999999999999771e-02 1.255611201941629000e+15
1.999999999999999695e-02 5.183231459029975000e+14
2.499999999999999445e-02 2.281256842882129688e+14
2.999999999999999195e-02 1.050546177721823281e+14
3.499999999999999639e-02 4.994919118148651562e+13
3.999999999999999389e-02 2.422517204611325000e+13
4.499999999999999140e-02 1.184491427191520508e+13
4.999999999999998890e-02 5.774520880605037109e+12
5.499999999999998640e-02 2.776211165319172363e+12
5.999999999999999084e-02 1.298534495725322266e+12
6.499999999999998834e-02 5.814795769097810059e+11
6.999999999999999278e-02 2.423529481307852783e+11
7.499999999999999722e-02 8.984120434802848816e+10
7.999999999999998779e-02 2.680397956522254181e+10
8.499999999999999223e-02 4.755224373892567635e+09
8.999999999999999667e-02 2.712951854932320118e+08
