1.000000000000000021e-03 2.895514829040894515e+24
1.051999999999999984e-03 2.885692003076009483e+24
1.106999999999999911e-03 2.872593593990446278e+24
1.163999999999999887e-03 2.856864478449524076e+24
1.224999999999999960e-03 2.837825293880951822e+24
1.288999999999999998e-03 2.815987424996652921e+24
1.356000000000000000e-03 2.791297975079433719e+24
1.427000000000000100e-03 2.763121464737230886e+24
1.500999999999999947e-03 2.732449143972142414e+24
1.579000000000000108e-03 2.699289937590668275e+24
1.661000000000000150e-03 2.663569320918497685e+24
1.747999999999999988e-03 2.625107120887973307e+24
1.839000000000000140e-03 2.584477398712767792e+24
1.935000000000000088e-03 2.540983236338240427e+24
2.034999999999999917e-03 2.496097597022303634e+24
2.141000000000000108e-03 2.448985428070052433e+24
2.252999999999999794e-03 2.399254934114885563e+24
2.370000000000000145e-03 2.348119774944278035e+24
2.492999999999999990e-03 2.295415940513949471e+24
2.623000000000000331e-03 2.241122960710585886e+24
2.759999999999999867e-03 2.185462196177281988e+24
2.903999999999999897e-03 2.128666380285860091e+24
3.054999999999999990e-03 2.071009347971991701e+24
3.213999999999999843e-03 2.012117716152495005e+24
3.380999999999999891e-03 1.952683803697973954e+24
3.556999999999999832e-03 1.892622607968128610e+24
3.742000000000000100e-03 1.832229792364945593e+24
3.936999999999999528e-03 1.771058744395367671e+24
4.142000000000000716e-03 1.709881072207042772e+24
4.357999999999999895e-03 1.648961538169363218e+24
4.585000000000000533e-03 1.587772299976990584e+24
4.824000000000000163e-03 1.526624926653343051e+24
5.074999999999999650e-03 1.466055770505330488e+24
5.338999999999999996e-03 1.406199711067591699e+24
5.616999999999999597e-03 1.347232921057104465e+24
5.908999999999999322e-03 1.288881137027840744e+24
6.217000000000000304e-03 1.231172710556455542e+24
6.540999999999999939e-03 1.174478166485502446e+24
6.880999999999999964e-03 1.118952019445487877e+24
7.239999999999999908e-03 1.064335124664058231e+24
7.617000000000000506e-03 1.011047688112352273e+24
8.012999999999999290e-03 9.592935982230681441e+23
8.429999999999999993e-03 9.087481309254167980e+23
8.868999999999998413e-03 8.596261592117208710e+23
9.330999999999999017e-03 8.119754833238568206e+23
9.816999999999999338e-03 7.658712789169160438e+23
1.032999999999999891e-02 7.212076879225412051e+23
1.086999999999999945e-02 6.782096973475622284e+23
1.143000000000000092e-02 6.371883702832039618e+23
1.203000000000000076e-02 5.972282548367942977e+23
1.264999999999999979e-02 5.596578138625506080e+23
1.330999999999999892e-02 5.233253212700911704e+23
1.400999999999999988e-02 4.884095922372326730e+23
1.473000000000000004e-02 4.558202329092707729e+23
1.549999999999999989e-02 4.243133473462830246e+23
1.631000000000000158e-02 3.944465728462631427e+23
1.715999999999999817e-02 3.662820098943313783e+23
1.805000000000000007e-02 3.396957300573826355e+23
1.898999999999999994e-02 3.145701654462877558e+23
1.997999999999999776e-02 2.909034200427853796e+23
2.101999999999999702e-02 2.686261729866877795e+23
2.212000000000000077e-02 2.476133661201921328e+23
2.326999999999999902e-02 2.280875888011987114e+23
2.447999999999999829e-02 2.098358908975185123e+23
2.574999999999999858e-02 1.928904984935060734e+23
2.708999999999999950e-02 1.769662248519445282e+23
2.850000000000000103e-02 1.621265610015433787e+23
2.998999999999999930e-02 1.483390687825294074e+23
3.155000000000000165e-02 1.356143911252811024e+23
3.318999999999999728e-02 1.238682312883674085e+23
3.491999999999999965e-02 1.129542475431247841e+23
3.673999999999999488e-02 1.028631521968951635e+23
3.864999999999999686e-02 9.359016319521493772e+22
4.066000000000000170e-02 8.505262686739436772e+22
4.277999999999999858e-02 7.717679780144303047e+22
4.500999999999999446e-02 6.993642282399476954e+22
4.734999999999999626e-02 6.333495485383980771e+22
4.982000000000000317e-02 5.726604077306460137e+22
5.240999999999999825e-02 5.173715034851839155e+22
5.513999999999999457e-02 4.668643505556701158e+22
5.800999999999999907e-02 4.206908054270028598e+22
6.102999999999999398e-02 3.786006410090861770e+22
6.421000000000000318e-02 3.403762744872512415e+22
6.755999999999999506e-02 3.056425499287601178e+22
7.106999999999999429e-02 2.743334039750073490e+22
7.477000000000000313e-02 2.458230118887996994e+22
7.867000000000000381e-02 2.200223044475098759e+22
8.276000000000000023e-02 1.967470170626654103e+22
8.707000000000000850e-02 1.757906557958583275e+22
9.160999999999999699e-02 1.568656756584177939e+22
9.637999999999999345e-02 1.398379526877669124e+22
1.014000000000000040e-01 1.245170122477215416e+22
1.067000000000000032e-01 1.106841946127267896e+22
1.122000000000000081e-01 9.852509787378382012e+21
1.180999999999999966e-01 8.742757525250864316e+21
1.242000000000000048e-01 7.768136002087731331e+21
1.307000000000000106e-01 6.880669640565117157e+21
1.375000000000000111e-01 6.092614859464645804e+21
1.446999999999999953e-01 5.390434290548465467e+21
1.522000000000000020e-01 4.771100664014673281e+21
1.600999999999999923e-01 4.222311363151696232e+21
1.683999999999999941e-01 3.736333727825242096e+21
1.771999999999999964e-01 3.301313845670522126e+21
1.864000000000000101e-01 2.919062391656690483e+21
1.960999999999999965e-01 2.581508595540782744e+21
2.064000000000000001e-01 2.279188605159385334e+21
2.170999999999999874e-01 2.018961908127745704e+21
2.283999999999999919e-01 1.786089166770330141e+21
2.403000000000000136e-01 1.582933129752976556e+21
2.528000000000000247e-01 1.404895736582164185e+21
2.660000000000000142e-01 1.246556286694142771e+21
2.798000000000000487e-01 1.108024939290918781e+21
2.943999999999999950e-01 9.856778699486713610e+20
3.096999999999999753e-01 8.790134615041722286e+20
3.259000000000000230e-01 7.847986189494428631e+20
3.427999999999999936e-01 7.028552581571385754e+20
3.606999999999999651e-01 6.298718412136407368e+20
3.795000000000000040e-01 5.651067992717915587e+20
3.991999999999999993e-01 5.086032631641672909e+20
4.200000000000000400e-01 4.585268218324052214e+20
4.419000000000000150e-01 4.134549457242203750e+20
4.649000000000000354e-01 3.736757958916201513e+20
4.891000000000000347e-01 3.379824266399504138e+20
5.144999999999999574e-01 3.062814784939132191e+20
5.413000000000000034e-01 2.777728185234244895e+20
5.695000000000000062e-01 2.515219101407596052e+20
5.992000000000000659e-01 2.280497964710566625e+20
6.304000000000000714e-01 2.068893604930254930e+20
6.632000000000000117e-01 1.872787240439846994e+20
6.976999999999999869e-01 1.695471051298520105e+20
7.340999999999999748e-01 1.532747374577960223e+20
7.722999999999999865e-01 1.382678300432751002e+20
8.125000000000000000e-01 1.245372454705619272e+20
8.548000000000000043e-01 1.122142307673327370e+20
8.992999999999999883e-01 1.007727205810512691e+20
9.460999999999999410e-01 9.036999541767990477e+19
9.954000000000000625e-01 8.090743399663627469e+19
1.046999999999999931e+00 7.225009265489422746e+19
1.101999999999999869e+00 6.442700235587136717e+19
1.159000000000000030e+00 5.731190832573261414e+19
1.219000000000000083e+00 5.096258467344885350e+19
1.283000000000000140e+00 4.522344200297832448e+19
1.350000000000000089e+00 3.994736804586980966e+19
1.419999999999999929e+00 3.544056275487603507e+19
1.493999999999999995e+00 3.123244377645596262e+19
1.572000000000000064e+00 2.758725705955768320e+19
1.654000000000000137e+00 2.433001499601736909e+19
1.739999999999999991e+00 2.136431016977804083e+19
1.830000000000000071e+00 1.895799573015372595e+19
1.925999999999999934e+00 1.655945395454147994e+19
2.025999999999999801e+00 1.465120364148098048e+19
2.131000000000000227e+00 1.281625499606503424e+19
2.241999999999999993e+00 1.127108369716257997e+19
2.358999999999999986e+00 9.841736898623266816e+18
2.481999999999999762e+00 8.596861451801765888e+18
2.611000000000000210e+00 7.494060977644300288e+18
2.746999999999999886e+00 6.504313839916292096e+18
2.890000000000000124e+00 5.643082386017217536e+18
3.040999999999999925e+00 4.861637519338317824e+18
3.198999999999999844e+00 4.185537876290250240e+18
3.366000000000000103e+00 3.579021872640612352e+18
3.540999999999999925e+00 3.054595889311687680e+18
3.725000000000000089e+00 2.614431797651046912e+18
3.918999999999999595e+00 2.224792526840515328e+18
4.123000000000000220e+00 1.907183177202963200e+18
4.338000000000000078e+00 1.620195646502893568e+18
4.564000000000000057e+00 1.396726952714443264e+18
4.801000000000000156e+00 1.190629638746869504e+18
5.051000000000000156e+00 1.023973940952816000e+18
5.314000000000000057e+00 8.711369550821041920e+17
5.590999999999999304e+00 7.473873850614535680e+17
5.881999999999999673e+00 6.376360731738723840e+17
6.187999999999999723e+00 5.451059286824836480e+17
6.511000000000000121e+00 4.645529181321644800e+17
6.850000000000000533e+00 3.962666355489192320e+17
7.205999999999999517e+00 3.387114204081568000e+17
7.581999999999999851e+00 2.876027445081503680e+17
7.976000000000000867e+00 2.462156169249635840e+17
8.391999999999999460e+00 2.081310779694939840e+17
8.829000000000000625e+00 1.784408459909368000e+17
9.288000000000000256e+00 1.505426284768086400e+17
9.772000000000000242e+00 1.292953995080343200e+17
1.027999999999999936e+01 1.088981455146675680e+17
1.082000000000000028e+01 9.342698652005355200e+16
1.137999999999999901e+01 7.890188330700728000e+16
1.196999999999999886e+01 6.758772703203061600e+16
1.259999999999999964e+01 5.706208292744802400e+16
1.325000000000000000e+01 4.872602818965464800e+16
1.393999999999999950e+01 4.132361953834068000e+16
1.466999999999999993e+01 3.508974570807774800e+16
1.542999999999999972e+01 2.985710098085674400e+16
1.623000000000000043e+01 2.529949233735831600e+16
1.708000000000000185e+01 2.153184078952252000e+16
1.796999999999999886e+01 1.817151461951508400e+16
1.889999999999999858e+01 1.554272283633614400e+16
1.989000000000000057e+01 1.304513213944201800e+16
2.092000000000000171e+01 1.115987016456614800e+16
2.200999999999999801e+01 9.328306606740184000e+15
2.316000000000000014e+01 7.977761867974738000e+15
2.437000000000000099e+01 6.663101605787110000e+15
2.562999999999999901e+01 5.673269539989009000e+15
2.697000000000000242e+01 4.734687300666052000e+15
2.837000000000000099e+01 3.995994868219080000e+15
2.985000000000000142e+01 3.323251248435688500e+15
3.139999999999999858e+01 2.769493113294076000e+15
3.303999999999999915e+01 2.281028250604217000e+15
3.475999999999999801e+01 1.865258567167232250e+15
3.657000000000000028e+01 1.514292832299577000e+15
3.846999999999999886e+01 1.204909925870883250e+15
4.048000000000000398e+01 9.572331356756711250e+14
4.259000000000000341e+01 7.324205256614880000e+14
4.479999999999999716e+01 5.696410378322461250e+14
4.714000000000000057e+01 4.163855914854988750e+14
4.959000000000000341e+01 3.182199669824091250e+14
5.217000000000000171e+01 2.232478131221647188e+14
5.489000000000000057e+01 1.687839461672987188e+14
5.775000000000000000e+01 1.169678834156849375e+14
6.075000000000000000e+01 8.621958147870531250e+13
6.392000000000000171e+01 5.975572665140596875e+13
6.723999999999999488e+01 4.262216974316536719e+13
7.075000000000000000e+01 2.927867661871135547e+13
7.442999999999999261e+01 1.993419311756562500e+13
7.829999999999999716e+01 1.331081165477346094e+13
8.237999999999999545e+01 8.367431436702825195e+12
8.667000000000000171e+01 5.372073068684802734e+12
9.117999999999999261e+01 3.039022496816768555e+12
9.593000000000000682e+01 1.903565281085716064e+12
1.009000000000000057e+02 9.642035979476821289e+11
1.062000000000000028e+02 6.050370923565673828e+11
1.116999999999999886e+02 2.847696047745219727e+11
1.175000000000000000e+02 1.783625678262750244e+11
1.236000000000000085e+02 7.829295739012725830e+10
1.300999999999999943e+02 4.528685549281312561e+10
1.369000000000000057e+02 1.918505551152320480e+10
1.440000000000000000e+02 9.490383546075401306e+09
1.515000000000000000e+02 4.103779979249015808e+09
1.593999999999999773e+02 1.678766383827185154e+09
1.676999999999999886e+02 7.468902604387550354e+08
1.764000000000000057e+02 2.513831344740644097e+08
1.855999999999999943e+02 1.127042250254990011e+08
1.952000000000000171e+02 2.835893995667845011e+07
2.054000000000000057e+02 1.320847620470243134e+07
2.160999999999999943e+02 2.604204218038200401e+06
2.273999999999999773e+02 1.247273239640974905e+06
2.391999999999999886e+02 1.728333026232377451e+05
2.516999999999999886e+02 8.556040095743560232e+04
2.647999999999999545e+02 8.191866038666266832e+03
2.785000000000000000e+02 4.310315953603669186e+03
2.930000000000000000e+02 7.246757973143270419e+02
3.083000000000000114e+02 1.691424804694262320e+02
3.244000000000000341e+02 3.800712968285380811e+01
3.411999999999999886e+02 3.555758167236612977e+00
3.590000000000000000e+02 1.025321674311549858e+00
3.776999999999999886e+02 6.187761314521206951e-02
3.973999999999999773e+02 2.075069359778862477e-02
4.181000000000000227e+02 5.074541308891204619e-04
4.398000000000000114e+02 1.939833230332314873e-04
4.626999999999999886e+02 3.017354631796813602e-06
4.868000000000000114e+02 1.262766387679981262e-06
5.122000000000000455e+02 8.117150251866264955e-09
5.387999999999999545e+02 3.678883801444762332e-09
5.668999999999999773e+02 1.321554385109069605e-11
5.964000000000000909e+02 6.385372631769273926e-12
6.275000000000000000e+02 2.498029933468970932e-13
6.601000000000000227e+02 4.386173701710120439e-15
6.945000000000000000e+02 6.182662948840392838e-16
7.307000000000000455e+02 1.735225077753661766e-18
7.687000000000000455e+02 3.991984368524573863e-19
8.087999999999999545e+02 2.192024549796935523e-22
8.508999999999999773e+02 6.432919711101419830e-23
8.952000000000000455e+02 9.635570433207964199e-27
9.417999999999999545e+02 3.361110243615377015e-27
9.908000000000000682e+02 1.514718088394272202e-31
1.042000000000000000e+03 6.007038650468964874e-32
1.097000000000000000e+03 6.495674495052549378e-37
1.154000000000000000e+03 2.795418804423919174e-37
1.214000000000000000e+03 6.430943803887960681e-43
1.277000000000000000e+03 2.954394489522851024e-43
1.344000000000000000e+03 1.210085711652714316e-49
1.414000000000000000e+03 5.973988018184353972e-50
1.487000000000000000e+03 4.773187660537816152e-51
1.565000000000000000e+03 2.215017441493359571e-57
1.646000000000000000e+03 3.963311662223982991e-58
1.732000000000000000e+03 1.243494672469629514e-65
1.822000000000000000e+03 3.181563498520040956e-66
1.917000000000000000e+03 6.060261947042034323e-75
2.017000000000000000e+03 1.902790772972490920e-75
2.122000000000000000e+03 2.823565657466077113e-85
2.232000000000000000e+03 1.031451988136945426e-85
2.348000000000000000e+03 8.755672862073354359e-97
2.470000000000000000e+03 3.583397739446458744e-97
2.599000000000000000e+03 1.231146626286031584e-109
2.734000000000000000e+03 5.475501214700316597e-110
2.877000000000000000e+03 7.009215143440810234e-124
3.027000000000000000e+03 3.307383866843097643e-124
3.184000000000000000e+03 2.563767503178899590e-126
3.350000000000000000e+03 3.546825606799694387e-140
3.524000000000000000e+03 4.350404654673364821e-141
3.708000000000000000e+03 6.295711274737238835e-158
3.901000000000000000e+03 1.324551965153127333e-158
4.104000000000000000e+03 1.140819100335997603e-177
4.318000000000000000e+03 3.176178293245281608e-178
4.543000000000000000e+03 9.140362202508493409e-200
4.779000000000000000e+03 3.071723505137072130e-200
5.028000000000000000e+03 2.490027934298006012e-224
5.290000000000000000e+03 9.510639185969027528e-225
5.565000000000000000e+03 8.408683739380524780e-252
5.855000000000000000e+03 3.544373990231818980e-252
6.160000000000000000e+03 2.541009088721903941e-282
6.481000000000000000e+03 1.136158447320018815e-282
6.818000000000000000e+03 -3.387159020645142592e-283
7.173000000000000000e+03 -1.892366922929526310e-282
7.547000000000000000e+03 -3.529171097023932710e-282
7.940000000000000000e+03 -5.249128424347741390e-282
8.353000000000000000e+03 -7.056615386649853291e-282
8.788000000000000000e+03 -8.960384947428113873e-282
9.246000000000000000e+03 -1.096481358843142752e-281
9.727000000000000000e+03 -1.306990130965979117e-281
1.023000000000000000e+04 -1.527127162936431114e-281
1.077000000000000000e+04 -1.763457177377869230e-281
1.133000000000000000e+04 -2.008540155317139657e-281
1.192000000000000000e+04 -2.266752578503155337e-281
1.254000000000000000e+04 -2.538094446935918105e-281
1.319000000000000000e+04 -2.822565760615427963e-281
1.388000000000000000e+04 -3.124543001290599382e-281
1.460000000000000000e+04 -3.439649687212517890e-281
1.536000000000000000e+04 -3.772262300130097348e-281
1.616000000000000000e+04 -4.122380840043341425e-281
1.700000000000000000e+04 -4.490005306952247065e-281
1.789000000000000000e+04 -4.879512182605726904e-281
1.882000000000000000e+04 -5.286524985254871974e-281
1.980000000000000000e+04 -5.715420196648594303e-281
2.083000000000000000e+04 -6.166197816786893278e-281
2.191000000000000000e+04 -6.638857845669771345e-281
2.305000000000000000e+04 -7.137776765046139920e-281
2.425000000000000000e+04 -7.662954574916005119e-281
2.552000000000000000e+04 -8.218767757028275911e-281
2.684000000000000000e+04 -8.796463347885125795e-281
2.824000000000000000e+04 -9.409170792733300026e-281
2.971000000000000000e+04 -1.005251360982388474e-280
3.126000000000000000e+04 -1.073086828090579380e-280
3.289000000000000000e+04 -1.144423480597902110e-280
3.460000000000000000e+04 -1.219261318504357885e-280
3.640000000000000000e+04 -1.298037989984837237e-280
3.830000000000000000e+04 -1.381191143214232407e-280
4.029000000000000000e+04 -1.468283130017651643e-280
4.239000000000000000e+04 -1.560189246744878206e-280
4.460000000000000000e+04 -1.656909493395911117e-280
4.692000000000000000e+04 -1.758443869970751355e-280
4.936000000000000000e+04 -1.865230024644289939e-280
5.193000000000000000e+04 -1.977705605591419602e-280
5.464000000000000000e+04 -2.096308260987030138e-280
5.748000000000000000e+04 -2.220600342656231507e-280
6.047000000000000000e+04 -2.351457146948805259e-280
6.362000000000000000e+04 -2.489316322039645103e-280
6.693000000000000000e+04 -2.634177867928749082e-280
7.042000000000000000e+04 -2.786917080965901193e-280
7.409000000000000000e+04 -2.947533961151101434e-280
7.794000000000000000e+04 -3.116028508484348338e-280
8.200000000000000000e+04 -3.293713667490320345e-280
8.627000000000000000e+04 -3.480589438169012073e-280
9.076000000000000000e+04 -3.677093468695319922e-280
9.549000000000000000e+04 -3.884101055419023975e-280
1.005000000000000000e+05 -4.103362791039692711e-280
1.057000000000000000e+05 -4.330939841983300107e-280
1.112000000000000000e+05 -4.571646338173653736e-280
1.170000000000000000e+05 -4.825482279610754087e-280
1.231000000000000000e+05 -5.092447666294600670e-280
1.295000000000000000e+05 -5.372542498225197400e-280
1.362000000000000000e+05 -5.665766775402535470e-280
1.433000000000000000e+05 -5.976496979575539749e-280
1.508000000000000000e+05 -6.304733110744203389e-280
1.586000000000000000e+05 -6.646098687159617175e-280
1.669000000000000000e+05 -7.009346672319605405e-280
1.756000000000000000e+05 -7.390100584475258867e-280
1.847000000000000000e+05 -7.788360423626570710e-280
1.943000000000000000e+05 -8.208502671522460913e-280
2.045000000000000000e+05 -8.654903809911846515e-280
2.151000000000000000e+05 -9.118810875296891478e-280
2.263000000000000000e+05 -9.608976831175433798e-280
2.381000000000000000e+05 -1.012540167754746467e-279
2.505000000000000000e+05 -1.066808541441298996e-279
2.635000000000000000e+05 -1.123702804177200576e-279
2.773000000000000000e+05 -1.184098252312235007e-279
2.917000000000000000e+05 -1.247119589496618880e-279
3.069000000000000000e+05 -1.313642112080134820e-279
3.229000000000000000e+05 -1.383665820062783416e-279
3.397000000000000000e+05 -1.457190713444564274e-279
3.574000000000000000e+05 -1.534654440400369198e-279
3.760000000000000000e+05 -1.616057000930198188e-279
3.955000000000000000e+05 -1.701398395034051047e-279
4.161000000000000000e+05 -1.791553919061710598e-279
4.378000000000000000e+05 -1.886523573013178209e-279
4.606000000000000000e+05 -1.986307356888451924e-279
4.846000000000000000e+05 -2.091342918862424524e-279
5.098000000000000000e+05 -2.201630258935096399e-279
5.364000000000000000e+05 -2.318044673456249197e-279
5.643000000000000000e+05 -2.440148514250992094e-279
5.937000000000000000e+05 -2.568817077669109478e-279
6.246000000000000000e+05 -2.704050363710598607e-279
6.571000000000000000e+05 -2.846286020550354221e-279
6.913000000000000000e+05 -2.995961696363264794e-279
7.273000000000000000e+05 -3.153515039324223889e-279
7.652000000000000000e+05 -3.319383697608122721e-279
8.050000000000000000e+05 -3.493567671214959724e-279
8.469000000000000000e+05 -3.676942256494520852e-279
8.910000000000000000e+05 -3.869945101621695362e-279
9.374000000000000000e+05 -4.073013854771377208e-279
9.863000000000000000e+05 -4.287023812293346472e-279
1.038000000000000000e+06 -4.513287918712278365e-279
1.092000000000000000e+06 -4.749617933153717595e-279
1.148000000000000000e+06 -4.994700911092987385e-279
1.208000000000000000e+06 -5.257289816027919862e-279
1.271000000000000000e+06 -5.533008166209597397e-279
1.337000000000000000e+06 -5.821855961638023905e-279
1.407000000000000000e+06 -6.128209684062110751e-279
1.480000000000000000e+06 -6.447692851732945787e-279
1.557000000000000000e+06 -6.784681946399441161e-279
1.638000000000000000e+06 -7.139176968061596874e-279
1.724000000000000000e+06 -7.515554398468336034e-279
1.814000000000000000e+06 -7.909437755870733184e-279
1.908000000000000000e+06 -8.320827040268789890e-279
2.007000000000000000e+06 -8.754098733411427695e-279
2.112000000000000000e+06 -9.213629317047560313e-279
2.222000000000000000e+06 -9.695042309428264635e-279
2.337000000000000000e+06 -1.019833771055355475e-278
2.459000000000000000e+06 -1.073226848392124714e-278
2.587000000000000000e+06 -1.129245814778243433e-278
2.722000000000000000e+06 -1.188328318388603319e-278
2.864000000000000000e+06 -1.250474359223203901e-278
3.013000000000000000e+06 -1.315683937282045022e-278
3.170000000000000000e+06 -1.384394700740019308e-278
3.335000000000000000e+06 -1.456606649597125504e-278
3.508000000000000000e+06 -1.532319783853364394e-278
3.691000000000000000e+06 -1.612409399858518252e-278
3.883000000000000000e+06 -1.696437849437696018e-278
4.085000000000000000e+06 -1.784842780765789691e-278
4.298000000000000000e+06 -1.878061842017690956e-278
4.522000000000000000e+06 -1.976095033193398245e-278
4.757000000000000000e+06 -2.078942354292913440e-278
5.005000000000000000e+06 -2.187479101666019281e-278
5.266000000000000000e+06 -2.301705275312714204e-278
5.540000000000000000e+06 -2.421620875232999461e-278
5.828000000000000000e+06 -2.547663549601767677e-278
6.132000000000000000e+06 -2.680708594768799714e-278
6.451000000000000000e+06 -2.820318362559204829e-278
6.787000000000000000e+06 -2.967368149322767016e-278
7.140000000000000000e+06 -3.121857955059484397e-278
7.512000000000000000e+06 -3.284663076119142220e-278
7.903000000000000000e+06 -3.455783512501739232e-278
8.315000000000000000e+06 -3.636094560557060681e-278
8.748000000000000000e+06 -3.825596220285102810e-278
9.203000000000000000e+06 -4.024726139860759495e-278
9.682000000000000000e+06 -4.234359615633811600e-278
1.019000000000000000e+07 -4.456684888478722245e-278
1.072000000000000000e+07 -4.688638421171245568e-278
1.127000000000000000e+07 -4.929344917361597573e-278
1.186000000000000000e+07 -5.187557340547616335e-278
1.248000000000000000e+07 -5.458899208980377494e-278
1.313000000000000000e+07 -5.743370522659887313e-278
1.381000000000000000e+07 -6.040971281586142659e-278
1.453000000000000000e+07 -6.356077967508061631e-278
1.529000000000000000e+07 -6.688690580425642978e-278
1.608000000000000000e+07 -7.034432638589969226e-278
1.692000000000000000e+07 -7.402057105498874068e-278
1.780000000000000000e+07 -7.787187499403443789e-278
1.873000000000000000e+07 -8.194200302052584588e-278
1.971000000000000000e+07 -8.623095513446306486e-278
2.073000000000000000e+07 -9.069496651835692010e-278
2.181000000000000000e+07 -9.542156680718569843e-278
2.295000000000000000e+07 -1.004107560009493998e-277
2.414000000000000000e+07 -1.056187692821588621e-277
2.540000000000000000e+07 -1.111331362857924473e-277
2.672000000000000000e+07 -1.169100921943609555e-277
2.811000000000000000e+07 -1.229934018253535240e-277
2.958000000000000000e+07 -1.294268299962593900e-277
3.112000000000000000e+07 -1.361666118895892662e-277
3.274000000000000000e+07 -1.432565123228324400e-277
3.444000000000000000e+07 -1.506965312959888361e-277
3.623000000000000000e+07 -1.585304336265476169e-277
3.812000000000000000e+07 -1.668019841319979446e-277
4.011000000000000000e+07 -1.755111828123398942e-277
4.219000000000000000e+07 -1.846142648500841783e-277
4.439000000000000000e+07 -1.942425246976983587e-277
4.670000000000000000e+07 -2.043521975376932230e-277
4.913000000000000000e+07 -2.149870481875580087e-277
5.169000000000000000e+07 -2.261908414647817276e-277
5.438000000000000000e+07 -2.379635773693645050e-277
5.722000000000000000e+07 -2.503927855362845650e-277
6.019000000000000000e+07 -2.633909363305636835e-277
6.333000000000000000e+07 -2.771330890221584591e-277
6.663000000000000000e+07 -2.915754787935797297e-277
7.010000000000000000e+07 -3.067618704623166073e-277
7.375000000000000000e+07 -3.227360288458584045e-277
7.759000000000000000e+07 -3.395417187616939327e-277
8.163000000000000000e+07 -3.572227050273127049e-277
8.588000000000000000e+07 -3.758227524602037330e-277
9.035000000000000000e+07 -3.953856258778560788e-277
9.505000000000000000e+07 -4.159550900977591552e-277
1.000000000000000000e+08 -4.376186747548909859e-277
