Hawking secondary spectra for each particle type.
energy/particle         photon       electron           nu_e          nu_mu         nu_tau         proton
    1.00000e-06    9.01331e+22    0.00000e+00    1.34544e+23    6.01612e+19    0.00000e+00    0.00000e+00
    1.05200e-06    8.54535e+22    0.00000e+00    1.36116e+23    7.01601e+19    0.00000e+00    0.00000e+00
    1.10700e-06    8.26103e+22    0.00000e+00    1.37511e+23    8.48399e+19    0.00000e+00    0.00000e+00
    1.16400e-06    7.73143e+22    0.00000e+00    1.38347e+23    9.01421e+19    0.00000e+00    0.00000e+00
    1.22500e-06    7.51957e+22    0.00000e+00    1.40573e+23    1.23557e+20    0.00000e+00    0.00000e+00
    1.28900e-06    6.95723e+22    0.00000e+00    1.39782e+23    1.22260e+20    0.00000e+00    0.00000e+00
    1.35600e-06    6.75972e+22    0.00000e+00    1.40556e+23    1.66112e+20    0.00000e+00    0.00000e+00
    1.42700e-06    6.35399e+22    0.00000e+00    1.38878e+23    1.65761e+20    0.00000e+00    0.00000e+00
    1.50100e-06    6.13111e+22    0.00000e+00    1.39258e+23    2.19224e+20    0.00000e+00    0.00000e+00
    1.57900e-06    5.66508e+22    0.00000e+00    1.36372e+23    2.15711e+20    0.00000e+00    0.00000e+00
    1.66100e-06    5.56910e+22    0.00000e+00    1.35699e+23    2.96778e+20    0.00000e+00    0.00000e+00
    1.74800e-06    5.18577e+22    0.00000e+00    1.30675e+23    2.89245e+20    0.00000e+00    0.00000e+00
    1.83900e-06    5.01157e+22    0.00000e+00    1.30534e+23    3.46057e+20    0.00000e+00    0.00000e+00
    1.93500e-06    4.70262e+22    0.00000e+00    1.24431e+23    3.71294e+20    0.00000e+00    0.00000e+00
    2.03500e-06    4.57103e+22    0.00000e+00    1.22867e+23    4.70231e+20    0.00000e+00    0.00000e+00
    2.14100e-06    4.26493e+22    0.00000e+00    1.17579e+23    5.11650e+20    0.00000e+00    0.00000e+00
    2.25300e-06    4.10948e+22    0.00000e+00    1.13640e+23    5.63726e+20    0.00000e+00    0.00000e+00
    2.37000e-06    3.90638e+22    0.00000e+00    1.08660e+23    6.29012e+20    0.00000e+00    0.00000e+00
    2.49300e-06    3.67957e+22    0.00000e+00    1.03128e+23    7.12248e+20    0.00000e+00    0.00000e+00
    2.62300e-06    3.59450e+22    0.00000e+00    9.88859e+22    7.79050e+20    0.00000e+00    0.00000e+00
    2.76000e-06    3.34272e+22    0.00000e+00    9.26348e+22    8.48380e+20    0.00000e+00    0.00000e+00
    2.90400e-06    3.26590e+22    0.00000e+00    8.85749e+22    9.95756e+20    0.00000e+00    0.00000e+00
    3.05500e-06    3.03249e+22    0.00000e+00    8.22207e+22    1.04712e+21    0.00000e+00    0.00000e+00
    3.21400e-06    2.94955e+22    0.00000e+00    7.79223e+22    1.20369e+21    0.00000e+00    0.00000e+00
    3.38100e-06    2.74785e+22    0.00000e+00    7.16615e+22    1.29548e+21    0.00000e+00    0.00000e+00
    3.55700e-06    2.68988e+22    0.00000e+00    6.77305e+22    1.43812e+21    0.00000e+00    0.00000e+00
    3.74200e-06    2.52484e+22    0.00000e+00    6.15497e+22    1.53365e+21    0.00000e+00    0.00000e+00
    3.93700e-06    2.44908e+22    0.00000e+00    5.76099e+22    1.76658e+21    0.00000e+00    0.00000e+00
    4.14200e-06    2.27758e+22    0.00000e+00    5.23954e+22    1.86174e+21    0.00000e+00    0.00000e+00
    4.35800e-06    2.24095e+22    0.00000e+00    4.84508e+22    2.07783e+21    0.00000e+00    0.00000e+00
    4.58500e-06    2.09330e+22    0.00000e+00    4.38747e+22    2.24614e+21    0.00000e+00    0.00000e+00
    4.82400e-06    2.02790e+22    0.00000e+00    4.02808e+22    2.45269e+21    0.00000e+00    0.00000e+00
    5.07500e-06    1.91303e+22    0.00000e+00    3.66952e+22    2.73547e+21    0.00000e+00    0.00000e+00
    5.33900e-06    1.84230e+22    0.00000e+00    3.31088e+22    2.82617e+21    0.00000e+00    0.00000e+00
    5.61700e-06    1.73403e+22    0.00000e+00    3.05154e+22    3.17637e+21    0.00000e+00    0.00000e+00
    5.90900e-06    1.67566e+22    0.00000e+00    2.71758e+22    3.40787e+21    0.00000e+00    0.00000e+00
    6.21700e-06    1.58791e+22    0.00000e+00    2.49996e+22    3.66772e+21    0.00000e+00    0.00000e+00
    6.54100e-06    1.52313e+22    0.00000e+00    2.23629e+22    4.01663e+21    0.00000e+00    0.00000e+00
    6.88100e-06    1.44720e+22    0.00000e+00    2.06154e+22    4.26382e+21    0.00000e+00    0.00000e+00
    7.24000e-06    1.37099e+22    0.00000e+00    1.87140e+22    4.66078e+21    0.00000e+00    0.00000e+00
    7.61700e-06    1.31476e+22    0.00000e+00    1.71740e+22    4.96216e+21    0.00000e+00    0.00000e+00
    8.01300e-06    1.25096e+22    0.00000e+00    1.56820e+22    5.47780e+21    0.00000e+00    0.00000e+00
    8.43000e-06    1.19272e+22    0.00000e+00    1.45380e+22    5.70662e+21    0.00000e+00    0.00000e+00
    8.86900e-06    1.13748e+22    0.00000e+00    1.34964e+22    6.27465e+21    0.00000e+00    0.00000e+00
    9.33100e-06    1.08434e+22    0.00000e+00    1.26795e+22    6.59418e+21    0.00000e+00    0.00000e+00
    9.81700e-06    1.04393e+22    0.00000e+00    1.18779e+22    7.05961e+21    0.00000e+00    0.00000e+00
    1.03300e-05    9.94945e+21    0.00000e+00    1.13061e+22    7.59493e+21    0.00000e+00    0.00000e+00
    1.08700e-05    9.52773e+21    0.00000e+00    1.09454e+22    8.07956e+21    0.00000e+00    0.00000e+00
    1.14300e-05    9.24403e+21    0.00000e+00    1.04253e+22    8.62600e+21    0.00000e+00    0.00000e+00
    1.20300e-05    8.76466e+21    0.00000e+00    1.04013e+22    9.12683e+21    0.00000e+00    0.00000e+00
    1.26500e-05    8.61192e+21    0.00000e+00    9.96230e+21    9.66410e+21    0.00000e+00    0.00000e+00
    1.33100e-05    8.03364e+21    0.00000e+00    1.01507e+22    1.02742e+22    0.00000e+00    0.00000e+00
    1.40100e-05    8.00234e+21    0.00000e+00    9.84439e+21    1.09160e+22    0.00000e+00    0.00000e+00
    1.47300e-05    7.57504e+21    0.00000e+00    1.01401e+22    1.14961e+22    0.00000e+00    0.00000e+00
    1.55000e-05    7.39735e+21    0.00000e+00    1.00568e+22    1.21252e+22    0.00000e+00    0.00000e+00
    1.63100e-05    7.15912e+21    0.00000e+00    1.03022e+22    1.27016e+22    0.00000e+00    0.00000e+00
    1.71600e-05    7.01347e+21    0.00000e+00    1.03069e+22    1.34578e+22    0.00000e+00    0.00000e+00
    1.80500e-05    6.71791e+21    0.00000e+00    1.06547e+22    1.39714e+22    0.00000e+00    0.00000e+00
    1.89900e-05    6.70999e+21    0.00000e+00    1.08084e+22    1.47491e+22    0.00000e+00    0.00000e+00
    1.99800e-05    6.48391e+21    0.00000e+00    1.11710e+22    1.53554e+22    0.00000e+00    0.00000e+00
    2.10200e-05    6.41732e+21    0.00000e+00    1.14194e+22    1.60574e+22    0.00000e+00    0.00000e+00
    2.21200e-05    6.22515e+21    0.00000e+00    1.16713e+22    1.68382e+22    0.00000e+00    0.00000e+00
    2.32700e-05    6.14734e+21    0.00000e+00    1.21169e+22    1.73640e+22    0.00000e+00    0.00000e+00
    2.44800e-05    6.11719e+21    0.00000e+00    1.22429e+22    1.81636e+22    0.00000e+00    0.00000e+00
    2.57500e-05    6.00704e+21    0.00000e+00    1.27229e+22    1.87461e+22    0.00000e+00    0.00000e+00
    2.70900e-05    5.99756e+21    0.00000e+00    1.29083e+22    1.95671e+22    0.00000e+00    0.00000e+00
    2.85000e-05    5.94919e+21    0.00000e+00    1.33212e+22    2.00301e+22    0.00000e+00    0.00000e+00
    2.99900e-05    5.89655e+21    0.00000e+00    1.36194e+22    2.08767e+22    0.00000e+00    0.00000e+00
    3.15500e-05    5.94651e+21    0.00000e+00    1.39566e+22    2.14570e+22    0.00000e+00    0.00000e+00
    3.31900e-05    5.90499e+21    0.00000e+00    1.42766e+22    2.21860e+22    0.00000e+00    0.00000e+00
    3.49200e-05    5.94668e+21    0.00000e+00    1.45014e+22    2.26974e+22    0.00000e+00    0.00000e+00
    3.67400e-05    5.99107e+21    0.00000e+00    1.48357e+22    2.34631e+22    0.00000e+00    0.00000e+00
    3.86500e-05    6.02630e+21    0.00000e+00    1.50695e+22    2.39842e+22    0.00000e+00    0.00000e+00
    4.06600e-05    6.12807e+21    0.00000e+00    1.52710e+22    2.44905e+22    0.00000e+00    0.00000e+00
    4.27800e-05    6.09174e+21    0.00000e+00    1.55952e+22    2.51589e+22    9.74160e+16    0.00000e+00
    4.50100e-05    6.29727e+21    0.00000e+00    1.57670e+22    2.56099e+22    1.07553e+17    0.00000e+00
    4.73500e-05    6.26783e+21    0.00000e+00    1.60008e+22    2.62373e+22    1.18456e+17    0.00000e+00
    4.98200e-05    6.42535e+21    0.00000e+00    1.61800e+22    2.66194e+22    1.30874e+17    0.00000e+00
    5.24100e-05    6.46400e+21    0.00000e+00    1.63145e+22    2.71543e+22    1.44037e+17    0.00000e+00
    5.51400e-05    6.61857e+21    0.00000e+00    1.64764e+22    2.75262e+22    1.59218e+17    0.00000e+00
    5.80100e-05    6.73038e+21    0.00000e+00    1.66072e+22    2.79403e+22    1.75177e+17    0.00000e+00
    6.10300e-05    6.83694e+21    0.00000e+00    1.67197e+22    2.82455e+22    1.93696e+17    0.00000e+00
    6.42100e-05    6.95975e+21    0.00000e+00    1.68216e+22    2.86741e+22    2.13253e+17    0.00000e+00
    6.75600e-05    7.10803e+21    0.00000e+00    1.68994e+22    2.88029e+22    2.35694e+17    0.00000e+00
    7.10700e-05    7.24491e+21    0.00000e+00    1.69641e+22    2.91825e+22    2.59569e+17    0.00000e+00
    7.47700e-05    7.36150e+21    0.00000e+00    1.69098e+22    2.92603e+22    2.86636e+17    0.00000e+00
    7.86700e-05    7.48790e+21    0.00000e+00    1.69921e+22    2.96242e+22    3.15976e+17    0.00000e+00
    8.27600e-05    7.62687e+21    0.00000e+00    1.69250e+22    2.95868e+22    3.48646e+17    0.00000e+00
    8.70700e-05    7.79018e+21    0.00000e+00    1.69204e+22    2.97380e+22    3.84508e+17    0.00000e+00
    9.16100e-05    7.86080e+21    0.00000e+00    1.68494e+22    2.97653e+22    4.24092e+17    0.00000e+00
    9.63800e-05    8.05037e+21    0.00000e+00    1.67560e+22    2.97366e+22    4.67988e+17    0.00000e+00
    1.01400e-04    8.10717e+21    0.00000e+00    1.66617e+22    2.97741e+22    5.15755e+17    0.00000e+00
    1.06700e-04    8.29261e+21    0.00000e+00    1.65583e+22    2.96268e+22    5.69698e+17    0.00000e+00
    1.12200e-04    8.35056e+21    0.00000e+00    1.64357e+22    2.95766e+22    6.26767e+17    0.00000e+00
    1.18100e-04    8.50855e+21    0.00000e+00    1.62408e+22    2.93924e+22    6.93183e+17    0.00000e+00
    1.24200e-04    8.54492e+21    0.00000e+00    1.60594e+22    2.92064e+22    7.62216e+17    0.00000e+00
    1.30700e-04    8.69421e+21    0.00000e+00    1.58710e+22    2.89485e+22    8.43143e+17    0.00000e+00
    1.37500e-04    8.75208e+21    0.00000e+00    1.56760e+22    2.87197e+22    9.27804e+17    0.00000e+00
    1.44700e-04    8.82186e+21    0.00000e+00    1.53736e+22    2.83516e+22    1.02623e+18    0.00000e+00
    1.52200e-04    8.90502e+21    0.00000e+00    1.52101e+22    2.80942e+22    1.12950e+18    0.00000e+00
    1.60100e-04    8.93424e+21    0.00000e+00    1.48917e+22    2.76151e+22    1.24745e+18    0.00000e+00
    1.68400e-04    9.01389e+21    0.00000e+00    1.46722e+22    2.73011e+22    1.37386e+18    0.00000e+00
    1.77200e-04    8.98954e+21    0.00000e+00    1.43140e+22    2.67700e+22    1.51726e+18    0.00000e+00
    1.86400e-04    9.07884e+21    0.00000e+00    1.40451e+22    2.63705e+22    1.67223e+18    0.00000e+00
    1.96100e-04    8.99934e+21    0.00000e+00    1.36958e+22    2.58120e+22    1.84477e+18    0.00000e+00
    2.06400e-04    9.07626e+21    0.00000e+00    1.33969e+22    2.53181e+22    2.03666e+18    0.00000e+00
    2.17100e-04    9.00276e+21    0.00000e+00    1.30488e+22    2.47374e+22    2.24451e+18    0.00000e+00
    2.28400e-04    9.00533e+21    0.00000e+00    1.26863e+22    2.41797e+22    2.47734e+18    0.00000e+00
    2.40300e-04    8.94955e+21    0.00000e+00    1.23425e+22    2.35727e+22    2.72953e+18    0.00000e+00
    2.52800e-04    8.90659e+21    0.00000e+00    1.19548e+22    2.29395e+22    3.01439e+18    0.00000e+00
    2.66000e-04    8.81475e+21    0.00000e+00    1.16054e+22    2.23415e+22    3.31959e+18    0.00000e+00
    2.79800e-04    8.77466e+21    0.00000e+00    1.12043e+22    2.16231e+22    3.66741e+18    0.00000e+00
    2.94400e-04    8.63350e+21    0.00000e+00    1.08424e+22    2.10436e+22    4.03549e+18    0.00000e+00
    3.09700e-04    8.59112e+21    0.00000e+00    1.04240e+22    2.02697e+22    4.46199e+18    0.00000e+00
    3.25900e-04    8.42364e+21    0.00000e+00    1.00814e+22    1.96668e+22    4.91359e+18    0.00000e+00
    3.42800e-04    8.32627e+21    0.00000e+00    9.66555e+21    1.89196e+22    5.42845e+18    0.00000e+00
    3.60700e-04    8.18428e+21    0.00000e+00    9.29220e+21    1.82656e+22    5.98033e+18    0.00000e+00
    3.79500e-04    8.02071e+21    0.00000e+00    8.89909e+21    1.75413e+22    6.60582e+18    0.00000e+00
    3.99200e-04    7.89362e+21    0.00000e+00    8.52326e+21    1.68391e+22    7.27758e+18    0.00000e+00
    4.20000e-04    7.69366e+21    0.00000e+00    8.13837e+21    1.61585e+22    8.03306e+18    0.00000e+00
    4.41900e-04    7.57221e+21    0.00000e+00    7.77084e+21    1.54416e+22    8.85900e+18    0.00000e+00
    4.64900e-04    7.33701e+21    0.00000e+00    7.40040e+21    1.47835e+22    9.77105e+18    0.00000e+00
    4.89100e-04    7.19946e+21    0.00000e+00    7.02822e+21    1.40612e+22    1.07805e+19    0.00000e+00
    5.14500e-04    6.96657e+21    6.81757e+21    6.67859e+21    1.34209e+22    1.18605e+19    0.00000e+00
    5.41300e-04    6.79917e+21    6.53467e+21    6.32798e+21    1.27423e+22    1.30399e+19    0.00000e+00
    5.69500e-04    6.57483e+21    6.20523e+21    5.97695e+21    1.20954e+22    1.43277e+19    0.00000e+00
    5.99200e-04    6.38304e+21    5.91452e+21    5.65620e+21    1.14395e+22    1.58600e+19    0.00000e+00
    6.30400e-04    6.16754e+21    5.59231e+21    5.32468e+21    1.08230e+22    1.74846e+19    0.00000e+00
    6.63200e-04    5.95712e+21    5.30986e+21    5.01364e+21    1.02213e+22    1.93579e+19    0.00000e+00
    6.97700e-04    5.72995e+21    5.01361e+21    4.70877e+21    9.60614e+21    2.13284e+19    0.00000e+00
    7.34100e-04    5.52725e+21    4.74200e+21    4.42260e+21    9.05198e+21    2.36209e+19    0.00000e+00
    7.72300e-04    5.29753e+21    4.45711e+21    4.13332e+21    8.46897e+21    2.60378e+19    0.00000e+00
    8.12500e-04    5.08861e+21    4.20451e+21    3.87419e+21    7.95456e+21    2.88046e+19    0.00000e+00
    8.54800e-04    4.86111e+21    3.94289e+21    3.60416e+21    7.41479e+21    3.17655e+19    0.00000e+00
    8.99300e-04    4.64872e+21    3.70149e+21    3.36656e+21    6.92902e+21    3.51077e+19    0.00000e+00
    9.46100e-04    4.43954e+21    3.46876e+21    3.12549e+21    6.44292e+21    3.87272e+19    0.00000e+00
    9.95400e-04    4.21490e+21    3.23805e+21    2.90489e+21    5.99503e+21    4.27655e+19    0.00000e+00
    1.04700e-03    4.02631e+21    3.03462e+21    2.68936e+21    5.54925e+21    4.71737e+19    0.00000e+00
    1.10200e-03    3.79499e+21    2.81782e+21    2.49304e+21    5.15002e+21    5.20812e+19    0.00000e+00
    1.15900e-03    3.62049e+21    2.63985e+21    2.30167e+21    4.75287e+21    5.74484e+19    0.00000e+00
    1.21900e-03    3.40469e+21    2.45221e+21    2.12618e+21    4.38237e+21    6.32711e+19    0.00000e+00
    1.28300e-03    3.22480e+21    2.28798e+21    1.96199e+21    4.03550e+21    6.99205e+19    0.00000e+00
    1.35000e-03    3.03325e+21    2.12428e+21    1.80203e+21    3.70444e+21    7.70002e+19    0.00000e+00
    1.42000e-03    2.85533e+21    1.98516e+21    1.66217e+21    3.40966e+21    8.49922e+19    0.00000e+00
    1.49400e-03    2.67472e+21    1.84495e+21    1.52321e+21    3.11421e+21    9.34710e+19    0.00000e+00
    1.57200e-03    2.50635e+21    1.72570e+21    1.40302e+21    2.86292e+21    1.03272e+20    0.00000e+00
    1.65400e-03    2.34305e+21    1.60903e+21    1.28759e+21    2.61122e+21    1.13575e+20    0.00000e+00
    1.74000e-03    2.18360e+21    1.50894e+21    1.18937e+21    2.39260e+21    1.25321e+20    0.00000e+00
    1.83000e-03    2.03791e+21    1.41656e+21    1.09130e+21    2.17825e+21    1.37711e+20    0.00000e+00
    1.92600e-03    1.88610e+21    1.33584e+21    1.01383e+21    1.99440e+21    1.51919e+20    0.00000e+00
    2.02600e-03    1.75855e+21    1.26655e+21    9.33705e+20    1.82017e+21    1.67020e+20    0.00000e+00
    2.13100e-03    1.61627e+21    1.20684e+21    8.74130e+20    1.66722e+21    1.83815e+20    0.00000e+00
    2.24200e-03    1.50137e+21    1.15945e+21    8.12886e+20    1.52816e+21    2.02114e+20    0.00000e+00
    2.35900e-03    1.37702e+21    1.11852e+21    7.69659e+20    1.40403e+21    2.22311e+20    0.00000e+00
    2.48200e-03    1.27060e+21    1.09415e+21    7.26710e+20    1.29542e+21    2.44448e+20    0.00000e+00
    2.61100e-03    1.15955e+21    1.07501e+21    6.96869e+20    1.19920e+21    2.68442e+20    0.00000e+00
    2.74700e-03    1.06763e+21    1.06784e+21    6.70886e+20    1.11887e+21    2.95052e+20    0.00000e+00
    2.89000e-03    9.71645e+20    1.07042e+21    6.54403e+20    1.04800e+21    3.23633e+20    0.00000e+00
    3.04100e-03    8.89060e+20    1.08520e+21    6.45935e+20    9.93323e+20    3.55705e+20    0.00000e+00
    3.19900e-03    8.07039e+20    1.10891e+21    6.42823e+20    9.47815e+20    3.89589e+20    0.00000e+00
    3.36600e-03    7.34261e+20    1.14521e+21    6.47675e+20    9.14923e+20    4.27948e+20    0.00000e+00
    3.54100e-03    6.67091e+20    1.18986e+21    6.59609e+20    8.92361e+20    4.68144e+20    0.00000e+00
    3.72500e-03    6.03406e+20    1.24773e+21    6.78106e+20    8.79843e+20    5.13669e+20    0.00000e+00
    3.91900e-03    5.48485e+20    1.31467e+21    7.03779e+20    8.79646e+20    5.61714e+20    0.00000e+00
    4.12300e-03    4.94067e+20    1.39837e+21    7.37619e+20    8.87938e+20    6.15459e+20    0.00000e+00
    4.33800e-03    4.50133e+20    1.48782e+21    7.76608e+20    9.06831e+20    6.72671e+20    0.00000e+00
    4.56400e-03    4.05197e+20    1.59596e+21    8.24826e+20    9.35682e+20    7.35870e+20    0.00000e+00
    4.80100e-03    3.70518e+20    1.71134e+21    8.78061e+20    9.73069e+20    8.03339e+20    0.00000e+00
    5.05100e-03    3.35180e+20    1.84537e+21    9.41040e+20    1.02146e+21    8.77332e+20    0.00000e+00
    5.31400e-03    3.08237e+20    1.99015e+21    1.01012e+21    1.07861e+21    9.57181e+20    0.00000e+00
    5.59100e-03    2.81311e+20    2.15236e+21    1.08851e+21    1.14550e+21    1.04366e+21    0.00000e+00
    5.88200e-03    2.62245e+20    2.32878e+21    1.17403e+21    1.22266e+21    1.13738e+21    0.00000e+00
    6.18800e-03    2.43563e+20    2.52133e+21    1.26874e+21    1.30868e+21    1.23783e+21    0.00000e+00
    6.51100e-03    2.32290e+20    2.73367e+21    1.37287e+21    1.40656e+21    1.34787e+21    0.00000e+00
    6.85000e-03    2.20655e+20    2.96074e+21    1.48549e+21    1.51297e+21    1.46456e+21    0.00000e+00
    7.20600e-03    2.16008e+20    3.21003e+21    1.60863e+21    1.63169e+21    1.59205e+21    0.00000e+00
    7.58200e-03    2.12395e+20    3.47561e+21    1.74096e+21    1.75957e+21    1.72715e+21    0.00000e+00
    7.97600e-03    2.14472e+20    3.76738e+21    1.88577e+21    1.90101e+21    1.87497e+21    0.00000e+00
    8.39200e-03    2.19001e+20    4.07606e+21    2.03982e+21    2.05227e+21    2.03105e+21    0.00000e+00
    8.82900e-03    2.28318e+20    4.41323e+21    2.20776e+21    2.21782e+21    2.20089e+21    0.00000e+00
    9.28800e-03    2.40180e+20    4.76836e+21    2.38516e+21    2.39324e+21    2.37970e+21    0.00000e+00
    9.77200e-03    2.58221e+20    5.15184e+21    2.57650e+21    2.58311e+21    2.57229e+21    0.00000e+00
    1.02800e-02    2.78867e+20    5.55649e+21    2.77870e+21    2.78395e+21    2.77544e+21    0.00000e+00
    1.08200e-02    3.06408e+20    5.98773e+21    2.99417e+21    2.99835e+21    2.99163e+21    0.00000e+00
    1.13800e-02    3.36905e+20    6.43527e+21    3.21782e+21    3.22116e+21    3.21593e+21    0.00000e+00
    1.19700e-02    3.74232e+20    6.89457e+21    3.44742e+21    3.45001e+21    3.44595e+21    0.00000e+00
    1.26000e-02    4.17288e+20    7.37401e+21    3.68705e+21    3.68911e+21    3.68601e+21    0.00000e+00
    1.32500e-02    4.66389e+20    7.83778e+21    3.91896e+21    3.92053e+21    3.91813e+21    0.00000e+00
    1.39400e-02    5.22819e+20    8.28450e+21    4.14225e+21    4.14346e+21    4.14168e+21    0.00000e+00
    1.46700e-02    5.86398e+20    8.70676e+21    4.35340e+21    4.35433e+21    4.35295e+21    0.00000e+00
    1.54300e-02    6.59466e+20    9.01643e+21    4.50820e+21    4.50890e+21    4.50791e+21    0.00000e+00
    1.62300e-02    7.37047e+20    9.29631e+21    4.64816e+21    4.64869e+21    4.64793e+21    0.00000e+00
    1.70800e-02    8.26706e+20    9.31081e+21    4.65539e+21    4.65576e+21    4.65524e+21    0.00000e+00
    1.79700e-02    9.19857e+20    9.31780e+21    4.65890e+21    4.65919e+21    4.65879e+21    0.00000e+00
    1.89000e-02    1.01783e+21    8.89948e+21    4.44973e+21    4.44993e+21    4.44966e+21    0.00000e+00
    1.98900e-02    1.12159e+21    8.45418e+21    4.22709e+21    4.22724e+21    4.22704e+21    0.00000e+00
    2.09200e-02    1.20924e+21    7.67349e+21    3.83674e+21    3.83685e+21    3.83671e+21    0.00000e+00
    2.20100e-02    1.29882e+21    6.80582e+21    3.40291e+21    3.40299e+21    3.40288e+21    0.00000e+00
    2.31600e-02    1.34018e+21    5.84769e+21    2.92384e+21    2.92389e+21    2.92383e+21    0.00000e+00
    2.43700e-02    1.36536e+21    4.82521e+21    2.41260e+21    2.41264e+21    2.41259e+21    0.00000e+00
    2.56300e-02    1.31795e+21    3.91901e+21    1.95950e+21    1.95953e+21    1.95950e+21    0.00000e+00
    2.69700e-02    1.22139e+21    3.05383e+21    1.52691e+21    1.52693e+21    1.52691e+21    0.00000e+00
    2.83700e-02    1.08255e+21    2.32893e+21    1.16447e+21    1.16448e+21    1.16446e+21    0.00000e+00
    2.98500e-02    8.95097e+20    1.75297e+21    8.76486e+20    8.76493e+20    8.76484e+20    0.00000e+00
    3.14000e-02    7.10904e+20    1.26305e+21    6.31522e+20    6.31528e+20    6.31521e+20    0.00000e+00
    3.30400e-02    5.38054e+20    9.52667e+20    4.76333e+20    4.76336e+20    4.76333e+20    0.00000e+00
    3.47600e-02    3.76152e+20    6.69301e+20    3.34650e+20    3.34653e+20    3.34650e+20    0.00000e+00
    3.65700e-02    2.72238e+20    5.15538e+20    2.57769e+20    2.57770e+20    2.57769e+20    0.00000e+00
    3.84700e-02    1.69614e+20    3.62200e+20    1.81100e+20    1.81101e+20    1.81100e+20    0.00000e+00
    4.04800e-02    1.23040e+20    2.77182e+20    1.38591e+20    1.38591e+20    1.38591e+20    0.00000e+00
    4.25900e-02    7.41428e+19    1.87933e+20    9.39666e+19    9.39669e+19    9.39666e+19    0.00000e+00
    4.48000e-02    5.46009e+19    1.35293e+20    6.76464e+19    6.76464e+19    6.76464e+19    0.00000e+00
    4.71400e-02    3.49090e+19    8.08472e+19    4.04236e+19    4.04236e+19    4.04236e+19    0.00000e+00
    4.95900e-02    2.42977e+19    5.31258e+19    2.65629e+19    2.65629e+19    2.65629e+19    0.00000e+00
    5.21700e-02    1.50986e+19    2.97187e+19    1.48594e+19    1.48594e+19    1.48594e+19    0.00000e+00
    5.48900e-02    9.45577e+18    1.75392e+19    8.76960e+18    8.76961e+18    8.76960e+18    0.00000e+00
    5.77500e-02    5.25672e+18    1.00795e+19    5.03977e+18    5.03978e+18    5.03977e+18    0.00000e+00
    6.07500e-02    2.74209e+18    5.53031e+18    2.76516e+18    2.76516e+18    2.76516e+18    0.00000e+00
    6.39200e-02    1.52390e+18    3.21789e+18    1.60895e+18    1.60895e+18    1.60895e+18    0.00000e+00
    6.72400e-02    6.96959e+17    1.58349e+18    7.91743e+17    7.91744e+17    7.91743e+17    0.00000e+00
    7.07500e-02    4.03746e+17    8.75073e+17    4.37537e+17    4.37537e+17    4.37537e+17    0.00000e+00
    7.44300e-02    1.71399e+17    3.26225e+17    1.63113e+17    1.63113e+17    1.63113e+17    0.00000e+00
    7.83000e-02    9.61186e+16    1.85800e+17    9.29002e+16    9.29002e+16    9.29002e+16    0.00000e+00
    8.23800e-02    2.92119e+16    6.05340e+16    3.02670e+16    3.02670e+16    3.02670e+16    0.00000e+00
    8.66700e-02    1.68418e+16    3.48392e+16    1.74196e+16    1.74196e+16    1.74196e+16    0.00000e+00
    9.11800e-02    4.40298e+15    9.00333e+15    4.50167e+15    4.50167e+15    4.50167e+15    0.00000e+00
    9.59300e-02    2.56407e+15    5.23562e+15    2.61781e+15    2.61781e+15    2.61781e+15    0.00000e+00
    1.00900e-01    6.40027e+14    1.29341e+15    6.46704e+14    6.46704e+14    6.46704e+14    0.00000e+00
    1.06200e-01    2.88547e+14    5.79911e+14    2.89956e+14    2.89956e+14    2.89956e+14    0.00000e+00
    1.11700e-01    8.52810e+13    1.70979e+14    8.54897e+13    8.54897e+13    8.54897e+13    0.00000e+00
    1.17500e-01    2.66421e+13    5.33005e+13    2.66502e+13    2.66503e+13    2.66502e+13    0.00000e+00
    1.23600e-01    8.69515e+12    1.75837e+13    8.79187e+12    8.79187e+12    8.79187e+12    0.00000e+00
    1.30100e-01    1.54476e+12    3.26880e+12    1.63440e+12    1.63440e+12    1.63440e+12    0.00000e+00
    1.36900e-01    5.73941e+11    1.20210e+12    6.01049e+11    6.01049e+11    6.01049e+11    0.00000e+00
    1.44000e-01    7.93310e+10    1.53719e+11    7.68597e+10    7.68597e+10    7.68597e+10    0.00000e+00
    1.51500e-01    3.22300e+10    6.24456e+10    3.12228e+10    3.12228e+10    3.12228e+10    0.00000e+00
    1.59400e-01    2.16811e+09    4.19346e+09    2.09673e+09    2.09673e+09    2.09673e+09    0.00000e+00
    1.67700e-01    9.71676e+08    1.88223e+09    9.41116e+08    9.41116e+08    9.41116e+08    0.00000e+00
    1.76400e-01    4.84988e+07    9.82697e+07    4.91348e+07    4.91348e+07    4.91348e+07    0.00000e+00
    1.85600e-01    2.33727e+07    4.73550e+07    2.36775e+07    2.36775e+07    2.36775e+07    0.00000e+00
    1.95200e-01    5.48708e+05    1.10561e+06    5.52803e+05    5.52803e+05    5.52803e+05    0.00000e+00
    2.05400e-01    2.83064e+05    5.70346e+05    2.85173e+05    2.85173e+05    2.85173e+05    0.00000e+00
    2.16100e-01    4.39968e+03    8.84885e+03    4.42442e+03    4.42442e+03    4.42442e+03    0.00000e+00
    2.27400e-01    2.36622e+03    4.75873e+03    2.37937e+03    2.37937e+03    2.37937e+03    0.00000e+00
    2.39200e-01    2.95460e+02    5.93795e+02    2.96897e+02    2.96897e+02    2.96897e+02    0.00000e+00
    2.51700e-01    9.92274e+00    1.96750e+01    9.83749e+00    9.83749e+00    9.83749e+00    0.00000e+00
    2.64800e-01    2.11624e+00    4.19620e+00    2.09810e+00    2.09810e+00    2.09810e+00    0.00000e+00
    2.78500e-01    2.09390e-02    4.15850e-02    2.07925e-02    2.07925e-02    2.07925e-02    0.00000e+00
    2.93000e-01    6.11828e-03    1.21506e-02    6.07531e-03    6.07531e-03    6.07531e-03    0.00000e+00
    3.08300e-01    2.67844e-05    5.28491e-05    2.64246e-05    2.64246e-05    2.64246e-05    0.00000e+00
    3.24400e-01    9.40956e-06    1.85663e-05    9.28315e-06    9.28315e-06    9.28315e-06    0.00000e+00
    3.41200e-01    1.39973e-08    2.76075e-08    1.38037e-08    1.38037e-08    1.38037e-08    0.00000e+00
    3.59000e-01    5.68256e-09    1.12079e-08    5.60395e-09    5.60395e-09    5.60395e-09    0.00000e+00
    3.77700e-01    3.06181e-12    5.97399e-12    2.98699e-12    2.98699e-12    2.98699e-12    0.00000e+00
    3.97400e-01    1.37993e-12    2.69242e-12    1.34621e-12    1.34621e-12    1.34621e-12    0.00000e+00
    4.18100e-01    2.97730e-16    5.77561e-16    2.88780e-16    2.88780e-16    2.88780e-16    0.00000e+00
    4.39800e-01    1.46449e-16    2.84093e-16    1.42047e-16    1.42047e-16    1.42047e-16    0.00000e+00
    4.62700e-01    8.29804e-21    1.61369e-20    8.06843e-21    8.06843e-21    8.06843e-21    0.00000e+00
    4.86800e-01    4.35747e-21    8.47381e-21    4.23690e-21    4.23690e-21    4.23690e-21    0.00000e+00
    5.12200e-01    2.04347e-22    3.97385e-22    1.98692e-22    1.98692e-22    1.98692e-22    0.00000e+00
    5.38800e-01    3.76665e-26    7.28856e-26    3.64428e-26    3.64428e-26    3.64428e-26    0.00000e+00
    5.66900e-01    5.88893e-27    1.13952e-26    5.69761e-27    5.69761e-27    5.69761e-27    0.00000e+00
    5.96400e-01    8.87374e-32    1.70362e-31    8.51808e-32    8.51808e-32    8.51808e-32    0.00000e+00
    6.27500e-01    2.15358e-32    4.13453e-32    2.06727e-32    2.06727e-32    2.06727e-32    0.00000e+00
    6.60100e-01    4.87508e-38    9.31600e-38    4.65800e-38    4.65800e-38    4.65800e-38    0.00000e+00
    6.94500e-01    1.53389e-38    2.93117e-38    1.46558e-38    1.46558e-38    1.46558e-38    0.00000e+00
    7.30700e-01    5.35281e-45    1.00930e-44    5.04651e-45    5.04651e-45    5.04651e-45    0.00000e+00
    7.68700e-01    2.00391e-45    3.77848e-45    1.88924e-45    1.88924e-45    1.88924e-45    0.00000e+00
    8.08800e-01    8.25121e-53    1.49206e-52    7.46030e-53    7.46030e-53    7.46030e-53    0.00000e+00
    8.50900e-01    3.49619e-53    6.32213e-53    3.16106e-53    3.16106e-53    3.16106e-53    0.00000e+00
    8.95200e-01    1.52945e-61    2.84683e-61    1.42342e-61    1.42342e-61    1.42342e-61    0.00000e+00
    9.41800e-01    7.13979e-62    1.32896e-61    6.64479e-62    6.64479e-62    6.64479e-62    4.23369e-85
    9.90800e-01    3.12083e-71    5.46958e-71    2.73479e-71    2.73479e-71    2.73479e-71    7.78872e-86
    1.04200e+00    1.58523e-71    2.77829e-71    1.38915e-71    1.38915e-71    1.38915e-71    9.20914e-97
    1.09700e+00    5.18218e-82    8.91878e-82    4.45939e-82    4.45939e-82    4.45939e-82    3.79443e-97
    1.15400e+00    2.77940e-82    4.78348e-82    2.39174e-82    2.39174e-82    2.39174e-82    6.98061e-98
    1.21400e+00    2.50166e-83    4.30547e-83    2.15273e-83    2.15273e-83    2.15273e-83   1.32421e-110
    1.27700e+00    2.56883e-94    4.31039e-94    2.15519e-94    2.15519e-94    2.15519e-94   2.43615e-111
    1.34400e+00    4.77645e-95    8.01469e-95    4.00734e-95    4.00734e-95    4.00734e-95   1.69998e-125
    1.41400e+00   8.76728e-108   1.48089e-107   7.40443e-108   7.40443e-108   7.40443e-108   3.12745e-126
    1.48700e+00   2.40497e-108   4.06224e-108   2.03112e-108   2.03112e-108   2.03112e-108   3.54642e-142
    1.56500e+00   1.12009e-122   1.86663e-122   9.33313e-123   9.33313e-123   9.33313e-123   6.52434e-143
    1.64600e+00   3.80219e-123   6.33632e-123   3.16816e-123   3.16816e-123   3.16816e-123   9.49969e-161
    1.73200e+00   2.22389e-139   3.79638e-139   1.89819e-139   1.89819e-139   1.89819e-139   1.74766e-161
    1.82200e+00   8.75397e-140   1.49438e-139   7.47190e-140   7.47190e-140   7.47190e-140   1.58933e-181
    1.91700e+00   6.12836e-158   9.83677e-158   4.91839e-158   4.91839e-158   4.91839e-158   2.92390e-182
    2.01700e+00   2.69029e-158   4.31825e-158   2.15912e-158   2.15912e-158   2.15912e-158   1.32101e-204
    2.12200e+00   1.04488e-178   1.58113e-178   7.90565e-179   7.90565e-179   7.90565e-179   2.43026e-205
    2.23200e+00   5.04302e-179   7.63115e-179   3.81557e-179   3.81557e-179   3.81557e-179   6.69247e-230
    2.34800e+00   8.98574e-202   1.26121e-201   6.30605e-202   6.30605e-202   6.30605e-202   2.75749e-230
    2.47000e+00   4.65836e-202   6.53832e-202   3.26916e-202   3.26916e-202   3.26916e-202   5.07296e-231
    2.59900e+00   8.26778e-204   1.16044e-203   5.80219e-204   5.80219e-204   5.80219e-204   5.53910e-259
    2.73400e+00   8.86044e-228   1.37706e-227   6.88529e-228   6.88529e-228   6.88529e-228   1.01903e-259
    2.87700e+00   1.15873e-228   1.80085e-228   9.00426e-229   9.00426e-229   9.00426e-229   6.97236e-291
    3.02700e+00   1.93231e-256   2.74447e-256   1.37223e-256   1.37223e-256   1.37223e-256   1.28271e-291
    3.18400e+00   4.35275e-257   6.18223e-257   3.09111e-257   3.09111e-257   3.09111e-257    0.00000e+00
    3.35000e+00   2.53633e-288   3.41365e-288   1.70683e-288   1.70683e-288   1.70683e-288    0.00000e+00
    3.52400e+00   7.61198e-289   1.02450e-288   5.12250e-289   5.12250e-289   5.12250e-289    0.00000e+00
    3.70800e+00    0.00000e+00    0.00000e+00    0.00000e+00    0.00000e+00    0.00000e+00    0.00000e+00
    3.90100e+00    0.00000e+00    0.00000e+00    0.00000e+00    0.00000e+00    0.00000e+00    0.00000e+00
    4.10400e+00    0.00000e+00    0.00000e+00    0.00000e+00    0.00000e+00    0.00000e+00    0.00000e+00
    4.31800e+00    0.00000e+00    0.00000e+00    0.00000e+00    0.00000e+00    0.00000e+00    0.00000e+00
    4.54300e+00    0.00000e+00    0.00000e+00    0.00000e+00    0.00000e+00    0.00000e+00    0.00000e+00
    4.77900e+00    0.00000e+00    0.00000e+00    0.00000e+00    0.00000e+00    0.00000e+00    0.00000e+00
    5.02800e+00    0.00000e+00    0.00000e+00    0.00000e+00    0.00000e+00    0.00000e+00    0.00000e+00
    5.29000e+00    0.00000e+00    0.00000e+00    0.00000e+00    0.00000e+00    0.00000e+00    0.00000e+00
    5.56500e+00    0.00000e+00    0.00000e+00    0.00000e+00    0.00000e+00    0.00000e+00    0.00000e+00
    5.85500e+00    0.00000e+00    0.00000e+00    0.00000e+00    0.00000e+00    0.00000e+00    0.00000e+00
    6.16000e+00    0.00000e+00    0.00000e+00    0.00000e+00    0.00000e+00    0.00000e+00    0.00000e+00
    6.48100e+00    0.00000e+00    0.00000e+00    0.00000e+00    0.00000e+00    0.00000e+00    0.00000e+00
    6.81800e+00    0.00000e+00    0.00000e+00    0.00000e+00    0.00000e+00    0.00000e+00    0.00000e+00
    7.17300e+00    0.00000e+00    0.00000e+00    0.00000e+00    0.00000e+00    0.00000e+00    0.00000e+00
    7.54700e+00    0.00000e+00    0.00000e+00    0.00000e+00    0.00000e+00    0.00000e+00    0.00000e+00
    7.94000e+00    0.00000e+00    0.00000e+00    0.00000e+00    0.00000e+00    0.00000e+00    0.00000e+00
    8.35300e+00    0.00000e+00    0.00000e+00    0.00000e+00    0.00000e+00    0.00000e+00    0.00000e+00
    8.78800e+00    0.00000e+00    0.00000e+00    0.00000e+00    0.00000e+00    0.00000e+00    0.00000e+00
    9.24600e+00    0.00000e+00    0.00000e+00    0.00000e+00    0.00000e+00    0.00000e+00    0.00000e+00
    9.72700e+00    0.00000e+00    0.00000e+00    0.00000e+00    0.00000e+00    0.00000e+00    0.00000e+00
    1.02300e+01    0.00000e+00    0.00000e+00    0.00000e+00    0.00000e+00    0.00000e+00    0.00000e+00
    1.07700e+01    0.00000e+00    0.00000e+00    0.00000e+00    0.00000e+00    0.00000e+00    0.00000e+00
    1.13300e+01    0.00000e+00    0.00000e+00    0.00000e+00    0.00000e+00    0.00000e+00    0.00000e+00
    1.19200e+01    0.00000e+00    0.00000e+00    0.00000e+00    0.00000e+00    0.00000e+00    0.00000e+00
    1.25400e+01    0.00000e+00    0.00000e+00    0.00000e+00    0.00000e+00    0.00000e+00    0.00000e+00
    1.31900e+01    0.00000e+00    0.00000e+00    0.00000e+00    0.00000e+00    0.00000e+00    0.00000e+00
    1.38800e+01    0.00000e+00    0.00000e+00    0.00000e+00    0.00000e+00    0.00000e+00    0.00000e+00
    1.46000e+01    0.00000e+00    0.00000e+00    0.00000e+00    0.00000e+00    0.00000e+00    0.00000e+00
    1.53600e+01    0.00000e+00    0.00000e+00    0.00000e+00    0.00000e+00    0.00000e+00    0.00000e+00
    1.61600e+01    0.00000e+00    0.00000e+00    0.00000e+00    0.00000e+00    0.00000e+00    0.00000e+00
    1.70000e+01    0.00000e+00    0.00000e+00    0.00000e+00    0.00000e+00    0.00000e+00    0.00000e+00
    1.78900e+01    0.00000e+00    0.00000e+00    0.00000e+00    0.00000e+00    0.00000e+00    0.00000e+00
    1.88200e+01    0.00000e+00    0.00000e+00    0.00000e+00    0.00000e+00    0.00000e+00    0.00000e+00
    1.98000e+01    0.00000e+00    0.00000e+00    0.00000e+00    0.00000e+00    0.00000e+00    0.00000e+00
    2.08300e+01    0.00000e+00    0.00000e+00    0.00000e+00    0.00000e+00    0.00000e+00    0.00000e+00
    2.19100e+01    0.00000e+00    0.00000e+00    0.00000e+00    0.00000e+00    0.00000e+00    0.00000e+00
    2.30500e+01    0.00000e+00    0.00000e+00    0.00000e+00    0.00000e+00    0.00000e+00    0.00000e+00
    2.42500e+01    0.00000e+00    0.00000e+00    0.00000e+00    0.00000e+00    0.00000e+00    0.00000e+00
    2.55200e+01    0.00000e+00    0.00000e+00    0.00000e+00    0.00000e+00    0.00000e+00    0.00000e+00
    2.68400e+01    0.00000e+00    0.00000e+00    0.00000e+00    0.00000e+00    0.00000e+00    0.00000e+00
    2.82400e+01    0.00000e+00    0.00000e+00    0.00000e+00    0.00000e+00    0.00000e+00    0.00000e+00
    2.97100e+01    0.00000e+00    0.00000e+00    0.00000e+00    0.00000e+00    0.00000e+00    0.00000e+00
    3.12600e+01    0.00000e+00    0.00000e+00    0.00000e+00    0.00000e+00    0.00000e+00    0.00000e+00
    3.28900e+01    0.00000e+00    0.00000e+00    0.00000e+00    0.00000e+00    0.00000e+00    0.00000e+00
    3.46000e+01    0.00000e+00    0.00000e+00    0.00000e+00    0.00000e+00    0.00000e+00    0.00000e+00
    3.64000e+01    0.00000e+00    0.00000e+00    0.00000e+00    0.00000e+00    0.00000e+00    0.00000e+00
    3.83000e+01    0.00000e+00    0.00000e+00    0.00000e+00    0.00000e+00    0.00000e+00    0.00000e+00
    4.02900e+01    0.00000e+00    0.00000e+00    0.00000e+00    0.00000e+00    0.00000e+00    0.00000e+00
    4.23900e+01    0.00000e+00    0.00000e+00    0.00000e+00    0.00000e+00    0.00000e+00    0.00000e+00
    4.46000e+01    0.00000e+00    0.00000e+00    0.00000e+00    0.00000e+00    0.00000e+00    0.00000e+00
    4.69200e+01    0.00000e+00    0.00000e+00    0.00000e+00    0.00000e+00    0.00000e+00    0.00000e+00
    4.93600e+01    0.00000e+00    0.00000e+00    0.00000e+00    0.00000e+00    0.00000e+00    0.00000e+00
    5.19300e+01    0.00000e+00    0.00000e+00    0.00000e+00    0.00000e+00    0.00000e+00    0.00000e+00
    5.46400e+01    0.00000e+00    0.00000e+00    0.00000e+00    0.00000e+00    0.00000e+00    0.00000e+00
    5.74800e+01    0.00000e+00    0.00000e+00    0.00000e+00    0.00000e+00    0.00000e+00    0.00000e+00
    6.04700e+01    0.00000e+00    0.00000e+00    0.00000e+00    0.00000e+00    0.00000e+00    0.00000e+00
    6.36200e+01    0.00000e+00    0.00000e+00    0.00000e+00    0.00000e+00    0.00000e+00    0.00000e+00
    6.69300e+01    0.00000e+00    0.00000e+00    0.00000e+00    0.00000e+00    0.00000e+00    0.00000e+00
    7.04200e+01    0.00000e+00    0.00000e+00    0.00000e+00    0.00000e+00    0.00000e+00    0.00000e+00
    7.40900e+01    0.00000e+00    0.00000e+00    0.00000e+00    0.00000e+00    0.00000e+00    0.00000e+00
    7.79400e+01    0.00000e+00    0.00000e+00    0.00000e+00    0.00000e+00    0.00000e+00    0.00000e+00
    8.20000e+01    0.00000e+00    0.00000e+00    0.00000e+00    0.00000e+00    0.00000e+00    0.00000e+00
    8.62700e+01    0.00000e+00    0.00000e+00    0.00000e+00    0.00000e+00    0.00000e+00    0.00000e+00
    9.07600e+01    0.00000e+00    0.00000e+00    0.00000e+00    0.00000e+00    0.00000e+00    0.00000e+00
    9.54900e+01    0.00000e+00    0.00000e+00    0.00000e+00    0.00000e+00    0.00000e+00    0.00000e+00
    1.00500e+02    0.00000e+00    0.00000e+00    0.00000e+00    0.00000e+00    0.00000e+00    0.00000e+00
    1.05700e+02    0.00000e+00    0.00000e+00    0.00000e+00    0.00000e+00    0.00000e+00    0.00000e+00
    1.11200e+02    0.00000e+00    0.00000e+00    0.00000e+00    0.00000e+00    0.00000e+00    0.00000e+00
    1.17000e+02    0.00000e+00    0.00000e+00    0.00000e+00    0.00000e+00    0.00000e+00    0.00000e+00
    1.23100e+02    0.00000e+00    0.00000e+00    0.00000e+00    0.00000e+00    0.00000e+00    0.00000e+00
    1.29500e+02    0.00000e+00    0.00000e+00    0.00000e+00    0.00000e+00    0.00000e+00    0.00000e+00
    1.36200e+02    0.00000e+00    0.00000e+00    0.00000e+00    0.00000e+00    0.00000e+00    0.00000e+00
    1.43300e+02    0.00000e+00    0.00000e+00    0.00000e+00    0.00000e+00    0.00000e+00    0.00000e+00
    1.50800e+02    0.00000e+00    0.00000e+00    0.00000e+00    0.00000e+00    0.00000e+00    0.00000e+00
    1.58600e+02    0.00000e+00    0.00000e+00    0.00000e+00    0.00000e+00    0.00000e+00    0.00000e+00
    1.66900e+02    0.00000e+00    0.00000e+00    0.00000e+00    0.00000e+00    0.00000e+00    0.00000e+00
    1.75600e+02    0.00000e+00    0.00000e+00    0.00000e+00    0.00000e+00    0.00000e+00    0.00000e+00
    1.84700e+02    0.00000e+00    0.00000e+00    0.00000e+00    0.00000e+00    0.00000e+00    0.00000e+00
    1.94300e+02    0.00000e+00    0.00000e+00    0.00000e+00    0.00000e+00    0.00000e+00    0.00000e+00
    2.04500e+02    0.00000e+00    0.00000e+00    0.00000e+00    0.00000e+00    0.00000e+00    0.00000e+00
    2.15100e+02    0.00000e+00    0.00000e+00    0.00000e+00    0.00000e+00    0.00000e+00    0.00000e+00
    2.26300e+02    0.00000e+00    0.00000e+00    0.00000e+00    0.00000e+00    0.00000e+00    0.00000e+00
    2.38100e+02    0.00000e+00    0.00000e+00    0.00000e+00    0.00000e+00    0.00000e+00    0.00000e+00
    2.50500e+02    0.00000e+00    0.00000e+00    0.00000e+00    0.00000e+00    0.00000e+00    0.00000e+00
    2.63500e+02    0.00000e+00    0.00000e+00    0.00000e+00    0.00000e+00    0.00000e+00    0.00000e+00
    2.77300e+02    0.00000e+00    0.00000e+00    0.00000e+00    0.00000e+00    0.00000e+00    0.00000e+00
    2.91700e+02    0.00000e+00    0.00000e+00    0.00000e+00    0.00000e+00    0.00000e+00    0.00000e+00
    3.06900e+02    0.00000e+00    0.00000e+00    0.00000e+00    0.00000e+00    0.00000e+00    0.00000e+00
    3.22900e+02    0.00000e+00    0.00000e+00    0.00000e+00    0.00000e+00    0.00000e+00    0.00000e+00
    3.39700e+02    0.00000e+00    0.00000e+00    0.00000e+00    0.00000e+00    0.00000e+00    0.00000e+00
    3.57400e+02    0.00000e+00    0.00000e+00    0.00000e+00    0.00000e+00    0.00000e+00    0.00000e+00
    3.76000e+02    0.00000e+00    0.00000e+00    0.00000e+00    0.00000e+00    0.00000e+00    0.00000e+00
    3.95500e+02    0.00000e+00    0.00000e+00    0.00000e+00    0.00000e+00    0.00000e+00    0.00000e+00
    4.16100e+02    0.00000e+00    0.00000e+00    0.00000e+00    0.00000e+00    0.00000e+00    0.00000e+00
    4.37800e+02    0.00000e+00    0.00000e+00    0.00000e+00    0.00000e+00    0.00000e+00    0.00000e+00
    4.60600e+02    0.00000e+00    0.00000e+00    0.00000e+00    0.00000e+00    0.00000e+00    0.00000e+00
    4.84600e+02    0.00000e+00    0.00000e+00    0.00000e+00    0.00000e+00    0.00000e+00    0.00000e+00
    5.09800e+02    0.00000e+00    0.00000e+00    0.00000e+00    0.00000e+00    0.00000e+00    0.00000e+00
    5.36400e+02    0.00000e+00    0.00000e+00    0.00000e+00    0.00000e+00    0.00000e+00    0.00000e+00
    5.64300e+02    0.00000e+00    0.00000e+00    0.00000e+00    0.00000e+00    0.00000e+00    0.00000e+00
    5.93700e+02    0.00000e+00    0.00000e+00    0.00000e+00    0.00000e+00    0.00000e+00    0.00000e+00
    6.24600e+02    0.00000e+00    0.00000e+00    0.00000e+00    0.00000e+00    0.00000e+00    0.00000e+00
    6.57100e+02    0.00000e+00    0.00000e+00    0.00000e+00    0.00000e+00    0.00000e+00    0.00000e+00
    6.91300e+02    0.00000e+00    0.00000e+00    0.00000e+00    0.00000e+00    0.00000e+00    0.00000e+00
    7.27300e+02    0.00000e+00    0.00000e+00    0.00000e+00    0.00000e+00    0.00000e+00    0.00000e+00
    7.65200e+02    0.00000e+00    0.00000e+00    0.00000e+00    0.00000e+00    0.00000e+00    0.00000e+00
    8.05000e+02    0.00000e+00    0.00000e+00    0.00000e+00    0.00000e+00    0.00000e+00    0.00000e+00
    8.46900e+02    0.00000e+00    0.00000e+00    0.00000e+00    0.00000e+00    0.00000e+00    0.00000e+00
    8.91000e+02    0.00000e+00    0.00000e+00    0.00000e+00    0.00000e+00    0.00000e+00    0.00000e+00
    9.37400e+02    0.00000e+00    0.00000e+00    0.00000e+00    0.00000e+00    0.00000e+00    0.00000e+00
    9.86300e+02    0.00000e+00    0.00000e+00    0.00000e+00    0.00000e+00    0.00000e+00    0.00000e+00
    1.03800e+03    0.00000e+00    0.00000e+00    0.00000e+00    0.00000e+00    0.00000e+00    0.00000e+00
    1.09200e+03    0.00000e+00    0.00000e+00    0.00000e+00    0.00000e+00    0.00000e+00    0.00000e+00
    1.14800e+03    0.00000e+00    0.00000e+00    0.00000e+00    0.00000e+00    0.00000e+00    0.00000e+00
    1.20800e+03    0.00000e+00    0.00000e+00    0.00000e+00    0.00000e+00    0.00000e+00    0.00000e+00
    1.27100e+03    0.00000e+00    0.00000e+00    0.00000e+00    0.00000e+00    0.00000e+00    0.00000e+00
    1.33700e+03    0.00000e+00    0.00000e+00    0.00000e+00    0.00000e+00    0.00000e+00    0.00000e+00
    1.40700e+03    0.00000e+00    0.00000e+00    0.00000e+00    0.00000e+00    0.00000e+00    0.00000e+00
    1.48000e+03    0.00000e+00    0.00000e+00    0.00000e+00    0.00000e+00    0.00000e+00    0.00000e+00
    1.55700e+03    0.00000e+00    0.00000e+00    0.00000e+00    0.00000e+00    0.00000e+00    0.00000e+00
    1.63800e+03    0.00000e+00    0.00000e+00    0.00000e+00    0.00000e+00    0.00000e+00    0.00000e+00
    1.72400e+03    0.00000e+00    0.00000e+00    0.00000e+00    0.00000e+00    0.00000e+00    0.00000e+00
    1.81400e+03    0.00000e+00    0.00000e+00    0.00000e+00    0.00000e+00    0.00000e+00    0.00000e+00
    1.90800e+03    0.00000e+00    0.00000e+00    0.00000e+00    0.00000e+00    0.00000e+00    0.00000e+00
    2.00700e+03    0.00000e+00    0.00000e+00    0.00000e+00    0.00000e+00    0.00000e+00    0.00000e+00
    2.11200e+03    0.00000e+00    0.00000e+00    0.00000e+00    0.00000e+00    0.00000e+00    0.00000e+00
    2.22200e+03    0.00000e+00    0.00000e+00    0.00000e+00    0.00000e+00    0.00000e+00    0.00000e+00
    2.33700e+03    0.00000e+00    0.00000e+00    0.00000e+00    0.00000e+00    0.00000e+00    0.00000e+00
    2.45900e+03    0.00000e+00    0.00000e+00    0.00000e+00    0.00000e+00    0.00000e+00    0.00000e+00
    2.58700e+03    0.00000e+00    0.00000e+00    0.00000e+00    0.00000e+00    0.00000e+00    0.00000e+00
    2.72200e+03    0.00000e+00    0.00000e+00    0.00000e+00    0.00000e+00    0.00000e+00    0.00000e+00
    2.86400e+03    0.00000e+00    0.00000e+00    0.00000e+00    0.00000e+00    0.00000e+00    0.00000e+00
    3.01300e+03    0.00000e+00    0.00000e+00    0.00000e+00    0.00000e+00    0.00000e+00    0.00000e+00
    3.17000e+03    0.00000e+00    0.00000e+00    0.00000e+00    0.00000e+00    0.00000e+00    0.00000e+00
    3.33500e+03    0.00000e+00    0.00000e+00    0.00000e+00    0.00000e+00    0.00000e+00    0.00000e+00
    3.50800e+03    0.00000e+00    0.00000e+00    0.00000e+00    0.00000e+00    0.00000e+00    0.00000e+00
    3.69100e+03    0.00000e+00    0.00000e+00    0.00000e+00    0.00000e+00    0.00000e+00    0.00000e+00
    3.88300e+03    0.00000e+00    0.00000e+00    0.00000e+00    0.00000e+00    0.00000e+00    0.00000e+00
    4.08500e+03    0.00000e+00    0.00000e+00    0.00000e+00    0.00000e+00    0.00000e+00    0.00000e+00
    4.29800e+03    0.00000e+00    0.00000e+00    0.00000e+00    0.00000e+00    0.00000e+00    0.00000e+00
    4.52200e+03    0.00000e+00    0.00000e+00    0.00000e+00    0.00000e+00    0.00000e+00    0.00000e+00
    4.75700e+03    0.00000e+00    0.00000e+00    0.00000e+00    0.00000e+00    0.00000e+00    0.00000e+00
    5.00500e+03    0.00000e+00    0.00000e+00    0.00000e+00    0.00000e+00    0.00000e+00    0.00000e+00
    5.26600e+03    0.00000e+00    0.00000e+00    0.00000e+00    0.00000e+00    0.00000e+00    0.00000e+00
    5.54000e+03    0.00000e+00    0.00000e+00    0.00000e+00    0.00000e+00    0.00000e+00    0.00000e+00
    5.82800e+03    0.00000e+00    0.00000e+00    0.00000e+00    0.00000e+00    0.00000e+00    0.00000e+00
    6.13200e+03    0.00000e+00    0.00000e+00    0.00000e+00    0.00000e+00    0.00000e+00    0.00000e+00
    6.45100e+03    0.00000e+00    0.00000e+00    0.00000e+00    0.00000e+00    0.00000e+00    0.00000e+00
    6.78700e+03    0.00000e+00    0.00000e+00    0.00000e+00    0.00000e+00    0.00000e+00    0.00000e+00
    7.14000e+03    0.00000e+00    0.00000e+00    0.00000e+00    0.00000e+00    0.00000e+00    0.00000e+00
    7.51200e+03    0.00000e+00    0.00000e+00    0.00000e+00    0.00000e+00    0.00000e+00    0.00000e+00
    7.90300e+03    0.00000e+00    0.00000e+00    0.00000e+00    0.00000e+00    0.00000e+00    0.00000e+00
    8.31500e+03    0.00000e+00    0.00000e+00    0.00000e+00    0.00000e+00    0.00000e+00    0.00000e+00
    8.74800e+03    0.00000e+00    0.00000e+00    0.00000e+00    0.00000e+00    0.00000e+00    0.00000e+00
    9.20300e+03    0.00000e+00    0.00000e+00    0.00000e+00    0.00000e+00    0.00000e+00    0.00000e+00
    9.68200e+03    0.00000e+00    0.00000e+00    0.00000e+00    0.00000e+00    0.00000e+00    0.00000e+00
    1.01900e+04    0.00000e+00    0.00000e+00    0.00000e+00    0.00000e+00    0.00000e+00    0.00000e+00
    1.07200e+04    0.00000e+00    0.00000e+00    0.00000e+00    0.00000e+00    0.00000e+00    0.00000e+00
    1.12700e+04    0.00000e+00    0.00000e+00    0.00000e+00    0.00000e+00    0.00000e+00    0.00000e+00
    1.18600e+04    0.00000e+00    0.00000e+00    0.00000e+00    0.00000e+00    0.00000e+00    0.00000e+00
    1.24800e+04    0.00000e+00    0.00000e+00    0.00000e+00    0.00000e+00    0.00000e+00    0.00000e+00
    1.31300e+04    0.00000e+00    0.00000e+00    0.00000e+00    0.00000e+00    0.00000e+00    0.00000e+00
    1.38100e+04    0.00000e+00    0.00000e+00    0.00000e+00    0.00000e+00    0.00000e+00    0.00000e+00
    1.45300e+04    0.00000e+00    0.00000e+00    0.00000e+00    0.00000e+00    0.00000e+00    0.00000e+00
    1.52900e+04    0.00000e+00    0.00000e+00    0.00000e+00    0.00000e+00    0.00000e+00    0.00000e+00
    1.60800e+04    0.00000e+00    0.00000e+00    0.00000e+00    0.00000e+00    0.00000e+00    0.00000e+00
    1.69200e+04    0.00000e+00    0.00000e+00    0.00000e+00    0.00000e+00    0.00000e+00    0.00000e+00
    1.78000e+04    0.00000e+00    0.00000e+00    0.00000e+00    0.00000e+00    0.00000e+00    0.00000e+00
    1.87300e+04    0.00000e+00    0.00000e+00    0.00000e+00    0.00000e+00    0.00000e+00    0.00000e+00
    1.97100e+04    0.00000e+00    0.00000e+00    0.00000e+00    0.00000e+00    0.00000e+00    0.00000e+00
    2.07300e+04    0.00000e+00    0.00000e+00    0.00000e+00    0.00000e+00    0.00000e+00    0.00000e+00
    2.18100e+04    0.00000e+00    0.00000e+00    0.00000e+00    0.00000e+00    0.00000e+00    0.00000e+00
    2.29500e+04    0.00000e+00    0.00000e+00    0.00000e+00    0.00000e+00    0.00000e+00    0.00000e+00
    2.41400e+04    0.00000e+00    0.00000e+00    0.00000e+00    0.00000e+00    0.00000e+00    0.00000e+00
    2.54000e+04    0.00000e+00    0.00000e+00    0.00000e+00    0.00000e+00    0.00000e+00    0.00000e+00
    2.67200e+04    0.00000e+00    0.00000e+00    0.00000e+00    0.00000e+00    0.00000e+00    0.00000e+00
    2.81100e+04    0.00000e+00    0.00000e+00    0.00000e+00    0.00000e+00    0.00000e+00    0.00000e+00
    2.95800e+04    0.00000e+00    0.00000e+00    0.00000e+00    0.00000e+00    0.00000e+00    0.00000e+00
    3.11200e+04    0.00000e+00    0.00000e+00    0.00000e+00    0.00000e+00    0.00000e+00    0.00000e+00
    3.27400e+04    0.00000e+00    0.00000e+00    0.00000e+00    0.00000e+00    0.00000e+00    0.00000e+00
    3.44400e+04    0.00000e+00    0.00000e+00    0.00000e+00    0.00000e+00    0.00000e+00    0.00000e+00
    3.62300e+04    0.00000e+00    0.00000e+00    0.00000e+00    0.00000e+00    0.00000e+00    0.00000e+00
    3.81200e+04    0.00000e+00    0.00000e+00    0.00000e+00    0.00000e+00    0.00000e+00    0.00000e+00
    4.01100e+04    0.00000e+00    0.00000e+00    0.00000e+00    0.00000e+00    0.00000e+00    0.00000e+00
    4.21900e+04    0.00000e+00    0.00000e+00    0.00000e+00    0.00000e+00    0.00000e+00    0.00000e+00
    4.43900e+04    0.00000e+00    0.00000e+00    0.00000e+00    0.00000e+00    0.00000e+00    0.00000e+00
    4.67000e+04    0.00000e+00    0.00000e+00    0.00000e+00    0.00000e+00    0.00000e+00    0.00000e+00
    4.91300e+04    0.00000e+00    0.00000e+00    0.00000e+00    0.00000e+00    0.00000e+00    0.00000e+00
    5.16900e+04    0.00000e+00    0.00000e+00    0.00000e+00    0.00000e+00    0.00000e+00    0.00000e+00
    5.43800e+04    0.00000e+00    0.00000e+00    0.00000e+00    0.00000e+00    0.00000e+00    0.00000e+00
    5.72200e+04    0.00000e+00    0.00000e+00    0.00000e+00    0.00000e+00    0.00000e+00    0.00000e+00
    6.01900e+04    0.00000e+00    0.00000e+00    0.00000e+00    0.00000e+00    0.00000e+00    0.00000e+00
    6.33300e+04    0.00000e+00    0.00000e+00    0.00000e+00    0.00000e+00    0.00000e+00    0.00000e+00
    6.66300e+04    0.00000e+00    0.00000e+00    0.00000e+00    0.00000e+00    0.00000e+00    0.00000e+00
    7.01000e+04    0.00000e+00    0.00000e+00    0.00000e+00    0.00000e+00    0.00000e+00    0.00000e+00
    7.37500e+04    0.00000e+00    0.00000e+00    0.00000e+00    0.00000e+00    0.00000e+00    0.00000e+00
    7.75900e+04    0.00000e+00    0.00000e+00    0.00000e+00    0.00000e+00    0.00000e+00    0.00000e+00
    8.16300e+04    0.00000e+00    0.00000e+00    0.00000e+00    0.00000e+00    0.00000e+00    0.00000e+00
    8.58800e+04    0.00000e+00    0.00000e+00    0.00000e+00    0.00000e+00    0.00000e+00    0.00000e+00
    9.03500e+04    0.00000e+00    0.00000e+00    0.00000e+00    0.00000e+00    0.00000e+00    0.00000e+00
    9.50500e+04    0.00000e+00    0.00000e+00    0.00000e+00    0.00000e+00    0.00000e+00    0.00000e+00
    1.00000e+05    0.00000e+00    0.00000e+00    0.00000e+00    0.00000e+00    0.00000e+00    0.00000e+00
