1.774127155601597394e+01 2.504207604886326400e+17
1.874127155601597394e+01 2.384830353043969280e+17
1.974127155601597394e+01 2.275732573623881600e+17
2.074127155601597394e+01 2.175305629502989760e+17
2.174127155601597394e+01 2.082521079782688960e+17
2.274127155601597394e+01 1.996158947161704960e+17
2.374127155601597394e+01 1.915679341888064960e+17
2.474127155601597394e+01 1.840272034675736000e+17
2.574127155601597394e+01 1.769283239786597440e+17
2.674127155601597394e+01 1.702195706086309120e+17
2.774127155601597394e+01 1.638305817214307200e+17
2.874127155601597394e+01 1.577128116261406080e+17
2.974127155601597394e+01 1.518224167891831680e+17
3.074127155601597394e+01 1.461734253732140160e+17
3.174127155601597394e+01 1.406743383060813920e+17
3.274127155601597394e+01 1.353364126659656000e+17
3.374127155601597394e+01 1.301868867536747200e+17
3.474127155601597394e+01 1.251350294163395680e+17
3.574127155601597394e+01 1.203317900449414400e+17
3.674127155601597394e+01 1.156459292858178240e+17
3.774127155601597394e+01 1.111774859033398240e+17
3.874127155601597394e+01 1.069613677604307520e+17
3.974127155601597394e+01 1.028690091483870080e+17
4.074127155601597394e+01 9.901063174071225600e+16
4.174127155601597394e+01 9.537047956580918400e+16
4.274127155601597394e+01 9.186908881468710400e+16
4.374127155601597394e+01 8.855872034115403200e+16
4.474127155601597394e+01 8.539797786624952000e+16
4.574127155601597394e+01 8.238367922959740800e+16
4.674127155601597394e+01 7.950583964016323200e+16
4.774127155601597394e+01 7.675098515589577600e+16
4.874127155601597394e+01 7.411701178688478400e+16
4.974127155601597394e+01 7.159275550250515200e+16
5.074127155601597394e+01 6.916870468320582400e+16
5.174127155601597394e+01 6.684017843960827200e+16
5.274127155601597394e+01 6.459839566259063200e+16
5.374127155601597394e+01 6.243982517079638400e+16
5.474127155601597394e+01 6.035665552227741600e+16
5.574127155601597394e+01 5.834451085793377600e+16
5.674127155601597394e+01 5.640531458556028000e+16
5.774127155601597394e+01 5.452075902164864000e+16
5.874127155601597394e+01 5.271337717923805600e+16
5.974127155601597394e+01 5.095147588563609600e+16
6.074127155601597394e+01 4.925533469936385600e+16
6.174127155601597394e+01 4.763011454896740000e+16
6.274127155601597394e+01 4.602557929985555200e+16
6.374127155601597394e+01 4.449116354198432000e+16
6.474127155601597394e+01 4.301993189734043200e+16
6.574127155601597394e+01 4.155834350564129600e+16
6.674127155601597394e+01 4.015760717709008000e+16
6.774127155601597394e+01 3.881468733778888800e+16
6.874127155601597394e+01 3.747396605001858400e+16
6.974127155601597394e+01 3.618630175896670400e+16
7.074127155601597394e+01 3.495290725447634400e+16
7.174127155601597394e+01 3.371845779228610400e+16
7.274127155601597394e+01 3.253064150483421600e+16
7.374127155601597394e+01 3.139439503769202800e+16
7.474127155601597394e+01 3.025639867343076800e+16
7.574127155601597394e+01 2.915951613702575200e+16
7.674127155601597394e+01 2.811196758525234400e+16
7.774127155601597394e+01 2.706468044193301200e+16
7.874127155601597394e+01 2.605398443086979600e+16
7.974127155601597394e+01 2.509025747216052400e+16
8.074127155601597394e+01 2.412845406531589200e+16
8.174127155601597394e+01 2.319900500392148000e+16
8.274127155601597394e+01 2.231445797734632400e+16
8.374127155601597394e+01 2.144090825199384800e+16
8.474127155601597394e+01 2.059810507180385200e+16
