1.221799999999999287e+01 1.845254731840782720e+17
1.321799999999999287e+01 1.733744658962968960e+17
1.421799999999999287e+01 1.634414777052867520e+17
1.521799999999999287e+01 1.545137505021806400e+17
1.621799999999999287e+01 1.463927272410155840e+17
1.721799999999999287e+01 1.389558711579694080e+17
1.821799999999999287e+01 1.321969887641637440e+17
1.921799999999999287e+01 1.260193320177632800e+17
2.021799999999999287e+01 1.203327847920060480e+17
2.121799999999999287e+01 1.150744261510639680e+17
2.221799999999999287e+01 1.102676088687521920e+17
2.321799999999999287e+01 1.057546409240847680e+17
2.421799999999999287e+01 1.015042496148269920e+17
2.521799999999999287e+01 9.758341880733976000e+16
2.621799999999999287e+01 9.383730246213438400e+16
2.721799999999999287e+01 9.025144013615558400e+16
2.821799999999999287e+01 8.692262318753656000e+16
2.921799999999999287e+01 8.367222491466456000e+16
3.021799999999999287e+01 8.049840238582288000e+16
3.121799999999999287e+01 7.754101155393704000e+16
3.221799999999998931e+01 7.456493689690921600e+16
3.321799999999998931e+01 7.158136824334561600e+16
3.421799999999998931e+01 6.879927667506663200e+16
3.521799999999998931e+01 6.619982133961900800e+16
3.621799999999998931e+01 6.376638632860753600e+16
3.721799999999998931e+01 6.134868822651432000e+16
3.821799999999998931e+01 5.895156448998858400e+16
3.921799999999998931e+01 5.670572895418484800e+16
4.021799999999998931e+01 5.459817404167632000e+16
4.121799999999998931e+01 5.256267681947750400e+16
4.221799999999998931e+01 5.059581232247995200e+16
4.321799999999998931e+01 4.874555703195725600e+16
4.421799999999998931e+01 4.700256081193351200e+16
4.521799999999998931e+01 4.535841015400936800e+16
4.621799999999998931e+01 4.375716376933919200e+16
4.721799999999998931e+01 4.219773297166280000e+16
4.821799999999998931e+01 4.072452360045927200e+16
4.921799999999998931e+01 3.933114166764880000e+16
5.021799999999998931e+01 3.801178326509677600e+16
5.121799999999998931e+01 3.676116982128043200e+16
5.221799999999998931e+01 3.551624139609088000e+16
5.321799999999998931e+01 3.427917948672752000e+16
5.421799999999998931e+01 3.310685109823596000e+16
5.521799999999998931e+01 3.199477647824830400e+16
5.621799999999998931e+01 3.093885883578956400e+16
5.721799999999998931e+01 2.993534558118479200e+16
5.821799999999998931e+01 2.898079407780699600e+16
5.921799999999998931e+01 2.801658809135204000e+16
6.021799999999998931e+01 2.704584441987326400e+16
6.121799999999998931e+01 2.612378246699497600e+16
6.221799999999998931e+01 2.524723018392936000e+16
6.321799999999998931e+01 2.441326834015454800e+16
6.421799999999998931e+01 2.361920680925870400e+16
6.521799999999998931e+01 2.286256340337102400e+16
6.621799999999998931e+01 2.208505596946465600e+16
6.721799999999998931e+01 2.129064203711755200e+16
6.821799999999998931e+01 2.053583039358801200e+16
6.921799999999998931e+01 1.981811274878171600e+16
7.021799999999998931e+01 1.913517255976176000e+16
7.121799999999998931e+01 1.848486792849219600e+16
7.221799999999998931e+01 1.786521623701399800e+16
7.321799999999998931e+01 1.727438032258221200e+16
7.421799999999998931e+01 1.665294925791016200e+16
7.521799999999998931e+01 1.600579574428874000e+16
7.621799999999998931e+01 1.539179481573615200e+16
7.721799999999998931e+01 1.480884854706532600e+16
7.821799999999998931e+01 1.425501642205236200e+16
7.921799999999998931e+01 1.372850171925423600e+16
8.021799999999998931e+01 1.322763922748288800e+16
8.121799999999998931e+01 1.275088414656904600e+16
8.221799999999998931e+01 1.229680204626124800e+16
8.321799999999998931e+01 1.181813168062055000e+16
8.421799999999998931e+01 1.131905002791234200e+16
8.521799999999998931e+01 1.084653584422412600e+16
8.621799999999998931e+01 1.039888921141054200e+16
8.721799999999998931e+01 9.974536847294316000e+15
8.821799999999998931e+01 9.572021370489764000e+15
8.921799999999998931e+01 9.189991583162536000e+15
9.021799999999998931e+01 8.827193665193866000e+15
9.121799999999998931e+01 8.482463185391962000e+15
9.221799999999998931e+01 8.154717846060869000e+15
9.321799999999998931e+01 7.818188219894841000e+15
9.421799999999998931e+01 7.474973607073391000e+15
9.521799999999998931e+01 7.150196630058646000e+15
9.621799999999998931e+01 6.842689425777808000e+15
9.721799999999998931e+01 6.551369114289983000e+15
9.821799999999998931e+01 6.275230829604118000e+15
9.921799999999998931e+01 6.013341385128935000e+15
1.002179999999999893e+02 5.764833510328914000e+15
1.012179999999999893e+02 5.528900602051209000e+15
1.022179999999999893e+02 5.304791940072600000e+15
1.032179999999999893e+02 5.091808321792161000e+15
