1.473707518796992133e+01 5.129303567894724081e-01
1.573707518796992133e+01 3.280727714329421674e-01
1.673707518796992133e+01 2.062731910929378465e-01
1.773707518796992133e+01 1.300678163597934478e-01
1.873707518796992133e+01 8.087139145999382162e-02
1.973707518796992133e+01 4.986285271506498556e-02
2.073707518796992133e+01 3.054750614270868719e-02
2.173707518796992133e+01 1.855660592191222050e-02
2.273707518796992133e+01 1.117157182875083525e-02
2.373707518796992133e+01 6.677409782184358551e-03
2.473707518796992133e+01 3.962166348282767682e-03
2.573707518796992133e+01 2.338080545804533707e-03
2.673707518796992133e+01 1.373267591689914793e-03
2.773707518796992133e+01 8.005334803902963096e-04
2.873707518796992133e+01 4.689789134269500663e-04
2.973707518796992133e+01 2.741650968483371181e-04
3.073707518796992133e+01 1.599553503371833451e-04
3.173707518796992133e+01 9.295769330560118670e-05
3.273707518796992133e+01 5.415236833410390534e-05
3.373707518796992133e+01 3.145829218055573324e-05
3.473707518796992133e+01 1.830173946038348234e-05
3.573707518796992133e+01 1.064764261162618860e-05
3.673707518796992133e+01 6.201207794591931318e-06
3.773707518796992133e+01 3.613199079607718322e-06
3.873707518796992133e+01 2.105219582267597474e-06
3.973707518796992133e+01 1.228225766261598106e-06
4.073707518796992133e+01 7.176535074760607201e-07
4.173707518796992133e+01 4.184354747878044595e-07
4.273707518796992133e+01 2.440884804044555878e-07
4.373707518796992133e+01 1.425873398410199567e-07
4.473707518796992133e+01 8.307242280728816276e-08
4.573707518796992133e+01 4.838002652053462366e-08
4.673707518796992133e+01 2.816288832918493173e-08
4.773707518796992133e+01 1.637272433345701086e-08
4.873707518796992133e+01 9.509250002119094058e-09
4.973707518796992133e+01 5.526648365966547924e-09
5.073707518796992133e+01 3.204411187844425876e-09
5.173707518796992133e+01 1.859910027406912826e-09
5.273707518796992133e+01 1.077765436398246383e-09
5.373707518796992133e+01 6.251998710852532212e-10
5.473707518796992133e+01 3.625559862561565706e-10
5.573707518796992133e+01 2.099594563796699176e-10
5.673707518796992133e+01 1.217138672131601288e-10
5.773707518796992133e+01 7.049716884912967790e-11
5.873707518796992133e+01 4.077472775403177099e-11
5.973707518796992133e+01 2.361946453604003895e-11
6.073707518796992133e+01 1.372345949016037873e-11
6.173707518796992133e+01 7.942031337070336824e-12
6.273707518796992133e+01 4.594157614037569745e-12
6.373707518796992133e+01 2.660334572595547165e-12
6.473707518796992133e+01 1.542821960914695841e-12
6.573707518796992133e+01 8.940388172589415347e-13
6.673707518796992133e+01 5.162846463931332184e-13
6.773707518796992133e+01 2.988871599763404919e-13
6.873707518796992133e+01 1.730517959681078652e-13
6.973707518796992133e+01 1.000889484692262357e-13
7.073707518796992133e+01 5.795718045903158756e-14
7.173707518796992133e+01 3.363044073112261110e-14
7.273707518796992133e+01 1.935964425717744304e-14
7.373707518796992133e+01 1.123685279694183856e-14
7.473707518796992133e+01 6.516890941708772812e-15
7.573707518796992133e+01 3.769005650899115337e-15
7.673707518796992133e+01 2.177837190084566300e-15
7.773707518796992133e+01 1.262213616136146657e-15
7.873707518796992133e+01 7.317844093961537250e-16
7.973707518796992133e+01 4.264765418125007310e-16
8.073707518796992133e+01 2.466429073253290571e-16
8.173707518796992133e+01 1.425475837503430906e-16
8.273707518796992133e+01 8.307469336398259353e-17
8.373707518796992133e+01 4.831167790560079951e-17
8.473707518796992133e+01 2.794740476932653449e-17
8.573707518796992133e+01 1.630126043882252688e-17
8.673707518796992133e+01 9.540133552851067938e-18
