1.000000000000000021e-03 1.912972495668991257e+01
1.051999999999999984e-03 1.843246655623355323e+01
1.106999999999999911e-03 1.769673129317056492e+01
1.163999999999999887e-03 1.711995018337141161e+01
1.224999999999999960e-03 1.650705453542286705e+01
1.288999999999999998e-03 1.607495272555070898e+01
1.356000000000000000e-03 1.563833786354678068e+01
1.427000000000000100e-03 1.530707333312735230e+01
1.500999999999999947e-03 1.499518322231953604e+01
1.579000000000000108e-03 1.473619530141627365e+01
1.661000000000000150e-03 1.455608192467335371e+01
1.747999999999999988e-03 1.436727624675560833e+01
1.839000000000000140e-03 1.430239539239039814e+01
1.935000000000000088e-03 1.419306990555071657e+01
2.034999999999999917e-03 1.417458590481932568e+01
2.141000000000000108e-03 1.412496140691003177e+01
2.252999999999999794e-03 1.417124131239406637e+01
2.370000000000000145e-03 1.416630896660118566e+01
2.492999999999999990e-03 1.422864725689978371e+01
2.623000000000000331e-03 1.426498823565561480e+01
2.759999999999999867e-03 1.433761205729635080e+01
2.903999999999999897e-03 1.442091606766308054e+01
3.054999999999999990e-03 1.451372482485173876e+01
3.213999999999999843e-03 1.462588547413009366e+01
3.380999999999999891e-03 1.469357073897371535e+01
3.556999999999999832e-03 1.484927608466473714e+01
3.742000000000000100e-03 1.491459692739898202e+01
3.936999999999999528e-03 1.505019909583617377e+01
4.142000000000000716e-03 1.514059649409848518e+01
4.357999999999999895e-03 1.523697494401517361e+01
4.585000000000000533e-03 1.533470170899890661e+01
4.824000000000000163e-03 1.543092624913035138e+01
5.074999999999999650e-03 1.551340339723614647e+01
5.338999999999999996e-03 1.557009461461268174e+01
5.616999999999999597e-03 1.563212029268327541e+01
5.908999999999999322e-03 1.567756107400615662e+01
6.217000000000000304e-03 1.571310676080775615e+01
6.540999999999999939e-03 1.574317406380913908e+01
6.880999999999999964e-03 1.576940024631416648e+01
7.239999999999999908e-03 1.576670443135204991e+01
7.617000000000000506e-03 1.578235342678985198e+01
8.012999999999999290e-03 1.576687787527841067e+01
8.429999999999999993e-03 1.574586934895760137e+01
8.868999999999998413e-03 1.571478108701989740e+01
9.330999999999999017e-03 1.567666465584829893e+01
9.816999999999999338e-03 1.564020219869713735e+01
1.032999999999999891e-02 1.556815511878843594e+01
1.086999999999999945e-02 1.549679500253114028e+01
1.143000000000000092e-02 1.540320804301383539e+01
1.203000000000000076e-02 1.530581304643904339e+01
1.264999999999999979e-02 1.519612632181068257e+01
1.330999999999999892e-02 1.505630182226760638e+01
1.400999999999999988e-02 1.490252578111260107e+01
1.473000000000000004e-02 1.474756998052458457e+01
1.549999999999999989e-02 1.458424107015403237e+01
1.631000000000000158e-02 1.441825685438639226e+01
1.715999999999999817e-02 1.424171560870389364e+01
1.805000000000000007e-02 1.406017293202661200e+01
1.898999999999999994e-02 1.387028161836746776e+01
1.997999999999999776e-02 1.368070470015836548e+01
2.101999999999999702e-02 1.348972974360582988e+01
2.212000000000000077e-02 1.327270986816922793e+01
2.326999999999999902e-02 1.308210511182914182e+01
2.447999999999999829e-02 1.286545539473102728e+01
2.574999999999999858e-02 1.265885348097863528e+01
2.708999999999999950e-02 1.242668278239012380e+01
2.850000000000000103e-02 1.219840450796787401e+01
2.998999999999999930e-02 1.195269603213976062e+01
3.155000000000000165e-02 1.170770233068318866e+01
3.318999999999999728e-02 1.144540181837158599e+01
3.491999999999999965e-02 1.118128546871871976e+01
3.673999999999999488e-02 1.091881671050940916e+01
3.864999999999999686e-02 1.065861638475013251e+01
4.066000000000000170e-02 1.041576050775507589e+01
4.277999999999999858e-02 1.016607977338015623e+01
4.500999999999999446e-02 9.938352090886350965e+00
4.734999999999999626e-02 9.700377634162856921e+00
4.982000000000000317e-02 9.491517275454123492e+00
5.240999999999999825e-02 9.273581621753242743e+00
5.513999999999999457e-02 9.071881453139077678e+00
5.800999999999999907e-02 8.869309802022021572e+00
6.102999999999999398e-02 8.675795386331548897e+00
6.421000000000000318e-02 8.481540695404321539e+00
6.755999999999999506e-02 8.293308843702364541e+00
7.106999999999999429e-02 8.098099802716085094e+00
7.477000000000000313e-02 7.900866815736740101e+00
7.867000000000000381e-02 7.699331376629655388e+00
8.276000000000000023e-02 7.493190380509187953e+00
8.707000000000000850e-02 7.301169323250468857e+00
9.160999999999999699e-02 7.108158608414180790e+00
9.637999999999999345e-02 6.943296820668600766e+00
1.014000000000000040e-01 6.787656343227322253e+00
1.067000000000000032e-01 6.660058234666274224e+00
1.122000000000000081e-01 6.547959275769078324e+00
1.180999999999999966e-01 6.456438769179317028e+00
1.242000000000000048e-01 6.380978195971946043e+00
1.307000000000000106e-01 6.314712760715567974e+00
1.375000000000000111e-01 6.269358524320143289e+00
1.446999999999999953e-01 6.226398187651120075e+00
1.522000000000000020e-01 6.201957511060161465e+00
1.600999999999999923e-01 6.168421173360518317e+00
1.683999999999999941e-01 6.151807877284220183e+00
1.771999999999999964e-01 6.111236513483022215e+00
1.864000000000000101e-01 6.082010902428518051e+00
1.960999999999999965e-01 6.028739877104177580e+00
2.064000000000000001e-01 5.974322728356661116e+00
2.170999999999999874e-01 5.930086061049006929e+00
2.283999999999999919e-01 5.886307647086312045e+00
2.403000000000000136e-01 5.876016888856200993e+00
2.528000000000000247e-01 5.875501522954513334e+00
2.660000000000000142e-01 5.915258217045638034e+00
2.798000000000000487e-01 5.965397657954907729e+00
2.943999999999999950e-01 6.050266242519427351e+00
3.096999999999999753e-01 6.142701528937655198e+00
3.259000000000000230e-01 6.251987331601601028e+00
3.427999999999999936e-01 6.377800810019683020e+00
3.606999999999999651e-01 6.503754374391703230e+00
3.795000000000000040e-01 6.648162222565253465e+00
3.991999999999999993e-01 6.769778513585062107e+00
4.200000000000000400e-01 6.904289844202862625e+00
4.419000000000000150e-01 6.996018387053699605e+00
4.649000000000000354e-01 7.089115428264253005e+00
4.891000000000000347e-01 7.137812356435047079e+00
5.144999999999999574e-01 7.171377434907900472e+00
5.413000000000000034e-01 7.206484669687514888e+00
5.695000000000000062e-01 7.235160450111284725e+00
5.992000000000000659e-01 7.297920457224944535e+00
6.304000000000000714e-01 7.373506237805596442e+00
6.632000000000000117e-01 7.489689267321825383e+00
6.976999999999999869e-01 7.626025316719876379e+00
7.340999999999999748e-01 7.789440939707096057e+00
7.722999999999999865e-01 7.969771441371658049e+00
8.125000000000000000e-01 8.151246880743661549e+00
8.548000000000000043e-01 8.353965783099134512e+00
8.992999999999999883e-01 8.545686315390446097e+00
9.460999999999999410e-01 8.745681494729113936e+00
9.954000000000000625e-01 8.919938200410703288e+00
1.046999999999999931e+00 9.072076585277548233e+00
1.101999999999999869e+00 9.185971776406578471e+00
1.159000000000000030e+00 9.241001161004541942e+00
1.219000000000000083e+00 9.259836569667328376e+00
1.283000000000000140e+00 9.196464230663742967e+00
1.350000000000000089e+00 9.131944690441951451e+00
1.419999999999999929e+00 9.039204625505149693e+00
1.493999999999999995e+00 8.960800793591005231e+00
1.572000000000000064e+00 8.914276701539375125e+00
1.654000000000000137e+00 8.876249223930503973e+00
1.739999999999999991e+00 8.897799333601771110e+00
1.830000000000000071e+00 8.900052545769099765e+00
1.925999999999999934e+00 8.955641181684951491e+00
2.025999999999999801e+00 8.966905751877495945e+00
2.131000000000000227e+00 8.996553926464189388e+00
2.241999999999999993e+00 9.010586356476874670e+00
2.358999999999999986e+00 8.988436406389821443e+00
2.481999999999999762e+00 8.966446737373685139e+00
2.611000000000000210e+00 8.843661540825866751e+00
2.746999999999999886e+00 8.707536706739450239e+00
2.890000000000000124e+00 8.414327457969669410e+00
3.040999999999999925e+00 8.074450910618317323e+00
3.198999999999999844e+00 7.575678430482636116e+00
3.366000000000000103e+00 6.989383679817720463e+00
3.540999999999999925e+00 6.363621155985542899e+00
3.725000000000000089e+00 5.684400416069260942e+00
3.918999999999999595e+00 5.055011989696703623e+00
4.123000000000000220e+00 4.446148629685730214e+00
4.338000000000000078e+00 3.920965146748294217e+00
4.564000000000000057e+00 3.449758811258162083e+00
4.801000000000000156e+00 3.056561397214991871e+00
5.051000000000000156e+00 2.691034155094401470e+00
5.314000000000000057e+00 2.377538139058360755e+00
5.590999999999999304e+00 2.057952342782325417e+00
5.881999999999999673e+00 1.761253537288242299e+00
6.187999999999999723e+00 1.475347491103581987e+00
6.511000000000000121e+00 1.192061640859577665e+00
6.850000000000000533e+00 9.510538485974446843e-01
7.205999999999999517e+00 7.237051544634987010e-01
7.581999999999999851e+00 5.463760094251934873e-01
7.976000000000000867e+00 4.014437206586638496e-01
8.391999999999999460e+00 2.892419031799136064e-01
8.829000000000000625e+00 2.123228785445543387e-01
9.288000000000000256e+00 1.498639733482463043e-01
9.772000000000000242e+00 1.129712874950394852e-01
1.027999999999999936e+01 8.001095086863885264e-02
1.082000000000000028e+01 5.993736029842822166e-02
1.137999999999999901e+01 4.083768932861697731e-02
1.196999999999999886e+01 2.906117115054118738e-02
1.259999999999999964e+01 1.721536391357947338e-02
1.325000000000000000e+01 1.153741218797132984e-02
1.393999999999999950e+01 6.218874919156902603e-03
1.466999999999999993e+01 3.800332199772896158e-03
1.542999999999999972e+01 2.122718750199370508e-03
1.623000000000000043e+01 1.218429467194755145e-03
1.708000000000000185e+01 6.811522842271773570e-04
1.796999999999999886e+01 3.490627635439839255e-04
1.889999999999999858e+01 1.856409480059731387e-04
1.989000000000000057e+01 7.499574748314526834e-05
2.092000000000000171e+01 4.029281761537377438e-05
2.200999999999999801e+01 1.385919993675136311e-05
2.316000000000000014e+01 7.526575203048815367e-06
2.437000000000000099e+01 2.143551391959729480e-06
2.562999999999999901e+01 1.171492579970457508e-06
2.697000000000000242e+01 2.382344591788512832e-07
2.837000000000000099e+01 1.341250643600326104e-07
2.985000000000000142e+01 3.193345526006408400e-08
3.139999999999999858e+01 1.250489715048849443e-08
3.303999999999999915e+01 3.482366054820007302e-09
3.475999999999999801e+01 8.434195320528543936e-10
3.657000000000000028e+01 2.659777625533285987e-10
3.846999999999999886e+01 3.754225394435507167e-11
4.048000000000000398e+01 1.356305936046746638e-11
4.259000000000000341e+01 1.299323591202826162e-12
4.479999999999999716e+01 5.189972938603825299e-13
4.714000000000000057e+01 2.510091638227131741e-14
4.959000000000000341e+01 1.096906330430568269e-14
5.217000000000000171e+01 3.728204831054861681e-16
5.489000000000000057e+01 1.741253997457307749e-16
5.775000000000000000e+01 2.299174190064092464e-18
6.075000000000000000e+01 1.151544239628162324e-18
6.392000000000000171e+01 4.226688689403330358e-20
6.723999999999999488e+01 6.585354449478969004e-21
7.075000000000000000e+01 9.246069604754279348e-22
7.442999999999999261e+01 1.062912809348183240e-23
7.829999999999999716e+01 2.425752154743015798e-24
8.237999999999999545e+01 1.928238475963256411e-26
8.667000000000000171e+01 5.747940365909236188e-27
9.117999999999999261e+01 1.048044866464855752e-29
9.593000000000000682e+01 3.703599997969663549e-30
1.009000000000000057e+02 2.623633917482502197e-33
1.062000000000000028e+02 1.048808396043693409e-33
1.116999999999999886e+02 2.741065184405929975e-37
1.175000000000000000e+02 1.213845771804862434e-37
1.236000000000000085e+02 8.230381473925466942e-42
1.300999999999999943e+02 3.899515985467372098e-42
1.369000000000000057e+02 7.521894904494713902e-47
1.440000000000000000e+02 3.842008687296569544e-47
1.515000000000000000e+02 2.760640139112308582e-48
1.593999999999999773e+02 1.044537446385502937e-52
1.676999999999999886e+02 1.840591064986513452e-53
1.764000000000000057e+02 6.592020636915564094e-59
1.855999999999999943e+02 1.670080707350251650e-59
1.952000000000000171e+02 8.475536054320757866e-66
2.054000000000000057e+02 2.692776921581926256e-66
2.160999999999999943e+02 1.591818588075008033e-73
2.273999999999999773e+02 6.123748567760404497e-74
2.391999999999999886e+02 0.000000000000000000e+00
2.516999999999999886e+02 1.456736176716764092e-82
2.647999999999999545e+02 0.000000000000000000e+00
2.785000000000000000e+02 4.349792317908068388e-92
2.930000000000000000e+02 0.000000000000000000e+00
3.083000000000000114e+02 9.525839626708794660e-103
3.244000000000000341e+02 0.000000000000000000e+00
3.411999999999999886e+02 1.169039458813520923e-114
3.590000000000000000e+02 1.308626259865881631e-115
3.776999999999999886e+02 5.482081054310280620e-128
3.973999999999999773e+02 1.154122327223216973e-128
4.181000000000000227e+02 0.000000000000000000e+00
4.398000000000000114e+02 0.000000000000000000e+00
4.626999999999999886e+02 0.000000000000000000e+00
4.868000000000000114e+02 0.000000000000000000e+00
5.122000000000000455e+02 0.000000000000000000e+00
5.387999999999999545e+02 0.000000000000000000e+00
5.668999999999999773e+02 0.000000000000000000e+00
5.964000000000000909e+02 0.000000000000000000e+00
6.275000000000000000e+02 0.000000000000000000e+00
6.601000000000000227e+02 0.000000000000000000e+00
6.945000000000000000e+02 0.000000000000000000e+00
7.307000000000000455e+02 0.000000000000000000e+00
7.687000000000000455e+02 0.000000000000000000e+00
8.087999999999999545e+02 0.000000000000000000e+00
8.508999999999999773e+02 0.000000000000000000e+00
8.952000000000000455e+02 0.000000000000000000e+00
9.417999999999999545e+02 0.000000000000000000e+00
9.908000000000000682e+02 0.000000000000000000e+00
1.042000000000000000e+03 0.000000000000000000e+00
1.097000000000000000e+03 0.000000000000000000e+00
1.154000000000000000e+03 0.000000000000000000e+00
1.214000000000000000e+03 0.000000000000000000e+00
1.277000000000000000e+03 0.000000000000000000e+00
1.344000000000000000e+03 0.000000000000000000e+00
1.414000000000000000e+03 0.000000000000000000e+00
1.487000000000000000e+03 0.000000000000000000e+00
1.565000000000000000e+03 0.000000000000000000e+00
1.646000000000000000e+03 0.000000000000000000e+00
1.732000000000000000e+03 0.000000000000000000e+00
1.822000000000000000e+03 0.000000000000000000e+00
1.917000000000000000e+03 0.000000000000000000e+00
2.017000000000000000e+03 0.000000000000000000e+00
2.122000000000000000e+03 0.000000000000000000e+00
2.232000000000000000e+03 0.000000000000000000e+00
2.348000000000000000e+03 0.000000000000000000e+00
2.470000000000000000e+03 0.000000000000000000e+00
2.599000000000000000e+03 0.000000000000000000e+00
2.734000000000000000e+03 0.000000000000000000e+00
2.877000000000000000e+03 0.000000000000000000e+00
3.027000000000000000e+03 0.000000000000000000e+00
3.184000000000000000e+03 0.000000000000000000e+00
3.350000000000000000e+03 0.000000000000000000e+00
3.524000000000000000e+03 0.000000000000000000e+00
3.708000000000000000e+03 0.000000000000000000e+00
3.901000000000000000e+03 0.000000000000000000e+00
4.104000000000000000e+03 0.000000000000000000e+00
4.318000000000000000e+03 0.000000000000000000e+00
4.543000000000000000e+03 0.000000000000000000e+00
4.779000000000000000e+03 0.000000000000000000e+00
5.028000000000000000e+03 0.000000000000000000e+00
5.290000000000000000e+03 0.000000000000000000e+00
5.565000000000000000e+03 0.000000000000000000e+00
5.855000000000000000e+03 0.000000000000000000e+00
6.160000000000000000e+03 0.000000000000000000e+00
6.481000000000000000e+03 0.000000000000000000e+00
6.818000000000000000e+03 0.000000000000000000e+00
7.173000000000000000e+03 0.000000000000000000e+00
7.547000000000000000e+03 0.000000000000000000e+00
7.940000000000000000e+03 0.000000000000000000e+00
8.353000000000000000e+03 0.000000000000000000e+00
8.788000000000000000e+03 0.000000000000000000e+00
9.246000000000000000e+03 0.000000000000000000e+00
9.727000000000000000e+03 0.000000000000000000e+00
1.023000000000000000e+04 0.000000000000000000e+00
1.077000000000000000e+04 0.000000000000000000e+00
1.133000000000000000e+04 0.000000000000000000e+00
1.192000000000000000e+04 0.000000000000000000e+00
1.254000000000000000e+04 0.000000000000000000e+00
1.319000000000000000e+04 0.000000000000000000e+00
1.388000000000000000e+04 0.000000000000000000e+00
1.460000000000000000e+04 0.000000000000000000e+00
1.536000000000000000e+04 0.000000000000000000e+00
1.616000000000000000e+04 0.000000000000000000e+00
1.700000000000000000e+04 0.000000000000000000e+00
1.789000000000000000e+04 0.000000000000000000e+00
1.882000000000000000e+04 0.000000000000000000e+00
1.980000000000000000e+04 0.000000000000000000e+00
2.083000000000000000e+04 0.000000000000000000e+00
2.191000000000000000e+04 0.000000000000000000e+00
2.305000000000000000e+04 0.000000000000000000e+00
2.425000000000000000e+04 0.000000000000000000e+00
2.552000000000000000e+04 0.000000000000000000e+00
2.684000000000000000e+04 0.000000000000000000e+00
2.824000000000000000e+04 0.000000000000000000e+00
2.971000000000000000e+04 0.000000000000000000e+00
3.126000000000000000e+04 0.000000000000000000e+00
3.289000000000000000e+04 0.000000000000000000e+00
3.460000000000000000e+04 0.000000000000000000e+00
3.640000000000000000e+04 0.000000000000000000e+00
3.830000000000000000e+04 0.000000000000000000e+00
4.029000000000000000e+04 0.000000000000000000e+00
4.239000000000000000e+04 0.000000000000000000e+00
4.460000000000000000e+04 0.000000000000000000e+00
4.692000000000000000e+04 0.000000000000000000e+00
4.936000000000000000e+04 0.000000000000000000e+00
5.193000000000000000e+04 0.000000000000000000e+00
5.464000000000000000e+04 0.000000000000000000e+00
5.748000000000000000e+04 0.000000000000000000e+00
6.047000000000000000e+04 0.000000000000000000e+00
6.362000000000000000e+04 0.000000000000000000e+00
6.693000000000000000e+04 0.000000000000000000e+00
7.042000000000000000e+04 0.000000000000000000e+00
7.409000000000000000e+04 0.000000000000000000e+00
7.794000000000000000e+04 0.000000000000000000e+00
8.200000000000000000e+04 0.000000000000000000e+00
8.627000000000000000e+04 0.000000000000000000e+00
9.076000000000000000e+04 0.000000000000000000e+00
9.549000000000000000e+04 0.000000000000000000e+00
1.005000000000000000e+05 0.000000000000000000e+00
1.057000000000000000e+05 0.000000000000000000e+00
1.112000000000000000e+05 0.000000000000000000e+00
1.170000000000000000e+05 0.000000000000000000e+00
1.231000000000000000e+05 0.000000000000000000e+00
1.295000000000000000e+05 0.000000000000000000e+00
1.362000000000000000e+05 0.000000000000000000e+00
1.433000000000000000e+05 0.000000000000000000e+00
1.508000000000000000e+05 0.000000000000000000e+00
1.586000000000000000e+05 0.000000000000000000e+00
1.669000000000000000e+05 0.000000000000000000e+00
1.756000000000000000e+05 0.000000000000000000e+00
1.847000000000000000e+05 0.000000000000000000e+00
1.943000000000000000e+05 0.000000000000000000e+00
2.045000000000000000e+05 0.000000000000000000e+00
2.151000000000000000e+05 0.000000000000000000e+00
2.263000000000000000e+05 0.000000000000000000e+00
2.381000000000000000e+05 0.000000000000000000e+00
2.505000000000000000e+05 0.000000000000000000e+00
2.635000000000000000e+05 0.000000000000000000e+00
2.773000000000000000e+05 0.000000000000000000e+00
2.917000000000000000e+05 0.000000000000000000e+00
3.069000000000000000e+05 0.000000000000000000e+00
3.229000000000000000e+05 0.000000000000000000e+00
3.397000000000000000e+05 0.000000000000000000e+00
3.574000000000000000e+05 0.000000000000000000e+00
3.760000000000000000e+05 0.000000000000000000e+00
3.955000000000000000e+05 0.000000000000000000e+00
4.161000000000000000e+05 0.000000000000000000e+00
4.378000000000000000e+05 0.000000000000000000e+00
4.606000000000000000e+05 0.000000000000000000e+00
4.846000000000000000e+05 0.000000000000000000e+00
5.098000000000000000e+05 0.000000000000000000e+00
5.364000000000000000e+05 0.000000000000000000e+00
5.643000000000000000e+05 0.000000000000000000e+00
5.937000000000000000e+05 0.000000000000000000e+00
6.246000000000000000e+05 0.000000000000000000e+00
6.571000000000000000e+05 0.000000000000000000e+00
6.913000000000000000e+05 0.000000000000000000e+00
7.273000000000000000e+05 0.000000000000000000e+00
7.652000000000000000e+05 0.000000000000000000e+00
8.050000000000000000e+05 0.000000000000000000e+00
8.469000000000000000e+05 0.000000000000000000e+00
8.910000000000000000e+05 0.000000000000000000e+00
9.374000000000000000e+05 0.000000000000000000e+00
9.863000000000000000e+05 0.000000000000000000e+00
1.038000000000000000e+06 0.000000000000000000e+00
1.092000000000000000e+06 0.000000000000000000e+00
1.148000000000000000e+06 0.000000000000000000e+00
1.208000000000000000e+06 0.000000000000000000e+00
1.271000000000000000e+06 0.000000000000000000e+00
1.337000000000000000e+06 0.000000000000000000e+00
1.407000000000000000e+06 0.000000000000000000e+00
1.480000000000000000e+06 0.000000000000000000e+00
1.557000000000000000e+06 0.000000000000000000e+00
1.638000000000000000e+06 0.000000000000000000e+00
1.724000000000000000e+06 0.000000000000000000e+00
1.814000000000000000e+06 0.000000000000000000e+00
1.908000000000000000e+06 0.000000000000000000e+00
2.007000000000000000e+06 0.000000000000000000e+00
2.112000000000000000e+06 0.000000000000000000e+00
2.222000000000000000e+06 0.000000000000000000e+00
2.337000000000000000e+06 0.000000000000000000e+00
2.459000000000000000e+06 0.000000000000000000e+00
2.587000000000000000e+06 0.000000000000000000e+00
2.722000000000000000e+06 0.000000000000000000e+00
2.864000000000000000e+06 0.000000000000000000e+00
3.013000000000000000e+06 0.000000000000000000e+00
3.170000000000000000e+06 0.000000000000000000e+00
3.335000000000000000e+06 0.000000000000000000e+00
3.508000000000000000e+06 0.000000000000000000e+00
3.691000000000000000e+06 0.000000000000000000e+00
3.883000000000000000e+06 0.000000000000000000e+00
4.085000000000000000e+06 0.000000000000000000e+00
4.298000000000000000e+06 0.000000000000000000e+00
4.522000000000000000e+06 0.000000000000000000e+00
4.757000000000000000e+06 0.000000000000000000e+00
5.005000000000000000e+06 0.000000000000000000e+00
5.266000000000000000e+06 0.000000000000000000e+00
5.540000000000000000e+06 0.000000000000000000e+00
5.828000000000000000e+06 0.000000000000000000e+00
6.132000000000000000e+06 0.000000000000000000e+00
6.451000000000000000e+06 0.000000000000000000e+00
6.787000000000000000e+06 0.000000000000000000e+00
7.140000000000000000e+06 0.000000000000000000e+00
7.512000000000000000e+06 0.000000000000000000e+00
7.903000000000000000e+06 0.000000000000000000e+00
8.315000000000000000e+06 0.000000000000000000e+00
8.748000000000000000e+06 0.000000000000000000e+00
9.203000000000000000e+06 0.000000000000000000e+00
9.682000000000000000e+06 0.000000000000000000e+00
1.019000000000000000e+07 0.000000000000000000e+00
1.072000000000000000e+07 0.000000000000000000e+00
1.127000000000000000e+07 0.000000000000000000e+00
1.186000000000000000e+07 0.000000000000000000e+00
1.248000000000000000e+07 0.000000000000000000e+00
1.313000000000000000e+07 0.000000000000000000e+00
1.381000000000000000e+07 0.000000000000000000e+00
1.453000000000000000e+07 0.000000000000000000e+00
1.529000000000000000e+07 0.000000000000000000e+00
1.608000000000000000e+07 0.000000000000000000e+00
1.692000000000000000e+07 0.000000000000000000e+00
1.780000000000000000e+07 0.000000000000000000e+00
1.873000000000000000e+07 0.000000000000000000e+00
1.971000000000000000e+07 0.000000000000000000e+00
2.073000000000000000e+07 0.000000000000000000e+00
2.181000000000000000e+07 0.000000000000000000e+00
2.295000000000000000e+07 0.000000000000000000e+00
2.414000000000000000e+07 0.000000000000000000e+00
2.540000000000000000e+07 0.000000000000000000e+00
2.672000000000000000e+07 0.000000000000000000e+00
2.811000000000000000e+07 0.000000000000000000e+00
2.958000000000000000e+07 0.000000000000000000e+00
3.112000000000000000e+07 0.000000000000000000e+00
3.274000000000000000e+07 0.000000000000000000e+00
3.444000000000000000e+07 0.000000000000000000e+00
3.623000000000000000e+07 0.000000000000000000e+00
3.812000000000000000e+07 0.000000000000000000e+00
4.011000000000000000e+07 0.000000000000000000e+00
4.219000000000000000e+07 0.000000000000000000e+00
4.439000000000000000e+07 0.000000000000000000e+00
4.670000000000000000e+07 0.000000000000000000e+00
4.913000000000000000e+07 0.000000000000000000e+00
5.169000000000000000e+07 0.000000000000000000e+00
5.438000000000000000e+07 0.000000000000000000e+00
5.722000000000000000e+07 0.000000000000000000e+00
6.019000000000000000e+07 0.000000000000000000e+00
6.333000000000000000e+07 0.000000000000000000e+00
6.663000000000000000e+07 0.000000000000000000e+00
7.010000000000000000e+07 0.000000000000000000e+00
7.375000000000000000e+07 0.000000000000000000e+00
7.759000000000000000e+07 0.000000000000000000e+00
8.163000000000000000e+07 0.000000000000000000e+00
8.588000000000000000e+07 0.000000000000000000e+00
9.035000000000000000e+07 0.000000000000000000e+00
9.505000000000000000e+07 0.000000000000000000e+00
1.000000000000000000e+08 0.000000000000000000e+00
