1.000000000000000021e-03 5.225196515700075395e+01
1.051999999999999984e-03 4.895371023943654620e+01
1.106999999999999911e-03 4.670623155261466763e+01
1.163999999999999887e-03 4.358914651532737139e+01
1.224999999999999960e-03 4.141058523851572204e+01
1.288999999999999998e-03 3.873545998683746916e+01
1.356000000000000000e-03 3.673666021197903575e+01
1.427000000000000100e-03 3.432934677019215286e+01
1.500999999999999947e-03 3.262298493339612548e+01
1.579000000000000108e-03 3.074724741782272019e+01
1.661000000000000150e-03 2.909445544929226912e+01
1.747999999999999988e-03 2.775038605823635152e+01
1.839000000000000140e-03 2.623425823363663767e+01
1.935000000000000088e-03 2.513867653395394797e+01
2.034999999999999917e-03 2.398172690433592180e+01
2.141000000000000108e-03 2.317078040575083620e+01
2.252999999999999794e-03 2.238791752568047855e+01
2.370000000000000145e-03 2.167065033565226173e+01
2.492999999999999990e-03 2.112145049107862960e+01
2.623000000000000331e-03 2.063570628083428460e+01
2.759999999999999867e-03 2.026899594047475617e+01
2.903999999999999897e-03 1.999612969735603230e+01
3.054999999999999990e-03 1.973491709799446170e+01
3.213999999999999843e-03 1.963661165814377085e+01
3.380999999999999891e-03 1.954429940803026255e+01
3.556999999999999832e-03 1.950147428469939115e+01
3.742000000000000100e-03 1.957063282277400518e+01
3.936999999999999528e-03 1.951797930864362129e+01
4.142000000000000716e-03 1.974296832910925659e+01
4.357999999999999895e-03 1.972854854234864774e+01
4.585000000000000533e-03 2.001055358561884390e+01
4.824000000000000163e-03 2.009272730853126276e+01
5.074999999999999650e-03 2.031813312071735567e+01
5.338999999999999996e-03 2.044759289850448170e+01
5.616999999999999597e-03 2.066186247177466839e+01
5.908999999999999322e-03 2.084176288968681234e+01
6.217000000000000304e-03 2.108100592414638541e+01
6.540999999999999939e-03 2.128463345404185958e+01
6.880999999999999964e-03 2.149641005471075061e+01
7.239999999999999908e-03 2.175627712534335600e+01
7.617000000000000506e-03 2.189146318175956907e+01
8.012999999999999290e-03 2.215548270579365919e+01
8.429999999999999993e-03 2.229398003133101724e+01
8.868999999999998413e-03 2.249253578202061021e+01
9.330999999999999017e-03 2.267725305557338444e+01
9.816999999999999338e-03 2.285299567726984904e+01
1.032999999999999891e-02 2.301428569596548002e+01
1.086999999999999945e-02 2.310530285857037569e+01
1.143000000000000092e-02 2.324543814924371787e+01
1.203000000000000076e-02 2.331825766663305188e+01
1.264999999999999979e-02 2.336225950548063324e+01
1.330999999999999892e-02 2.346812055063547220e+01
1.400999999999999988e-02 2.344088598674644430e+01
1.473000000000000004e-02 2.349546623542206447e+01
1.549999999999999989e-02 2.346983453310419065e+01
1.631000000000000158e-02 2.345861791899331905e+01
1.715999999999999817e-02 2.341285390617722229e+01
1.805000000000000007e-02 2.336084381748521110e+01
1.898999999999999994e-02 2.329616537529785347e+01
1.997999999999999776e-02 2.322557083785222432e+01
2.101999999999999702e-02 2.310793584957867708e+01
2.212000000000000077e-02 2.300318375165883111e+01
2.326999999999999902e-02 2.283031849870629770e+01
2.447999999999999829e-02 2.273309920675671592e+01
2.574999999999999858e-02 2.252807409714771580e+01
2.708999999999999950e-02 2.235042235964437651e+01
2.850000000000000103e-02 2.211663565042330148e+01
2.998999999999999930e-02 2.186869937156727772e+01
3.155000000000000165e-02 2.163048342110114319e+01
3.318999999999999728e-02 2.133931755889994264e+01
3.491999999999999965e-02 2.105914455431022958e+01
3.673999999999999488e-02 2.073498164201262028e+01
3.864999999999999686e-02 2.040978231451923364e+01
4.066000000000000170e-02 2.010036113557546145e+01
4.277999999999999858e-02 1.976304458653175544e+01
4.500999999999999446e-02 1.941276768001288389e+01
4.734999999999999626e-02 1.910436506369221377e+01
4.982000000000000317e-02 1.875076793383571072e+01
5.240999999999999825e-02 1.843471013846011175e+01
5.513999999999999457e-02 1.805220110834000735e+01
5.800999999999999907e-02 1.772548270880293586e+01
6.102999999999999398e-02 1.735311103162533186e+01
6.421000000000000318e-02 1.700367604236111774e+01
6.755999999999999506e-02 1.663240408896965761e+01
7.106999999999999429e-02 1.623900578405546824e+01
7.477000000000000313e-02 1.585755931943763919e+01
7.867000000000000381e-02 1.544684774317442688e+01
8.276000000000000023e-02 1.504688300224043473e+01
8.707000000000000850e-02 1.462457183724509946e+01
9.160999999999999699e-02 1.423158898096075120e+01
9.637999999999999345e-02 1.381957062301968975e+01
1.014000000000000040e-01 1.346881534514716350e+01
1.067000000000000032e-01 1.309392233816960349e+01
1.122000000000000081e-01 1.276640678926317740e+01
1.180999999999999966e-01 1.243491491813936989e+01
1.242000000000000048e-01 1.213400516634892057e+01
1.307000000000000106e-01 1.183447962919643182e+01
1.375000000000000111e-01 1.156075696539154229e+01
1.446999999999999953e-01 1.129120905672005293e+01
1.522000000000000020e-01 1.103433956119333637e+01
1.600999999999999923e-01 1.078254234003759571e+01
1.683999999999999941e-01 1.054468814890929096e+01
1.771999999999999964e-01 1.028301396215605656e+01
1.864000000000000101e-01 1.004471117519289969e+01
1.960999999999999965e-01 9.783536247143974407e+00
2.064000000000000001e-01 9.529108306953222751e+00
2.170999999999999874e-01 9.286702881135104448e+00
2.283999999999999919e-01 9.058912738926826691e+00
2.403000000000000136e-01 8.860141209001646700e+00
2.528000000000000247e-01 8.690657171308902917e+00
2.660000000000000142e-01 8.555977636076070425e+00
2.798000000000000487e-01 8.448976495888016913e+00
2.943999999999999950e-01 8.378187615846028891e+00
3.096999999999999753e-01 8.325744322410013609e+00
3.259000000000000230e-01 8.294804519204964421e+00
3.427999999999999936e-01 8.294012099131487403e+00
3.606999999999999651e-01 8.297848896661525586e+00
3.795000000000000040e-01 8.329497176409919490e+00
3.991999999999999993e-01 8.348756409624314756e+00
4.200000000000000400e-01 8.383537321709175316e+00
4.419000000000000150e-01 8.392154927894079464e+00
4.649000000000000354e-01 8.402379504903354501e+00
4.891000000000000347e-01 8.385153540532288119e+00
5.144999999999999574e-01 8.355325124077978671e+00
5.413000000000000034e-01 8.342716619007610745e+00
5.695000000000000062e-01 8.324704238461698935e+00
5.992000000000000659e-01 8.357921336724501771e+00
6.304000000000000714e-01 8.405431707568792987e+00
6.632000000000000117e-01 8.509764380152679664e+00
6.976999999999999869e-01 8.637874994722958277e+00
7.340999999999999748e-01 8.807336829237257803e+00
7.722999999999999865e-01 8.999141738033411997e+00
8.125000000000000000e-01 9.204435062344801466e+00
8.548000000000000043e-01 9.439757777849884235e+00
8.992999999999999883e-01 9.674206402239168057e+00
9.460999999999999410e-01 9.929353573474887895e+00
9.954000000000000625e-01 1.016712377742282492e+01
1.046999999999999931e+00 1.039618005442962989e+01
1.101999999999999869e+00 1.059775036261070724e+01
1.159000000000000030e+00 1.075376937269248501e+01
1.219000000000000083e+00 1.088343942764307570e+01
1.283000000000000140e+00 1.095070971369424306e+01
1.350000000000000089e+00 1.102602812037246593e+01
1.419999999999999929e+00 1.109137626435820678e+01
1.493999999999999995e+00 1.118370959093450523e+01
1.572000000000000064e+00 1.132890370123822166e+01
1.654000000000000137e+00 1.149736057711493764e+01
1.739999999999999991e+00 1.174558025812621764e+01
1.830000000000000071e+00 1.199191826540914896e+01
1.925999999999999934e+00 1.231650161963716528e+01
2.025999999999999801e+00 1.261729431427104764e+01
2.131000000000000227e+00 1.295734832088326804e+01
2.241999999999999993e+00 1.331176987889471164e+01
2.358999999999999986e+00 1.365247271409916507e+01
2.481999999999999762e+00 1.402690648580983712e+01
2.611000000000000210e+00 1.432134489128927868e+01
2.746999999999999886e+00 1.464226985062604491e+01
2.890000000000000124e+00 1.483016505748894964e+01
3.040999999999999925e+00 1.501124380725473273e+01
3.198999999999999844e+00 1.505915627246752564e+01
3.366000000000000103e+00 1.505298221284034810e+01
3.540999999999999925e+00 1.503584673460585819e+01
3.725000000000000089e+00 1.497963746160769105e+01
3.918999999999999595e+00 1.499756238445167256e+01
4.123000000000000220e+00 1.501963778020785156e+01
4.338000000000000078e+00 1.511107236664856579e+01
4.564000000000000057e+00 1.520283836483400997e+01
4.801000000000000156e+00 1.526068084646332323e+01
5.051000000000000156e+00 1.526442796428530357e+01
5.314000000000000057e+00 1.501376765233428401e+01
5.590999999999999304e+00 1.469143963704678058e+01
5.881999999999999673e+00 1.387941944776019909e+01
6.187999999999999723e+00 1.305163692434111766e+01
6.511000000000000121e+00 1.168623364725976010e+01
6.850000000000000533e+00 1.030366030910132658e+01
7.205999999999999517e+00 8.775170595979076893e+00
7.581999999999999851e+00 7.206440784592149207e+00
7.976000000000000867e+00 5.832586931381064765e+00
8.391999999999999460e+00 4.510696980374810039e+00
8.829000000000000625e+00 3.461979418829026489e+00
9.288000000000000256e+00 2.584898061903159849e+00
9.772000000000000242e+00 1.891008529234550872e+00
1.027999999999999936e+01 1.405864846694057757e+00
1.082000000000000028e+01 9.976253253664049137e-01
1.137999999999999901e+01 7.584921066596782557e-01
1.196999999999999886e+01 5.388443597588119527e-01
1.259999999999999964e+01 4.039623136145579774e-01
1.325000000000000000e+01 2.755496025329767784e-01
1.393999999999999950e+01 1.965194760897533977e-01
1.466999999999999993e+01 1.161163455806804440e-01
1.542999999999999972e+01 7.833068358436398593e-02
1.623000000000000043e+01 4.210597520144510747e-02
1.708000000000000185e+01 2.582186097452288109e-02
1.796999999999999886e+01 1.434490974170522792e-02
1.889999999999999858e+01 8.234193747602281191e-03
1.989000000000000057e+01 4.595793424983271591e-03
2.092000000000000171e+01 2.358690811325329061e-03
2.200999999999999801e+01 1.257442802562536936e-03
2.316000000000000014e+01 5.043300212221759173e-04
2.437000000000000099e+01 2.725093647351674048e-04
2.562999999999999901e+01 9.283875409028089529e-05
2.697000000000000242e+01 5.124151436344658316e-05
2.837000000000000099e+01 1.434284633255978381e-05
2.985000000000000142e+01 8.011327885584367285e-06
3.139999999999999858e+01 1.587799061847490926e-06
3.303999999999999915e+01 9.144356464217381375e-07
3.475999999999999801e+01 2.150501409220484763e-07
3.657000000000000028e+01 8.483399293951232332e-08
3.846999999999999886e+01 2.375764199363896629e-08
4.048000000000000398e+01 5.703324385383280858e-09
4.259000000000000341e+01 1.823292705345702323e-09
4.479999999999999716e+01 2.526936362826177210e-10
4.714000000000000057e+01 9.342661231443949095e-11
4.959000000000000341e+01 8.725873196490430267e-12
5.217000000000000171e+01 3.589418156853693024e-12
5.489000000000000057e+01 1.678293147199775584e-13
5.775000000000000000e+01 7.592321200878708594e-14
6.075000000000000000e+01 2.482371509575772169e-15
6.392000000000000171e+01 1.208235450964855691e-15
6.723999999999999488e+01 1.527940675715218421e-17
7.075000000000000000e+01 7.959400597618746677e-18
7.442999999999999261e+01 2.898978776517249460e-19
7.829999999999999716e+01 4.517350359337415550e-20
8.237999999999999545e+01 6.429658493871509222e-21
8.667000000000000171e+01 7.237188261018533541e-23
9.117999999999999261e+01 1.683900170120805392e-23
9.593000000000000682e+01 1.303934116417709925e-25
1.009000000000000057e+02 4.011456995829250032e-26
1.062000000000000028e+02 7.030952528849838343e-29
1.116999999999999886e+02 2.578245196494782440e-29
1.175000000000000000e+02 1.755864181408257580e-32
1.236000000000000085e+02 7.365379901483385268e-33
1.300999999999999943e+02 1.824298038318058973e-36
1.369000000000000057e+02 8.343093112948296599e-37
1.440000000000000000e+02 5.445255468588853460e-41
1.515000000000000000e+02 2.708930073344482707e-41
1.593999999999999773e+02 4.991911285411088955e-46
1.676999999999999886e+02 2.648540535154550275e-46
1.764000000000000057e+02 1.922328636921860817e-47
1.855999999999999943e+02 7.156982479100514521e-52
1.952000000000000171e+02 1.290130522328911253e-52
2.054000000000000057e+02 4.479937561578291224e-58
2.160999999999999943e+02 1.163171058550318910e-58
2.273999999999999773e+02 5.688757464095145008e-65
2.391999999999999886e+02 1.867978677980125398e-65
2.516999999999999886e+02 1.109990470382905017e-72
2.647999999999999545e+02 4.258733852942144160e-73
2.785000000000000000e+02 2.346199712463936856e-81
2.930000000000000000e+02 1.019273356271803232e-81
3.083000000000000114e+02 6.347403425986882140e-91
3.244000000000000341e+02 3.005987919479498245e-91
3.411999999999999886e+02 1.296083188558162138e-101
3.590000000000000000e+02 6.622626061479729703e-102
3.776999999999999886e+02 1.477701911157815847e-113
3.973999999999999773e+02 8.012874786417547816e-114
4.181000000000000227e+02 9.053560376910395290e-115
4.398000000000000114e+02 3.751617697562370099e-127
4.626999999999999886e+02 7.894336961643355307e-128
4.868000000000000114e+02 5.986879137673549496e-142
5.122000000000000455e+02 1.710580306988488732e-142
5.387999999999999545e+02 1.662310532656662979e-158
5.668999999999999773e+02 5.819477357207379357e-159
5.964000000000000909e+02 6.740485597029850852e-177
6.275000000000000000e+02 2.719207235601471119e-177
6.601000000000000227e+02 2.093162560854531174e-197
6.945000000000000000e+02 9.414491638748560054e-198
7.307000000000000455e+02 2.925895527917726177e-220
7.687000000000000455e+02 1.432970093418008697e-220
8.087999999999999545e+02 8.262837931220590085e-246
8.508999999999999773e+02 4.325884486111313417e-246
8.952000000000000455e+02 1.832154154328985561e-247
9.417999999999999545e+02 1.937245573527959411e-274
9.908000000000000682e+02 2.964558013681792744e-275
1.042000000000000000e+03 4.059425347382258311e-306
1.097000000000000000e+03 9.522855125163776428e-307
1.154000000000000000e+03 0.000000000000000000e+00
1.214000000000000000e+03 0.000000000000000000e+00
1.277000000000000000e+03 0.000000000000000000e+00
1.344000000000000000e+03 0.000000000000000000e+00
1.414000000000000000e+03 0.000000000000000000e+00
1.487000000000000000e+03 0.000000000000000000e+00
1.565000000000000000e+03 0.000000000000000000e+00
1.646000000000000000e+03 0.000000000000000000e+00
1.732000000000000000e+03 0.000000000000000000e+00
1.822000000000000000e+03 0.000000000000000000e+00
1.917000000000000000e+03 0.000000000000000000e+00
2.017000000000000000e+03 0.000000000000000000e+00
2.122000000000000000e+03 0.000000000000000000e+00
2.232000000000000000e+03 0.000000000000000000e+00
2.348000000000000000e+03 0.000000000000000000e+00
2.470000000000000000e+03 0.000000000000000000e+00
2.599000000000000000e+03 0.000000000000000000e+00
2.734000000000000000e+03 0.000000000000000000e+00
2.877000000000000000e+03 0.000000000000000000e+00
3.027000000000000000e+03 0.000000000000000000e+00
3.184000000000000000e+03 0.000000000000000000e+00
3.350000000000000000e+03 0.000000000000000000e+00
3.524000000000000000e+03 0.000000000000000000e+00
3.708000000000000000e+03 0.000000000000000000e+00
3.901000000000000000e+03 0.000000000000000000e+00
4.104000000000000000e+03 0.000000000000000000e+00
4.318000000000000000e+03 0.000000000000000000e+00
4.543000000000000000e+03 0.000000000000000000e+00
4.779000000000000000e+03 0.000000000000000000e+00
5.028000000000000000e+03 0.000000000000000000e+00
5.290000000000000000e+03 0.000000000000000000e+00
5.565000000000000000e+03 0.000000000000000000e+00
5.855000000000000000e+03 0.000000000000000000e+00
6.160000000000000000e+03 0.000000000000000000e+00
6.481000000000000000e+03 0.000000000000000000e+00
6.818000000000000000e+03 0.000000000000000000e+00
7.173000000000000000e+03 0.000000000000000000e+00
7.547000000000000000e+03 0.000000000000000000e+00
7.940000000000000000e+03 0.000000000000000000e+00
8.353000000000000000e+03 0.000000000000000000e+00
8.788000000000000000e+03 0.000000000000000000e+00
9.246000000000000000e+03 0.000000000000000000e+00
9.727000000000000000e+03 0.000000000000000000e+00
1.023000000000000000e+04 0.000000000000000000e+00
1.077000000000000000e+04 0.000000000000000000e+00
1.133000000000000000e+04 0.000000000000000000e+00
1.192000000000000000e+04 0.000000000000000000e+00
1.254000000000000000e+04 0.000000000000000000e+00
1.319000000000000000e+04 0.000000000000000000e+00
1.388000000000000000e+04 0.000000000000000000e+00
1.460000000000000000e+04 0.000000000000000000e+00
1.536000000000000000e+04 0.000000000000000000e+00
1.616000000000000000e+04 0.000000000000000000e+00
1.700000000000000000e+04 0.000000000000000000e+00
1.789000000000000000e+04 0.000000000000000000e+00
1.882000000000000000e+04 0.000000000000000000e+00
1.980000000000000000e+04 0.000000000000000000e+00
2.083000000000000000e+04 0.000000000000000000e+00
2.191000000000000000e+04 0.000000000000000000e+00
2.305000000000000000e+04 0.000000000000000000e+00
2.425000000000000000e+04 0.000000000000000000e+00
2.552000000000000000e+04 0.000000000000000000e+00
2.684000000000000000e+04 0.000000000000000000e+00
2.824000000000000000e+04 0.000000000000000000e+00
2.971000000000000000e+04 0.000000000000000000e+00
3.126000000000000000e+04 0.000000000000000000e+00
3.289000000000000000e+04 0.000000000000000000e+00
3.460000000000000000e+04 0.000000000000000000e+00
3.640000000000000000e+04 0.000000000000000000e+00
3.830000000000000000e+04 0.000000000000000000e+00
4.029000000000000000e+04 0.000000000000000000e+00
4.239000000000000000e+04 0.000000000000000000e+00
4.460000000000000000e+04 0.000000000000000000e+00
4.692000000000000000e+04 0.000000000000000000e+00
4.936000000000000000e+04 0.000000000000000000e+00
5.193000000000000000e+04 0.000000000000000000e+00
5.464000000000000000e+04 0.000000000000000000e+00
5.748000000000000000e+04 0.000000000000000000e+00
6.047000000000000000e+04 0.000000000000000000e+00
6.362000000000000000e+04 0.000000000000000000e+00
6.693000000000000000e+04 0.000000000000000000e+00
7.042000000000000000e+04 0.000000000000000000e+00
7.409000000000000000e+04 0.000000000000000000e+00
7.794000000000000000e+04 0.000000000000000000e+00
8.200000000000000000e+04 0.000000000000000000e+00
8.627000000000000000e+04 0.000000000000000000e+00
9.076000000000000000e+04 0.000000000000000000e+00
9.549000000000000000e+04 0.000000000000000000e+00
1.005000000000000000e+05 0.000000000000000000e+00
1.057000000000000000e+05 0.000000000000000000e+00
1.112000000000000000e+05 0.000000000000000000e+00
1.170000000000000000e+05 0.000000000000000000e+00
1.231000000000000000e+05 0.000000000000000000e+00
1.295000000000000000e+05 0.000000000000000000e+00
1.362000000000000000e+05 0.000000000000000000e+00
1.433000000000000000e+05 0.000000000000000000e+00
1.508000000000000000e+05 0.000000000000000000e+00
1.586000000000000000e+05 0.000000000000000000e+00
1.669000000000000000e+05 0.000000000000000000e+00
1.756000000000000000e+05 0.000000000000000000e+00
1.847000000000000000e+05 0.000000000000000000e+00
1.943000000000000000e+05 0.000000000000000000e+00
2.045000000000000000e+05 0.000000000000000000e+00
2.151000000000000000e+05 0.000000000000000000e+00
2.263000000000000000e+05 0.000000000000000000e+00
2.381000000000000000e+05 0.000000000000000000e+00
2.505000000000000000e+05 0.000000000000000000e+00
2.635000000000000000e+05 0.000000000000000000e+00
2.773000000000000000e+05 0.000000000000000000e+00
2.917000000000000000e+05 0.000000000000000000e+00
3.069000000000000000e+05 0.000000000000000000e+00
3.229000000000000000e+05 0.000000000000000000e+00
3.397000000000000000e+05 0.000000000000000000e+00
3.574000000000000000e+05 0.000000000000000000e+00
3.760000000000000000e+05 0.000000000000000000e+00
3.955000000000000000e+05 0.000000000000000000e+00
4.161000000000000000e+05 0.000000000000000000e+00
4.378000000000000000e+05 0.000000000000000000e+00
4.606000000000000000e+05 0.000000000000000000e+00
4.846000000000000000e+05 0.000000000000000000e+00
5.098000000000000000e+05 0.000000000000000000e+00
5.364000000000000000e+05 0.000000000000000000e+00
5.643000000000000000e+05 0.000000000000000000e+00
5.937000000000000000e+05 0.000000000000000000e+00
6.246000000000000000e+05 0.000000000000000000e+00
6.571000000000000000e+05 0.000000000000000000e+00
6.913000000000000000e+05 0.000000000000000000e+00
7.273000000000000000e+05 0.000000000000000000e+00
7.652000000000000000e+05 0.000000000000000000e+00
8.050000000000000000e+05 0.000000000000000000e+00
8.469000000000000000e+05 0.000000000000000000e+00
8.910000000000000000e+05 0.000000000000000000e+00
9.374000000000000000e+05 0.000000000000000000e+00
9.863000000000000000e+05 0.000000000000000000e+00
1.038000000000000000e+06 0.000000000000000000e+00
1.092000000000000000e+06 0.000000000000000000e+00
1.148000000000000000e+06 0.000000000000000000e+00
1.208000000000000000e+06 0.000000000000000000e+00
1.271000000000000000e+06 0.000000000000000000e+00
1.337000000000000000e+06 0.000000000000000000e+00
1.407000000000000000e+06 0.000000000000000000e+00
1.480000000000000000e+06 0.000000000000000000e+00
1.557000000000000000e+06 0.000000000000000000e+00
1.638000000000000000e+06 0.000000000000000000e+00
1.724000000000000000e+06 0.000000000000000000e+00
1.814000000000000000e+06 0.000000000000000000e+00
1.908000000000000000e+06 0.000000000000000000e+00
2.007000000000000000e+06 0.000000000000000000e+00
2.112000000000000000e+06 0.000000000000000000e+00
2.222000000000000000e+06 0.000000000000000000e+00
2.337000000000000000e+06 0.000000000000000000e+00
2.459000000000000000e+06 0.000000000000000000e+00
2.587000000000000000e+06 0.000000000000000000e+00
2.722000000000000000e+06 0.000000000000000000e+00
2.864000000000000000e+06 0.000000000000000000e+00
3.013000000000000000e+06 0.000000000000000000e+00
3.170000000000000000e+06 0.000000000000000000e+00
3.335000000000000000e+06 0.000000000000000000e+00
3.508000000000000000e+06 0.000000000000000000e+00
3.691000000000000000e+06 0.000000000000000000e+00
3.883000000000000000e+06 0.000000000000000000e+00
4.085000000000000000e+06 0.000000000000000000e+00
4.298000000000000000e+06 0.000000000000000000e+00
4.522000000000000000e+06 0.000000000000000000e+00
4.757000000000000000e+06 0.000000000000000000e+00
5.005000000000000000e+06 0.000000000000000000e+00
5.266000000000000000e+06 0.000000000000000000e+00
5.540000000000000000e+06 0.000000000000000000e+00
5.828000000000000000e+06 0.000000000000000000e+00
6.132000000000000000e+06 0.000000000000000000e+00
6.451000000000000000e+06 0.000000000000000000e+00
6.787000000000000000e+06 0.000000000000000000e+00
7.140000000000000000e+06 0.000000000000000000e+00
7.512000000000000000e+06 0.000000000000000000e+00
7.903000000000000000e+06 0.000000000000000000e+00
8.315000000000000000e+06 0.000000000000000000e+00
8.748000000000000000e+06 0.000000000000000000e+00
9.203000000000000000e+06 0.000000000000000000e+00
9.682000000000000000e+06 0.000000000000000000e+00
1.019000000000000000e+07 0.000000000000000000e+00
1.072000000000000000e+07 0.000000000000000000e+00
1.127000000000000000e+07 0.000000000000000000e+00
1.186000000000000000e+07 0.000000000000000000e+00
1.248000000000000000e+07 0.000000000000000000e+00
1.313000000000000000e+07 0.000000000000000000e+00
1.381000000000000000e+07 0.000000000000000000e+00
1.453000000000000000e+07 0.000000000000000000e+00
1.529000000000000000e+07 0.000000000000000000e+00
1.608000000000000000e+07 0.000000000000000000e+00
1.692000000000000000e+07 0.000000000000000000e+00
1.780000000000000000e+07 0.000000000000000000e+00
1.873000000000000000e+07 0.000000000000000000e+00
1.971000000000000000e+07 0.000000000000000000e+00
2.073000000000000000e+07 0.000000000000000000e+00
2.181000000000000000e+07 0.000000000000000000e+00
2.295000000000000000e+07 0.000000000000000000e+00
2.414000000000000000e+07 0.000000000000000000e+00
2.540000000000000000e+07 0.000000000000000000e+00
2.672000000000000000e+07 0.000000000000000000e+00
2.811000000000000000e+07 0.000000000000000000e+00
2.958000000000000000e+07 0.000000000000000000e+00
3.112000000000000000e+07 0.000000000000000000e+00
3.274000000000000000e+07 0.000000000000000000e+00
3.444000000000000000e+07 0.000000000000000000e+00
3.623000000000000000e+07 0.000000000000000000e+00
3.812000000000000000e+07 0.000000000000000000e+00
4.011000000000000000e+07 0.000000000000000000e+00
4.219000000000000000e+07 0.000000000000000000e+00
4.439000000000000000e+07 0.000000000000000000e+00
4.670000000000000000e+07 0.000000000000000000e+00
4.913000000000000000e+07 0.000000000000000000e+00
5.169000000000000000e+07 0.000000000000000000e+00
5.438000000000000000e+07 0.000000000000000000e+00
5.722000000000000000e+07 0.000000000000000000e+00
6.019000000000000000e+07 0.000000000000000000e+00
6.333000000000000000e+07 0.000000000000000000e+00
6.663000000000000000e+07 0.000000000000000000e+00
7.010000000000000000e+07 0.000000000000000000e+00
7.375000000000000000e+07 0.000000000000000000e+00
7.759000000000000000e+07 0.000000000000000000e+00
8.163000000000000000e+07 0.000000000000000000e+00
8.588000000000000000e+07 0.000000000000000000e+00
9.035000000000000000e+07 0.000000000000000000e+00
9.505000000000000000e+07 0.000000000000000000e+00
1.000000000000000000e+08 0.000000000000000000e+00
