1.900000000000000000e+01 3.380618666312460233e-03
2.000000000000000000e+01 2.345056959168644560e-03
2.100000000000000000e+01 1.622623203968473742e-03
2.200000000000000000e+01 1.213317400711947779e-03
2.300000000000000000e+01 8.040115974554215995e-04
2.400000000000000000e+01 5.220628082527656094e-04
2.500000000000000000e+01 3.674710331039800259e-04
2.600000000000000000e+01 2.128792579551943610e-04
2.700000000000000000e+01 1.186983514190143659e-04
2.800000000000000000e+01 8.492831349544004041e-05
2.900000000000000000e+01 5.115827557186572173e-05
3.000000000000000000e+01 2.978298046308960347e-05
3.100000000000000000e+01 2.080242816911170257e-05
3.200000000000000000e+01 1.182187587513379488e-05
3.300000000000000000e+01 6.673657166410710177e-06
3.400000000000000000e+01 5.357772042942450985e-06
3.500000000000000000e+01 4.041886919474189252e-06
3.600000000000000000e+01 2.726001796005928789e-06
3.700000000000000000e+01 1.410116672537667902e-06
3.800000000000000000e+01 6.699154206651509011e-07
3.900000000000000000e+01 5.053980403883771495e-07
4.000000000000000000e+01 3.408806601116035567e-07
4.100000000000000000e+01 1.763632798348299904e-07
4.200000000000000000e+01 8.544570425239570908e-08
4.300000000000000000e+01 6.812793336430071277e-08
4.400000000000000000e+01 5.081016247620573630e-08
4.500000000000000000e+01 3.349239158811075984e-08
4.600000000000000000e+01 1.617462070001578668e-08
4.700000000000000000e+01 6.918739379040582742e-09
4.800000000000000000e+01 5.724747625185155461e-09
4.900000000000000000e+01 4.530755871329727352e-09
5.000000000000000000e+01 3.336764117474299243e-09
5.100000000000000000e+01 2.142772363618871962e-09
5.200000000000000000e+01 9.487806097634444739e-10
5.300000000000000000e+01 3.273146881680002761e-10
5.400000000000000000e+01 2.783745988325396271e-10
5.500000000000000000e+01 2.294345094970788748e-10
5.600000000000000000e+01 1.804944201616181741e-10
5.700000000000000000e+01 1.315543308261574218e-10
5.800000000000000000e+01 8.261424149069672110e-11
5.900000000000000000e+01 3.367415215523600752e-11
6.000000000000000000e+01 8.565394163210723536e-12
6.100000000000000000e+01 7.287967514620935390e-12
6.200000000000000000e+01 6.010540866031146437e-12
6.300000000000000000e+01 4.733114217441358291e-12
6.400000000000000000e+01 3.455687568851568530e-12
6.500000000000000000e+01 2.178260920261779577e-12
