1.221799999999999287e+01 3.043323489312178554e-01
1.321799999999999287e+01 2.204289612754940508e-01
1.421799999999999287e+01 1.573567753487608856e-01
1.521799999999999287e+01 1.102577722650090464e-01
1.621799999999999287e+01 7.587988183149169119e-02
1.721799999999999287e+01 5.104933692976530712e-02
1.821799999999999287e+01 3.402792396669462871e-02
1.921799999999999287e+01 2.237063630767837166e-02
2.021799999999999287e+01 1.459670891548710617e-02
2.121799999999999287e+01 9.410742293516427895e-03
2.221799999999999287e+01 6.188797332207693867e-03
2.321799999999999287e+01 4.012581910531496862e-03
2.421799999999999287e+01 2.552933115971101931e-03
2.521799999999999287e+01 1.653747833114291646e-03
2.621799999999999287e+01 1.056456437145275595e-03
2.721799999999999287e+01 6.625023817222235262e-04
2.821799999999999287e+01 4.224037521157438316e-04
2.921799999999999287e+01 2.664634252693091746e-04
3.021799999999999287e+01 1.656177683386672226e-04
3.121799999999999287e+01 1.045227249530466222e-04
3.221799999999998931e+01 6.483897818321023162e-05
3.321799999999998931e+01 3.933788056656461091e-05
3.421799999999998931e+01 2.421838111002246453e-05
3.521799999999998931e+01 1.511736494077328409e-05
3.621799999999998931e+01 9.560301211157150046e-06
3.721799999999998931e+01 5.924483715616096289e-06
3.821799999999998931e+01 3.579219575063405430e-06
3.921799999999998931e+01 2.190381489017968433e-06
4.021799999999998931e+01 1.356955721795270643e-06
4.121799999999998931e+01 8.284302963848603010e-07
4.221799999999998931e+01 4.962301439491961121e-07
4.321799999999998931e+01 3.007954214149626118e-07
4.421799999999998931e+01 1.844106790926978792e-07
4.521799999999998931e+01 1.142902366493608374e-07
4.621799999999998931e+01 6.984998326453263584e-08
4.721799999999998931e+01 4.192662919923176403e-08
4.821799999999998931e+01 2.543428846238772925e-08
4.921799999999998931e+01 1.558718054526887070e-08
5.021799999999998931e+01 9.646226224500934359e-09
5.121799999999998931e+01 6.025917301415768193e-09
5.221799999999998931e+01 3.707486321617366534e-09
5.321799999999998931e+01 2.237694424150476947e-09
5.421799999999998931e+01 1.363242207092409338e-09
5.521799999999998931e+01 8.380100211095997920e-10
5.621799999999998931e+01 5.196251224040437711e-10
5.721799999999998931e+01 3.249106316783690382e-10
5.821799999999998931e+01 2.048073277343620328e-10
5.921799999999998931e+01 1.267550185872480775e-10
6.021799999999998931e+01 7.670066857210446694e-11
6.121799999999998931e+01 4.679527521622599646e-11
6.221799999999998931e+01 2.877787825304479161e-11
6.321799999999998931e+01 1.783445958232168709e-11
6.421799999999998931e+01 1.113528128763331191e-11
6.521799999999998931e+01 7.002980804703374178e-12
6.621799999999998931e+01 4.318425388718501232e-12
6.721799999999998931e+01 2.599842110706789526e-12
6.821799999999998931e+01 1.576896559163136355e-12
6.921799999999998931e+01 9.633863210237554138e-13
7.021799999999998931e+01 5.927194170074603224e-13
7.121799999999998931e+01 3.671667944570423792e-13
7.221799999999998931e+01 2.289606951515627962e-13
7.321799999999998931e+01 1.437020202673956482e-13
7.421799999999998931e+01 8.844533406324065507e-14
7.521799999999998931e+01 5.315660476799776524e-14
7.621799999999998931e+01 3.216207139618760382e-14
7.721799999999998931e+01 1.958663839247269022e-14
7.821799999999998931e+01 1.200417883604432282e-14
7.921799999999998931e+01 7.402730813128585414e-15
8.021799999999998931e+01 4.592734191033158525e-15
8.121799999999998931e+01 2.866196128070013356e-15
8.221799999999998931e+01 1.799009634354642050e-15
8.321799999999998931e+01 1.107418492622088090e-15
8.421799999999998931e+01 6.658063680245024032e-16
8.521799999999998931e+01 4.026982153826944130e-16
8.621799999999998931e+01 2.449890942550781328e-16
8.721799999999998931e+01 1.498962829631551607e-16
8.821799999999998931e+01 9.222651561860795428e-17
8.921799999999998931e+01 5.705414746377606471e-17
9.021799999999998931e+01 3.548400141112342843e-17
9.121799999999998931e+01 2.218406356482407229e-17
9.221799999999998931e+01 1.394002692197227843e-17
9.321799999999998931e+01 8.585732779375554128e-18
9.421799999999998931e+01 5.161614779914290834e-18
9.521799999999998931e+01 3.119728777604005564e-18
9.621799999999998931e+01 1.895495532123750275e-18
9.721799999999998931e+01 1.157594648531054270e-18
9.821799999999998931e+01 7.105140195910425104e-19
9.921799999999998931e+01 4.382552641156283011e-19
1.002179999999999893e+02 2.716296990968687276e-19
1.012179999999999893e+02 1.691537097534515230e-19
1.022179999999999893e+02 1.058277894441724155e-19
1.032179999999999893e+02 6.651089276830855834e-20
