9.999999999999999547e-07 1.470712877848494682e+05
1.052000000000000050e-06 1.459592297224688809e+05
1.106999999999999947e-06 1.450037691123564437e+05
1.163999999999999994e-06 1.443138575476809929e+05
1.224999999999999918e-06 1.435891228669750271e+05
1.289000000000000068e-06 1.433364343788183469e+05
1.356000000000000019e-06 1.426798007813131262e+05
1.427000000000000059e-06 1.427159489701877174e+05
1.500999999999999901e-06 1.423906665411418653e+05
1.579000000000000044e-06 1.425667516379115405e+05
1.661000000000000064e-06 1.425476130989978847e+05
1.748000000000000035e-06 1.427402104725189565e+05
1.839000000000000096e-06 1.430114484931517509e+05
1.935000000000000108e-06 1.432406975962058641e+05
2.034999999999999998e-06 1.436362558965613134e+05
2.140999999999999915e-06 1.439763546227939369e+05
2.252999999999999859e-06 1.445659756885708193e+05
2.370000000000000179e-06 1.449042039007114945e+05
2.493000000000000102e-06 1.455872969549058180e+05
2.623000000000000128e-06 1.460160085721642827e+05
2.759999999999999833e-06 1.467157137149569171e+05
2.904000000000000063e-06 1.470772675559276249e+05
3.054999999999999973e-06 1.476527395422724367e+05
3.214000000000000060e-06 1.480503235029678326e+05
3.380999999999999901e-06 1.484762949460622331e+05
3.556999999999999995e-06 1.488245699157253548e+05
3.741999999999999917e-06 1.491810264726999449e+05
3.936999999999999745e-06 1.493370197683002916e+05
4.142000000000000323e-06 1.496617797526927025e+05
4.357999999999999610e-06 1.496882133034084400e+05
4.585000000000000147e-06 1.497714631390312570e+05
4.823999999999999892e-06 1.496323836889813538e+05
5.074999999999999691e-06 1.495752548902897979e+05
5.339000000000000043e-06 1.493274726502248668e+05
5.616999999999999753e-06 1.488984297300178732e+05
5.908999999999999668e-06 1.486025528351587709e+05
6.216999999999999938e-06 1.480413095762946177e+05
6.540999999999999716e-06 1.474511955329228949e+05
6.880999999999999848e-06 1.467361457632578386e+05
7.240000000000000138e-06 1.458824374652702827e+05
7.617000000000000086e-06 1.449667479421090102e+05
8.012999999999999344e-06 1.439995085281961074e+05
8.430000000000000603e-06 1.428385198769075796e+05
8.868999999999999280e-06 1.418056167342820554e+05
9.330999999999999261e-06 1.403153865111229243e+05
9.816999999999999351e-06 1.391018401336347160e+05
1.032999999999999935e-05 1.374271754024604452e+05
1.086999999999999926e-05 1.360357248459044786e+05
1.143000000000000068e-05 1.343021445130449720e+05
1.203000000000000002e-05 1.326283065810533299e+05
1.264999999999999916e-05 1.307993864449683024e+05
1.330999999999999962e-05 1.290158145638676942e+05
1.400999999999999969e-05 1.270694251749573014e+05
1.472999999999999958e-05 1.251653706440532987e+05
1.550000000000000068e-05 1.230740300792902271e+05
1.631000000000000139e-05 1.210252483416605101e+05
1.715999999999999833e-05 1.188702513330915390e+05
1.805000000000000167e-05 1.166999371275391313e+05
1.898999999999999945e-05 1.145806482644481293e+05
1.997999999999999844e-05 1.122997566683324840e+05
2.101999999999999865e-05 1.101716220600961678e+05
2.212000000000000167e-05 1.078060604344127205e+05
2.326999999999999913e-05 1.056109424952331465e+05
2.447999999999999940e-05 1.032214831230221171e+05
2.574999999999999910e-05 1.010251580105567846e+05
2.708999999999999982e-05 9.864253176327802066e+04
2.850000000000000157e-05 9.649714665884242277e+04
2.998999999999999916e-05 9.413530901462603651e+04
3.155000000000000117e-05 9.199124198147904826e+04
3.318999999999999902e-05 8.974229405913983646e+04
3.491999999999999770e-05 8.762001507602100901e+04
3.673999999999999722e-05 8.544936837654656847e+04
3.864999999999999756e-05 8.330564175332608283e+04
4.066000000000000034e-05 8.126577332559230854e+04
4.278000000000000037e-05 7.916365973559321719e+04
4.500999999999999766e-05 7.728305694072305050e+04
4.734999999999999897e-05 7.535133582574201864e+04
4.982000000000000073e-05 7.355498842390166828e+04
5.241000000000000134e-05 7.175952897053316701e+04
5.513999999999999723e-05 7.005102321609616047e+04
5.801000000000000194e-05 6.836990594679140486e+04
6.102999999999999674e-05 6.676610924738134781e+04
6.420999999999999679e-05 6.520899855683369969e+04
6.755999999999999690e-05 6.374962063259075512e+04
7.106999999999999548e-05 6.239838158560363081e+04
7.477000000000000410e-05 6.114607828518193128e+04
7.867000000000000403e-05 5.994956648130484973e+04
8.276000000000000045e-05 5.885754942325600859e+04
8.707000000000000492e-05 5.780954623576211452e+04
9.160999999999999872e-05 5.682955588906476623e+04
9.637999999999999541e-05 5.587701682657602942e+04
1.013999999999999982e-04 5.505876291112638864e+04
1.067000000000000050e-04 5.425805561607143318e+04
1.122000000000000032e-04 5.367748770341450290e+04
1.180999999999999975e-04 5.310445996492591803e+04
1.242000000000000103e-04 5.270450957437746547e+04
1.307000000000000056e-04 5.229855911140702665e+04
1.375000000000000083e-04 5.200666212244753842e+04
1.446999999999999936e-04 5.170730543465236406e+04
1.522000000000000132e-04 5.148230616259403178e+04
1.600999999999999884e-04 5.131738039801902778e+04
1.684000000000000004e-04 5.120796897876847652e+04
1.771999999999999975e-04 5.126857072331244854e+04
1.864000000000000043e-04 5.135170224541131756e+04
1.960999999999999961e-04 5.160510287454866193e+04
2.064000000000000025e-04 5.179902446239217534e+04
2.170999999999999916e-04 5.212665409456640191e+04
2.283999999999999952e-04 5.237375137595456908e+04
2.403000000000000134e-04 5.270512768717844301e+04
2.528000000000000191e-04 5.306088216607057257e+04
2.660000000000000146e-04 5.346177434603615984e+04
2.798000000000000248e-04 5.404491008130938280e+04
2.944000000000000002e-04 5.460907053347231704e+04
3.096999999999999927e-04 5.535077283767073095e+04
3.259000000000000070e-04 5.597626538690267625e+04
3.427999999999999841e-04 5.672366105981972942e+04
3.606999999999999855e-04 5.733759262873155967e+04
3.795000000000000088e-04 5.798975768926910678e+04
3.991999999999999997e-04 5.866721704744844465e+04
4.200000000000000174e-04 5.931592955117132078e+04
4.419000000000000076e-04 6.018752494233347534e+04
4.649000000000000246e-04 6.095959423271378182e+04
4.891000000000000165e-04 6.193546950153610669e+04
5.144999999999999834e-04 6.270234168857344775e+04
5.412999999999999843e-04 6.357690041935285990e+04
5.695000000000000192e-04 6.424394277686220448e+04
5.992000000000000364e-04 6.488036372752926400e+04
6.304000000000000358e-04 6.551734718531842373e+04
6.631999999999999658e-04 6.603925154250902415e+04
6.976999999999999912e-04 6.677940278808267612e+04
7.341000000000000086e-04 6.736925697183937882e+04
7.722999999999999613e-04 6.810273858756932896e+04
8.124999999999999627e-04 6.858088438619862427e+04
8.547999999999999609e-04 6.904313412131856603e+04
8.993000000000000126e-04 6.925474909961027151e+04
9.460999999999999575e-04 6.927157075697681285e+04
9.954000000000000174e-04 6.925108741753594950e+04
1.046999999999999971e-03 6.899268667219404597e+04
1.101999999999999898e-03 6.887733151580138656e+04
1.159000000000000091e-03 6.856925025271889172e+04
1.219000000000000031e-03 6.824212638591136783e+04
1.283000000000000069e-03 6.765538905013274052e+04
1.350000000000000071e-03 6.676742051058713696e+04
1.420000000000000038e-03 6.565119308870044188e+04
1.494000000000000102e-03 6.400096073850003449e+04
1.572000000000000047e-03 6.227695175194663898e+04
1.654000000000000088e-03 6.011412963364031748e+04
1.740000000000000010e-03 5.794408626993445796e+04
1.830000000000000029e-03 5.560928753034423426e+04
1.925999999999999978e-03 5.290041378881200944e+04
2.026000000000000023e-03 5.011078425586016238e+04
2.131000000000000082e-03 4.658656073857251613e+04
2.242000000000000069e-03 4.303358193048550311e+04
2.358999999999999986e-03 3.862347357913091400e+04
2.481999999999999831e-03 3.428965891440829728e+04
2.611000000000000040e-03 2.979872436736000964e+04
2.746999999999999876e-03 2.541635334524553400e+04
2.890000000000000208e-03 2.179684865938926305e+04
3.040999999999999866e-03 1.837758708548011055e+04
3.199000000000000021e-03 1.596527337550733682e+04
3.366000000000000068e-03 1.394121445382476304e+04
3.540999999999999877e-03 1.272905950625286096e+04
3.725000000000000012e-03 1.196612754426230458e+04
3.918999999999999741e-03 1.160800108324304529e+04
4.122999999999999929e-03 1.159413545971652275e+04
4.337999999999999842e-03 1.172049161296358761e+04
4.564000000000000348e-03 1.204771355452916396e+04
4.800999999999999712e-03 1.238017682633457480e+04
5.050999999999999934e-03 1.281409884060766490e+04
5.314000000000000147e-03 1.316442492625929481e+04
5.590999999999999616e-03 1.352694234834996314e+04
5.882000000000000076e-03 1.371820017912809271e+04
6.187999999999999924e-03 1.370696083853283380e+04
6.511000000000000294e-03 1.350981280212522870e+04
6.850000000000000186e-03 1.287166567409986601e+04
7.205999999999999732e-03 1.211763105689830627e+04
7.582000000000000198e-03 1.088526205297781780e+04
7.976000000000000451e-03 9.592799212239042390e+03
8.392000000000000154e-03 8.149453247266405924e+03
8.829000000000000042e-03 6.634219548674079306e+03
9.287999999999999381e-03 5.385130893085357457e+03
9.771999999999999437e-03 4.103250250911209150e+03
1.027999999999999921e-02 3.175656680940830938e+03
1.081999999999999976e-02 2.313676528220974433e+03
1.137999999999999949e-02 1.721589976543867806e+03
1.196999999999999974e-02 1.263593275145221696e+03
1.260000000000000009e-02 9.157431835476670585e+02
1.324999999999999963e-02 6.892529528676365089e+02
1.393999999999999927e-02 4.957619037099305501e+02
1.467000000000000075e-02 3.691120978716018044e+02
1.542999999999999927e-02 2.525878382886605493e+02
1.623000000000000137e-02 1.762392593221331083e+02
1.708000000000000143e-02 1.012944401769842955e+02
1.796999999999999986e-02 6.817496102800291169e+01
1.890000000000000013e-02 3.356715042098112178e+01
1.989000000000000143e-02 2.262876304896578716e+01
2.092000000000000109e-02 1.160945497643258406e+01
2.200999999999999832e-02 7.163093722418802933e+00
2.316000000000000003e-02 3.722205913289701407e+00
2.436999999999999930e-02 2.025165143655493605e+00
2.563000000000000000e-02 9.820937481352260967e-01
2.697000000000000092e-02 4.201606885834878735e-01
2.836999999999999938e-02 2.117942694212421872e-01
2.985000000000000153e-02 7.814707548144442240e-02
3.139999999999999736e-02 4.006834676246771865e-02
3.303999999999999992e-02 1.164118456461016998e-02
3.475999999999999923e-02 6.045204367865737206e-03
3.656999999999999834e-02 1.263827881986167396e-03
3.846999999999999725e-02 6.843893478211908856e-04
4.048000000000000209e-02 1.137266962765544673e-04
4.259000000000000286e-02 6.305222923836621002e-05
4.479999999999999954e-02 9.976157572567203037e-06
4.714000000000000135e-02 3.946100201145065820e-06
4.959000000000000213e-02 8.918739012330452015e-07
5.217000000000000109e-02 1.881725724142465809e-07
5.489000000000000129e-02 5.239806046328878955e-08
5.775000000000000272e-02 5.204765799236915869e-09
6.074999999999999845e-02 1.778269101624788303e-09
6.392000000000000459e-02 1.230709574868478750e-10
6.723999999999999422e-02 4.770805816021056998e-11
7.074999999999999345e-02 1.396664403988645268e-12
7.442999999999999616e-02 6.045731729444044113e-13
7.829999999999999460e-02 1.119017322369569143e-14
8.237999999999999490e-02 5.283371972270141455e-15
8.666999999999999704e-02 4.444134616125262925e-17
9.117999999999999716e-02 2.258358574009790917e-17
9.593000000000000138e-02 9.034494878768712636e-20
1.009000000000000036e-01 4.896347169523618247e-20
1.062000000000000027e-01 4.834147801148834259e-21
1.116999999999999937e-01 6.350634615301922273e-23
1.174999999999999933e-01 1.284890117466445556e-23
1.236000000000000015e-01 3.385573439135445217e-26
1.300999999999999934e-01 9.292257499099219883e-27
1.368999999999999939e-01 7.379868628964369571e-30
1.439999999999999891e-01 2.528807170084972603e-30
1.514999999999999958e-01 7.252188531285190002e-34
1.593999999999999861e-01 2.869986672957325969e-34
1.676999999999999880e-01 2.044346456172718376e-38
1.764000000000000012e-01 9.096782140740036149e-39
1.855999999999999872e-01 1.680604667127702289e-43
1.952000000000000124e-01 8.189427247397130129e-44
2.053999999999999992e-01 3.788799961472620103e-49
2.160999999999999865e-01 1.968130988961546027e-49
2.273999999999999910e-01 4.536481488059911130e-51
2.391999999999999960e-01 1.102045068910471783e-55
2.516999999999999793e-01 1.504237376603663756e-56
2.647999999999999798e-01 1.217080207847480241e-62
2.785000000000000253e-01 2.833050853970002432e-63
2.929999999999999827e-01 1.838649074911836393e-70
3.083000000000000185e-01 5.569260543443538244e-71
3.244000000000000217e-01 3.544279971147546539e-79
3.412000000000000033e-01 1.299764643761253183e-79
3.589999999999999858e-01 6.903544599443813295e-89
3.776999999999999802e-01 2.871765053390839755e-89
3.973999999999999755e-01 1.139443041276756653e-99
4.181000000000000272e-01 5.234591026276730720e-100
4.398000000000000242e-01 9.809449416214079926e-112
4.627000000000000002e-01 4.890341107104009442e-112
4.868000000000000105e-01 3.264269020281825303e-125
5.121999999999999886e-01 1.734583054435133634e-125
5.387999999999999456e-01 1.284025830435332369e-126
5.668999999999999595e-01 2.234456364898780235e-140
5.964000000000000412e-01 3.948151051727371250e-141
6.274999999999999467e-01 6.560647679552678025e-157
6.601000000000000201e-01 1.204429389549506269e-157
6.945000000000000062e-01 0.000000000000000000e+00
7.307000000000000162e-01 3.984626894226948050e-176
7.687000000000000499e-01 0.000000000000000000e+00
8.087999999999999634e-01 7.623128805891641614e-197
8.508999999999999897e-01 0.000000000000000000e+00
8.951999999999999957e-01 6.911630143158916121e-220
9.417999999999999705e-01 0.000000000000000000e+00
9.908000000000000140e-01 1.523828859237775049e-245
1.042000000000000037e+00 0.000000000000000000e+00
1.096999999999999975e+00 3.135516157421520609e-274
1.153999999999999915e+00 0.000000000000000000e+00
1.213999999999999968e+00 4.011024271007767424e-306
1.276999999999999913e+00 4.628945551456437001e-307
1.344000000000000083e+00 0.000000000000000000e+00
1.413999999999999924e+00 0.000000000000000000e+00
1.487000000000000099e+00 0.000000000000000000e+00
1.564999999999999947e+00 0.000000000000000000e+00
1.645999999999999908e+00 0.000000000000000000e+00
1.731999999999999984e+00 0.000000000000000000e+00
1.822000000000000064e+00 0.000000000000000000e+00
1.917000000000000037e+00 0.000000000000000000e+00
2.016999999999999904e+00 0.000000000000000000e+00
2.121999999999999886e+00 0.000000000000000000e+00
2.232000000000000206e+00 0.000000000000000000e+00
2.347999999999999865e+00 0.000000000000000000e+00
2.470000000000000195e+00 0.000000000000000000e+00
2.599000000000000199e+00 0.000000000000000000e+00
2.733999999999999986e+00 0.000000000000000000e+00
2.876999999999999780e+00 0.000000000000000000e+00
3.027000000000000135e+00 0.000000000000000000e+00
3.184000000000000163e+00 0.000000000000000000e+00
3.350000000000000089e+00 0.000000000000000000e+00
3.524000000000000021e+00 0.000000000000000000e+00
3.708000000000000185e+00 0.000000000000000000e+00
3.900999999999999801e+00 0.000000000000000000e+00
4.104000000000000092e+00 0.000000000000000000e+00
4.317999999999999616e+00 0.000000000000000000e+00
4.543000000000000149e+00 0.000000000000000000e+00
4.778999999999999915e+00 0.000000000000000000e+00
5.027999999999999581e+00 0.000000000000000000e+00
5.290000000000000036e+00 0.000000000000000000e+00
5.565000000000000391e+00 0.000000000000000000e+00
5.855000000000000426e+00 0.000000000000000000e+00
6.160000000000000142e+00 0.000000000000000000e+00
6.480999999999999872e+00 0.000000000000000000e+00
6.817999999999999616e+00 0.000000000000000000e+00
7.173000000000000043e+00 0.000000000000000000e+00
7.546999999999999709e+00 0.000000000000000000e+00
7.940000000000000391e+00 0.000000000000000000e+00
8.352999999999999758e+00 0.000000000000000000e+00
8.788000000000000256e+00 0.000000000000000000e+00
9.246000000000000441e+00 0.000000000000000000e+00
9.727000000000000313e+00 0.000000000000000000e+00
1.023000000000000043e+01 0.000000000000000000e+00
1.076999999999999957e+01 0.000000000000000000e+00
1.133000000000000007e+01 0.000000000000000000e+00
1.191999999999999993e+01 0.000000000000000000e+00
1.253999999999999915e+01 0.000000000000000000e+00
1.318999999999999950e+01 0.000000000000000000e+00
1.388000000000000078e+01 0.000000000000000000e+00
1.459999999999999964e+01 0.000000000000000000e+00
1.535999999999999943e+01 0.000000000000000000e+00
1.616000000000000014e+01 0.000000000000000000e+00
1.700000000000000000e+01 0.000000000000000000e+00
1.789000000000000057e+01 0.000000000000000000e+00
1.882000000000000028e+01 0.000000000000000000e+00
1.980000000000000071e+01 0.000000000000000000e+00
2.082999999999999829e+01 0.000000000000000000e+00
2.191000000000000014e+01 0.000000000000000000e+00
2.305000000000000071e+01 0.000000000000000000e+00
2.425000000000000000e+01 0.000000000000000000e+00
2.551999999999999957e+01 0.000000000000000000e+00
2.683999999999999986e+01 0.000000000000000000e+00
2.823999999999999844e+01 0.000000000000000000e+00
2.971000000000000085e+01 0.000000000000000000e+00
3.126000000000000156e+01 0.000000000000000000e+00
3.289000000000000057e+01 0.000000000000000000e+00
3.460000000000000142e+01 0.000000000000000000e+00
3.639999999999999858e+01 0.000000000000000000e+00
3.829999999999999716e+01 0.000000000000000000e+00
4.028999999999999915e+01 0.000000000000000000e+00
4.239000000000000057e+01 0.000000000000000000e+00
4.460000000000000142e+01 0.000000000000000000e+00
4.692000000000000171e+01 0.000000000000000000e+00
4.935999999999999943e+01 0.000000000000000000e+00
5.192999999999999972e+01 0.000000000000000000e+00
5.464000000000000057e+01 0.000000000000000000e+00
5.747999999999999687e+01 0.000000000000000000e+00
6.046999999999999886e+01 0.000000000000000000e+00
6.361999999999999744e+01 0.000000000000000000e+00
6.693000000000000682e+01 0.000000000000000000e+00
7.042000000000000171e+01 0.000000000000000000e+00
7.409000000000000341e+01 0.000000000000000000e+00
7.793999999999999773e+01 0.000000000000000000e+00
8.200000000000000000e+01 0.000000000000000000e+00
8.626999999999999602e+01 0.000000000000000000e+00
9.076000000000000512e+01 0.000000000000000000e+00
9.548999999999999488e+01 0.000000000000000000e+00
1.005000000000000000e+02 0.000000000000000000e+00
1.057000000000000028e+02 0.000000000000000000e+00
1.112000000000000028e+02 0.000000000000000000e+00
1.170000000000000000e+02 0.000000000000000000e+00
1.230999999999999943e+02 0.000000000000000000e+00
1.295000000000000000e+02 0.000000000000000000e+00
1.361999999999999886e+02 0.000000000000000000e+00
1.433000000000000114e+02 0.000000000000000000e+00
1.508000000000000114e+02 0.000000000000000000e+00
1.585999999999999943e+02 0.000000000000000000e+00
1.669000000000000057e+02 0.000000000000000000e+00
1.755999999999999943e+02 0.000000000000000000e+00
1.846999999999999886e+02 0.000000000000000000e+00
1.943000000000000114e+02 0.000000000000000000e+00
2.045000000000000000e+02 0.000000000000000000e+00
2.150999999999999943e+02 0.000000000000000000e+00
2.263000000000000114e+02 0.000000000000000000e+00
2.380999999999999943e+02 0.000000000000000000e+00
2.505000000000000000e+02 0.000000000000000000e+00
2.635000000000000000e+02 0.000000000000000000e+00
2.773000000000000114e+02 0.000000000000000000e+00
2.916999999999999886e+02 0.000000000000000000e+00
3.068999999999999773e+02 0.000000000000000000e+00
3.228999999999999773e+02 0.000000000000000000e+00
3.396999999999999886e+02 0.000000000000000000e+00
3.573999999999999773e+02 0.000000000000000000e+00
3.760000000000000000e+02 0.000000000000000000e+00
3.955000000000000000e+02 0.000000000000000000e+00
4.161000000000000227e+02 0.000000000000000000e+00
4.378000000000000114e+02 0.000000000000000000e+00
4.606000000000000227e+02 0.000000000000000000e+00
4.846000000000000227e+02 0.000000000000000000e+00
5.098000000000000114e+02 0.000000000000000000e+00
5.363999999999999773e+02 0.000000000000000000e+00
5.642999999999999545e+02 0.000000000000000000e+00
5.937000000000000455e+02 0.000000000000000000e+00
6.246000000000000227e+02 0.000000000000000000e+00
6.571000000000000227e+02 0.000000000000000000e+00
6.912999999999999545e+02 0.000000000000000000e+00
7.272999999999999545e+02 0.000000000000000000e+00
7.652000000000000455e+02 0.000000000000000000e+00
8.050000000000000000e+02 0.000000000000000000e+00
8.468999999999999773e+02 0.000000000000000000e+00
8.910000000000000000e+02 0.000000000000000000e+00
9.373999999999999773e+02 0.000000000000000000e+00
9.862999999999999545e+02 0.000000000000000000e+00
1.038000000000000000e+03 0.000000000000000000e+00
1.092000000000000000e+03 0.000000000000000000e+00
1.148000000000000000e+03 0.000000000000000000e+00
1.208000000000000000e+03 0.000000000000000000e+00
1.271000000000000000e+03 0.000000000000000000e+00
1.337000000000000000e+03 0.000000000000000000e+00
1.407000000000000000e+03 0.000000000000000000e+00
1.480000000000000000e+03 0.000000000000000000e+00
1.557000000000000000e+03 0.000000000000000000e+00
1.638000000000000000e+03 0.000000000000000000e+00
1.724000000000000000e+03 0.000000000000000000e+00
1.814000000000000000e+03 0.000000000000000000e+00
1.908000000000000000e+03 0.000000000000000000e+00
2.007000000000000000e+03 0.000000000000000000e+00
2.112000000000000000e+03 0.000000000000000000e+00
2.222000000000000000e+03 0.000000000000000000e+00
2.337000000000000000e+03 0.000000000000000000e+00
2.459000000000000000e+03 0.000000000000000000e+00
2.587000000000000000e+03 0.000000000000000000e+00
2.722000000000000000e+03 0.000000000000000000e+00
2.864000000000000000e+03 0.000000000000000000e+00
3.013000000000000000e+03 0.000000000000000000e+00
3.170000000000000000e+03 0.000000000000000000e+00
3.335000000000000000e+03 0.000000000000000000e+00
3.508000000000000000e+03 0.000000000000000000e+00
3.691000000000000000e+03 0.000000000000000000e+00
3.883000000000000000e+03 0.000000000000000000e+00
4.085000000000000000e+03 0.000000000000000000e+00
4.298000000000000000e+03 0.000000000000000000e+00
4.522000000000000000e+03 0.000000000000000000e+00
4.757000000000000000e+03 0.000000000000000000e+00
5.005000000000000000e+03 0.000000000000000000e+00
5.266000000000000000e+03 0.000000000000000000e+00
5.540000000000000000e+03 0.000000000000000000e+00
5.828000000000000000e+03 0.000000000000000000e+00
6.132000000000000000e+03 0.000000000000000000e+00
6.451000000000000000e+03 0.000000000000000000e+00
6.787000000000000000e+03 0.000000000000000000e+00
7.140000000000000000e+03 0.000000000000000000e+00
7.512000000000000000e+03 0.000000000000000000e+00
7.903000000000000000e+03 0.000000000000000000e+00
8.315000000000000000e+03 0.000000000000000000e+00
8.748000000000000000e+03 0.000000000000000000e+00
9.203000000000000000e+03 0.000000000000000000e+00
9.682000000000000000e+03 0.000000000000000000e+00
1.019000000000000000e+04 0.000000000000000000e+00
1.072000000000000000e+04 0.000000000000000000e+00
1.127000000000000000e+04 0.000000000000000000e+00
1.186000000000000000e+04 0.000000000000000000e+00
1.248000000000000000e+04 0.000000000000000000e+00
1.313000000000000000e+04 0.000000000000000000e+00
1.381000000000000000e+04 0.000000000000000000e+00
1.453000000000000000e+04 0.000000000000000000e+00
1.529000000000000000e+04 0.000000000000000000e+00
1.608000000000000000e+04 0.000000000000000000e+00
1.692000000000000000e+04 0.000000000000000000e+00
1.780000000000000000e+04 0.000000000000000000e+00
1.873000000000000000e+04 0.000000000000000000e+00
1.971000000000000000e+04 0.000000000000000000e+00
2.073000000000000000e+04 0.000000000000000000e+00
2.181000000000000000e+04 0.000000000000000000e+00
2.295000000000000000e+04 0.000000000000000000e+00
2.414000000000000000e+04 0.000000000000000000e+00
2.540000000000000000e+04 0.000000000000000000e+00
2.672000000000000000e+04 0.000000000000000000e+00
2.811000000000000000e+04 0.000000000000000000e+00
2.958000000000000000e+04 0.000000000000000000e+00
3.112000000000000000e+04 0.000000000000000000e+00
3.274000000000000000e+04 0.000000000000000000e+00
3.444000000000000000e+04 0.000000000000000000e+00
3.623000000000000000e+04 0.000000000000000000e+00
3.812000000000000000e+04 0.000000000000000000e+00
4.011000000000000000e+04 0.000000000000000000e+00
4.219000000000000000e+04 0.000000000000000000e+00
4.439000000000000000e+04 0.000000000000000000e+00
4.670000000000000000e+04 0.000000000000000000e+00
4.913000000000000000e+04 0.000000000000000000e+00
5.169000000000000000e+04 0.000000000000000000e+00
5.438000000000000000e+04 0.000000000000000000e+00
5.722000000000000000e+04 0.000000000000000000e+00
6.019000000000000000e+04 0.000000000000000000e+00
6.333000000000000000e+04 0.000000000000000000e+00
6.663000000000000000e+04 0.000000000000000000e+00
7.010000000000000000e+04 0.000000000000000000e+00
7.375000000000000000e+04 0.000000000000000000e+00
7.759000000000000000e+04 0.000000000000000000e+00
8.163000000000000000e+04 0.000000000000000000e+00
8.588000000000000000e+04 0.000000000000000000e+00
9.035000000000000000e+04 0.000000000000000000e+00
9.505000000000000000e+04 0.000000000000000000e+00
1.000000000000000000e+05 0.000000000000000000e+00
