9.999999999999999547e-07 1.137247271024694756e+26
1.052000000000000050e-06 1.103085651396203010e+26
1.106999999999999947e-06 1.068527582441033701e+26
1.163999999999999994e-06 1.036637912997113840e+26
1.224999999999999918e-06 1.004212792204270441e+26
1.289000000000000068e-06 9.724218198804466880e+25
1.356000000000000019e-06 9.435841227584367398e+25
1.427000000000000059e-06 9.141614686688548110e+25
1.500999999999999901e-06 8.880593180533441350e+25
1.579000000000000044e-06 8.612642820486813821e+25
1.661000000000000064e-06 8.369126198025395474e+25
1.748000000000000035e-06 8.127078119072124223e+25
1.839000000000000096e-06 7.897728306188956937e+25
1.935000000000000108e-06 7.683280128270309651e+25
2.034999999999999998e-06 7.489046506798521102e+25
2.140999999999999915e-06 7.302157153986483693e+25
2.252999999999999859e-06 7.127807991319580876e+25
2.370000000000000179e-06 6.971004654644360422e+25
2.493000000000000102e-06 6.819147794143305108e+25
2.623000000000000128e-06 6.683174185915438867e+25
2.759999999999999833e-06 6.549977273297315899e+25
2.904000000000000063e-06 6.438430487764106919e+25
3.054999999999999973e-06 6.324664644581040288e+25
3.214000000000000060e-06 6.227711434521658884e+25
3.380999999999999901e-06 6.139276734750225294e+25
3.556999999999999995e-06 6.060317018119463598e+25
3.741999999999999917e-06 5.988384347895882196e+25
3.936999999999999745e-06 5.921068399801741744e+25
4.142000000000000323e-06 5.861677552097654406e+25
4.357999999999999610e-06 5.804629820703038015e+25
4.585000000000000147e-06 5.757489035520281499e+25
4.823999999999999892e-06 5.713113190333067106e+25
5.074999999999999691e-06 5.677140884537397410e+25
5.339000000000000043e-06 5.640543442933415565e+25
5.616999999999999753e-06 5.608766638699949127e+25
5.908999999999999668e-06 5.579596346145914340e+25
6.216999999999999938e-06 5.555457801413310829e+25
6.540999999999999716e-06 5.532803789530345623e+25
6.880999999999999848e-06 5.510511768012232458e+25
7.240000000000000138e-06 5.490846027855418264e+25
7.617000000000000086e-06 5.472522021591360105e+25
8.012999999999999344e-06 5.456069772160651907e+25
8.430000000000000603e-06 5.439698799481739887e+25
8.868999999999999280e-06 5.424387466271027652e+25
9.330999999999999261e-06 5.409272443226687455e+25
9.816999999999999351e-06 5.393673526376819278e+25
1.032999999999999935e-05 5.377490079107464207e+25
1.086999999999999926e-05 5.358895008968642968e+25
1.143000000000000068e-05 5.340701445210150143e+25
1.203000000000000002e-05 5.319338973812371420e+25
1.264999999999999916e-05 5.297969353411563378e+25
1.330999999999999962e-05 5.273712246679952391e+25
1.400999999999999969e-05 5.248025182785600610e+25
1.472999999999999958e-05 5.221784948867427271e+25
1.550000000000000068e-05 5.190674346254568783e+25
1.631000000000000139e-05 5.158391372382577441e+25
1.715999999999999833e-05 5.122544022721330718e+25
1.805000000000000167e-05 5.084248560063093073e+25
1.898999999999999945e-05 5.044236188432176238e+25
1.997999999999999844e-05 4.999761896599919385e+25
2.101999999999999865e-05 4.954583192527196373e+25
2.212000000000000167e-05 4.905570002624991088e+25
2.326999999999999913e-05 4.854234368283495120e+25
2.447999999999999940e-05 4.799453868166574965e+25
2.574999999999999910e-05 4.742268917117562498e+25
2.708999999999999982e-05 4.683172605146403631e+25
2.850000000000000157e-05 4.620281694197275928e+25
2.998999999999999916e-05 4.554613350871222129e+25
3.155000000000000117e-05 4.488093194039403004e+25
3.318999999999999902e-05 4.418526742424932266e+25
3.491999999999999770e-05 4.346626576371900040e+25
3.673999999999999722e-05 4.272863845077211350e+25
3.864999999999999756e-05 4.195985307732033553e+25
4.066000000000000034e-05 4.117895930910349785e+25
4.278000000000000037e-05 4.038055383291339470e+25
4.500999999999999766e-05 3.956079941011065614e+25
4.734999999999999897e-05 3.873643935075448285e+25
4.982000000000000073e-05 3.788800640344565948e+25
5.241000000000000134e-05 3.703433417088293081e+25
5.513999999999999723e-05 3.616345926627900654e+25
5.801000000000000194e-05 3.529977801107950061e+25
6.102999999999999674e-05 3.440653557279298650e+25
6.420999999999999679e-05 3.352265250158686651e+25
6.755999999999999690e-05 3.262001444568809295e+25
7.106999999999999548e-05 3.172439970923937849e+25
7.477000000000000410e-05 3.082587028402686942e+25
7.867000000000000403e-05 2.992155644810009389e+25
8.276000000000000045e-05 2.902825194462119264e+25
8.707000000000000492e-05 2.811997060174247020e+25
9.160999999999999872e-05 2.722187475796919417e+25
9.637999999999999541e-05 2.632875257520088249e+25
1.013999999999999982e-04 2.544858182391644749e+25
1.067000000000000050e-04 2.455568856065874041e+25
1.122000000000000032e-04 2.370224328103319279e+25
1.180999999999999975e-04 2.282782931631401592e+25
1.242000000000000103e-04 2.198799803181700566e+25
1.307000000000000056e-04 2.113722643343504659e+25
1.375000000000000083e-04 2.031668257297062185e+25
1.446999999999999936e-04 1.950101129876234967e+25
1.522000000000000132e-04 1.870512591515948680e+25
1.600999999999999884e-04 1.792236757519998845e+25
1.684000000000000004e-04 1.715847130268864024e+25
1.771999999999999975e-04 1.640611913987151797e+25
1.864000000000000043e-04 1.567443134719036915e+25
1.960999999999999961e-04 1.496204200587931695e+25
2.064000000000000025e-04 1.425326087260119624e+25
2.170999999999999916e-04 1.357801492454565321e+25
2.283999999999999952e-04 1.291338441209501202e+25
2.403000000000000134e-04 1.227916024626650216e+25
2.528000000000000191e-04 1.165518419133683592e+25
2.660000000000000146e-04 1.105491105005080630e+25
2.798000000000000248e-04 1.047606835156003102e+25
2.944000000000000002e-04 9.913272171890662191e+24
3.096999999999999927e-04 9.375336307083636659e+24
3.259000000000000070e-04 8.851271538193875597e+24
3.427999999999999841e-04 8.353998619748023342e+24
3.606999999999999855e-04 7.871669270123414492e+24
3.795000000000000088e-04 7.411765262576404293e+24
3.991999999999999997e-04 6.972627314277681935e+24
4.200000000000000174e-04 6.550235442465182652e+24
4.419000000000000076e-04 6.146946107405622420e+24
4.649000000000000246e-04 5.764577225396590211e+24
4.891000000000000165e-04 5.398685054686859052e+24
5.144999999999999834e-04 5.051856900745714786e+24
5.412999999999999843e-04 4.721022500778452170e+24
5.695000000000000192e-04 4.407652349018901452e+24
5.992000000000000364e-04 4.111997961116808599e+24
6.304000000000000358e-04 3.830436649770326556e+24
6.631999999999999658e-04 3.566255816430615332e+24
6.976999999999999912e-04 3.316804280439457301e+24
7.341000000000000086e-04 3.081422986588715345e+24
7.722999999999999613e-04 2.860148543976368836e+24
8.124999999999999627e-04 2.651435974901810038e+24
8.547999999999999609e-04 2.457344005486776227e+24
8.993000000000000126e-04 2.274851825228101982e+24
9.460999999999999575e-04 2.104325893829013558e+24
9.954000000000000174e-04 1.944066303659156991e+24
1.046999999999999971e-03 1.796637477709826490e+24
1.101999999999999898e-03 1.657442500406497180e+24
1.159000000000000091e-03 1.529515579212910844e+24
1.219000000000000031e-03 1.410221769769156587e+24
1.283000000000000069e-03 1.298556973813320863e+24
1.350000000000000071e-03 1.194930015731631453e+24
1.420000000000000038e-03 1.099893936789326834e+24
1.494000000000000102e-03 1.011499032512720670e+24
1.572000000000000047e-03 9.299865875065654057e+23
1.654000000000000088e-03 8.550747842371371705e+23
1.740000000000000010e-03 7.863211700490739028e+23
1.830000000000000029e-03 7.235095035645463101e+23
1.925999999999999978e-03 6.644133293309665823e+23
2.026000000000000023e-03 6.109521322341169984e+23
2.131000000000000082e-03 5.619395940766427350e+23
2.242000000000000069e-03 5.167637565000160033e+23
2.358999999999999986e-03 4.748875442661181610e+23
2.481999999999999831e-03 4.369522662934242027e+23
2.611000000000000040e-03 4.022523239178577285e+23
2.746999999999999876e-03 3.701637979031713937e+23
2.890000000000000208e-03 3.407108671507412036e+23
3.040999999999999866e-03 3.136081385012695568e+23
3.199000000000000021e-03 2.888251413504247611e+23
3.366000000000000068e-03 2.659566167196364219e+23
3.540999999999999877e-03 2.447717721257342067e+23
3.725000000000000012e-03 2.253397741236727075e+23
3.918999999999999741e-03 2.073206169493840320e+23
4.122999999999999929e-03 1.907322676266445916e+23
4.337999999999999842e-03 1.752291958065784999e+23
4.564000000000000348e-03 1.608733008818054627e+23
4.800999999999999712e-03 1.476250153901622339e+23
5.050999999999999934e-03 1.352124221007851086e+23
5.314000000000000147e-03 1.236410597747515007e+23
5.590999999999999616e-03 1.128877887796148888e+23
5.882000000000000076e-03 1.028261498576194733e+23
6.187999999999999924e-03 9.353872370458311210e+22
6.511000000000000294e-03 8.483762200590800021e+22
6.850000000000000186e-03 7.680012932323578216e+22
7.205999999999999732e-03 6.937757479053347625e+22
7.582000000000000198e-03 6.244354894406828530e+22
7.976000000000000451e-03 5.612381788673049992e+22
8.392000000000000154e-03 5.021581201859527311e+22
8.829000000000000042e-03 4.487786760479036146e+22
9.287999999999999381e-03 3.999335743805335169e+22
9.771999999999999437e-03 3.548182365555389157e+22
1.027999999999999921e-02 3.146331584344782537e+22
1.081999999999999976e-02 2.774650135226044174e+22
1.137999999999999949e-02 2.447418161590403544e+22
1.196999999999999974e-02 2.155063988836064297e+22
1.260000000000000009e-02 1.881589582072541872e+22
1.324999999999999963e-02 1.656075440833990702e+22
1.393999999999999927e-02 1.438872655553673298e+22
1.467000000000000075e-02 1.259117742886826174e+22
1.542999999999999927e-02 1.093628099655427844e+22
1.623000000000000137e-02 9.498670134826448716e+21
1.708000000000000143e-02 8.240919030877125607e+21
1.796999999999999986e-02 7.107212294160821256e+21
1.890000000000000013e-02 6.158433697000212922e+21
1.989000000000000143e-02 5.292660893298014028e+21
2.092000000000000109e-02 4.558421816875519836e+21
2.200999999999999832e-02 3.915655521537844838e+21
2.316000000000000003e-02 3.350153023446518333e+21
2.436999999999999930e-02 2.875129492432797303e+21
2.563000000000000000e-02 2.452823966958606615e+21
2.697000000000000092e-02 2.100291100389177033e+21
2.836999999999999938e-02 1.781492547929685623e+21
2.985000000000000153e-02 1.526530498640197976e+21
3.139999999999999736e-02 1.292064423224052023e+21
3.303999999999999992e-02 1.106025936836688871e+21
3.475999999999999923e-02 9.377927413260015370e+20
3.656999999999999834e-02 8.011120729633405010e+20
3.846999999999999725e-02 6.814900523785267446e+20
4.048000000000000209e-02 5.802939334220952371e+20
4.259000000000000286e-02 4.941516663235244196e+20
4.479999999999999954e-02 4.203162957842616812e+20
4.714000000000000135e-02 3.578706630449063526e+20
4.959000000000000213e-02 3.042698663369782723e+20
5.217000000000000109e-02 2.593779363728856187e+20
5.489000000000000129e-02 2.204268638376763720e+20
5.775000000000000272e-02 1.878888364284376842e+20
6.074999999999999845e-02 1.598138633845496545e+20
6.392000000000000459e-02 1.360769021251298263e+20
6.723999999999999422e-02 1.158032972223190303e+20
7.074999999999999345e-02 9.862301852806615859e+19
7.442999999999999616e-02 8.400039081838816461e+19
7.829999999999999460e-02 7.154630159687883162e+19
8.237999999999999490e-02 6.118859925106753536e+19
8.666999999999999704e-02 5.211531623318334669e+19
9.117999999999999716e-02 4.451237166384259891e+19
9.593000000000000138e-02 3.788326321963306189e+19
1.009000000000000036e-01 3.237379463980027085e+19
1.062000000000000027e-01 2.748747629268516454e+19
1.116999999999999937e-01 2.341706366773537587e+19
1.174999999999999933e-01 1.986114244048843162e+19
1.236000000000000015e-01 1.683623890061569229e+19
1.300999999999999934e-01 1.417686505286930842e+19
1.368999999999999939e-01 1.191663657396711424e+19
1.439999999999999891e-01 9.974146348115566592e+18
1.514999999999999958e-01 8.293204693488245760e+18
1.593999999999999861e-01 6.842934198255918080e+18
1.676999999999999880e-01 5.598281428692744192e+18
1.764000000000000012e-01 4.553338553164567552e+18
1.855999999999999872e-01 3.646211029226175488e+18
1.952000000000000124e-01 2.908338171033894912e+18
2.053999999999999992e-01 2.267048726180369152e+18
2.160999999999999865e-01 1.755343711962613760e+18
2.273999999999999910e-01 1.328070796672342528e+18
2.391999999999999960e-01 1.000487164399274240e+18
2.516999999999999793e-01 7.363247040855543040e+17
2.647999999999999798e-01 5.387595818146720000e+17
2.785000000000000253e-01 3.881533112828306560e+17
2.929999999999999827e-01 2.769482191954876800e+17
3.083000000000000185e-01 1.958863522442962560e+17
3.244000000000000217e-01 1.364745798829860960e+17
3.412000000000000033e-01 9.514737862045104000e+16
3.589999999999999858e-01 6.445833891559996000e+16
3.776999999999999802e-01 4.370092353783255200e+16
3.973999999999999755e-01 2.827767447036016400e+16
4.181000000000000272e-01 1.847362465410094000e+16
4.398000000000000242e-01 1.117202878925359800e+16
4.627000000000000002e-01 6.872382977847489000e+15
4.868000000000000105e-01 3.877197201740450500e+15
5.121999999999999886e-01 2.242807534409698500e+15
5.387999999999999456e-01 1.228743018751476250e+15
5.668999999999999595e-01 6.734386347113918750e+14
5.964000000000000412e-01 3.610365987160000000e+14
6.274999999999999467e-01 1.830565024914911875e+14
6.601000000000000201e-01 9.098555730576368750e+13
6.945000000000000062e-01 4.008649069818889844e+13
7.307000000000000162e-01 1.901436261526685938e+13
7.687000000000000499e-01 7.354960162274264648e+12
8.087999999999999634e-01 3.431070889186724121e+12
8.508999999999999897e-01 1.172459231292040527e+12
8.951999999999999957e-01 5.247522607784891357e+11
9.417999999999999705e-01 1.463692038698277588e+11
9.908000000000000140e-01 6.495135539091207886e+10
1.042000000000000037e+00 1.927295789894456100e+10
1.096999999999999975e+00 6.638498572993783951e+09
1.153999999999999915e+00 1.922666126336971521e+09
1.213999999999999968e+00 4.711017493185846806e+08
1.276999999999999913e+00 1.434635516713475287e+08
1.344000000000000083e+00 2.671825927306377888e+07
1.413999999999999924e+00 8.211314549531534314e+06
1.487000000000000099e+00 9.679253554150105920e+05
1.564999999999999947e+00 3.076216281063102651e+05
1.645999999999999908e+00 2.558796861016954426e+04
1.731999999999999984e+00 8.381418156466990695e+03
1.822000000000000064e+00 3.581572275073132232e+02
1.917000000000000037e+00 1.228810882666496838e+02
2.016999999999999904e+00 4.046015650936678476e+00
2.121999999999999886e+00 1.528511891108528253e+00
2.232000000000000206e+00 1.314474646788583723e-01
2.347999999999999865e+00 7.560557108477032780e-03
2.470000000000000195e+00 1.219445616622249996e-03
2.599000000000000199e+00 3.283906805604262157e-05
2.733999999999999986e+00 6.952897065741850729e-06
2.876999999999999780e+00 5.591263572129030264e-08
3.027000000000000135e+00 1.393070011614653859e-08
3.184000000000000163e+00 4.222767421751164696e-11
3.350000000000000089e+00 1.183505964679743542e-11
3.524000000000000021e+00 1.837627096672244440e-14
3.708000000000000185e+00 5.585234055476357108e-15
3.900999999999999801e+00 2.445506334855066880e-18
4.104000000000000092e+00 7.930522964545869232e-19
4.317999999999999616e+00 1.267206248578567085e-22
4.543000000000000149e+00 4.307801947843937623e-23
4.778999999999999915e+00 3.692383339912797472e-26
5.027999999999999581e+00 9.278704542063693626e-28
5.290000000000000036e+00 9.893322426067943417e-29
5.565000000000000391e+00 5.180925079466471218e-33
5.855000000000000426e+00 9.148719241944533385e-34
6.160000000000000142e+00 6.562175954018822759e-39
6.480999999999999872e+00 1.475377663735393265e-39
6.817999999999999616e+00 1.611322771866541590e-45
7.173000000000000043e+00 4.221448707388624490e-46
7.546999999999999709e+00 6.629796665761750329e-53
7.940000000000000391e+00 1.923005486591488927e-53
8.352999999999999758e+00 4.781469476422039983e-61
8.788000000000000256e+00 1.499264957303456235e-61
9.246000000000000441e+00 2.938939833804550797e-70
9.727000000000000313e+00 9.680914641304328873e-71
1.023000000000000043e+01 2.045694648049726563e-80
1.076999999999999957e+01 7.295404554667688978e-81
1.133000000000000007e+01 3.788061810771039833e-82
1.191999999999999993e+01 3.607994810406993476e-92
1.253999999999999915e+01 4.973340974497375113e-93
1.318999999999999950e+01 7.794504689342899677e-105
1.388000000000000078e+01 1.541936539248563756e-105
1.459999999999999964e+01 5.945210695811609994e-119
1.535999999999999943e+01 1.419520371694175167e-119
1.616000000000000014e+01 1.103175748912700299e-134
1.700000000000000000e+01 3.032977812772595761e-135
1.789000000000000057e+01 3.196916916106940166e-152
1.882000000000000028e+01 9.490002391238905086e-153
1.980000000000000071e+01 8.671100278554481076e-172
2.082999999999999829e+01 2.760880471223422445e-172
2.191000000000000014e+01 1.411149001484680248e-193
2.305000000000000071e+01 4.780371364568823939e-194
2.425000000000000000e+01 6.849018272184562735e-218
2.551999999999999957e+01 2.602905651468265857e-218
2.683999999999999986e+01 2.199393165893985658e-219
2.823999999999999844e+01 2.846592693275670469e-245
2.971000000000000085e+01 4.634649933223682915e-246
3.126000000000000156e+01 2.005842238572499788e-275
3.289000000000000057e+01 4.294341145814355387e-276
3.460000000000000142e+01 0.000000000000000000e+00
3.639999999999999858e+01 0.000000000000000000e+00
3.829999999999999716e+01 0.000000000000000000e+00
4.028999999999999915e+01 0.000000000000000000e+00
4.239000000000000057e+01 0.000000000000000000e+00
4.460000000000000142e+01 0.000000000000000000e+00
4.692000000000000171e+01 0.000000000000000000e+00
4.935999999999999943e+01 0.000000000000000000e+00
5.192999999999999972e+01 0.000000000000000000e+00
5.464000000000000057e+01 0.000000000000000000e+00
5.747999999999999687e+01 0.000000000000000000e+00
6.046999999999999886e+01 0.000000000000000000e+00
6.361999999999999744e+01 0.000000000000000000e+00
6.693000000000000682e+01 0.000000000000000000e+00
7.042000000000000171e+01 0.000000000000000000e+00
7.409000000000000341e+01 0.000000000000000000e+00
7.793999999999999773e+01 0.000000000000000000e+00
8.200000000000000000e+01 0.000000000000000000e+00
8.626999999999999602e+01 0.000000000000000000e+00
9.076000000000000512e+01 0.000000000000000000e+00
9.548999999999999488e+01 0.000000000000000000e+00
1.005000000000000000e+02 0.000000000000000000e+00
1.057000000000000028e+02 0.000000000000000000e+00
1.112000000000000028e+02 0.000000000000000000e+00
1.170000000000000000e+02 0.000000000000000000e+00
1.230999999999999943e+02 0.000000000000000000e+00
1.295000000000000000e+02 0.000000000000000000e+00
1.361999999999999886e+02 0.000000000000000000e+00
1.433000000000000114e+02 0.000000000000000000e+00
1.508000000000000114e+02 0.000000000000000000e+00
1.585999999999999943e+02 0.000000000000000000e+00
1.669000000000000057e+02 0.000000000000000000e+00
1.755999999999999943e+02 0.000000000000000000e+00
1.846999999999999886e+02 0.000000000000000000e+00
1.943000000000000114e+02 0.000000000000000000e+00
2.045000000000000000e+02 0.000000000000000000e+00
2.150999999999999943e+02 0.000000000000000000e+00
2.263000000000000114e+02 0.000000000000000000e+00
2.380999999999999943e+02 0.000000000000000000e+00
2.505000000000000000e+02 0.000000000000000000e+00
2.635000000000000000e+02 0.000000000000000000e+00
2.773000000000000114e+02 0.000000000000000000e+00
2.916999999999999886e+02 0.000000000000000000e+00
3.068999999999999773e+02 0.000000000000000000e+00
3.228999999999999773e+02 0.000000000000000000e+00
3.396999999999999886e+02 0.000000000000000000e+00
3.573999999999999773e+02 0.000000000000000000e+00
3.760000000000000000e+02 0.000000000000000000e+00
3.955000000000000000e+02 0.000000000000000000e+00
4.161000000000000227e+02 0.000000000000000000e+00
4.378000000000000114e+02 0.000000000000000000e+00
4.606000000000000227e+02 0.000000000000000000e+00
4.846000000000000227e+02 0.000000000000000000e+00
5.098000000000000114e+02 0.000000000000000000e+00
5.363999999999999773e+02 0.000000000000000000e+00
5.642999999999999545e+02 0.000000000000000000e+00
5.937000000000000455e+02 0.000000000000000000e+00
6.246000000000000227e+02 0.000000000000000000e+00
6.571000000000000227e+02 0.000000000000000000e+00
6.912999999999999545e+02 0.000000000000000000e+00
7.272999999999999545e+02 0.000000000000000000e+00
7.652000000000000455e+02 0.000000000000000000e+00
8.050000000000000000e+02 0.000000000000000000e+00
8.468999999999999773e+02 0.000000000000000000e+00
8.910000000000000000e+02 0.000000000000000000e+00
9.373999999999999773e+02 0.000000000000000000e+00
9.862999999999999545e+02 0.000000000000000000e+00
1.038000000000000000e+03 0.000000000000000000e+00
1.092000000000000000e+03 0.000000000000000000e+00
1.148000000000000000e+03 0.000000000000000000e+00
1.208000000000000000e+03 0.000000000000000000e+00
1.271000000000000000e+03 0.000000000000000000e+00
1.337000000000000000e+03 0.000000000000000000e+00
1.407000000000000000e+03 0.000000000000000000e+00
1.480000000000000000e+03 0.000000000000000000e+00
1.557000000000000000e+03 0.000000000000000000e+00
1.638000000000000000e+03 0.000000000000000000e+00
1.724000000000000000e+03 0.000000000000000000e+00
1.814000000000000000e+03 0.000000000000000000e+00
1.908000000000000000e+03 0.000000000000000000e+00
2.007000000000000000e+03 0.000000000000000000e+00
2.112000000000000000e+03 0.000000000000000000e+00
2.222000000000000000e+03 0.000000000000000000e+00
2.337000000000000000e+03 0.000000000000000000e+00
2.459000000000000000e+03 0.000000000000000000e+00
2.587000000000000000e+03 0.000000000000000000e+00
2.722000000000000000e+03 0.000000000000000000e+00
2.864000000000000000e+03 0.000000000000000000e+00
3.013000000000000000e+03 0.000000000000000000e+00
3.170000000000000000e+03 0.000000000000000000e+00
3.335000000000000000e+03 0.000000000000000000e+00
3.508000000000000000e+03 0.000000000000000000e+00
3.691000000000000000e+03 0.000000000000000000e+00
3.883000000000000000e+03 0.000000000000000000e+00
4.085000000000000000e+03 0.000000000000000000e+00
4.298000000000000000e+03 0.000000000000000000e+00
4.522000000000000000e+03 0.000000000000000000e+00
4.757000000000000000e+03 0.000000000000000000e+00
5.005000000000000000e+03 0.000000000000000000e+00
5.266000000000000000e+03 0.000000000000000000e+00
5.540000000000000000e+03 0.000000000000000000e+00
5.828000000000000000e+03 0.000000000000000000e+00
6.132000000000000000e+03 0.000000000000000000e+00
6.451000000000000000e+03 0.000000000000000000e+00
6.787000000000000000e+03 0.000000000000000000e+00
7.140000000000000000e+03 0.000000000000000000e+00
7.512000000000000000e+03 0.000000000000000000e+00
7.903000000000000000e+03 0.000000000000000000e+00
8.315000000000000000e+03 0.000000000000000000e+00
8.748000000000000000e+03 0.000000000000000000e+00
9.203000000000000000e+03 0.000000000000000000e+00
9.682000000000000000e+03 0.000000000000000000e+00
1.019000000000000000e+04 0.000000000000000000e+00
1.072000000000000000e+04 0.000000000000000000e+00
1.127000000000000000e+04 0.000000000000000000e+00
1.186000000000000000e+04 0.000000000000000000e+00
1.248000000000000000e+04 0.000000000000000000e+00
1.313000000000000000e+04 0.000000000000000000e+00
1.381000000000000000e+04 0.000000000000000000e+00
1.453000000000000000e+04 0.000000000000000000e+00
1.529000000000000000e+04 0.000000000000000000e+00
1.608000000000000000e+04 0.000000000000000000e+00
1.692000000000000000e+04 0.000000000000000000e+00
1.780000000000000000e+04 0.000000000000000000e+00
1.873000000000000000e+04 0.000000000000000000e+00
1.971000000000000000e+04 0.000000000000000000e+00
2.073000000000000000e+04 0.000000000000000000e+00
2.181000000000000000e+04 0.000000000000000000e+00
2.295000000000000000e+04 0.000000000000000000e+00
2.414000000000000000e+04 0.000000000000000000e+00
2.540000000000000000e+04 0.000000000000000000e+00
2.672000000000000000e+04 0.000000000000000000e+00
2.811000000000000000e+04 0.000000000000000000e+00
2.958000000000000000e+04 0.000000000000000000e+00
3.112000000000000000e+04 0.000000000000000000e+00
3.274000000000000000e+04 0.000000000000000000e+00
3.444000000000000000e+04 0.000000000000000000e+00
3.623000000000000000e+04 0.000000000000000000e+00
3.812000000000000000e+04 0.000000000000000000e+00
4.011000000000000000e+04 0.000000000000000000e+00
4.219000000000000000e+04 0.000000000000000000e+00
4.439000000000000000e+04 0.000000000000000000e+00
4.670000000000000000e+04 0.000000000000000000e+00
4.913000000000000000e+04 0.000000000000000000e+00
5.169000000000000000e+04 0.000000000000000000e+00
5.438000000000000000e+04 0.000000000000000000e+00
5.722000000000000000e+04 0.000000000000000000e+00
6.019000000000000000e+04 0.000000000000000000e+00
6.333000000000000000e+04 0.000000000000000000e+00
6.663000000000000000e+04 0.000000000000000000e+00
7.010000000000000000e+04 0.000000000000000000e+00
7.375000000000000000e+04 0.000000000000000000e+00
7.759000000000000000e+04 0.000000000000000000e+00
8.163000000000000000e+04 0.000000000000000000e+00
8.588000000000000000e+04 0.000000000000000000e+00
9.035000000000000000e+04 0.000000000000000000e+00
9.505000000000000000e+04 0.000000000000000000e+00
1.000000000000000000e+05 0.000000000000000000e+00
