1.000000000000000021e-03 1.137247271024694783e+23
1.051999999999999984e-03 1.103085651396203077e+23
1.106999999999999911e-03 1.068527582441033622e+23
1.163999999999999887e-03 1.036637912997113794e+23
1.224999999999999960e-03 1.004212792204270449e+23
1.288999999999999998e-03 9.724218198804466867e+22
1.356000000000000000e-03 9.435841227584366969e+22
1.427000000000000100e-03 9.141614686688548540e+22
1.500999999999999947e-03 8.880593180533441377e+22
1.579000000000000108e-03 8.612642820486813083e+22
1.661000000000000150e-03 8.369126198025395582e+22
1.747999999999999988e-03 8.127078119072124948e+22
1.839000000000000140e-03 7.897728306188957568e+22
1.935000000000000088e-03 7.683280128270309261e+22
2.034999999999999917e-03 7.489046506798521411e+22
2.141000000000000108e-03 7.302157153986483847e+22
2.252999999999999794e-03 7.127807991319580849e+22
2.370000000000000145e-03 6.971004654644360328e+22
2.492999999999999990e-03 6.819147794143305007e+22
2.623000000000000331e-03 6.683174185915438753e+22
2.759999999999999867e-03 6.549977273297316033e+22
2.903999999999999897e-03 6.438430487764107107e+22
3.054999999999999990e-03 6.324664644581040167e+22
3.213999999999999843e-03 6.227711434521658891e+22
3.380999999999999891e-03 6.139276734750225596e+22
3.556999999999999832e-03 6.060317018119463974e+22
3.742000000000000100e-03 5.988384347895882370e+22
3.936999999999999528e-03 5.921068399801741502e+22
4.142000000000000716e-03 5.861677552097654158e+22
4.357999999999999895e-03 5.804629820703037928e+22
4.585000000000000533e-03 5.757489035520281412e+22
4.824000000000000163e-03 5.713113190333066877e+22
5.074999999999999650e-03 5.677140884537397477e+22
5.338999999999999996e-03 5.640543442933415464e+22
5.616999999999999597e-03 5.608766638699948959e+22
5.908999999999999322e-03 5.579596346145914434e+22
6.217000000000000304e-03 5.555457801413311070e+22
6.540999999999999939e-03 5.532803789530345347e+22
6.880999999999999964e-03 5.510511768012232170e+22
7.239999999999999908e-03 5.490846027855417888e+22
7.617000000000000506e-03 5.472522021591360052e+22
8.012999999999999290e-03 5.456069772160651598e+22
8.429999999999999993e-03 5.439698799481740014e+22
8.868999999999998413e-03 5.424387466271027678e+22
9.330999999999999017e-03 5.409272443226687327e+22
9.816999999999999338e-03 5.393673526376819117e+22
1.032999999999999891e-02 5.377490079107464456e+22
1.086999999999999945e-02 5.358895008968642606e+22
1.143000000000000092e-02 5.340701445210150378e+22
1.203000000000000076e-02 5.319338973812371541e+22
1.264999999999999979e-02 5.297969353411563566e+22
1.330999999999999892e-02 5.273712246679952740e+22
1.400999999999999988e-02 5.248025182785600959e+22
1.473000000000000004e-02 5.221784948867427258e+22
1.549999999999999989e-02 5.190674346254569098e+22
1.631000000000000158e-02 5.158391372382577099e+22
1.715999999999999817e-02 5.122544022721330885e+22
1.805000000000000007e-02 5.084248560063093093e+22
1.898999999999999994e-02 5.044236188432176513e+22
1.997999999999999776e-02 4.999761896599919264e+22
2.101999999999999702e-02 4.954583192527196232e+22
2.212000000000000077e-02 4.905570002624991094e+22
2.326999999999999902e-02 4.854234368283495314e+22
2.447999999999999829e-02 4.799453868166574663e+22
2.574999999999999858e-02 4.742268917117562860e+22
2.708999999999999950e-02 4.683172605146403806e+22
2.850000000000000103e-02 4.620281694197275794e+22
2.998999999999999930e-02 4.554613350871222505e+22
3.155000000000000165e-02 4.488093194039402588e+22
3.318999999999999728e-02 4.418526742424932319e+22
3.491999999999999965e-02 4.346626576371899852e+22
3.673999999999999488e-02 4.272863845077211310e+22
3.864999999999999686e-02 4.195985307732033929e+22
4.066000000000000170e-02 4.117895930910349879e+22
4.277999999999999858e-02 4.038055383291339053e+22
4.500999999999999446e-02 3.956079941011065379e+22
4.734999999999999626e-02 3.873643935075448285e+22
4.982000000000000317e-02 3.788800640344566163e+22
5.240999999999999825e-02 3.703433417088293038e+22
5.513999999999999457e-02 3.616345926627900785e+22
5.800999999999999907e-02 3.529977801107949853e+22
6.102999999999999398e-02 3.440653557279298788e+22
6.421000000000000318e-02 3.352265250158686503e+22
6.755999999999999506e-02 3.262001444568809288e+22
7.106999999999999429e-02 3.172439970923937792e+22
7.477000000000000313e-02 3.082587028402686919e+22
7.867000000000000381e-02 2.992155644810009510e+22
8.276000000000000023e-02 2.902825194462119146e+22
8.707000000000000850e-02 2.811997060174246943e+22
9.160999999999999699e-02 2.722187475796919478e+22
9.637999999999999345e-02 2.632875257520088259e+22
1.014000000000000040e-01 2.544858182391644658e+22
1.067000000000000032e-01 2.455568856065873910e+22
1.122000000000000081e-01 2.370224328103319464e+22
1.180999999999999966e-01 2.282782931631401756e+22
1.242000000000000048e-01 2.198799803181700429e+22
1.307000000000000106e-01 2.113722643343504468e+22
1.375000000000000111e-01 2.031668257297062376e+22
1.446999999999999953e-01 1.950101129876234830e+22
1.522000000000000020e-01 1.870512591515948784e+22
1.600999999999999923e-01 1.792236757519998910e+22
1.683999999999999941e-01 1.715847130268863929e+22
1.771999999999999964e-01 1.640611913987151784e+22
1.864000000000000101e-01 1.567443134719036962e+22
1.960999999999999965e-01 1.496204200587931786e+22
2.064000000000000001e-01 1.425326087260119604e+22
2.170999999999999874e-01 1.357801492454565321e+22
2.283999999999999919e-01 1.291338441209501293e+22
2.403000000000000136e-01 1.227916024626650127e+22
2.528000000000000247e-01 1.165518419133683519e+22
2.660000000000000142e-01 1.105491105005080622e+22
2.798000000000000487e-01 1.047606835156003009e+22
2.943999999999999950e-01 9.913272171890661655e+21
3.096999999999999753e-01 9.375336307083637162e+21
3.259000000000000230e-01 8.851271538193875337e+21
3.427999999999999936e-01 8.353998619748023140e+21
3.606999999999999651e-01 7.871669270123414290e+21
3.795000000000000040e-01 7.411765262576403874e+21
3.991999999999999993e-01 6.972627314277681725e+21
4.200000000000000400e-01 6.550235442465183105e+21
4.419000000000000150e-01 6.146946107405622051e+21
4.649000000000000354e-01 5.764577225396589691e+21
4.891000000000000347e-01 5.398685054686859362e+21
5.144999999999999574e-01 5.051856900745714467e+21
5.413000000000000034e-01 4.721022500778451927e+21
5.695000000000000062e-01 4.407652349018901578e+21
5.992000000000000659e-01 4.111997961116808380e+21
6.304000000000000714e-01 3.830436649770326426e+21
6.632000000000000117e-01 3.566255816430615265e+21
6.976999999999999869e-01 3.316804280439457448e+21
7.340999999999999748e-01 3.081422986588715483e+21
7.722999999999999865e-01 2.860148543976369029e+21
8.125000000000000000e-01 2.651435974901809807e+21
8.548000000000000043e-01 2.457344005486776156e+21
8.992999999999999883e-01 2.274851825228101976e+21
9.460999999999999410e-01 2.104325893829013537e+21
9.954000000000000625e-01 1.944066303659156963e+21
1.046999999999999931e+00 1.796637477709826490e+21
1.101999999999999869e+00 1.657442500406497247e+21
1.159000000000000030e+00 1.529515579212910821e+21
1.219000000000000083e+00 1.410221769769156608e+21
1.283000000000000140e+00 1.298556973813320909e+21
1.350000000000000089e+00 1.194930015731631522e+21
1.419999999999999929e+00 1.099893936789326791e+21
1.493999999999999995e+00 1.011499032512720667e+21
1.572000000000000064e+00 9.299865875065654477e+20
1.654000000000000137e+00 8.550747842371371663e+20
1.739999999999999991e+00 7.863211700490739384e+20
1.830000000000000071e+00 7.235095035645463101e+20
1.925999999999999934e+00 6.644133293309666263e+20
2.025999999999999801e+00 6.109521322341169889e+20
2.131000000000000227e+00 5.619395940766427382e+20
2.241999999999999993e+00 5.167637565000159724e+20
2.358999999999999986e+00 4.748875442661181358e+20
2.481999999999999762e+00 4.369522662934242263e+20
2.611000000000000210e+00 4.022523239178577510e+20
2.746999999999999886e+00 3.701637979031713874e+20
2.890000000000000124e+00 3.407108671507411763e+20
3.040999999999999925e+00 3.136081385012695532e+20
3.198999999999999844e+00 2.888251413504247726e+20
3.366000000000000103e+00 2.659566167196364308e+20
3.540999999999999925e+00 2.447717721257342075e+20
3.725000000000000089e+00 2.253397741236726989e+20
3.918999999999999595e+00 2.073206169493840200e+20
4.123000000000000220e+00 1.907322676266446029e+20
4.338000000000000078e+00 1.752291958065785078e+20
4.564000000000000057e+00 1.608733008818054758e+20
4.801000000000000156e+00 1.476250153901622231e+20
5.051000000000000156e+00 1.352124221007851028e+20
5.314000000000000057e+00 1.236410597747515064e+20
5.590999999999999304e+00 1.128877887796148961e+20
5.881999999999999673e+00 1.028261498576194765e+20
6.187999999999999723e+00 9.353872370458311066e+19
6.511000000000000121e+00 8.483762200590799667e+19
6.850000000000000533e+00 7.680012932323578675e+19
7.205999999999999517e+00 6.937757479053347226e+19
7.581999999999999851e+00 6.244354894406828851e+19
7.976000000000000867e+00 5.612381788673050214e+19
8.391999999999999460e+00 5.021581201859527475e+19
8.829000000000000625e+00 4.487786760479036211e+19
9.288000000000000256e+00 3.999335743805335142e+19
9.772000000000000242e+00 3.548182365555389235e+19
1.027999999999999936e+01 3.146331584344782438e+19
1.082000000000000028e+01 2.774650135226044006e+19
1.137999999999999901e+01 2.447418161590403482e+19
1.196999999999999886e+01 2.155063988836064461e+19
1.259999999999999964e+01 1.881589582072542003e+19
1.325000000000000000e+01 1.656075440833990656e+19
1.393999999999999950e+01 1.438872655553673216e+19
1.466999999999999993e+01 1.259117742886826189e+19
1.542999999999999972e+01 1.093628099655427891e+19
1.623000000000000043e+01 9.498670134826448896e+18
1.708000000000000185e+01 8.240919030877125632e+18
1.796999999999999886e+01 7.107212294160821248e+18
1.889999999999999858e+01 6.158433697000212480e+18
1.989000000000000057e+01 5.292660893298014208e+18
2.092000000000000171e+01 4.558421816875520000e+18
2.200999999999999801e+01 3.915655521537844736e+18
2.316000000000000014e+01 3.350153023446518272e+18
2.437000000000000099e+01 2.875129492432797184e+18
2.562999999999999901e+01 2.452823966958606848e+18
2.697000000000000242e+01 2.100291100389177088e+18
2.837000000000000099e+01 1.781492547929685504e+18
2.985000000000000142e+01 1.526530498640197888e+18
3.139999999999999858e+01 1.292064423224051968e+18
3.303999999999999915e+01 1.106025936836688896e+18
3.475999999999999801e+01 9.377927413260015360e+17
3.657000000000000028e+01 8.011120729633405440e+17
3.846999999999999886e+01 6.814900523785267200e+17
4.048000000000000398e+01 5.802939334220952320e+17
4.259000000000000341e+01 4.941516663235244160e+17
4.479999999999999716e+01 4.203162957842616960e+17
4.714000000000000057e+01 3.578706630449063680e+17
4.959000000000000341e+01 3.042698663369783040e+17
5.217000000000000171e+01 2.593779363728856320e+17
5.489000000000000057e+01 2.204268638376763840e+17
5.775000000000000000e+01 1.878888364284376960e+17
6.075000000000000000e+01 1.598138633845496640e+17
6.392000000000000171e+01 1.360769021251298240e+17
6.723999999999999488e+01 1.158032972223190240e+17
7.075000000000000000e+01 9.862301852806616000e+16
7.442999999999999261e+01 8.400039081838816000e+16
7.829999999999999716e+01 7.154630159687883200e+16
8.237999999999999545e+01 6.118859925106753600e+16
8.667000000000000171e+01 5.211531623318334400e+16
9.117999999999999261e+01 4.451237166384260000e+16
9.593000000000000682e+01 3.788326321963306400e+16
1.009000000000000057e+02 3.237379463980027200e+16
1.062000000000000028e+02 2.748747629268516400e+16
1.116999999999999886e+02 2.341706366773537600e+16
1.175000000000000000e+02 1.986114244048843200e+16
1.236000000000000085e+02 1.683623890061569200e+16
1.300999999999999943e+02 1.417686505286930800e+16
1.369000000000000057e+02 1.191663657396711400e+16
1.440000000000000000e+02 9.974146348115566000e+15
1.515000000000000000e+02 8.293204693488246000e+15
1.593999999999999773e+02 6.842934198255918000e+15
1.676999999999999886e+02 5.598281428692744000e+15
1.764000000000000057e+02 4.553338553164568000e+15
1.855999999999999943e+02 3.646211029226175500e+15
1.952000000000000171e+02 2.908338171033895000e+15
2.054000000000000057e+02 2.267048726180369000e+15
2.160999999999999943e+02 1.755343711962613750e+15
2.273999999999999773e+02 1.328070796672342500e+15
2.391999999999999886e+02 1.000487164399274250e+15
2.516999999999999886e+02 7.363247040855542500e+14
2.647999999999999545e+02 5.387595818146720000e+14
2.785000000000000000e+02 3.881533112828306250e+14
2.930000000000000000e+02 2.769482191954876875e+14
3.083000000000000114e+02 1.958863522442962500e+14
3.244000000000000341e+02 1.364745798829860938e+14
3.411999999999999886e+02 9.514737862045104688e+13
3.590000000000000000e+02 6.445833891559996094e+13
3.776999999999999886e+02 4.370092353783255469e+13
3.973999999999999773e+02 2.827767447036016406e+13
4.181000000000000227e+02 1.847362465410094141e+13
4.398000000000000114e+02 1.117202878925359766e+13
4.626999999999999886e+02 6.872382977847489258e+12
4.868000000000000114e+02 3.877197201740450684e+12
5.122000000000000455e+02 2.242807534409698730e+12
5.387999999999999545e+02 1.228743018751476318e+12
5.668999999999999773e+02 6.734386347113918457e+11
5.964000000000000909e+02 3.610365987160000000e+11
6.275000000000000000e+02 1.830565024914911804e+11
6.601000000000000227e+02 9.098555730576368713e+10
6.945000000000000000e+02 4.008649069818889618e+10
7.307000000000000455e+02 1.901436261526686096e+10
7.687000000000000455e+02 7.354960162274264336e+09
8.087999999999999545e+02 3.431070889186724186e+09
8.508999999999999773e+02 1.172459231292040586e+09
8.952000000000000455e+02 5.247522607784891129e+08
9.417999999999999545e+02 1.463692038698277473e+08
9.908000000000000682e+02 6.495135539091207832e+07
1.042000000000000000e+03 1.927295789894456044e+07
1.097000000000000000e+03 6.638498572993784212e+06
1.154000000000000000e+03 1.922666126336971531e+06
1.214000000000000000e+03 4.711017493185846834e+05
1.277000000000000000e+03 1.434635516713475226e+05
1.344000000000000000e+03 2.671825927306377707e+04
1.414000000000000000e+03 8.211314549531534794e+03
1.487000000000000000e+03 9.679253554150105856e+02
1.565000000000000000e+03 3.076216281063102542e+02
1.646000000000000000e+03 2.558796861016954338e+01
1.732000000000000000e+03 8.381418156466990510e+00
1.822000000000000000e+03 3.581572275073132139e-01
1.917000000000000000e+03 1.228810882666496879e-01
2.017000000000000000e+03 4.046015650936678719e-03
2.122000000000000000e+03 1.528511891108528305e-03
2.232000000000000000e+03 1.314474646788583838e-04
2.348000000000000000e+03 7.560557108477032786e-06
2.470000000000000000e+03 1.219445616622249894e-06
2.599000000000000000e+03 3.283906805604262035e-08
2.734000000000000000e+03 6.952897065741850629e-09
2.877000000000000000e+03 5.591263572129030124e-11
3.027000000000000000e+03 1.393070011614653896e-11
3.184000000000000000e+03 4.222767421751164807e-14
3.350000000000000000e+03 1.183505964679743568e-14
3.524000000000000000e+03 1.837627096672244516e-17
3.708000000000000000e+03 5.585234055476357071e-18
3.901000000000000000e+03 2.445506334855066952e-21
4.104000000000000000e+03 7.930522964545869081e-22
4.318000000000000000e+03 1.267206248578566999e-25
4.543000000000000000e+03 4.307801947843937793e-26
4.779000000000000000e+03 3.692383339912797628e-29
5.028000000000000000e+03 9.278704542063694117e-31
5.290000000000000000e+03 9.893322426067944485e-32
5.565000000000000000e+03 5.180925079466471443e-36
5.855000000000000000e+03 9.148719241944533959e-37
6.160000000000000000e+03 6.562175954018822158e-42
6.481000000000000000e+03 1.475377663735393296e-42
6.818000000000000000e+03 1.611322771866541473e-48
7.173000000000000000e+03 4.221448707388624642e-49
7.547000000000000000e+03 6.629796665761750032e-56
7.940000000000000000e+03 1.923005486591488862e-56
8.353000000000000000e+03 4.781469476422039768e-64
8.788000000000000000e+03 1.499264957303456162e-64
9.246000000000000000e+03 2.938939833804550812e-73
9.727000000000000000e+03 9.680914641304329301e-74
1.023000000000000000e+04 2.045694648049726510e-83
1.077000000000000000e+04 7.295404554667689410e-84
1.133000000000000000e+04 3.788061810771039631e-85
1.192000000000000000e+04 3.607994810406993205e-95
1.254000000000000000e+04 4.973340974497375133e-96
1.319000000000000000e+04 7.794504689342899314e-108
1.388000000000000000e+04 1.541936539248563762e-108
1.460000000000000000e+04 5.945210695811609736e-122
1.536000000000000000e+04 1.419520371694175060e-122
1.616000000000000000e+04 1.103175748912700354e-137
1.700000000000000000e+04 3.032977812772595537e-138
1.789000000000000000e+04 3.196916916106940051e-155
1.882000000000000000e+04 9.490002391238904854e-156
1.980000000000000000e+04 8.671100278554481435e-175
2.083000000000000000e+04 2.760880471223422674e-175
2.191000000000000000e+04 1.411149001484680134e-196
2.305000000000000000e+04 4.780371364568823973e-197
2.425000000000000000e+04 6.849018272184562334e-221
2.552000000000000000e+04 2.602905651468265916e-221
2.684000000000000000e+04 2.199393165893985774e-222
2.824000000000000000e+04 2.846592693275670501e-248
2.971000000000000000e+04 4.634649933223683097e-249
3.126000000000000000e+04 2.005842238572499710e-278
3.289000000000000000e+04 4.294341145814355311e-279
3.460000000000000000e+04 0.000000000000000000e+00
3.640000000000000000e+04 0.000000000000000000e+00
3.830000000000000000e+04 0.000000000000000000e+00
4.029000000000000000e+04 0.000000000000000000e+00
4.239000000000000000e+04 0.000000000000000000e+00
4.460000000000000000e+04 0.000000000000000000e+00
4.692000000000000000e+04 0.000000000000000000e+00
4.936000000000000000e+04 0.000000000000000000e+00
5.193000000000000000e+04 0.000000000000000000e+00
5.464000000000000000e+04 0.000000000000000000e+00
5.748000000000000000e+04 0.000000000000000000e+00
6.047000000000000000e+04 0.000000000000000000e+00
6.362000000000000000e+04 0.000000000000000000e+00
6.693000000000000000e+04 0.000000000000000000e+00
7.042000000000000000e+04 0.000000000000000000e+00
7.409000000000000000e+04 0.000000000000000000e+00
7.794000000000000000e+04 0.000000000000000000e+00
8.200000000000000000e+04 0.000000000000000000e+00
8.627000000000000000e+04 0.000000000000000000e+00
9.076000000000000000e+04 0.000000000000000000e+00
9.549000000000000000e+04 0.000000000000000000e+00
1.005000000000000000e+05 0.000000000000000000e+00
1.057000000000000000e+05 0.000000000000000000e+00
1.112000000000000000e+05 0.000000000000000000e+00
1.170000000000000000e+05 0.000000000000000000e+00
1.231000000000000000e+05 0.000000000000000000e+00
1.295000000000000000e+05 0.000000000000000000e+00
1.362000000000000000e+05 0.000000000000000000e+00
1.433000000000000000e+05 0.000000000000000000e+00
1.508000000000000000e+05 0.000000000000000000e+00
1.586000000000000000e+05 0.000000000000000000e+00
1.669000000000000000e+05 0.000000000000000000e+00
1.756000000000000000e+05 0.000000000000000000e+00
1.847000000000000000e+05 0.000000000000000000e+00
1.943000000000000000e+05 0.000000000000000000e+00
2.045000000000000000e+05 0.000000000000000000e+00
2.151000000000000000e+05 0.000000000000000000e+00
2.263000000000000000e+05 0.000000000000000000e+00
2.381000000000000000e+05 0.000000000000000000e+00
2.505000000000000000e+05 0.000000000000000000e+00
2.635000000000000000e+05 0.000000000000000000e+00
2.773000000000000000e+05 0.000000000000000000e+00
2.917000000000000000e+05 0.000000000000000000e+00
3.069000000000000000e+05 0.000000000000000000e+00
3.229000000000000000e+05 0.000000000000000000e+00
3.397000000000000000e+05 0.000000000000000000e+00
3.574000000000000000e+05 0.000000000000000000e+00
3.760000000000000000e+05 0.000000000000000000e+00
3.955000000000000000e+05 0.000000000000000000e+00
4.161000000000000000e+05 0.000000000000000000e+00
4.378000000000000000e+05 0.000000000000000000e+00
4.606000000000000000e+05 0.000000000000000000e+00
4.846000000000000000e+05 0.000000000000000000e+00
5.098000000000000000e+05 0.000000000000000000e+00
5.364000000000000000e+05 0.000000000000000000e+00
5.643000000000000000e+05 0.000000000000000000e+00
5.937000000000000000e+05 0.000000000000000000e+00
6.246000000000000000e+05 0.000000000000000000e+00
6.571000000000000000e+05 0.000000000000000000e+00
6.913000000000000000e+05 0.000000000000000000e+00
7.273000000000000000e+05 0.000000000000000000e+00
7.652000000000000000e+05 0.000000000000000000e+00
8.050000000000000000e+05 0.000000000000000000e+00
8.469000000000000000e+05 0.000000000000000000e+00
8.910000000000000000e+05 0.000000000000000000e+00
9.374000000000000000e+05 0.000000000000000000e+00
9.863000000000000000e+05 0.000000000000000000e+00
1.038000000000000000e+06 0.000000000000000000e+00
1.092000000000000000e+06 0.000000000000000000e+00
1.148000000000000000e+06 0.000000000000000000e+00
1.208000000000000000e+06 0.000000000000000000e+00
1.271000000000000000e+06 0.000000000000000000e+00
1.337000000000000000e+06 0.000000000000000000e+00
1.407000000000000000e+06 0.000000000000000000e+00
1.480000000000000000e+06 0.000000000000000000e+00
1.557000000000000000e+06 0.000000000000000000e+00
1.638000000000000000e+06 0.000000000000000000e+00
1.724000000000000000e+06 0.000000000000000000e+00
1.814000000000000000e+06 0.000000000000000000e+00
1.908000000000000000e+06 0.000000000000000000e+00
2.007000000000000000e+06 0.000000000000000000e+00
2.112000000000000000e+06 0.000000000000000000e+00
2.222000000000000000e+06 0.000000000000000000e+00
2.337000000000000000e+06 0.000000000000000000e+00
2.459000000000000000e+06 0.000000000000000000e+00
2.587000000000000000e+06 0.000000000000000000e+00
2.722000000000000000e+06 0.000000000000000000e+00
2.864000000000000000e+06 0.000000000000000000e+00
3.013000000000000000e+06 0.000000000000000000e+00
3.170000000000000000e+06 0.000000000000000000e+00
3.335000000000000000e+06 0.000000000000000000e+00
3.508000000000000000e+06 0.000000000000000000e+00
3.691000000000000000e+06 0.000000000000000000e+00
3.883000000000000000e+06 0.000000000000000000e+00
4.085000000000000000e+06 0.000000000000000000e+00
4.298000000000000000e+06 0.000000000000000000e+00
4.522000000000000000e+06 0.000000000000000000e+00
4.757000000000000000e+06 0.000000000000000000e+00
5.005000000000000000e+06 0.000000000000000000e+00
5.266000000000000000e+06 0.000000000000000000e+00
5.540000000000000000e+06 0.000000000000000000e+00
5.828000000000000000e+06 0.000000000000000000e+00
6.132000000000000000e+06 0.000000000000000000e+00
6.451000000000000000e+06 0.000000000000000000e+00
6.787000000000000000e+06 0.000000000000000000e+00
7.140000000000000000e+06 0.000000000000000000e+00
7.512000000000000000e+06 0.000000000000000000e+00
7.903000000000000000e+06 0.000000000000000000e+00
8.315000000000000000e+06 0.000000000000000000e+00
8.748000000000000000e+06 0.000000000000000000e+00
9.203000000000000000e+06 0.000000000000000000e+00
9.682000000000000000e+06 0.000000000000000000e+00
1.019000000000000000e+07 0.000000000000000000e+00
1.072000000000000000e+07 0.000000000000000000e+00
1.127000000000000000e+07 0.000000000000000000e+00
1.186000000000000000e+07 0.000000000000000000e+00
1.248000000000000000e+07 0.000000000000000000e+00
1.313000000000000000e+07 0.000000000000000000e+00
1.381000000000000000e+07 0.000000000000000000e+00
1.453000000000000000e+07 0.000000000000000000e+00
1.529000000000000000e+07 0.000000000000000000e+00
1.608000000000000000e+07 0.000000000000000000e+00
1.692000000000000000e+07 0.000000000000000000e+00
1.780000000000000000e+07 0.000000000000000000e+00
1.873000000000000000e+07 0.000000000000000000e+00
1.971000000000000000e+07 0.000000000000000000e+00
2.073000000000000000e+07 0.000000000000000000e+00
2.181000000000000000e+07 0.000000000000000000e+00
2.295000000000000000e+07 0.000000000000000000e+00
2.414000000000000000e+07 0.000000000000000000e+00
2.540000000000000000e+07 0.000000000000000000e+00
2.672000000000000000e+07 0.000000000000000000e+00
2.811000000000000000e+07 0.000000000000000000e+00
2.958000000000000000e+07 0.000000000000000000e+00
3.112000000000000000e+07 0.000000000000000000e+00
3.274000000000000000e+07 0.000000000000000000e+00
3.444000000000000000e+07 0.000000000000000000e+00
3.623000000000000000e+07 0.000000000000000000e+00
3.812000000000000000e+07 0.000000000000000000e+00
4.011000000000000000e+07 0.000000000000000000e+00
4.219000000000000000e+07 0.000000000000000000e+00
4.439000000000000000e+07 0.000000000000000000e+00
4.670000000000000000e+07 0.000000000000000000e+00
4.913000000000000000e+07 0.000000000000000000e+00
5.169000000000000000e+07 0.000000000000000000e+00
5.438000000000000000e+07 0.000000000000000000e+00
5.722000000000000000e+07 0.000000000000000000e+00
6.019000000000000000e+07 0.000000000000000000e+00
6.333000000000000000e+07 0.000000000000000000e+00
6.663000000000000000e+07 0.000000000000000000e+00
7.010000000000000000e+07 0.000000000000000000e+00
7.375000000000000000e+07 0.000000000000000000e+00
7.759000000000000000e+07 0.000000000000000000e+00
8.163000000000000000e+07 0.000000000000000000e+00
8.588000000000000000e+07 0.000000000000000000e+00
9.035000000000000000e+07 0.000000000000000000e+00
9.505000000000000000e+07 0.000000000000000000e+00
1.000000000000000000e+08 0.000000000000000000e+00
