4.999999999999999237e-03 1.890007918240955433e+20
9.999999999999998473e-03 1.271155606210336031e+20
1.499999999999999771e-02 9.439313428877756006e+19
1.999999999999999695e-02 7.391509265887748096e+19
2.499999999999999445e-02 5.987753720708849664e+19
2.999999999999999195e-02 4.967605574365265101e+19
3.499999999999999639e-02 4.195067736417545421e+19
3.999999999999999389e-02 3.591874780358770688e+19
4.499999999999999140e-02 3.109499587946152755e+19
4.999999999999998890e-02 2.716301611712502989e+19
5.499999999999998640e-02 2.390723755763317965e+19
5.999999999999999084e-02 2.117622124995933389e+19
6.499999999999998834e-02 1.885969041166307328e+19
6.999999999999999278e-02 1.687589836183337370e+19
7.499999999999999722e-02 1.516384119306713702e+19
7.999999999999998779e-02 1.367513311621014733e+19
8.499999999999999223e-02 1.237257995306381926e+19
8.999999999999999667e-02 1.122660610339506995e+19
