4.999999999999999237e-03 4.127841217286885376e+19
9.999999999999998473e-03 1.974139286441419571e+19
1.499999999999999771e-02 1.085383836627149824e+19
1.999999999999999695e-02 6.374254603087094784e+18
2.499999999999999445e-02 3.879202647395002880e+18
2.999999999999999195e-02 2.406518130631081472e+18
3.499999999999999639e-02 1.505603873977840640e+18
3.999999999999999389e-02 9.422359803899000320e+17
4.499999999999999140e-02 5.855222285646965760e+17
4.999999999999998890e-02 3.586274919490046720e+17
5.499999999999998640e-02 2.146559992535370560e+17
5.999999999999999084e-02 1.241625251931593920e+17
6.499999999999998834e-02 6.832687710974059200e+16
6.999999999999999278e-02 3.484366579083663200e+16
7.499999999999999722e-02 1.573052791903584600e+16
7.999999999999998779e-02 5.680792226174429000e+15
8.499999999999999223e-02 1.205779317486540750e+15
8.999999999999999667e-02 8.555864082008060938e+13
