1.900000000000000000e+01 2.824712417795338650e+19
2.000000000000000000e+01 2.988965537618441830e+19
2.100000000000000000e+01 3.134391005394676122e+19
2.200000000000000000e+01 3.259754400714257203e+19
2.300000000000000000e+01 3.384354188029817651e+19
2.400000000000000000e+01 3.499882887828028211e+19
2.500000000000000000e+01 3.606105868440480973e+19
2.600000000000000000e+01 3.711281134371187098e+19
2.700000000000000000e+01 3.808301691236840243e+19
2.800000000000000000e+01 3.897081515620338893e+19
2.900000000000000000e+01 3.984762408867451699e+19
3.000000000000000000e+01 4.061679548318939546e+19
3.100000000000000000e+01 4.127821001838678835e+19
3.200000000000000000e+01 4.192921939613666509e+19
3.300000000000000000e+01 4.248604147359622758e+19
3.400000000000000000e+01 4.294956455457338163e+19
3.500000000000000000e+01 4.340468296028762112e+19
3.600000000000000000e+01 4.385177961522567578e+19
3.700000000000000000e+01 4.429121006222260634e+19
3.800000000000000000e+01 4.470810809078009037e+19
3.900000000000000000e+01 4.510293359561623962e+19
4.000000000000000000e+01 4.549124357949392486e+19
4.100000000000000000e+01 4.587330257481146368e+19
4.200000000000000000e+01 4.620080942943161549e+19
4.300000000000000000e+01 4.647460676774693274e+19
4.400000000000000000e+01 4.674374810797709722e+19
4.500000000000000000e+01 4.700841465575169229e+19
4.600000000000000000e+01 4.726877676603775386e+19
4.700000000000000000e+01 4.741162750654206771e+19
4.800000000000000000e+01 4.743937686991227290e+19
4.900000000000000000e+01 4.746657558878158848e+19
5.000000000000000000e+01 4.749324539020715622e+19
5.100000000000000000e+01 4.751940673446250906e+19
5.200000000000000000e+01 4.754507891185524736e+19
5.300000000000000000e+01 4.756226933380791501e+19
5.400000000000000000e+01 4.757118492960588595e+19
5.500000000000000000e+01 4.757994003164930048e+19
5.600000000000000000e+01 4.758854034429549773e+19
5.700000000000000000e+01 4.759699127259539866e+19
5.800000000000000000e+01 4.760529794289054515e+19
5.900000000000000000e+01 4.761346522166638182e+19
6.000000000000000000e+01 4.761360983780982784e+19
6.100000000000000000e+01 4.760590809671951155e+19
6.200000000000000000e+01 4.759833180399100723e+19
6.300000000000000000e+01 4.759087695728993894e+19
6.400000000000000000e+01 4.758353974252539085e+19
6.500000000000000000e+01 4.757631652223536333e+19
6.600000000000000000e+01 4.756920382485448294e+19
6.700000000000000000e+01 4.751324065382918554e+19
6.800000000000000000e+01 4.740953216569470157e+19
6.900000000000000000e+01 4.730754828517035213e+19
7.000000000000000000e+01 4.720723612790757786e+19
7.100000000000000000e+01 4.710854515263109530e+19
7.200000000000000000e+01 4.701142702625139917e+19
7.300000000000000000e+01 4.691583549848159846e+19
7.400000000000000000e+01 4.682172628517186765e+19
7.500000000000000000e+01 4.666190682855384678e+19
7.600000000000000000e+01 4.643811178701128499e+19
7.700000000000000000e+01 4.621827591363855974e+19
7.800000000000000000e+01 4.600227941717447475e+19
7.900000000000000000e+01 4.579000759813698355e+19
8.000000000000000000e+01 4.558135057158021120e+19
8.100000000000000000e+01 4.537620300817684890e+19
8.200000000000000000e+01 4.517446389220651827e+19
8.300000000000000000e+01 4.497603629515632640e+19
8.400000000000000000e+01 4.470444179461667226e+19
8.500000000000000000e+01 4.436199598514065408e+19
8.600000000000000000e+01 4.402611005071144550e+19
8.700000000000000000e+01 4.369658464509407232e+19
8.800000000000000000e+01 4.337322866850000077e+19
8.900000000000000000e+01 4.305585883794156749e+19
9.000000000000000000e+01 4.274429928448154010e+19
9.100000000000000000e+01 4.243838117541625037e+19
9.200000000000000000e+01 4.213794235959710515e+19
9.300000000000000000e+01 4.184282703423959040e+19
9.400000000000000000e+01 4.149606426142792090e+19
9.500000000000000000e+01 4.109954239560503296e+19
9.600000000000000000e+01 4.071088133175463936e+19
9.700000000000000000e+01 4.032984616890639974e+19
9.800000000000000000e+01 3.995621134025960653e+19
9.900000000000000000e+01 3.958976015214312653e+19
1.000000000000000000e+02 3.923028435011172762e+19
1.010000000000000000e+02 3.887758371032781619e+19
1.020000000000000000e+02 3.853146565452382208e+19
1.030000000000000000e+02 3.819174488696982733e+19
1.040000000000000000e+02 3.785824305198894285e+19
