1.221799999999999287e+01 1.715411496279637402e+19
1.321799999999999287e+01 1.780013480399742157e+19
1.421799999999999287e+01 1.831920764312341504e+19
1.521799999999999287e+01 1.871550772289947238e+19
1.621799999999999287e+01 1.900415894845527654e+19
1.721799999999999287e+01 1.919039756024508416e+19
1.821799999999999287e+01 1.929320446485016576e+19
1.921799999999999287e+01 1.931758115056602726e+19
2.021799999999999287e+01 1.926074605412186112e+19
2.121799999999999287e+01 1.912839625542251315e+19
2.221799999999999287e+01 1.900285675858179277e+19
2.321799999999999287e+01 1.881046957530309018e+19
2.421799999999999287e+01 1.855653925078568960e+19
2.521799999999999287e+01 1.831591177780247757e+19
2.621799999999999287e+01 1.803329977135385190e+19
2.721799999999999287e+01 1.771241333532505498e+19
2.821799999999999287e+01 1.740831556479087821e+19
2.921799999999999287e+01 1.707668855137240883e+19
3.021799999999999287e+01 1.672023181879351091e+19
3.121799999999999287e+01 1.638228699717440922e+19
3.221799999999998931e+01 1.601806417022109491e+19
3.321799999999998931e+01 1.563040715025692672e+19
3.421799999999998931e+01 1.526306026473394176e+19
3.521799999999998931e+01 1.491441893179856486e+19
3.621799999999998931e+01 1.458304571251272499e+19
3.721799999999998931e+01 1.424042724585913754e+19
3.821799999999998931e+01 1.388798454803238093e+19
3.921799999999998931e+01 1.355292517038720410e+19
4.021799999999998931e+01 1.323398551887228518e+19
4.121799999999998931e+01 1.291115500569088000e+19
4.221799999999998931e+01 1.258517378465111245e+19
4.321799999999998931e+01 1.227468578883528499e+19
4.421799999999998931e+01 1.197862486975157658e+19
4.521799999999998931e+01 1.169601994811436646e+19
4.621799999999998931e+01 1.140569299937901568e+19
4.721799999999998931e+01 1.110870572425315328e+19
4.821799999999998931e+01 1.082537466480882483e+19
4.921799999999998931e+01 1.055481043164958515e+19
5.021799999999998931e+01 1.029619791660064358e+19
5.121799999999998931e+01 1.004878877524336640e+19
5.221799999999998931e+01 9.796184619995287552e+18
5.321799999999998931e+01 9.539167958213636096e+18
5.421799999999998931e+01 9.293451464999391232e+18
5.521799999999998931e+01 9.058345113854003200e+18
5.621799999999998931e+01 8.833212396641508352e+18
5.721799999999998931e+01 8.617465320307722240e+18
5.821799999999998931e+01 8.410559948327823360e+18
5.921799999999998931e+01 8.203577761191411712e+18
6.021799999999998931e+01 7.996775915955388416e+18
6.121799999999998931e+01 7.798439582819027968e+18
6.221799999999998931e+01 7.608093313764957184e+18
6.321799999999998931e+01 7.425295377070882816e+18
6.421799999999998931e+01 7.249634884247085056e+18
6.521799999999998931e+01 7.080729201630854144e+18
6.621799999999998931e+01 6.912755133960000512e+18
6.721799999999998931e+01 6.745826163725889536e+18
6.821799999999998931e+01 6.585287758037864448e+18
6.921799999999998931e+01 6.430807512760792064e+18
7.021799999999998931e+01 6.282074749719618560e+18
7.121799999999998931e+01 6.138798814797165568e+18
7.221799999999998931e+01 6.000707530827890688e+18
7.321799999999998931e+01 5.867545789307448320e+18
7.421799999999998931e+01 5.734290482026576896e+18
7.521799999999998931e+01 5.601085563847649280e+18
7.621799999999998931e+01 5.472662480782031872e+18
7.721799999999998931e+01 5.348790543741933568e+18
7.821799999999998931e+01 5.229252968471603200e+18
7.921799999999998931e+01 5.113845874298580992e+18
8.021799999999998931e+01 5.002377366439220224e+18
8.121799999999998931e+01 4.894666693952977920e+18
8.221799999999998931e+01 4.790543476274344960e+18
8.321799999999998931e+01 4.686552161222440960e+18
8.421799999999998931e+01 4.582780496092872704e+18
8.521799999999998931e+01 4.482484323654777856e+18
8.621799999999998931e+01 4.385508704240790528e+18
8.721799999999998931e+01 4.291707284630176768e+18
8.821799999999998931e+01 4.200941731237787648e+18
8.921799999999998931e+01 4.113081206591297024e+18
9.021799999999998931e+01 4.028001885352100352e+18
9.121799999999998931e+01 3.945586506496300032e+18
9.221799999999998931e+01 3.865723958595047936e+18
9.321799999999998931e+01 3.787478585859407360e+18
9.421799999999998931e+01 3.710806293024371712e+18
9.521799999999998931e+01 3.636467154224115712e+18
9.621799999999998931e+01 3.564366893308775424e+18
9.721799999999998931e+01 3.494415964990913536e+18
9.821799999999998931e+01 3.426529272140728832e+18
9.921799999999998931e+01 3.360625902628306432e+18
1.002179999999999893e+02 3.296628884181583360e+18
1.012179999999999893e+02 3.234464955862414848e+18
1.022179999999999893e+02 3.174064354884060160e+18
1.032179999999999893e+02 3.115360617602823168e+18
