1.000000000000000021e-03 4.928734476302206317e+22
1.051999999999999984e-03 4.845739770366720265e+22
1.106999999999999911e-03 4.753850103996270772e+22
1.163999999999999887e-03 4.668190895005460385e+22
1.224999999999999960e-03 4.566877915707284967e+22
1.288999999999999998e-03 4.472019110810859078e+22
1.356000000000000000e-03 4.374199028364084039e+22
1.427000000000000100e-03 4.268392352250336169e+22
1.500999999999999947e-03 4.169297013395611976e+22
1.579000000000000108e-03 4.057914052302024265e+22
1.661000000000000150e-03 3.961163304464185033e+22
1.747999999999999988e-03 3.847824538952238786e+22
1.839000000000000140e-03 3.745743139072176344e+22
1.935000000000000088e-03 3.637342083613167347e+22
2.034999999999999917e-03 3.532708496383684064e+22
2.141000000000000108e-03 3.427989981821780204e+22
2.252999999999999794e-03 3.324323107750659123e+22
2.370000000000000145e-03 3.220743449326964336e+22
2.492999999999999990e-03 3.125381057723621809e+22
2.623000000000000331e-03 3.025083882982551532e+22
2.759999999999999867e-03 2.928092061410129661e+22
2.903999999999999897e-03 2.837235587675164613e+22
3.054999999999999990e-03 2.746377284286560810e+22
3.213999999999999843e-03 2.661434337246734346e+22
3.380999999999999891e-03 2.575610607741040801e+22
3.556999999999999832e-03 2.495739243199053221e+22
3.742000000000000100e-03 2.419862769289682276e+22
3.936999999999999528e-03 2.347017034085130515e+22
4.142000000000000716e-03 2.280318384955894582e+22
4.357999999999999895e-03 2.213257695631557788e+22
4.585000000000000533e-03 2.152353121298684681e+22
4.824000000000000163e-03 2.092826271912099316e+22
5.074999999999999650e-03 2.037947636900235208e+22
5.338999999999999996e-03 1.988133094255126957e+22
5.616999999999999597e-03 1.941756752685772571e+22
5.908999999999999322e-03 1.898492030136336830e+22
6.217000000000000304e-03 1.857737675128184609e+22
6.540999999999999939e-03 1.820960669457018205e+22
6.880999999999999964e-03 1.787520397056152070e+22
7.239999999999999908e-03 1.757357647492869941e+22
7.617000000000000506e-03 1.727185423047495306e+22
8.012999999999999290e-03 1.702993647077846889e+22
8.429999999999999993e-03 1.678319061405696996e+22
8.868999999999998413e-03 1.658407173414631086e+22
9.330999999999999017e-03 1.639382416246267340e+22
9.816999999999999338e-03 1.622438280694541268e+22
1.032999999999999891e-02 1.607439523187649413e+22
1.086999999999999945e-02 1.593801310186352987e+22
1.143000000000000092e-02 1.581969526627346940e+22
1.203000000000000076e-02 1.570259903014093665e+22
1.264999999999999979e-02 1.561520280972697167e+22
1.330999999999999892e-02 1.551884102170636295e+22
1.400999999999999988e-02 1.544788556241104693e+22
1.473000000000000004e-02 1.537101602477797959e+22
1.549999999999999989e-02 1.530880384976068542e+22
1.631000000000000158e-02 1.524299372562798871e+22
1.715999999999999817e-02 1.518998859024170169e+22
1.805000000000000007e-02 1.513194779238005211e+22
1.898999999999999994e-02 1.507746496886132965e+22
1.997999999999999776e-02 1.502201899020327479e+22
2.101999999999999702e-02 1.497099789583874471e+22
2.212000000000000077e-02 1.491585890390380223e+22
2.326999999999999902e-02 1.486077307013369640e+22
2.447999999999999829e-02 1.480379206039419801e+22
2.574999999999999858e-02 1.473875913808818051e+22
2.708999999999999950e-02 1.467333959770549990e+22
2.850000000000000103e-02 1.459760059703156854e+22
2.998999999999999930e-02 1.452607352882867051e+22
3.155000000000000165e-02 1.444185359462235845e+22
3.318999999999999728e-02 1.435257909916540810e+22
3.491999999999999965e-02 1.425662198313147328e+22
3.673999999999999488e-02 1.415480995236351574e+22
3.864999999999999686e-02 1.404815066449238714e+22
4.066000000000000170e-02 1.393528745521490533e+22
4.277999999999999858e-02 1.381389771893372459e+22
4.500999999999999446e-02 1.368494494031261414e+22
4.734999999999999626e-02 1.355152444449483024e+22
4.982000000000000317e-02 1.340474889571880088e+22
5.240999999999999825e-02 1.325964032103182605e+22
5.513999999999999457e-02 1.310131127819735715e+22
5.800999999999999907e-02 1.293967384050260351e+22
6.102999999999999398e-02 1.277171154822489965e+22
6.421000000000000318e-02 1.259627841345475419e+22
6.755999999999999506e-02 1.241360366159040138e+22
7.106999999999999429e-02 1.222447405971811179e+22
7.477000000000000313e-02 1.202981383765277593e+22
7.867000000000000381e-02 1.183004559756511884e+22
8.276000000000000023e-02 1.162191934036630517e+22
8.707000000000000850e-02 1.141521525132178017e+22
9.160999999999999699e-02 1.119591280115865721e+22
9.637999999999999345e-02 1.097762597222149102e+22
1.014000000000000040e-01 1.075127022601027925e+22
1.067000000000000032e-01 1.052121293369819896e+22
1.122000000000000081e-01 1.029226926458216959e+22
1.180999999999999966e-01 1.005379224480457005e+22
1.242000000000000048e-01 9.818800170554674381e+21
1.307000000000000106e-01 9.576273390975120835e+21
1.375000000000000111e-01 9.335611871835709243e+21
1.446999999999999953e-01 9.089988011647166317e+21
1.522000000000000020e-01 8.845682073169620369e+21
1.600999999999999923e-01 8.603826593119695012e+21
1.683999999999999941e-01 8.356350268561523999e+21
1.771999999999999964e-01 8.110470784220718432e+21
1.864000000000000101e-01 7.863914740170890412e+21
1.960999999999999965e-01 7.620415152831068111e+21
2.064000000000000001e-01 7.374443001756550955e+21
2.170999999999999874e-01 7.134125003592428421e+21
2.283999999999999919e-01 6.892526715936027181e+21
2.403000000000000136e-01 6.652434366464943718e+21
2.528000000000000247e-01 6.416832260402718966e+21
2.660000000000000142e-01 6.183394455735918133e+21
2.798000000000000487e-01 5.954361718891682464e+21
2.943999999999999950e-01 5.725179377906285019e+21
3.096999999999999753e-01 5.505005390443930714e+21
3.259000000000000230e-01 5.283363802616247091e+21
3.427999999999999936e-01 5.071525176499041731e+21
3.606999999999999651e-01 4.858265552564806222e+21
3.795000000000000040e-01 4.654349186359093625e+21
3.991999999999999993e-01 4.452701754072799117e+21
4.200000000000000400e-01 4.256840615292002894e+21
4.419000000000000150e-01 4.065432628917255012e+21
4.649000000000000354e-01 3.879701168374302638e+21
4.891000000000000347e-01 3.698966623184349037e+21
5.144999999999999574e-01 3.523108506022654771e+21
5.413000000000000034e-01 3.353123409053514465e+21
5.695000000000000062e-01 3.186386440749072253e+21
5.992000000000000659e-01 3.028129586299854651e+21
6.304000000000000714e-01 2.871649160548782703e+21
6.632000000000000117e-01 2.725619934685505257e+21
6.976999999999999869e-01 2.580816183558968181e+21
7.340999999999999748e-01 2.444374118497898725e+21
7.722999999999999865e-01 2.311469872538078937e+21
8.125000000000000000e-01 2.185639667528606941e+21
8.548000000000000043e-01 2.064657856387065840e+21
8.992999999999999883e-01 1.948963802162680562e+21
9.460999999999999410e-01 1.837993252829549560e+21
9.954000000000000625e-01 1.731734942383011791e+21
1.046999999999999931e+00 1.632077530255223423e+21
1.101999999999999869e+00 1.534751738584321229e+21
1.159000000000000030e+00 1.444546357242895532e+21
1.219000000000000083e+00 1.358095013542498140e+21
1.283000000000000140e+00 1.275362893146712965e+21
1.350000000000000089e+00 1.196791980678172901e+21
1.419999999999999929e+00 1.123983556521833136e+21
1.493999999999999995e+00 1.054035423741307781e+21
1.572000000000000064e+00 9.881297653408852869e+20
1.654000000000000137e+00 9.263715434012459663e+20
1.739999999999999991e+00 8.679898524926845911e+20
1.830000000000000071e+00 8.136922925015585260e+20
1.925999999999999934e+00 7.616121562563782902e+20
2.025999999999999801e+00 7.136193531827882557e+20
2.131000000000000227e+00 6.682785535588831068e+20
2.241999999999999993e+00 6.258253030024862761e+20
2.358999999999999986e+00 5.861235137438134436e+20
2.481999999999999762e+00 5.488594421873579786e+20
2.611000000000000210e+00 5.141471546581702410e+20
2.746999999999999886e+00 4.818264928464802284e+20
2.890000000000000124e+00 4.515452029668472914e+20
3.040999999999999925e+00 4.231677748556671877e+20
3.198999999999999844e+00 3.971731585378718843e+20
3.366000000000000103e+00 3.724859640348365292e+20
3.540999999999999925e+00 3.498466706727297352e+20
3.725000000000000089e+00 3.285075871396488151e+20
3.918999999999999595e+00 3.088570014964477460e+20
4.123000000000000220e+00 2.903881051208073544e+20
4.338000000000000078e+00 2.733430939099020329e+20
4.564000000000000057e+00 2.572590504506048512e+20
4.801000000000000156e+00 2.423810374916665180e+20
5.051000000000000156e+00 2.284389358681615565e+20
5.314000000000000057e+00 2.154127205995505910e+20
5.590999999999999304e+00 2.032124315119310930e+20
5.881999999999999673e+00 1.916922798090717757e+20
6.187999999999999723e+00 1.809676274443915100e+20
6.511000000000000121e+00 1.708253133154956739e+20
6.850000000000000533e+00 1.613066346437562860e+20
7.205999999999999517e+00 1.522443200245072200e+20
7.581999999999999851e+00 1.436465476968789770e+20
7.976000000000000867e+00 1.354723127986243666e+20
8.391999999999999460e+00 1.277080760928200131e+20
8.829000000000000625e+00 1.202404540994191852e+20
9.288000000000000256e+00 1.131702610012342682e+20
9.772000000000000242e+00 1.063387065007867986e+20
1.027999999999999936e+01 9.982874242213956813e+19
1.082000000000000028e+01 9.352490187284897792e+19
1.137999999999999901e+01 8.754090666201317376e+19
1.196999999999999886e+01 8.175502641801379840e+19
1.259999999999999964e+01 7.614598100261729075e+19
1.325000000000000000e+01 7.083786543123958989e+19
1.393999999999999950e+01 6.569904679667773440e+19
1.466999999999999993e+01 6.073901320281640960e+19
1.542999999999999972e+01 5.607115284875933286e+19
1.623000000000000043e+01 5.160696824272710861e+19
1.708000000000000185e+01 4.731229980450127872e+19
1.796999999999999886e+01 4.328283130367588762e+19
1.889999999999999858e+01 3.948202117854316134e+19
1.989000000000000057e+01 3.589483902543812608e+19
2.092000000000000171e+01 3.254006897191265075e+19
2.200999999999999801e+01 2.942648104959138611e+19
2.316000000000000014e+01 2.649101687422515200e+19
2.437000000000000099e+01 2.378264278059746918e+19
2.562999999999999901e+01 2.132961803946663117e+19
2.697000000000000242e+01 1.900679618136691507e+19
2.837000000000000099e+01 1.694275688747647590e+19
2.985000000000000142e+01 1.502092122421295718e+19
3.139999999999999858e+01 1.327761052063546982e+19
3.303999999999999915e+01 1.174345131457286349e+19
3.475999999999999801e+01 1.027897864755837952e+19
3.657000000000000028e+01 9.093839308481126400e+18
3.846999999999999886e+01 7.909748465195854848e+18
4.048000000000000398e+01 6.946999614581980160e+18
4.259000000000000341e+01 6.035827997544507392e+18
4.479999999999999716e+01 5.255310296222587904e+18
4.714000000000000057e+01 4.563406336674840576e+18
4.959000000000000341e+01 3.944128267667004928e+18
5.217000000000000171e+01 3.414323020423850496e+18
5.489000000000000057e+01 2.939831545528644608e+18
5.775000000000000000e+01 2.531338311864379392e+18
6.075000000000000000e+01 2.176357593562976000e+18
6.392000000000000171e+01 1.862515123971764224e+18
6.723999999999999488e+01 1.602694749670532096e+18
7.075000000000000000e+01 1.363158055889858048e+18
7.442999999999999261e+01 1.173406617782415616e+18
7.829999999999999716e+01 9.932484101836960000e+17
8.237999999999999545e+01 8.559147432017324800e+17
8.667000000000000171e+01 7.221251750253969920e+17
9.117999999999999261e+01 6.219177170985390080e+17
9.593000000000000682e+01 5.260168733218645760e+17
1.009000000000000057e+02 4.510792327047183360e+17
1.062000000000000028e+02 3.819964175756114560e+17
1.116999999999999886e+02 3.261140446888105600e+17
1.175000000000000000e+02 2.773492957592381120e+17
1.236000000000000085e+02 2.356473093891840960e+17
1.300999999999999943e+02 2.001926559519275520e+17
1.369000000000000057e+02 1.694700654043779840e+17
1.440000000000000000e+02 1.446086060296999680e+17
1.515000000000000000e+02 1.221223991935710880e+17
1.593999999999999773e+02 1.040700391826283520e+17
1.676999999999999886e+02 8.765692244048659200e+16
1.764000000000000057e+02 7.484347214312764800e+16
1.855999999999999943e+02 6.290586992118316800e+16
1.952000000000000171e+02 5.376003889503891200e+16
2.054000000000000057e+02 4.532305600466336000e+16
2.160999999999999943e+02 3.866460971405789600e+16
2.273999999999999773e+02 3.267293377948228800e+16
2.391999999999999886e+02 2.780966492047205600e+16
2.516999999999999886e+02 2.356147891842684000e+16
2.647999999999999545e+02 2.001769420952620000e+16
2.785000000000000000e+02 1.702286857003798800e+16
2.930000000000000000e+02 1.443291325514699400e+16
3.083000000000000114e+02 1.226667781430748600e+16
3.244000000000000341e+02 1.037069673069253000e+16
3.411999999999999886e+02 8.839665700411058000e+15
3.590000000000000000e+02 7.467129445097776000e+15
3.776999999999999886e+02 6.367627111895234000e+15
3.973999999999999773e+02 5.366362337028620000e+15
4.181000000000000227e+02 4.578665441430855000e+15
4.398000000000000114e+02 3.854874342885291000e+15
4.626999999999999886e+02 3.291650237502387000e+15
4.868000000000000114e+02 2.784485867120393000e+15
5.122000000000000455e+02 2.369457646207585500e+15
5.387999999999999545e+02 2.003765828474769750e+15
5.668999999999999773e+02 1.696566906029464500e+15
5.964000000000000909e+02 1.430538294689757250e+15
6.275000000000000000e+02 1.200129110927542000e+15
6.601000000000000227e+02 1.001033973438263375e+15
6.945000000000000000e+02 8.243593250963660000e+14
7.307000000000000455e+02 6.739177279508727500e+14
7.687000000000000455e+02 5.394919585076490625e+14
8.087999999999999545e+02 4.290053736604643125e+14
8.508999999999999773e+02 3.299584993247572500e+14
8.952000000000000455e+02 2.547047708068041250e+14
9.417999999999999545e+02 1.877886293352554062e+14
9.908000000000000682e+02 1.410819916531419375e+14
1.042000000000000000e+03 1.015528318179570312e+14
1.097000000000000000e+03 7.415371898749609375e+13
1.154000000000000000e+03 5.289684176860900000e+13
1.214000000000000000e+03 3.806466530787621094e+13
1.277000000000000000e+03 2.706208731803460156e+13
1.344000000000000000e+03 1.901366841459437500e+13
1.414000000000000000e+03 1.324993885227124414e+13
1.487000000000000000e+03 8.976086430594228516e+12
1.565000000000000000e+03 5.915932595977172852e+12
1.646000000000000000e+03 3.673689618771157227e+12
1.732000000000000000e+03 2.277419526138303711e+12
1.822000000000000000e+03 1.293051529653740723e+12
1.917000000000000000e+03 7.621748450808591309e+11
2.017000000000000000e+03 4.094687982520194702e+11
2.122000000000000000e+03 2.335123682851774902e+11
2.232000000000000000e+03 1.213508367865251465e+11
2.348000000000000000e+03 6.572810985728186798e+10
2.470000000000000000e+03 3.242894323840653229e+10
2.599000000000000000e+03 1.540241692069673920e+10
2.734000000000000000e+03 7.303097825012563705e+09
2.877000000000000000e+03 3.170954858977991581e+09
3.027000000000000000e+03 1.405011125488748789e+09
3.184000000000000000e+03 5.606814416910214424e+08
3.350000000000000000e+03 2.261538690812301338e+08
3.524000000000000000e+03 8.091899952799209952e+07
3.708000000000000000e+03 2.850531263969329372e+07
3.901000000000000000e+03 9.294847827663268894e+06
4.104000000000000000e+03 2.813571052443087567e+06
4.318000000000000000e+03 8.505997512200367637e+05
4.543000000000000000e+03 2.117843224073441233e+05
4.779000000000000000e+03 6.003305606787286524e+04
5.028000000000000000e+03 1.141821489128495341e+04
5.290000000000000000e+03 3.271467108933635245e+03
5.565000000000000000e+03 5.227544620842674021e+02
5.855000000000000000e+03 1.530193253169439629e+02
6.160000000000000000e+03 2.563807459028761215e+01
6.481000000000000000e+03 4.440878823710436407e+00
6.818000000000000000e+03 7.995567354733630339e-01
7.173000000000000000e+03 8.567459785911203662e-02
7.547000000000000000e+03 1.651989263177097364e-02
7.940000000000000000e+03 1.007263834258741294e-03
8.353000000000000000e+03 2.029290632501957385e-04
8.788000000000000000e+03 6.306700716904818974e-06
9.246000000000000000e+03 1.308214644025792151e-06
9.727000000000000000e+03 2.545082352299734062e-08
1.023000000000000000e+04 5.693822898782492899e-09
1.077000000000000000e+04 4.551521013164473051e-11
1.133000000000000000e+04 9.999639390846717869e-12
1.192000000000000000e+04 4.229798236116592127e-14
1.254000000000000000e+04 1.143535873167253415e-14
1.319000000000000000e+04 7.502705373221304666e-16
1.388000000000000000e+04 6.855102474110178429e-18
1.460000000000000000e+04 8.471548375713828817e-19
1.536000000000000000e+04 1.254734829607648473e-21
1.616000000000000000e+04 1.991013904288385000e-22
1.700000000000000000e+04 1.001021176457123031e-25
1.789000000000000000e+04 1.786851995754122610e-26
1.882000000000000000e+04 2.529395726382620483e-30
1.980000000000000000e+04 4.905083303705890123e-31
2.083000000000000000e+04 1.689234956657757475e-35
2.191000000000000000e+04 3.553499926893212459e-36
2.305000000000000000e+04 2.818954249240193049e-41
2.425000000000000000e+04 6.189609429845696311e-42
2.552000000000000000e+04 1.008582662002002073e-47
2.684000000000000000e+04 2.309105159389870028e-48
2.824000000000000000e+04 6.011055722473177374e-55
2.971000000000000000e+04 1.801024560481086565e-55
3.126000000000000000e+04 1.623856845667564625e-56
3.289000000000000000e+04 1.887352341112567321e-63
3.460000000000000000e+04 2.623561609147482674e-64
3.640000000000000000e+04 2.741068035799630693e-72
3.830000000000000000e+04 4.578950575404036685e-73
4.029000000000000000e+04 3.082450363519222101e-82
4.239000000000000000e+04 5.755756425820350573e-83
4.460000000000000000e+04 2.360105771290341770e-93
4.692000000000000000e+04 4.747560442019253423e-94
4.936000000000000000e+04 1.049146131427893009e-105
5.193000000000000000e+04 2.272273990811869688e-106
5.464000000000000000e+04 1.699093827807384623e-119
5.748000000000000000e+04 3.674401419539478364e-120
6.047000000000000000e+04 6.629296588004460465e-135
6.362000000000000000e+04 1.684376598145196121e-135
6.693000000000000000e+04 7.391041163657453079e-137
7.042000000000000000e+04 1.432608229616504602e-152
7.409000000000000000e+04 1.588291678116625230e-153
7.794000000000000000e+04 1.413164511142393365e-171
8.200000000000000000e+04 2.130157147124443626e-172
8.627000000000000000e+04 6.693978333748333310e-193
9.076000000000000000e+04 1.194009434887520785e-193
9.549000000000000000e+04 1.286932728232552912e-216
1.005000000000000000e+05 2.405128953637638983e-217
1.057000000000000000e+05 5.385622061885108438e-243
1.112000000000000000e+05 1.113923351694417617e-243
1.170000000000000000e+05 1.781130676127730880e-272
1.231000000000000000e+05 3.793093705796304485e-273
1.295000000000000000e+05 2.128903225919510876e-305
1.362000000000000000e+05 4.830674906934379724e-306
1.433000000000000000e+05 0.000000000000000000e+00
1.508000000000000000e+05 0.000000000000000000e+00
1.586000000000000000e+05 0.000000000000000000e+00
1.669000000000000000e+05 0.000000000000000000e+00
1.756000000000000000e+05 0.000000000000000000e+00
1.847000000000000000e+05 0.000000000000000000e+00
1.943000000000000000e+05 0.000000000000000000e+00
2.045000000000000000e+05 0.000000000000000000e+00
2.151000000000000000e+05 0.000000000000000000e+00
2.263000000000000000e+05 0.000000000000000000e+00
2.381000000000000000e+05 0.000000000000000000e+00
2.505000000000000000e+05 0.000000000000000000e+00
2.635000000000000000e+05 0.000000000000000000e+00
2.773000000000000000e+05 0.000000000000000000e+00
2.917000000000000000e+05 0.000000000000000000e+00
3.069000000000000000e+05 0.000000000000000000e+00
3.229000000000000000e+05 0.000000000000000000e+00
3.397000000000000000e+05 0.000000000000000000e+00
3.574000000000000000e+05 0.000000000000000000e+00
3.760000000000000000e+05 0.000000000000000000e+00
3.955000000000000000e+05 0.000000000000000000e+00
4.161000000000000000e+05 0.000000000000000000e+00
4.378000000000000000e+05 0.000000000000000000e+00
4.606000000000000000e+05 0.000000000000000000e+00
4.846000000000000000e+05 0.000000000000000000e+00
5.098000000000000000e+05 0.000000000000000000e+00
5.364000000000000000e+05 0.000000000000000000e+00
5.643000000000000000e+05 0.000000000000000000e+00
5.937000000000000000e+05 0.000000000000000000e+00
6.246000000000000000e+05 0.000000000000000000e+00
6.571000000000000000e+05 0.000000000000000000e+00
6.913000000000000000e+05 0.000000000000000000e+00
7.273000000000000000e+05 0.000000000000000000e+00
7.652000000000000000e+05 0.000000000000000000e+00
8.050000000000000000e+05 0.000000000000000000e+00
8.469000000000000000e+05 0.000000000000000000e+00
8.910000000000000000e+05 0.000000000000000000e+00
9.374000000000000000e+05 0.000000000000000000e+00
9.863000000000000000e+05 0.000000000000000000e+00
1.038000000000000000e+06 0.000000000000000000e+00
1.092000000000000000e+06 0.000000000000000000e+00
1.148000000000000000e+06 0.000000000000000000e+00
1.208000000000000000e+06 0.000000000000000000e+00
1.271000000000000000e+06 0.000000000000000000e+00
1.337000000000000000e+06 0.000000000000000000e+00
1.407000000000000000e+06 0.000000000000000000e+00
1.480000000000000000e+06 0.000000000000000000e+00
1.557000000000000000e+06 0.000000000000000000e+00
1.638000000000000000e+06 0.000000000000000000e+00
1.724000000000000000e+06 0.000000000000000000e+00
1.814000000000000000e+06 0.000000000000000000e+00
1.908000000000000000e+06 0.000000000000000000e+00
2.007000000000000000e+06 0.000000000000000000e+00
2.112000000000000000e+06 0.000000000000000000e+00
2.222000000000000000e+06 0.000000000000000000e+00
2.337000000000000000e+06 0.000000000000000000e+00
2.459000000000000000e+06 0.000000000000000000e+00
2.587000000000000000e+06 0.000000000000000000e+00
2.722000000000000000e+06 0.000000000000000000e+00
2.864000000000000000e+06 0.000000000000000000e+00
3.013000000000000000e+06 0.000000000000000000e+00
3.170000000000000000e+06 0.000000000000000000e+00
3.335000000000000000e+06 0.000000000000000000e+00
3.508000000000000000e+06 0.000000000000000000e+00
3.691000000000000000e+06 0.000000000000000000e+00
3.883000000000000000e+06 0.000000000000000000e+00
4.085000000000000000e+06 0.000000000000000000e+00
4.298000000000000000e+06 0.000000000000000000e+00
4.522000000000000000e+06 0.000000000000000000e+00
4.757000000000000000e+06 0.000000000000000000e+00
5.005000000000000000e+06 0.000000000000000000e+00
5.266000000000000000e+06 0.000000000000000000e+00
5.540000000000000000e+06 0.000000000000000000e+00
5.828000000000000000e+06 0.000000000000000000e+00
6.132000000000000000e+06 0.000000000000000000e+00
6.451000000000000000e+06 0.000000000000000000e+00
6.787000000000000000e+06 0.000000000000000000e+00
7.140000000000000000e+06 0.000000000000000000e+00
7.512000000000000000e+06 0.000000000000000000e+00
7.903000000000000000e+06 0.000000000000000000e+00
8.315000000000000000e+06 0.000000000000000000e+00
8.748000000000000000e+06 0.000000000000000000e+00
9.203000000000000000e+06 0.000000000000000000e+00
9.682000000000000000e+06 0.000000000000000000e+00
1.019000000000000000e+07 0.000000000000000000e+00
1.072000000000000000e+07 0.000000000000000000e+00
1.127000000000000000e+07 0.000000000000000000e+00
1.186000000000000000e+07 0.000000000000000000e+00
1.248000000000000000e+07 0.000000000000000000e+00
1.313000000000000000e+07 0.000000000000000000e+00
1.381000000000000000e+07 0.000000000000000000e+00
1.453000000000000000e+07 0.000000000000000000e+00
1.529000000000000000e+07 0.000000000000000000e+00
1.608000000000000000e+07 0.000000000000000000e+00
1.692000000000000000e+07 0.000000000000000000e+00
1.780000000000000000e+07 0.000000000000000000e+00
1.873000000000000000e+07 0.000000000000000000e+00
1.971000000000000000e+07 0.000000000000000000e+00
2.073000000000000000e+07 0.000000000000000000e+00
2.181000000000000000e+07 0.000000000000000000e+00
2.295000000000000000e+07 0.000000000000000000e+00
2.414000000000000000e+07 0.000000000000000000e+00
2.540000000000000000e+07 0.000000000000000000e+00
2.672000000000000000e+07 0.000000000000000000e+00
2.811000000000000000e+07 0.000000000000000000e+00
2.958000000000000000e+07 0.000000000000000000e+00
3.112000000000000000e+07 0.000000000000000000e+00
3.274000000000000000e+07 0.000000000000000000e+00
3.444000000000000000e+07 0.000000000000000000e+00
3.623000000000000000e+07 0.000000000000000000e+00
3.812000000000000000e+07 0.000000000000000000e+00
4.011000000000000000e+07 0.000000000000000000e+00
4.219000000000000000e+07 0.000000000000000000e+00
4.439000000000000000e+07 0.000000000000000000e+00
4.670000000000000000e+07 0.000000000000000000e+00
4.913000000000000000e+07 0.000000000000000000e+00
5.169000000000000000e+07 0.000000000000000000e+00
5.438000000000000000e+07 0.000000000000000000e+00
5.722000000000000000e+07 0.000000000000000000e+00
6.019000000000000000e+07 0.000000000000000000e+00
6.333000000000000000e+07 0.000000000000000000e+00
6.663000000000000000e+07 0.000000000000000000e+00
7.010000000000000000e+07 0.000000000000000000e+00
7.375000000000000000e+07 0.000000000000000000e+00
7.759000000000000000e+07 0.000000000000000000e+00
8.163000000000000000e+07 0.000000000000000000e+00
8.588000000000000000e+07 0.000000000000000000e+00
9.035000000000000000e+07 0.000000000000000000e+00
9.505000000000000000e+07 0.000000000000000000e+00
1.000000000000000000e+08 0.000000000000000000e+00
