Hawking primary spectra for each particle types.
energy/particle         photon         gluons          higgs            W+-             Z0      neutrinos       electron           muon            tau             up           down          charm        strange            top         bottom       graviton
    7.10000e-05    3.15743e+13    0.00000e+00    0.00000e+00    0.00000e+00    0.00000e+00    2.89433e+17    0.00000e+00    0.00000e+00    0.00000e+00    0.00000e+00    0.00000e+00    0.00000e+00    0.00000e+00    0.00000e+00    0.00000e+00    9.21227e+05
    7.91112e-05    4.33293e+13    0.00000e+00    0.00000e+00    0.00000e+00    0.00000e+00    3.56685e+17    0.00000e+00    0.00000e+00    0.00000e+00    0.00000e+00    0.00000e+00    0.00000e+00    0.00000e+00    0.00000e+00    0.00000e+00    1.58802e+06
    8.81491e-05    5.94605e+13    0.00000e+00    0.00000e+00    0.00000e+00    0.00000e+00    4.39563e+17    0.00000e+00    0.00000e+00    0.00000e+00    0.00000e+00    0.00000e+00    0.00000e+00    0.00000e+00    0.00000e+00    0.00000e+00    2.73746e+06
    9.82196e-05    8.15974e+13    0.00000e+00    0.00000e+00    0.00000e+00    0.00000e+00    5.41699e+17    0.00000e+00    0.00000e+00    0.00000e+00    0.00000e+00    0.00000e+00    0.00000e+00    0.00000e+00    0.00000e+00    0.00000e+00    4.71887e+06
    1.09440e-04    1.11976e+14    0.00000e+00    0.00000e+00    0.00000e+00    0.00000e+00    6.67567e+17    0.00000e+00    0.00000e+00    0.00000e+00    0.00000e+00    0.00000e+00    0.00000e+00    0.00000e+00    0.00000e+00    0.00000e+00    8.13446e+06
    1.21943e-04    1.53664e+14    0.00000e+00    0.00000e+00    0.00000e+00    0.00000e+00    8.22682e+17    0.00000e+00    0.00000e+00    0.00000e+00    0.00000e+00    0.00000e+00    0.00000e+00    0.00000e+00    0.00000e+00    0.00000e+00    1.40223e+07
    1.35874e-04    2.10872e+14    0.00000e+00    0.00000e+00    0.00000e+00    0.00000e+00    1.01384e+18    0.00000e+00    0.00000e+00    0.00000e+00    0.00000e+00    0.00000e+00    0.00000e+00    0.00000e+00    0.00000e+00    0.00000e+00    2.41718e+07
    1.51397e-04    2.89379e+14    0.00000e+00    0.00000e+00    0.00000e+00    0.00000e+00    1.24941e+18    0.00000e+00    0.00000e+00    0.00000e+00    0.00000e+00    0.00000e+00    0.00000e+00    0.00000e+00    0.00000e+00    0.00000e+00    4.16678e+07
    1.68693e-04    3.97113e+14    0.00000e+00    0.00000e+00    0.00000e+00    0.00000e+00    1.53972e+18    0.00000e+00    0.00000e+00    0.00000e+00    0.00000e+00    0.00000e+00    0.00000e+00    0.00000e+00    0.00000e+00    0.00000e+00    7.18275e+07
    1.87965e-04    5.44957e+14    0.00000e+00    0.00000e+00    0.00000e+00    0.00000e+00    1.89749e+18    0.00000e+00    0.00000e+00    0.00000e+00    0.00000e+00    0.00000e+00    0.00000e+00    0.00000e+00    0.00000e+00    0.00000e+00    1.23817e+08
    2.09439e-04    7.47841e+14    0.00000e+00    0.00000e+00    0.00000e+00    0.00000e+00    2.33839e+18    0.00000e+00    0.00000e+00    0.00000e+00    0.00000e+00    0.00000e+00    0.00000e+00    0.00000e+00    0.00000e+00    0.00000e+00    2.13438e+08
    2.33366e-04    1.02626e+15    0.00000e+00    0.00000e+00    0.00000e+00    0.00000e+00    2.88173e+18    0.00000e+00    0.00000e+00    0.00000e+00    0.00000e+00    0.00000e+00    0.00000e+00    0.00000e+00    0.00000e+00    0.00000e+00    3.67928e+08
    2.60026e-04    1.40833e+15    0.00000e+00    0.00000e+00    0.00000e+00    0.00000e+00    3.55132e+18    0.00000e+00    0.00000e+00    0.00000e+00    0.00000e+00    0.00000e+00    0.00000e+00    0.00000e+00    0.00000e+00    0.00000e+00    6.34239e+08
    2.89732e-04    1.93265e+15    0.00000e+00    0.00000e+00    0.00000e+00    0.00000e+00    4.37650e+18    0.00000e+00    0.00000e+00    0.00000e+00    0.00000e+00    0.00000e+00    0.00000e+00    0.00000e+00    0.00000e+00    0.00000e+00    1.09331e+09
    3.22832e-04    2.65216e+15    0.00000e+00    0.00000e+00    0.00000e+00    0.00000e+00    5.39342e+18    0.00000e+00    0.00000e+00    0.00000e+00    0.00000e+00    0.00000e+00    0.00000e+00    0.00000e+00    0.00000e+00    0.00000e+00    1.88466e+09
    3.59713e-04    3.63955e+15    0.00000e+00    0.00000e+00    0.00000e+00    0.00000e+00    6.64662e+18    0.00000e+00    0.00000e+00    0.00000e+00    0.00000e+00    0.00000e+00    0.00000e+00    0.00000e+00    0.00000e+00    0.00000e+00    3.24881e+09
    4.00808e-04    4.99453e+15    0.00000e+00    0.00000e+00    0.00000e+00    0.00000e+00    8.19102e+18    0.00000e+00    0.00000e+00    0.00000e+00    0.00000e+00    0.00000e+00    0.00000e+00    0.00000e+00    0.00000e+00    0.00000e+00    5.60035e+09
    4.46597e-04    6.85398e+15    0.00000e+00    0.00000e+00    0.00000e+00    0.00000e+00    1.00943e+19    0.00000e+00    0.00000e+00    0.00000e+00    0.00000e+00    0.00000e+00    0.00000e+00    0.00000e+00    0.00000e+00    0.00000e+00    9.65396e+09
    4.97618e-04    9.40568e+15    0.00000e+00    0.00000e+00    0.00000e+00    0.00000e+00    1.24398e+19    0.00000e+00    0.00000e+00    0.00000e+00    0.00000e+00    0.00000e+00    0.00000e+00    0.00000e+00    0.00000e+00    0.00000e+00    1.66416e+10
    5.54467e-04    1.29074e+16    0.00000e+00    0.00000e+00    0.00000e+00    0.00000e+00    1.53302e+19    1.02202e+19    0.00000e+00    0.00000e+00    0.00000e+00    0.00000e+00    0.00000e+00    0.00000e+00    0.00000e+00    0.00000e+00    2.86871e+10
    6.17811e-04    1.77127e+16    0.00000e+00    0.00000e+00    0.00000e+00    0.00000e+00    1.88923e+19    1.25949e+19    0.00000e+00    0.00000e+00    0.00000e+00    0.00000e+00    0.00000e+00    0.00000e+00    0.00000e+00    0.00000e+00    4.94512e+10
    6.88392e-04    2.43071e+16    0.00000e+00    0.00000e+00    0.00000e+00    0.00000e+00    2.32821e+19    1.55214e+19    0.00000e+00    0.00000e+00    0.00000e+00    0.00000e+00    0.00000e+00    0.00000e+00    0.00000e+00    0.00000e+00    8.52448e+10
    7.67035e-04    3.33565e+16    0.00000e+00    0.00000e+00    0.00000e+00    0.00000e+00    2.86919e+19    1.91279e+19    0.00000e+00    0.00000e+00    0.00000e+00    0.00000e+00    0.00000e+00    0.00000e+00    0.00000e+00    0.00000e+00    1.46946e+11
    8.54664e-04    4.57750e+16    0.00000e+00    0.00000e+00    0.00000e+00    0.00000e+00    3.53587e+19    2.35725e+19    0.00000e+00    0.00000e+00    0.00000e+00    0.00000e+00    0.00000e+00    0.00000e+00    0.00000e+00    0.00000e+00    2.53308e+11
    9.52303e-04    6.15933e+16    0.00000e+00    0.00000e+00    0.00000e+00    0.00000e+00    4.32218e+19    2.88146e+19    0.00000e+00    0.00000e+00    0.00000e+00    0.00000e+00    0.00000e+00    0.00000e+00    0.00000e+00    0.00000e+00    3.88998e+11
    1.06110e-03    8.86695e+16    0.00000e+00    0.00000e+00    0.00000e+00    0.00000e+00    5.34552e+19    3.56368e+19    0.00000e+00    0.00000e+00    0.00000e+00    0.00000e+00    0.00000e+00    0.00000e+00    0.00000e+00    0.00000e+00    6.82735e+11
    1.18232e-03    1.22576e+17    0.00000e+00    0.00000e+00    0.00000e+00    0.00000e+00    6.60899e+19    4.40599e+19    0.00000e+00    0.00000e+00    0.00000e+00    0.00000e+00    0.00000e+00    0.00000e+00    0.00000e+00    0.00000e+00    1.29313e+12
    1.31739e-03    1.63229e+17    0.00000e+00    0.00000e+00    0.00000e+00    0.00000e+00    8.16781e+19    5.44521e+19    0.00000e+00    0.00000e+00    0.00000e+00    0.00000e+00    0.00000e+00    0.00000e+00    0.00000e+00    0.00000e+00    2.50656e+12
    1.46789e-03    2.17374e+17    0.00000e+00    0.00000e+00    0.00000e+00    0.00000e+00    1.00887e+20    6.72577e+19    0.00000e+00    0.00000e+00    0.00000e+00    0.00000e+00    0.00000e+00    0.00000e+00    0.00000e+00    0.00000e+00    4.48976e+12
    1.63559e-03    3.00187e+17    0.00000e+00    0.00000e+00    0.00000e+00    0.00000e+00    1.24551e+20    8.30339e+19    0.00000e+00    0.00000e+00    0.00000e+00    0.00000e+00    0.00000e+00    0.00000e+00    0.00000e+00    0.00000e+00    7.15067e+12
    1.82244e-03    4.24474e+17    0.00000e+00    0.00000e+00    0.00000e+00    0.00000e+00    1.53632e+20    1.02421e+20    0.00000e+00    0.00000e+00    0.00000e+00    0.00000e+00    0.00000e+00    0.00000e+00    0.00000e+00    0.00000e+00    1.13236e+13
    2.03065e-03    5.85094e+17    0.00000e+00    0.00000e+00    0.00000e+00    0.00000e+00    1.89416e+20    1.26277e+20    0.00000e+00    0.00000e+00    0.00000e+00    0.00000e+00    0.00000e+00    0.00000e+00    0.00000e+00    0.00000e+00    1.99420e+13
    2.26263e-03    7.85665e+17    0.00000e+00    0.00000e+00    0.00000e+00    0.00000e+00    2.33288e+20    1.55526e+20    0.00000e+00    0.00000e+00    4.66577e+20    0.00000e+00    0.00000e+00    0.00000e+00    0.00000e+00    0.00000e+00    3.59433e+13
    2.52112e-03    1.08684e+18    0.00000e+00    0.00000e+00    0.00000e+00    0.00000e+00    2.87163e+20    1.91442e+20    0.00000e+00    0.00000e+00    5.74327e+20    0.00000e+00    0.00000e+00    0.00000e+00    0.00000e+00    0.00000e+00    5.87755e+13
    2.80914e-03    1.50224e+18    0.00000e+00    0.00000e+00    0.00000e+00    0.00000e+00    3.53002e+20    2.35335e+20    0.00000e+00    0.00000e+00    7.06005e+20    0.00000e+00    0.00000e+00    0.00000e+00    0.00000e+00    0.00000e+00    9.88299e+13
    3.13007e-03    2.03215e+18    0.00000e+00    0.00000e+00    0.00000e+00    0.00000e+00    4.33620e+20    2.89080e+20    0.00000e+00    0.00000e+00    8.67240e+20    0.00000e+00    0.00000e+00    0.00000e+00    0.00000e+00    0.00000e+00    1.74005e+14
    3.48765e-03    2.80922e+18    0.00000e+00    0.00000e+00    0.00000e+00    0.00000e+00    5.31835e+20    3.54557e+20    0.00000e+00    0.00000e+00    1.06367e+21    0.00000e+00    0.00000e+00    0.00000e+00    0.00000e+00    0.00000e+00    2.85495e+14
    3.88609e-03    3.80859e+18    0.00000e+00    0.00000e+00    0.00000e+00    0.00000e+00    6.51560e+20    4.34373e+20    0.00000e+00    0.00000e+00    1.30312e+21    0.00000e+00    0.00000e+00    0.00000e+00    0.00000e+00    0.00000e+00    4.97719e+14
    4.33005e-03    5.23218e+18    0.00000e+00    0.00000e+00    0.00000e+00    0.00000e+00    7.96888e+20    5.31258e+20    0.00000e+00    0.00000e+00    1.59378e+21    0.00000e+00    0.00000e+00    0.00000e+00    0.00000e+00    0.00000e+00    8.25385e+14
    4.82473e-03    7.10076e+18    0.00000e+00    0.00000e+00    0.00000e+00    0.00000e+00    9.73096e+20    6.48731e+20    0.00000e+00    0.00000e+00    1.94619e+21    1.94619e+21    0.00000e+00    0.00000e+00    0.00000e+00    0.00000e+00    1.41318e+15
    5.37592e-03    9.66793e+18    0.00000e+00    0.00000e+00    0.00000e+00    0.00000e+00    1.18599e+21    7.90663e+20    0.00000e+00    0.00000e+00    2.37199e+21    2.37199e+21    0.00000e+00    0.00000e+00    0.00000e+00    0.00000e+00    2.38778e+15
    5.99008e-03    1.31671e+19    0.00000e+00    0.00000e+00    0.00000e+00    0.00000e+00    1.44248e+21    9.61651e+20    0.00000e+00    0.00000e+00    2.88495e+21    2.88495e+21    0.00000e+00    0.00000e+00    0.00000e+00    0.00000e+00    3.99577e+15
    6.67441e-03    1.78660e+19    0.00000e+00    0.00000e+00    0.00000e+00    0.00000e+00    1.75055e+21    1.16703e+21    0.00000e+00    0.00000e+00    3.50110e+21    3.50110e+21    0.00000e+00    0.00000e+00    0.00000e+00    0.00000e+00    6.72067e+15
    7.43691e-03    2.41870e+19    0.00000e+00    0.00000e+00    0.00000e+00    0.00000e+00    2.11895e+21    1.41264e+21    0.00000e+00    0.00000e+00    4.23791e+21    4.23791e+21    0.00000e+00    0.00000e+00    0.00000e+00    0.00000e+00    1.12720e+16
    8.28652e-03    3.26832e+19    0.00000e+00    0.00000e+00    0.00000e+00    0.00000e+00    2.55834e+21    1.70556e+21    0.00000e+00    0.00000e+00    5.11669e+21    5.11669e+21    0.00000e+00    0.00000e+00    0.00000e+00    0.00000e+00    1.89251e+16
    9.23320e-03    4.40411e+19    0.00000e+00    0.00000e+00    0.00000e+00    0.00000e+00    3.07949e+21    2.05299e+21    0.00000e+00    0.00000e+00    6.15897e+21    6.15897e+21    0.00000e+00    0.00000e+00    0.00000e+00    0.00000e+00    3.16092e+16
    1.02880e-02    5.92851e+19    0.00000e+00    0.00000e+00    0.00000e+00    0.00000e+00    3.69612e+21    2.46408e+21    0.00000e+00    0.00000e+00    7.39223e+21    7.39223e+21    0.00000e+00    0.00000e+00    0.00000e+00    0.00000e+00    5.27399e+16
    1.14634e-02    7.95730e+19    0.00000e+00    0.00000e+00    0.00000e+00    0.00000e+00    4.42117e+21    2.94745e+21    0.00000e+00    0.00000e+00    8.84234e+21    8.84234e+21    0.00000e+00    0.00000e+00    0.00000e+00    0.00000e+00    8.73237e+16
    1.27730e-02    1.06550e+20    0.00000e+00    0.00000e+00    0.00000e+00    0.00000e+00    5.27155e+21    3.51437e+21    0.00000e+00    0.00000e+00    1.05431e+22    1.05431e+22    0.00000e+00    0.00000e+00    0.00000e+00    0.00000e+00    1.45024e+17
    1.42322e-02    1.42197e+20    0.00000e+00    0.00000e+00    0.00000e+00    0.00000e+00    6.26171e+21    4.17448e+21    0.00000e+00    0.00000e+00    1.25234e+22    1.25234e+22    0.00000e+00    0.00000e+00    0.00000e+00    0.00000e+00    2.39008e+17
    1.58581e-02    1.89303e+20    0.00000e+00    0.00000e+00    0.00000e+00    0.00000e+00    7.40720e+21    4.93813e+21    0.00000e+00    0.00000e+00    1.48144e+22    1.48144e+22    0.00000e+00    0.00000e+00    0.00000e+00    0.00000e+00    3.93609e+17
    1.76698e-02    2.51074e+20    0.00000e+00    0.00000e+00    0.00000e+00    0.00000e+00    8.71366e+21    5.80910e+21    0.00000e+00    0.00000e+00    1.74273e+22    1.74273e+22    0.00000e+00    0.00000e+00    0.00000e+00    0.00000e+00    6.44022e+17
    1.96884e-02    3.31737e+20    0.00000e+00    0.00000e+00    0.00000e+00    0.00000e+00    1.01647e+22    6.77649e+21    0.00000e+00    0.00000e+00    2.03295e+22    2.03295e+22    0.00000e+00    0.00000e+00    0.00000e+00    0.00000e+00    1.05202e+18
    2.19377e-02    4.36253e+20    0.00000e+00    0.00000e+00    0.00000e+00    0.00000e+00    1.16887e+22    7.79246e+21    0.00000e+00    0.00000e+00    2.33774e+22    2.33774e+22    0.00000e+00    0.00000e+00    0.00000e+00    0.00000e+00    1.70849e+18
    2.44439e-02    5.69970e+20    0.00000e+00    0.00000e+00    0.00000e+00    0.00000e+00    1.30967e+22    8.73113e+21    0.00000e+00    0.00000e+00    2.61934e+22    2.61934e+22    0.00000e+00    0.00000e+00    0.00000e+00    0.00000e+00    2.76544e+18
    2.72365e-02    7.37722e+20    0.00000e+00    0.00000e+00    0.00000e+00    0.00000e+00    1.40138e+22    9.34254e+21    0.00000e+00    0.00000e+00    2.80276e+22    2.80276e+22    0.00000e+00    0.00000e+00    0.00000e+00    0.00000e+00    4.45373e+18
    3.03481e-02    9.39047e+20    0.00000e+00    0.00000e+00    0.00000e+00    0.00000e+00    1.38981e+22    9.26540e+21    0.00000e+00    0.00000e+00    2.77962e+22    2.77962e+22    0.00000e+00    0.00000e+00    0.00000e+00    0.00000e+00    7.13209e+18
    3.38151e-02    1.15758e+21    0.00000e+00    0.00000e+00    0.00000e+00    0.00000e+00    1.23071e+22    8.20471e+21    0.00000e+00    0.00000e+00    2.46141e+22    2.46141e+22    0.00000e+00    0.00000e+00    0.00000e+00    0.00000e+00    1.13741e+19
    3.76782e-02    1.33837e+21    0.00000e+00    0.00000e+00    0.00000e+00    0.00000e+00    9.45930e+21    6.30620e+21    0.00000e+00    0.00000e+00    1.89186e+22    1.89186e+22    0.00000e+00    0.00000e+00    0.00000e+00    0.00000e+00    1.79944e+19
    4.19827e-02    1.36171e+21    0.00000e+00    0.00000e+00    0.00000e+00    0.00000e+00    6.24993e+21    4.16662e+21    0.00000e+00    0.00000e+00    1.24999e+22    1.24999e+22    0.00000e+00    0.00000e+00    0.00000e+00    0.00000e+00    2.82753e+19
    4.67789e-02    1.12644e+21    0.00000e+00    0.00000e+00    0.00000e+00    0.00000e+00    3.59408e+21    2.39606e+21    0.00000e+00    0.00000e+00    7.18817e+21    7.18817e+21    0.00000e+00    0.00000e+00    0.00000e+00    0.00000e+00    4.37583e+19
    5.21231e-02    7.16248e+20    0.00000e+00    0.00000e+00    0.00000e+00    0.00000e+00    1.89096e+21    1.26064e+21    0.00000e+00    0.00000e+00    3.78192e+21    3.78192e+21    0.00000e+00    0.00000e+00    0.00000e+00    0.00000e+00    6.58808e+19
    5.80778e-02    3.59391e+20    0.00000e+00    0.00000e+00    0.00000e+00    0.00000e+00    9.64065e+20    6.42710e+20    0.00000e+00    0.00000e+00    1.92813e+21    1.92813e+21    0.00000e+00    0.00000e+00    0.00000e+00    0.00000e+00    9.11322e+19
    6.47128e-02    1.56061e+20    0.00000e+00    0.00000e+00    0.00000e+00    0.00000e+00    5.12626e+20    3.41750e+20    0.00000e+00    0.00000e+00    1.02525e+21    1.02525e+21    0.00000e+00    0.00000e+00    0.00000e+00    0.00000e+00    9.80648e+19
    7.21057e-02    6.46323e+19    0.00000e+00    0.00000e+00    0.00000e+00    0.00000e+00    2.48881e+20    1.65921e+20    0.00000e+00    0.00000e+00    4.97762e+20    4.97762e+20    0.00000e+00    0.00000e+00    0.00000e+00    0.00000e+00    6.46119e+19
    8.03433e-02    2.84480e+19    0.00000e+00    0.00000e+00    0.00000e+00    0.00000e+00    9.38698e+19    6.25798e+19    0.00000e+00    0.00000e+00    1.87740e+20    1.87740e+20    0.00000e+00    0.00000e+00    0.00000e+00    0.00000e+00    2.57267e+19
    8.95219e-02    1.05518e+19    0.00000e+00    0.00000e+00    0.00000e+00    0.00000e+00    2.87879e+19    1.91920e+19    0.00000e+00    0.00000e+00    5.75759e+19    5.75759e+19    0.00000e+00    0.00000e+00    0.00000e+00    0.00000e+00    7.71594e+18
    9.97492e-02    2.84146e+18    0.00000e+00    0.00000e+00    0.00000e+00    0.00000e+00    8.74898e+18    5.83265e+18    0.00000e+00    0.00000e+00    1.74980e+19    1.74980e+19    0.00000e+00    1.74980e+19    0.00000e+00    0.00000e+00    2.26187e+18
    1.11145e-01    6.85555e+17    0.00000e+00    0.00000e+00    0.00000e+00    0.00000e+00    2.32624e+18    1.55083e+18    1.55083e+18    0.00000e+00    4.65249e+18    4.65249e+18    0.00000e+00    4.65249e+18    0.00000e+00    0.00000e+00    6.90787e+17
    1.23842e-01    1.55951e+17    0.00000e+00    0.00000e+00    0.00000e+00    0.00000e+00    4.36480e+17    2.90987e+17    2.90987e+17    0.00000e+00    8.72961e+17    8.72961e+17    0.00000e+00    8.72961e+17    0.00000e+00    0.00000e+00    1.37752e+17
    1.37990e-01    2.45993e+16    0.00000e+00    0.00000e+00    0.00000e+00    0.00000e+00    7.82589e+16    5.21726e+16    5.21726e+16    0.00000e+00    1.56518e+17    1.56518e+17    0.00000e+00    1.56518e+17    0.00000e+00    0.00000e+00    2.24949e+16
    1.53755e-01    3.38076e+15    0.00000e+00    0.00000e+00    0.00000e+00    0.00000e+00    1.00037e+16    6.66916e+15    6.66916e+15    0.00000e+00    2.00075e+16    2.00075e+16    0.00000e+00    2.00075e+16    0.00000e+00    0.00000e+00    3.29236e+15
    1.71320e-01    3.51307e+14    0.00000e+00    0.00000e+00    0.00000e+00    0.00000e+00    1.08209e+15    7.21394e+14    7.21394e+14    0.00000e+00    2.16418e+15    2.16418e+15    0.00000e+00    2.16418e+15    0.00000e+00    0.00000e+00    3.27677e+14
    1.90892e-01    2.70288e+13    0.00000e+00    0.00000e+00    0.00000e+00    0.00000e+00    7.80070e+13    5.20047e+13    5.20047e+13    0.00000e+00    1.56014e+14    1.56014e+14    0.00000e+00    1.56014e+14    0.00000e+00    0.00000e+00    2.62221e+13
    2.12700e-01    1.56930e+12    1.25544e+13    0.00000e+00    0.00000e+00    0.00000e+00    4.97342e+12    3.31561e+12    3.31561e+12    0.00000e+00    9.94683e+12    9.94683e+12    0.00000e+00    9.94683e+12    0.00000e+00    0.00000e+00    1.54008e+12
    2.37000e-01    5.87831e+10    4.70265e+11    0.00000e+00    0.00000e+00    0.00000e+00    1.76155e+11    1.17437e+11    1.17437e+11    0.00000e+00    3.52310e+11    3.52310e+11    0.00000e+00    3.52310e+11    0.00000e+00    0.00000e+00    5.64017e+10
    2.64076e-01    1.81127e+09    1.44902e+10    0.00000e+00    0.00000e+00    0.00000e+00    5.26084e+09    3.50723e+09    3.50723e+09    0.00000e+00    1.05217e+10    1.05217e+10    0.00000e+00    1.05217e+10    0.00000e+00    0.00000e+00    1.77462e+09
    2.94244e-01    2.94395e+07    2.35516e+08    0.00000e+00    0.00000e+00    0.00000e+00    8.67258e+07    5.78172e+07    5.78172e+07    0.00000e+00    1.73452e+08    1.73452e+08    0.00000e+00    1.73452e+08    0.00000e+00    0.00000e+00    2.91553e+07
    3.27860e-01    3.41345e+05    2.73076e+06    0.00000e+00    0.00000e+00    0.00000e+00    1.01640e+06    6.77599e+05    6.77599e+05    0.00000e+00    2.03280e+06    2.03280e+06    0.00000e+00    2.03280e+06    0.00000e+00    0.00000e+00    3.40459e+05
    3.65315e-01    2.15311e+03    1.72249e+04    0.00000e+00    0.00000e+00    0.00000e+00    6.39504e+03    4.26336e+03    4.26336e+03    0.00000e+00    1.27901e+04    1.27901e+04    0.00000e+00    1.27901e+04    0.00000e+00    0.00000e+00    2.13931e+03
    4.07050e-01    7.32174e+00    5.85739e+01    0.00000e+00    0.00000e+00    0.00000e+00    2.15604e+01    1.43736e+01    1.43736e+01    0.00000e+00    4.31208e+01    4.31208e+01    0.00000e+00    4.31208e+01    0.00000e+00    0.00000e+00    7.22971e+00
    4.53552e-01    1.37794e-02    1.10235e-01    0.00000e+00    0.00000e+00    0.00000e+00    4.10198e-02    2.73466e-02    2.73466e-02    0.00000e+00    8.20397e-02    8.20397e-02    0.00000e+00    8.20397e-02    0.00000e+00    0.00000e+00    1.39221e-02
    5.05368e-01    1.38028e-05    1.10423e-04    0.00000e+00    0.00000e+00    0.00000e+00    4.08311e-05    2.72207e-05    2.72207e-05    0.00000e+00    8.16622e-05    8.16622e-05    0.00000e+00    8.16622e-05    0.00000e+00    0.00000e+00    1.40787e-05
    5.63102e-01    6.40828e-09    5.12662e-08    0.00000e+00    0.00000e+00    0.00000e+00    1.89376e-08    1.26251e-08    1.26251e-08    0.00000e+00    3.78752e-08    3.78752e-08    0.00000e+00    3.78752e-08    0.00000e+00    0.00000e+00    6.65784e-09
    6.27433e-01    1.08515e-12    8.68120e-12    0.00000e+00    0.00000e+00    0.00000e+00    3.17991e-12    2.11994e-12    2.11994e-12    0.00000e+00    6.35983e-12    6.35983e-12    0.00000e+00    6.35983e-12    0.00000e+00    0.00000e+00    1.12666e-12
    6.99112e-01    8.63849e-17    6.91079e-16    0.00000e+00    0.00000e+00    0.00000e+00    2.50474e-16    1.66983e-16    1.66983e-16    0.00000e+00    5.00948e-16    5.00948e-16    0.00000e+00    5.00948e-16    0.00000e+00    0.00000e+00    9.15209e-17
    7.78981e-01    2.07185e-21    1.65748e-20    0.00000e+00    0.00000e+00    0.00000e+00    6.01526e-21    4.01017e-21    4.01017e-21    0.00000e+00    1.20305e-20    1.20305e-20    0.00000e+00    1.20305e-20    0.00000e+00    0.00000e+00    2.25782e-21
    8.67974e-01    1.37463e-26    1.09970e-25    0.00000e+00    0.00000e+00    0.00000e+00    3.98687e-26    2.65791e-26    2.65791e-26    0.00000e+00    7.97374e-26    7.97374e-26    0.00000e+00    7.97374e-26    0.00000e+00    0.00000e+00    1.53082e-26
    9.67134e-01    2.43356e-32    1.94685e-31    0.00000e+00    0.00000e+00    0.00000e+00    7.01893e-32    4.67929e-32    4.67929e-32    0.00000e+00    1.40379e-31    1.40379e-31    0.00000e+00    1.40379e-31    0.00000e+00    0.00000e+00    2.77081e-32
    1.07762e+00    1.00213e-38    8.01705e-38    0.00000e+00    0.00000e+00    0.00000e+00    2.86243e-38    1.90828e-38    1.90828e-38    0.00000e+00    5.72485e-38    5.72485e-38    0.00000e+00    5.72485e-38    0.00000e+00    0.00000e+00    1.16980e-38
    1.20073e+00    7.67639e-46    6.14111e-45    0.00000e+00    0.00000e+00    0.00000e+00    2.13159e-45    1.42106e-45    1.42106e-45    0.00000e+00    4.26319e-45    4.26319e-45    0.00000e+00    4.26319e-45    0.00000e+00    0.00000e+00    8.98850e-46
    1.33791e+00    7.59666e-54    6.07732e-53    0.00000e+00    0.00000e+00    0.00000e+00    2.07262e-53    1.38175e-53    1.38175e-53    0.00000e+00    4.14524e-53    4.14524e-53    4.14524e-53    4.14524e-53    0.00000e+00    0.00000e+00    8.96160e-54
    1.49075e+00    1.17687e-62    9.41497e-62    0.00000e+00    0.00000e+00    0.00000e+00    3.25789e-62    2.17193e-62    2.17193e-62    0.00000e+00    6.51578e-62    6.51578e-62    6.51578e-62    6.51578e-62    0.00000e+00    0.00000e+00    1.49975e-62
    1.66106e+00    1.40483e-72    1.12386e-71    0.00000e+00    0.00000e+00    0.00000e+00    3.81380e-72    2.54253e-72    2.54253e-72    0.00000e+00    7.62760e-72    7.62760e-72    7.62760e-72    7.62760e-72    0.00000e+00    0.00000e+00    1.82105e-72
    1.85083e+00    1.45449e-83    1.16359e-82    0.00000e+00    0.00000e+00    0.00000e+00    3.78364e-83    2.52242e-83    2.52242e-83    2.52242e-83    7.56727e-83    7.56727e-83    7.56727e-83    7.56727e-83    0.00000e+00    0.00000e+00    1.89076e-83
    2.06227e+00    8.03180e-96    6.42544e-95    0.00000e+00    0.00000e+00    0.00000e+00    2.07791e-95    1.38527e-95    1.38527e-95    1.38527e-95    4.15582e-95    4.15582e-95    4.15582e-95    4.15582e-95    0.00000e+00    0.00000e+00    1.10758e-95
    2.29787e+00   1.92292e-109   1.53834e-108    0.00000e+00    0.00000e+00    0.00000e+00   5.10532e-109   3.40355e-109   3.40355e-109   3.40355e-109   1.02106e-108   1.02106e-108   1.02106e-108   1.02106e-108    0.00000e+00    0.00000e+00   2.96932e-109
    2.56039e+00   1.16572e-124   9.32578e-124    0.00000e+00    0.00000e+00    0.00000e+00   2.79514e-124   1.86343e-124   1.86343e-124   1.86343e-124   5.59028e-124   5.59028e-124   5.59028e-124   5.59028e-124    0.00000e+00    0.00000e+00   1.70085e-124
    2.85289e+00   1.41093e-141   1.12874e-140    0.00000e+00    0.00000e+00    0.00000e+00   3.25321e-141   2.16881e-141   2.16881e-141   2.16881e-141   6.50642e-141   6.50642e-141   6.50642e-141   6.50642e-141    0.00000e+00    0.00000e+00   2.14127e-141
    3.17881e+00   1.69731e-160   1.35785e-159    0.00000e+00    0.00000e+00    0.00000e+00   3.87349e-160   2.58233e-160   2.58233e-160   2.58233e-160   7.74698e-160   7.74698e-160   7.74698e-160   7.74698e-160    0.00000e+00    0.00000e+00   2.82144e-160
    3.54197e+00   1.70388e-181   1.36311e-180    0.00000e+00    0.00000e+00    0.00000e+00   3.98850e-181   2.65900e-181   2.65900e-181   2.65900e-181   7.97701e-181   7.97701e-181   7.97701e-181   7.97701e-181    0.00000e+00    0.00000e+00   3.25300e-181
    3.94662e+00   6.00684e-205   4.80547e-204    0.00000e+00    0.00000e+00    0.00000e+00   1.38777e-204   9.25183e-205   9.25183e-205   9.25183e-205   2.77555e-204   2.77555e-204   2.77555e-204   2.77555e-204    0.00000e+00    0.00000e+00   1.27446e-204
    4.39749e+00   4.42008e-231   3.53606e-230    0.00000e+00    0.00000e+00    0.00000e+00   8.72955e-231   5.81970e-231   5.81970e-231   5.81970e-231   1.74591e-230   1.74591e-230   1.74591e-230   1.74591e-230    0.00000e+00   1.74591e-230   8.91135e-231
    4.89987e+00   3.60892e-260   2.88713e-259    0.00000e+00    0.00000e+00    0.00000e+00   6.71466e-260   4.47644e-260   4.47644e-260   4.47644e-260   1.34293e-259   1.34293e-259   1.34293e-259   1.34293e-259    0.00000e+00   1.34293e-259   7.81443e-260
    5.45964e+00   1.18383e-292   9.47062e-292    0.00000e+00    0.00000e+00    0.00000e+00   2.55926e-292   1.70617e-292   1.70617e-292   1.70617e-292   5.11852e-292   5.11852e-292   5.11852e-292   5.11852e-292    0.00000e+00   5.11852e-292   3.70968e-292
    6.08337e+00    0.00000e+00    0.00000e+00    0.00000e+00    0.00000e+00    0.00000e+00    0.00000e+00    0.00000e+00    0.00000e+00    0.00000e+00    0.00000e+00    0.00000e+00    0.00000e+00    0.00000e+00    0.00000e+00    0.00000e+00    0.00000e+00
    6.77835e+00    0.00000e+00    0.00000e+00    0.00000e+00    0.00000e+00    0.00000e+00    0.00000e+00    0.00000e+00    0.00000e+00    0.00000e+00    0.00000e+00    0.00000e+00    0.00000e+00    0.00000e+00    0.00000e+00    0.00000e+00    0.00000e+00
    7.55273e+00    0.00000e+00    0.00000e+00    0.00000e+00    0.00000e+00    0.00000e+00    0.00000e+00    0.00000e+00    0.00000e+00    0.00000e+00    0.00000e+00    0.00000e+00    0.00000e+00    0.00000e+00    0.00000e+00    0.00000e+00    0.00000e+00
    8.41558e+00    0.00000e+00    0.00000e+00    0.00000e+00    0.00000e+00    0.00000e+00    0.00000e+00    0.00000e+00    0.00000e+00    0.00000e+00    0.00000e+00    0.00000e+00    0.00000e+00    0.00000e+00    0.00000e+00    0.00000e+00    0.00000e+00
    9.37700e+00    0.00000e+00    0.00000e+00    0.00000e+00    0.00000e+00    0.00000e+00    0.00000e+00    0.00000e+00    0.00000e+00    0.00000e+00    0.00000e+00    0.00000e+00    0.00000e+00    0.00000e+00    0.00000e+00    0.00000e+00    0.00000e+00
    1.04483e+01    0.00000e+00    0.00000e+00    0.00000e+00    0.00000e+00    0.00000e+00    0.00000e+00    0.00000e+00    0.00000e+00    0.00000e+00    0.00000e+00    0.00000e+00    0.00000e+00    0.00000e+00    0.00000e+00    0.00000e+00    0.00000e+00
    1.16419e+01    0.00000e+00    0.00000e+00    0.00000e+00    0.00000e+00    0.00000e+00    0.00000e+00    0.00000e+00    0.00000e+00    0.00000e+00    0.00000e+00    0.00000e+00    0.00000e+00    0.00000e+00    0.00000e+00    0.00000e+00    0.00000e+00
    1.29719e+01    0.00000e+00    0.00000e+00    0.00000e+00    0.00000e+00    0.00000e+00    0.00000e+00    0.00000e+00    0.00000e+00    0.00000e+00    0.00000e+00    0.00000e+00    0.00000e+00    0.00000e+00    0.00000e+00    0.00000e+00    0.00000e+00
    1.44538e+01    0.00000e+00    0.00000e+00    0.00000e+00    0.00000e+00    0.00000e+00    0.00000e+00    0.00000e+00    0.00000e+00    0.00000e+00    0.00000e+00    0.00000e+00    0.00000e+00    0.00000e+00    0.00000e+00    0.00000e+00    0.00000e+00
    1.61051e+01    0.00000e+00    0.00000e+00    0.00000e+00    0.00000e+00    0.00000e+00    0.00000e+00    0.00000e+00    0.00000e+00    0.00000e+00    0.00000e+00    0.00000e+00    0.00000e+00    0.00000e+00    0.00000e+00    0.00000e+00    0.00000e+00
    1.79450e+01    0.00000e+00    0.00000e+00    0.00000e+00    0.00000e+00    0.00000e+00    0.00000e+00    0.00000e+00    0.00000e+00    0.00000e+00    0.00000e+00    0.00000e+00    0.00000e+00    0.00000e+00    0.00000e+00    0.00000e+00    0.00000e+00
    1.99951e+01    0.00000e+00    0.00000e+00    0.00000e+00    0.00000e+00    0.00000e+00    0.00000e+00    0.00000e+00    0.00000e+00    0.00000e+00    0.00000e+00    0.00000e+00    0.00000e+00    0.00000e+00    0.00000e+00    0.00000e+00    0.00000e+00
    2.22794e+01    0.00000e+00    0.00000e+00    0.00000e+00    0.00000e+00    0.00000e+00    0.00000e+00    0.00000e+00    0.00000e+00    0.00000e+00    0.00000e+00    0.00000e+00    0.00000e+00    0.00000e+00    0.00000e+00    0.00000e+00    0.00000e+00
    2.48246e+01    0.00000e+00    0.00000e+00    0.00000e+00    0.00000e+00    0.00000e+00    0.00000e+00    0.00000e+00    0.00000e+00    0.00000e+00    0.00000e+00    0.00000e+00    0.00000e+00    0.00000e+00    0.00000e+00    0.00000e+00    0.00000e+00
    2.76606e+01    0.00000e+00    0.00000e+00    0.00000e+00    0.00000e+00    0.00000e+00    0.00000e+00    0.00000e+00    0.00000e+00    0.00000e+00    0.00000e+00    0.00000e+00    0.00000e+00    0.00000e+00    0.00000e+00    0.00000e+00    0.00000e+00
    3.08207e+01    0.00000e+00    0.00000e+00    0.00000e+00    0.00000e+00    0.00000e+00    0.00000e+00    0.00000e+00    0.00000e+00    0.00000e+00    0.00000e+00    0.00000e+00    0.00000e+00    0.00000e+00    0.00000e+00    0.00000e+00    0.00000e+00
    3.43417e+01    0.00000e+00    0.00000e+00    0.00000e+00    0.00000e+00    0.00000e+00    0.00000e+00    0.00000e+00    0.00000e+00    0.00000e+00    0.00000e+00    0.00000e+00    0.00000e+00    0.00000e+00    0.00000e+00    0.00000e+00    0.00000e+00
    3.82650e+01    0.00000e+00    0.00000e+00    0.00000e+00    0.00000e+00    0.00000e+00    0.00000e+00    0.00000e+00    0.00000e+00    0.00000e+00    0.00000e+00    0.00000e+00    0.00000e+00    0.00000e+00    0.00000e+00    0.00000e+00    0.00000e+00
    4.26365e+01    0.00000e+00    0.00000e+00    0.00000e+00    0.00000e+00    0.00000e+00    0.00000e+00    0.00000e+00    0.00000e+00    0.00000e+00    0.00000e+00    0.00000e+00    0.00000e+00    0.00000e+00    0.00000e+00    0.00000e+00    0.00000e+00
    4.75074e+01    0.00000e+00    0.00000e+00    0.00000e+00    0.00000e+00    0.00000e+00    0.00000e+00    0.00000e+00    0.00000e+00    0.00000e+00    0.00000e+00    0.00000e+00    0.00000e+00    0.00000e+00    0.00000e+00    0.00000e+00    0.00000e+00
    5.29348e+01    0.00000e+00    0.00000e+00    0.00000e+00    0.00000e+00    0.00000e+00    0.00000e+00    0.00000e+00    0.00000e+00    0.00000e+00    0.00000e+00    0.00000e+00    0.00000e+00    0.00000e+00    0.00000e+00    0.00000e+00    0.00000e+00
    5.89823e+01    0.00000e+00    0.00000e+00    0.00000e+00    0.00000e+00    0.00000e+00    0.00000e+00    0.00000e+00    0.00000e+00    0.00000e+00    0.00000e+00    0.00000e+00    0.00000e+00    0.00000e+00    0.00000e+00    0.00000e+00    0.00000e+00
    6.57206e+01    0.00000e+00    0.00000e+00    0.00000e+00    0.00000e+00    0.00000e+00    0.00000e+00    0.00000e+00    0.00000e+00    0.00000e+00    0.00000e+00    0.00000e+00    0.00000e+00    0.00000e+00    0.00000e+00    0.00000e+00    0.00000e+00
    7.32287e+01    0.00000e+00    0.00000e+00    0.00000e+00    0.00000e+00    0.00000e+00    0.00000e+00    0.00000e+00    0.00000e+00    0.00000e+00    0.00000e+00    0.00000e+00    0.00000e+00    0.00000e+00    0.00000e+00    0.00000e+00    0.00000e+00
    8.15945e+01    0.00000e+00    0.00000e+00    0.00000e+00    0.00000e+00    0.00000e+00    0.00000e+00    0.00000e+00    0.00000e+00    0.00000e+00    0.00000e+00    0.00000e+00    0.00000e+00    0.00000e+00    0.00000e+00    0.00000e+00    0.00000e+00
    9.09161e+01    0.00000e+00    0.00000e+00    0.00000e+00    0.00000e+00    0.00000e+00    0.00000e+00    0.00000e+00    0.00000e+00    0.00000e+00    0.00000e+00    0.00000e+00    0.00000e+00    0.00000e+00    0.00000e+00    0.00000e+00    0.00000e+00
    1.01303e+02    0.00000e+00    0.00000e+00    0.00000e+00    0.00000e+00    0.00000e+00    0.00000e+00    0.00000e+00    0.00000e+00    0.00000e+00    0.00000e+00    0.00000e+00    0.00000e+00    0.00000e+00    0.00000e+00    0.00000e+00    0.00000e+00
    1.12876e+02    0.00000e+00    0.00000e+00    0.00000e+00    0.00000e+00    0.00000e+00    0.00000e+00    0.00000e+00    0.00000e+00    0.00000e+00    0.00000e+00    0.00000e+00    0.00000e+00    0.00000e+00    0.00000e+00    0.00000e+00    0.00000e+00
    1.25771e+02    0.00000e+00    0.00000e+00    0.00000e+00    0.00000e+00    0.00000e+00    0.00000e+00    0.00000e+00    0.00000e+00    0.00000e+00    0.00000e+00    0.00000e+00    0.00000e+00    0.00000e+00    0.00000e+00    0.00000e+00    0.00000e+00
    1.40139e+02    0.00000e+00    0.00000e+00    0.00000e+00    0.00000e+00    0.00000e+00    0.00000e+00    0.00000e+00    0.00000e+00    0.00000e+00    0.00000e+00    0.00000e+00    0.00000e+00    0.00000e+00    0.00000e+00    0.00000e+00    0.00000e+00
    1.56149e+02    0.00000e+00    0.00000e+00    0.00000e+00    0.00000e+00    0.00000e+00    0.00000e+00    0.00000e+00    0.00000e+00    0.00000e+00    0.00000e+00    0.00000e+00    0.00000e+00    0.00000e+00    0.00000e+00    0.00000e+00    0.00000e+00
    1.73988e+02    0.00000e+00    0.00000e+00    0.00000e+00    0.00000e+00    0.00000e+00    0.00000e+00    0.00000e+00    0.00000e+00    0.00000e+00    0.00000e+00    0.00000e+00    0.00000e+00    0.00000e+00    0.00000e+00    0.00000e+00    0.00000e+00
    1.93865e+02    0.00000e+00    0.00000e+00    0.00000e+00    0.00000e+00    0.00000e+00    0.00000e+00    0.00000e+00    0.00000e+00    0.00000e+00    0.00000e+00    0.00000e+00    0.00000e+00    0.00000e+00    0.00000e+00    0.00000e+00    0.00000e+00
    2.16013e+02    0.00000e+00    0.00000e+00    0.00000e+00    0.00000e+00    0.00000e+00    0.00000e+00    0.00000e+00    0.00000e+00    0.00000e+00    0.00000e+00    0.00000e+00    0.00000e+00    0.00000e+00    0.00000e+00    0.00000e+00    0.00000e+00
    2.40691e+02    0.00000e+00    0.00000e+00    0.00000e+00    0.00000e+00    0.00000e+00    0.00000e+00    0.00000e+00    0.00000e+00    0.00000e+00    0.00000e+00    0.00000e+00    0.00000e+00    0.00000e+00    0.00000e+00    0.00000e+00    0.00000e+00
    2.68188e+02    0.00000e+00    0.00000e+00    0.00000e+00    0.00000e+00    0.00000e+00    0.00000e+00    0.00000e+00    0.00000e+00    0.00000e+00    0.00000e+00    0.00000e+00    0.00000e+00    0.00000e+00    0.00000e+00    0.00000e+00    0.00000e+00
    2.98827e+02    0.00000e+00    0.00000e+00    0.00000e+00    0.00000e+00    0.00000e+00    0.00000e+00    0.00000e+00    0.00000e+00    0.00000e+00    0.00000e+00    0.00000e+00    0.00000e+00    0.00000e+00    0.00000e+00    0.00000e+00    0.00000e+00
    3.32966e+02    0.00000e+00    0.00000e+00    0.00000e+00    0.00000e+00    0.00000e+00    0.00000e+00    0.00000e+00    0.00000e+00    0.00000e+00    0.00000e+00    0.00000e+00    0.00000e+00    0.00000e+00    0.00000e+00    0.00000e+00    0.00000e+00
    3.71004e+02    0.00000e+00    0.00000e+00    0.00000e+00    0.00000e+00    0.00000e+00    0.00000e+00    0.00000e+00    0.00000e+00    0.00000e+00    0.00000e+00    0.00000e+00    0.00000e+00    0.00000e+00    0.00000e+00    0.00000e+00    0.00000e+00
    4.13389e+02    0.00000e+00    0.00000e+00    0.00000e+00    0.00000e+00    0.00000e+00    0.00000e+00    0.00000e+00    0.00000e+00    0.00000e+00    0.00000e+00    0.00000e+00    0.00000e+00    0.00000e+00    0.00000e+00    0.00000e+00    0.00000e+00
    4.60616e+02    0.00000e+00    0.00000e+00    0.00000e+00    0.00000e+00    0.00000e+00    0.00000e+00    0.00000e+00    0.00000e+00    0.00000e+00    0.00000e+00    0.00000e+00    0.00000e+00    0.00000e+00    0.00000e+00    0.00000e+00    0.00000e+00
    5.13238e+02    0.00000e+00    0.00000e+00    0.00000e+00    0.00000e+00    0.00000e+00    0.00000e+00    0.00000e+00    0.00000e+00    0.00000e+00    0.00000e+00    0.00000e+00    0.00000e+00    0.00000e+00    0.00000e+00    0.00000e+00    0.00000e+00
    5.71872e+02    0.00000e+00    0.00000e+00    0.00000e+00    0.00000e+00    0.00000e+00    0.00000e+00    0.00000e+00    0.00000e+00    0.00000e+00    0.00000e+00    0.00000e+00    0.00000e+00    0.00000e+00    0.00000e+00    0.00000e+00    0.00000e+00
    6.37204e+02    0.00000e+00    0.00000e+00    0.00000e+00    0.00000e+00    0.00000e+00    0.00000e+00    0.00000e+00    0.00000e+00    0.00000e+00    0.00000e+00    0.00000e+00    0.00000e+00    0.00000e+00    0.00000e+00    0.00000e+00    0.00000e+00
    7.10000e+02    0.00000e+00    0.00000e+00    0.00000e+00    0.00000e+00    0.00000e+00    0.00000e+00    0.00000e+00    0.00000e+00    0.00000e+00    0.00000e+00    0.00000e+00    0.00000e+00    0.00000e+00    0.00000e+00    0.00000e+00    0.00000e+00
