1.774127155601597394e+01 9.149000369973185798e+01
1.874127155601597394e+01 1.028279205277483186e+02
1.974127155601597394e+01 1.147553267981259069e+02
2.074127155601597394e+01 1.271654751298960093e+02
2.174127155601597394e+01 1.399753671572353539e+02
2.274127155601597394e+01 1.529678350091119228e+02
2.374127155601597394e+01 1.660463352491391902e+02
2.474127155601597394e+01 1.789237977777789865e+02
2.574127155601597394e+01 1.913553171827138613e+02
2.674127155601597394e+01 2.031794975472535043e+02
2.774127155601597394e+01 2.140942989797255791e+02
2.874127155601597394e+01 2.238122549437517250e+02
2.974127155601597394e+01 2.320466390968039718e+02
3.074127155601597394e+01 2.389643294753044245e+02
3.174127155601597394e+01 2.438890002145258222e+02
3.274127155601597394e+01 2.469054366267436080e+02
3.374127155601597394e+01 2.483217265229044983e+02
3.474127155601597394e+01 2.471940145837587579e+02
3.574127155601597394e+01 2.452125726307187961e+02
3.674127155601597394e+01 2.405692956167521288e+02
3.774127155601597394e+01 2.349486435408686589e+02
3.874127155601597394e+01 2.289500042593161311e+02
3.974127155601597394e+01 2.202083706771359459e+02
4.074127155601597394e+01 2.116174823225464081e+02
4.174127155601597394e+01 2.031444021580646790e+02
4.274127155601597394e+01 1.929668445333000761e+02
4.374127155601597394e+01 1.831317765911843196e+02
4.474127155601597394e+01 1.728973185661485559e+02
4.574127155601597394e+01 1.626153040509535685e+02
4.674127155601597394e+01 1.524170671022512238e+02
4.774127155601597394e+01 1.423749719839915144e+02
4.874127155601597394e+01 1.327065667062425689e+02
4.974127155601597394e+01 1.234014421629680385e+02
5.074127155601597394e+01 1.145245704951088044e+02
5.174127155601597394e+01 1.061252816641778338e+02
5.274127155601597394e+01 9.821876016021545297e+01
5.374127155601597394e+01 9.082069431667137849e+01
5.474127155601597394e+01 8.392174946736740537e+01
5.574127155601597394e+01 7.751296867763278442e+01
5.674127155601597394e+01 7.159817176631439395e+01
5.774127155601597394e+01 6.611940682237195688e+01
5.874127155601597394e+01 6.110764390100093379e+01
5.974127155601597394e+01 5.648907690608515964e+01
6.074127155601597394e+01 5.225869503358888579e+01
6.174127155601597394e+01 4.839567857912192750e+01
6.274127155601597394e+01 4.482296643542743908e+01
6.374127155601597394e+01 4.155733889745708609e+01
6.474127155601597394e+01 3.856535762433327363e+01
6.574127155601597394e+01 3.577734149135028474e+01
6.674127155601597394e+01 3.322013648319020263e+01
6.774127155601597394e+01 3.086776354025169056e+01
6.874127155601597394e+01 2.863514005164763176e+01
6.974127155601597394e+01 2.657846498363224796e+01
7.074127155601597394e+01 2.468377211580594022e+01
7.174127155601597394e+01 2.285411573492545756e+01
7.274127155601597394e+01 2.116250587131554539e+01
7.374127155601597394e+01 1.960692109909266989e+01
7.474127155601597394e+01 1.808987340263491461e+01
7.574127155601597394e+01 1.668444404010724469e+01
7.674127155601597394e+01 1.539792190566571861e+01
7.774127155601597394e+01 1.414526651449369155e+01
7.874127155601597394e+01 1.298539074888168621e+01
7.974127155601597394e+01 1.192947673896890493e+01
8.074127155601597394e+01 1.090846501953086722e+01
8.174127155601597394e+01 9.964852568675853561e+00
8.274127155601597394e+01 9.111042672166531631e+00
8.374127155601597394e+01 8.301612064543942182e+00
8.474127155601597394e+01 7.557783086643631520e+00
