1.900000000000000000e+01 5.465566275993190857e+02
2.300000000000000000e+01 8.368168080383236429e+02
2.700000000000000000e+01 1.119206282378778269e+03
3.100000000000000000e+01 1.334753270473858265e+03
3.500000000000000000e+01 1.451566031441007453e+03
3.900000000000000000e+01 1.470570198910029603e+03
4.300000000000000000e+01 1.395027553729800729e+03
4.700000000000000000e+01 1.264424663495344703e+03
5.100000000000000000e+01 1.110501633106055124e+03
5.500000000000000000e+01 9.444536952832127099e+02
5.900000000000000000e+01 7.976291573357266316e+02
6.300000000000000000e+01 6.623879723561133233e+02
6.700000000000000000e+01 5.476212348451979324e+02
7.100000000000000000e+01 4.508401141700767312e+02
7.500000000000000000e+01 3.696341406386222843e+02
7.900000000000000000e+01 3.014869531696404579e+02
8.300000000000000000e+01 2.458356551871710280e+02
8.700000000000000000e+01 1.971292594405618388e+02
9.100000000000000000e+01 1.592052288857796611e+02
9.500000000000000000e+01 1.257800314094665737e+02
9.900000000000000000e+01 9.897908299037995050e+01
