4.999999999999999237e-03 2.401506810501131213e+02
6.999999999999999278e-03 1.754672151335136334e+02
8.999999999999999320e-03 1.291407476517191526e+02
1.099999999999999936e-02 9.546556210292173716e+01
1.299999999999999940e-02 7.079175709083082779e+01
1.499999999999999944e-02 5.262916679311467760e+01
1.700000000000000122e-02 3.922209400907014043e+01
1.899999999999999953e-02 2.930321706561541362e+01
2.099999999999999784e-02 2.195083290864485903e+01
2.299999999999999961e-02 1.648895284874304679e+01
2.500000000000000139e-02 1.242144506575694152e+01
2.699999999999999623e-02 9.385203417092370159e+00
2.899999999999999800e-02 7.111364694717368096e+00
3.099999999999999978e-02 5.403734138984862767e+00
3.300000000000000155e-02 4.117202018543978603e+00
3.499999999999999639e-02 3.144738335419333009e+00
3.699999999999999817e-02 2.407237918016230438e+00
3.899999999999999994e-02 1.846449741189119420e+00
4.100000000000000172e-02 1.418552075610260310e+00
4.299999999999999656e-02 1.091122868718572558e+00
4.499999999999999833e-02 8.401065220276391354e-01
4.700000000000000011e-02 6.470646377085940149e-01
4.899999999999999495e-02 4.983792565093467242e-01
5.099999999999999672e-02 3.837386616940816619e-01
5.299999999999999850e-02 2.951516143612478715e-01
5.500000000000000028e-02 2.266658704764931143e-01
5.700000000000000205e-02 1.737238711597982876e-01
5.899999999999999689e-02 1.328090081073002027e-01
6.099999999999999867e-02 1.011989303094178866e-01
6.300000000000000044e-02 7.680966011299475427e-02
6.500000000000000222e-02 5.802754067372022095e-02
6.700000000000000400e-02 4.360046286014469807e-02
6.900000000000000577e-02 3.255461280395023638e-02
7.100000000000000755e-02 2.413201203344733647e-02
7.300000000000000933e-02 1.774124199897353371e-02
7.500000000000001110e-02 1.292111044262817324e-02
7.700000000000001288e-02 9.311543320723229475e-03
7.900000000000000078e-02 6.632210339898851614e-03
8.100000000000000255e-02 4.667052265566497271e-03
8.300000000000000433e-02 3.246692710403511865e-03
8.500000000000000611e-02 2.233476926138445312e-03
8.700000000000000788e-02 1.526073132247531688e-03
8.900000000000000966e-02 1.049066040999324352e-03
9.100000000000001144e-02 7.382414313112597602e-04
9.299999999999999933e-02 5.449277943737335225e-04
9.500000000000000111e-02 4.404470412204038328e-04
9.700000000000000289e-02 3.901054950029137327e-04
