4.999999999999999237e-03 8.324994122256864557e+02
9.999999999999998473e-03 6.610180052250151448e+02
1.499999999999999771e-02 5.345979275466057743e+02
1.999999999999999695e-02 4.364805612719186456e+02
2.499999999999999445e-02 3.583825915990347539e+02
2.999999999999999195e-02 2.953335859761513689e+02
3.499999999999999639e-02 2.440029039274554066e+02
3.999999999999999389e-02 2.019972449152152194e+02
4.499999999999999140e-02 1.675159433209310862e+02
4.999999999999998890e-02 1.391523347783014515e+02
5.499999999999998640e-02 1.157883111054055547e+02
5.999999999999999084e-02 9.652903357535979012e+01
6.499999999999998834e-02 8.063519433399095249e+01
6.999999999999999278e-02 6.750019228904531587e+01
7.499999999999999722e-02 5.664056041252814566e+01
7.999999999999998779e-02 4.764419722187893314e+01
8.499999999999999223e-02 4.017792493498139095e+01
8.999999999999999667e-02 3.397097966117232204e+01
