1.000000000000000021e-03 2.811061191537213745e+03
1.051999999999999984e-03 2.791488919377324237e+03
1.106999999999999911e-03 2.762188419421036997e+03
1.163999999999999887e-03 2.732446009255877470e+03
1.224999999999999960e-03 2.697937741075625127e+03
1.288999999999999998e-03 2.659067276063456575e+03
1.356000000000000000e-03 2.616914359664682706e+03
1.427000000000000100e-03 2.570848442587003774e+03
1.500999999999999947e-03 2.523134922615849518e+03
1.579000000000000108e-03 2.469605977165303102e+03
1.661000000000000150e-03 2.416476097432532697e+03
1.747999999999999988e-03 2.355649962407986095e+03
1.839000000000000140e-03 2.296534756179723445e+03
1.935000000000000088e-03 2.231147984317502051e+03
2.034999999999999917e-03 2.168791549427181963e+03
2.141000000000000108e-03 2.100021162782913052e+03
2.252999999999999794e-03 2.031577069763615782e+03
2.370000000000000145e-03 1.961712043803010147e+03
2.492999999999999990e-03 1.891232151852227616e+03
2.623000000000000331e-03 1.820621916314093596e+03
2.759999999999999867e-03 1.748247227254691097e+03
2.903999999999999897e-03 1.678207234640092793e+03
3.054999999999999990e-03 1.606659436315171661e+03
3.213999999999999843e-03 1.538733576843137598e+03
3.380999999999999891e-03 1.469796230506388383e+03
3.556999999999999832e-03 1.403959633764420232e+03
3.742000000000000100e-03 1.338992624594187873e+03
3.936999999999999528e-03 1.276840091582408832e+03
4.142000000000000716e-03 1.216580958155548387e+03
4.357999999999999895e-03 1.159512216226254395e+03
4.585000000000000533e-03 1.105094624368396580e+03
4.824000000000000163e-03 1.053527042932101722e+03
5.074999999999999650e-03 1.005260869398295426e+03
5.338999999999999996e-03 9.598485590926841269e+02
5.616999999999999597e-03 9.179418113331103086e+02
5.908999999999999322e-03 8.788322132810296807e+02
6.217000000000000304e-03 8.437433064951351298e+02
6.540999999999999939e-03 8.105540535506804645e+02
6.880999999999999964e-03 7.819730831029824003e+02
7.239999999999999908e-03 7.549493614950837355e+02
7.617000000000000506e-03 7.319916285258470907e+02
8.012999999999999290e-03 7.108747970469207758e+02
8.429999999999999993e-03 6.932820894177137916e+02
8.868999999999998413e-03 6.773800273795251314e+02
9.330999999999999017e-03 6.644948890963090662e+02
9.816999999999999338e-03 6.532796812634330763e+02
1.032999999999999891e-02 6.439040595418683779e+02
1.086999999999999945e-02 6.368096498106124272e+02
1.143000000000000092e-02 6.308739435056722868e+02
1.203000000000000076e-02 6.268435293338902738e+02
1.264999999999999979e-02 6.237164047027149536e+02
1.330999999999999892e-02 6.221131523023925638e+02
1.400999999999999988e-02 6.211971907619445119e+02
1.473000000000000004e-02 6.213483120641444657e+02
1.549999999999999989e-02 6.223088594521200321e+02
1.631000000000000158e-02 6.234024050933285253e+02
1.715999999999999817e-02 6.254567120066556072e+02
1.805000000000000007e-02 6.277217264643858243e+02
1.898999999999999994e-02 6.303882381923831417e+02
1.997999999999999776e-02 6.330602049941018095e+02
2.101999999999999702e-02 6.359432788981055182e+02
2.212000000000000077e-02 6.388867547674088883e+02
2.326999999999999902e-02 6.419329652399069346e+02
2.447999999999999829e-02 6.446063716311462031e+02
2.574999999999999858e-02 6.473906449769501705e+02
2.708999999999999950e-02 6.495665290343728202e+02
2.850000000000000103e-02 6.519572417897502419e+02
2.998999999999999930e-02 6.539285180707715881e+02
3.155000000000000165e-02 6.554376431793220945e+02
3.318999999999999728e-02 6.568953429673581468e+02
3.491999999999999965e-02 6.575294909731193229e+02
3.673999999999999488e-02 6.582918165708720153e+02
3.864999999999999686e-02 6.580044138972427845e+02
4.066000000000000170e-02 6.578644408093939546e+02
4.277999999999999858e-02 6.566040423038264180e+02
4.500999999999999446e-02 6.555612624732120821e+02
4.734999999999999626e-02 6.536341931034703521e+02
4.982000000000000317e-02 6.512516312963408609e+02
5.240999999999999825e-02 6.483755477639890614e+02
5.513999999999999457e-02 6.450294857265780593e+02
5.800999999999999907e-02 6.411293282140276233e+02
6.102999999999999398e-02 6.367465361563553188e+02
6.421000000000000318e-02 6.319216708580970590e+02
6.755999999999999506e-02 6.263905663783159525e+02
7.106999999999999429e-02 6.207174203648738740e+02
7.477000000000000313e-02 6.142938972677839047e+02
7.867000000000000381e-02 6.076284311486360821e+02
8.276000000000000023e-02 6.001786248287854733e+02
8.707000000000000850e-02 5.926610325110000304e+02
9.160999999999999699e-02 5.843635040273484265e+02
9.637999999999999345e-02 5.760173744451135462e+02
1.014000000000000040e-01 5.669985617281834038e+02
1.067000000000000032e-01 5.577447515425973279e+02
1.122000000000000081e-01 5.481616060352441764e+02
1.180999999999999966e-01 5.380864669810129044e+02
1.242000000000000048e-01 5.278578463408273365e+02
1.307000000000000106e-01 5.171356602389354293e+02
1.375000000000000111e-01 5.063754973323097488e+02
1.446999999999999953e-01 4.950626594763869548e+02
1.522000000000000020e-01 4.839276097097500156e+02
1.600999999999999923e-01 4.723149145557827069e+02
1.683999999999999941e-01 4.607318670471314022e+02
1.771999999999999964e-01 4.487924725287226693e+02
1.864000000000000101e-01 4.368475128871704101e+02
1.960999999999999965e-01 4.247174930462716702e+02
2.064000000000000001e-01 4.124086827280954139e+02
2.170999999999999874e-01 4.002482332468671302e+02
2.283999999999999919e-01 3.879678689202091846e+02
2.403000000000000136e-01 3.757524067278185385e+02
2.528000000000000247e-01 3.635033306813984382e+02
2.660000000000000142e-01 3.513117797720989302e+02
2.798000000000000487e-01 3.391981113076984116e+02
2.943999999999999950e-01 3.271050021326847173e+02
3.096999999999999753e-01 3.151590190243882716e+02
3.259000000000000230e-01 3.032920775153385193e+02
3.427999999999999936e-01 2.916625797283647898e+02
3.606999999999999651e-01 2.801685341714514266e+02
3.795000000000000040e-01 2.688824133050506475e+02
3.991999999999999993e-01 2.578212489312750790e+02
4.200000000000000400e-01 2.469815813084175034e+02
4.419000000000000150e-01 2.363147480882169020e+02
4.649000000000000354e-01 2.259452658140534140e+02
4.891000000000000347e-01 2.157842345927518295e+02
5.144999999999999574e-01 2.060082199622494841e+02
5.413000000000000034e-01 1.964145740558533362e+02
5.695000000000000062e-01 1.872494347548588394e+02
5.992000000000000659e-01 1.782880703699335072e+02
6.304000000000000714e-01 1.697452969522739750e+02
6.632000000000000117e-01 1.614560407613306268e+02
6.976999999999999869e-01 1.535136559996070389e+02
7.340999999999999748e-01 1.458434730671408488e+02
7.722999999999999865e-01 1.384927579102704840e+02
8.125000000000000000e-01 1.315245240667314590e+02
8.548000000000000043e-01 1.248390393523195030e+02
8.992999999999999883e-01 1.185952257420503031e+02
9.460999999999999410e-01 1.125964216652597543e+02
9.954000000000000625e-01 1.070247488267595202e+02
1.046999999999999931e+00 1.016869154993574114e+02
1.101999999999999869e+00 9.666058610479933577e+01
1.159000000000000030e+00 9.194405893962337473e+01
1.219000000000000083e+00 8.752599103677360404e+01
1.283000000000000140e+00 8.338733557101647875e+01
1.350000000000000089e+00 7.953212993840460854e+01
1.419999999999999929e+00 7.609708703555490672e+01
1.493999999999999995e+00 7.284164625185272257e+01
1.572000000000000064e+00 6.995582903188167734e+01
1.654000000000000137e+00 6.720865548427372005e+01
1.739999999999999991e+00 6.476142581986925961e+01
1.830000000000000071e+00 6.249198547024627715e+01
1.925999999999999934e+00 6.038573030342489290e+01
2.025999999999999801e+00 5.858158888525156271e+01
2.131000000000000227e+00 5.693949706145671996e+01
2.241999999999999993e+00 5.560974627659404490e+01
2.358999999999999986e+00 5.438291028366307955e+01
2.481999999999999762e+00 5.344033174207955028e+01
2.611000000000000210e+00 5.253852067901724610e+01
2.746999999999999886e+00 5.181556666837337133e+01
2.890000000000000124e+00 5.117066394280242037e+01
3.040999999999999925e+00 5.060479585240008049e+01
3.198999999999999844e+00 5.025801089708338054e+01
3.366000000000000103e+00 4.999889897218294266e+01
3.540999999999999925e+00 5.000015641107647468e+01
3.725000000000000089e+00 5.007920014691849531e+01
3.918999999999999595e+00 5.034359150918123049e+01
4.123000000000000220e+00 5.063205513839159977e+01
4.338000000000000078e+00 5.095866929075604901e+01
4.564000000000000057e+00 5.129281661951965532e+01
4.801000000000000156e+00 5.155075486144571073e+01
5.051000000000000156e+00 5.182773574553748830e+01
5.314000000000000057e+00 5.209493104501922289e+01
5.590999999999999304e+00 5.232683696358463976e+01
5.881999999999999673e+00 5.264388458105688073e+01
6.187999999999999723e+00 5.290176096516309201e+01
6.511000000000000121e+00 5.326179937873034476e+01
6.850000000000000533e+00 5.358878993214940323e+01
7.205999999999999517e+00 5.395613289142030311e+01
7.581999999999999851e+00 5.431529685730479429e+01
7.976000000000000867e+00 5.459269936950440183e+01
8.391999999999999460e+00 5.493681367411352312e+01
8.829000000000000625e+00 5.504983226361569848e+01
9.288000000000000256e+00 5.527940929262761927e+01
9.772000000000000242e+00 5.525756803613722923e+01
1.027999999999999936e+01 5.528710907907033345e+01
1.082000000000000028e+01 5.516289112672191663e+01
1.137999999999999901e+01 5.494182837733610825e+01
1.196999999999999886e+01 5.467021798228779517e+01
1.259999999999999964e+01 5.419946981523332141e+01
1.325000000000000000e+01 5.368923341806483762e+01
1.393999999999999950e+01 5.299460040311466003e+01
1.466999999999999993e+01 5.217206932812305809e+01
1.542999999999999972e+01 5.123065838284811946e+01
1.623000000000000043e+01 5.010333621869889242e+01
1.708000000000000185e+01 4.885644597773640641e+01
1.796999999999999886e+01 4.740938067986292737e+01
1.889999999999999858e+01 4.585080856408323768e+01
1.989000000000000057e+01 4.407223584864313182e+01
2.092000000000000171e+01 4.217389771337404625e+01
2.200999999999999801e+01 4.007398714258549433e+01
2.316000000000000014e+01 3.782037773497477673e+01
2.437000000000000099e+01 3.539226286836296254e+01
2.562999999999999901e+01 3.285469078526266884e+01
2.697000000000000242e+01 3.015079093199180704e+01
2.837000000000000099e+01 2.736411124105254089e+01
2.985000000000000142e+01 2.448932778859368398e+01
3.139999999999999858e+01 2.160528764547763103e+01
3.303999999999999915e+01 1.871346575607705631e+01
3.475999999999999801e+01 1.593740378814617031e+01
3.657000000000000028e+01 1.329178180555555855e+01
3.846999999999999886e+01 1.087624281676615823e+01
4.048000000000000398e+01 8.699508326014509407e+00
4.259000000000000341e+01 6.818930467402303464e+00
4.479999999999999716e+01 5.250644207776808514e+00
4.714000000000000057e+01 3.960259784421062079e+00
4.959000000000000341e+01 2.947900219123848586e+00
5.217000000000000171e+01 2.163974119391760098e+00
5.489000000000000057e+01 1.570563786657025673e+00
5.775000000000000000e+01 1.135156129665046976e+00
6.075000000000000000e+01 8.121331432165348474e-01
6.392000000000000171e+01 5.797953599688598914e-01
6.723999999999999488e+01 4.062653510220970432e-01
7.075000000000000000e+01 2.811544067902840283e-01
7.442999999999999261e+01 1.876912314553154104e-01
7.829999999999999716e+01 1.221773791455849079e-01
8.237999999999999545e+01 7.531562474981301492e-02
8.667000000000000171e+01 4.574317468637700834e-02
9.117999999999999261e+01 2.639110702537728059e-02
9.593000000000000682e+01 1.515369963808410603e-02
1.009000000000000057e+02 8.480000932972381333e-03
1.062000000000000028e+02 4.633288086614867352e-03
1.116999999999999886e+02 2.510427816084820352e-03
1.175000000000000000e+02 1.282816160347199919e-03
1.236000000000000085e+02 6.300000543180035717e-04
1.300999999999999943e+02 2.781573209951100634e-04
1.369000000000000057e+02 1.281181120623736854e-04
1.440000000000000000e+02 5.270706740376131932e-05
1.515000000000000000e+02 2.285749707907781120e-05
1.593999999999999773e+02 8.343521051017990190e-06
1.676999999999999886e+02 3.378719068069242055e-06
1.764000000000000057e+02 1.094022941773237028e-06
1.855999999999999943e+02 4.071623109283421441e-07
1.952000000000000171e+02 1.333542101067312186e-07
2.054000000000000057e+02 4.230773636165565169e-08
2.160999999999999943e+02 1.279301448491257019e-08
2.273999999999999773e+02 3.279541321650931027e-09
2.391999999999999886e+02 8.898813568879108835e-10
2.516999999999999886e+02 1.890813330152402811e-10
2.647999999999999545e+02 4.531064645484857063e-11
2.785000000000000000e+02 8.226282267465690481e-12
2.930000000000000000e+02 1.592625047544403906e-12
3.083000000000000114e+02 2.493728897432793158e-13
3.244000000000000341e+02 3.867717511051098424e-14
3.411999999999999886e+02 5.311026303523645747e-15
3.590000000000000000e+02 5.071640370280251162e-16
3.776999999999999886e+02 6.528503455536252311e-17
3.973999999999999773e+02 5.195510439812472192e-18
4.181000000000000227e+02 8.629508225961864020e-19
4.398000000000000114e+02 5.972873719985280185e-20
4.626999999999999886e+02 4.711897481516733234e-21
4.868000000000000114e+02 4.240154857319864941e-22
5.122000000000000455e+02 1.933911642029546673e-23
5.387999999999999545e+02 1.876256803292084029e-24
5.668999999999999773e+02 3.044170722037962122e-26
5.964000000000000909e+02 3.152913723661459818e-27
6.275000000000000000e+02 1.942803973235258129e-29
6.601000000000000227e+02 2.109632145350454237e-30
6.945000000000000000e+02 6.336211792224263535e-33
7.307000000000000455e+02 7.149101455239397358e-34
7.687000000000000455e+02 7.606334095553948805e-37
8.087999999999999545e+02 8.815973319918581249e-38
8.508999999999999773e+02 2.682202647603340243e-41
8.952000000000000455e+02 3.208512443445861398e-42
9.417999999999999545e+02 3.362560637938203854e-46
9.908000000000000682e+02 6.682366063780821267e-47
1.042000000000000000e+03 4.819871100140684861e-48
1.097000000000000000e+03 2.883367948260888525e-52
1.154000000000000000e+03 2.629097319603801919e-53
1.214000000000000000e+03 2.634457160293540737e-58
1.277000000000000000e+03 2.860312160458828392e-59
1.344000000000000000e+03 4.475698336777463691e-65
1.414000000000000000e+03 5.084419058023720111e-66
1.487000000000000000e+03 1.354284677785471961e-72
1.565000000000000000e+03 1.633962163412497645e-73
1.646000000000000000e+03 4.116081217577174717e-81
1.732000000000000000e+03 5.338766857094502811e-82
1.822000000000000000e+03 1.663798195908453516e-90
1.917000000000000000e+03 2.260632812511330797e-91
2.017000000000000000e+03 4.528266968465427039e-101
2.122000000000000000e+03 7.548153846278797489e-102
2.232000000000000000e+03 2.491915528954580319e-103
2.348000000000000000e+03 2.031481472796092693e-113
2.470000000000000000e+03 1.778931569415921431e-114
2.599000000000000000e+03 2.169978627034378080e-126
2.734000000000000000e+03 2.486033740019229163e-127
2.877000000000000000e+03 5.324808387480954871e-141
3.027000000000000000e+03 6.935304525382480371e-142
3.184000000000000000e+03 3.390378938074212528e-157
3.350000000000000000e+03 4.960320869101415909e-158
3.524000000000000000e+03 2.506418176933633281e-175
3.708000000000000000e+03 4.002913105067273472e-176
3.901000000000000000e+03 1.569768772615883863e-195
4.104000000000000000e+03 2.651838974697129553e-196
4.318000000000000000e+03 4.410867013885087065e-218
4.543000000000000000e+03 8.072889723200346401e-219
4.779000000000000000e+03 3.814814256232822405e-243
5.028000000000000000e+03 9.321588891828976833e-244
5.290000000000000000e+03 6.119179886638096862e-245
5.565000000000000000e+03 1.158103886803402492e-271
5.855000000000000000e+03 1.388666424766381138e-272
6.160000000000000000e+03 9.765065337691503402e-303
6.481000000000000000e+03 1.497369587027896515e-303
6.818000000000000000e+03 0.000000000000000000e+00
7.173000000000000000e+03 0.000000000000000000e+00
7.547000000000000000e+03 0.000000000000000000e+00
7.940000000000000000e+03 0.000000000000000000e+00
8.353000000000000000e+03 0.000000000000000000e+00
8.788000000000000000e+03 0.000000000000000000e+00
9.246000000000000000e+03 0.000000000000000000e+00
9.727000000000000000e+03 0.000000000000000000e+00
1.023000000000000000e+04 0.000000000000000000e+00
1.077000000000000000e+04 0.000000000000000000e+00
1.133000000000000000e+04 0.000000000000000000e+00
1.192000000000000000e+04 0.000000000000000000e+00
1.254000000000000000e+04 0.000000000000000000e+00
1.319000000000000000e+04 0.000000000000000000e+00
1.388000000000000000e+04 0.000000000000000000e+00
1.460000000000000000e+04 0.000000000000000000e+00
1.536000000000000000e+04 0.000000000000000000e+00
1.616000000000000000e+04 0.000000000000000000e+00
1.700000000000000000e+04 0.000000000000000000e+00
1.789000000000000000e+04 0.000000000000000000e+00
1.882000000000000000e+04 0.000000000000000000e+00
1.980000000000000000e+04 0.000000000000000000e+00
2.083000000000000000e+04 0.000000000000000000e+00
2.191000000000000000e+04 0.000000000000000000e+00
2.305000000000000000e+04 0.000000000000000000e+00
2.425000000000000000e+04 0.000000000000000000e+00
2.552000000000000000e+04 0.000000000000000000e+00
2.684000000000000000e+04 0.000000000000000000e+00
2.824000000000000000e+04 0.000000000000000000e+00
2.971000000000000000e+04 0.000000000000000000e+00
3.126000000000000000e+04 0.000000000000000000e+00
3.289000000000000000e+04 0.000000000000000000e+00
3.460000000000000000e+04 0.000000000000000000e+00
3.640000000000000000e+04 0.000000000000000000e+00
3.830000000000000000e+04 0.000000000000000000e+00
4.029000000000000000e+04 0.000000000000000000e+00
4.239000000000000000e+04 0.000000000000000000e+00
4.460000000000000000e+04 0.000000000000000000e+00
4.692000000000000000e+04 0.000000000000000000e+00
4.936000000000000000e+04 0.000000000000000000e+00
5.193000000000000000e+04 0.000000000000000000e+00
5.464000000000000000e+04 0.000000000000000000e+00
5.748000000000000000e+04 0.000000000000000000e+00
6.047000000000000000e+04 0.000000000000000000e+00
6.362000000000000000e+04 0.000000000000000000e+00
6.693000000000000000e+04 0.000000000000000000e+00
7.042000000000000000e+04 0.000000000000000000e+00
7.409000000000000000e+04 0.000000000000000000e+00
7.794000000000000000e+04 0.000000000000000000e+00
8.200000000000000000e+04 0.000000000000000000e+00
8.627000000000000000e+04 0.000000000000000000e+00
9.076000000000000000e+04 0.000000000000000000e+00
9.549000000000000000e+04 0.000000000000000000e+00
1.005000000000000000e+05 0.000000000000000000e+00
1.057000000000000000e+05 0.000000000000000000e+00
1.112000000000000000e+05 0.000000000000000000e+00
1.170000000000000000e+05 0.000000000000000000e+00
1.231000000000000000e+05 0.000000000000000000e+00
1.295000000000000000e+05 0.000000000000000000e+00
1.362000000000000000e+05 0.000000000000000000e+00
1.433000000000000000e+05 0.000000000000000000e+00
1.508000000000000000e+05 0.000000000000000000e+00
1.586000000000000000e+05 0.000000000000000000e+00
1.669000000000000000e+05 0.000000000000000000e+00
1.756000000000000000e+05 0.000000000000000000e+00
1.847000000000000000e+05 0.000000000000000000e+00
1.943000000000000000e+05 0.000000000000000000e+00
2.045000000000000000e+05 0.000000000000000000e+00
2.151000000000000000e+05 0.000000000000000000e+00
2.263000000000000000e+05 0.000000000000000000e+00
2.381000000000000000e+05 0.000000000000000000e+00
2.505000000000000000e+05 0.000000000000000000e+00
2.635000000000000000e+05 0.000000000000000000e+00
2.773000000000000000e+05 0.000000000000000000e+00
2.917000000000000000e+05 0.000000000000000000e+00
3.069000000000000000e+05 0.000000000000000000e+00
3.229000000000000000e+05 0.000000000000000000e+00
3.397000000000000000e+05 0.000000000000000000e+00
3.574000000000000000e+05 0.000000000000000000e+00
3.760000000000000000e+05 0.000000000000000000e+00
3.955000000000000000e+05 0.000000000000000000e+00
4.161000000000000000e+05 0.000000000000000000e+00
4.378000000000000000e+05 0.000000000000000000e+00
4.606000000000000000e+05 0.000000000000000000e+00
4.846000000000000000e+05 0.000000000000000000e+00
5.098000000000000000e+05 0.000000000000000000e+00
5.364000000000000000e+05 0.000000000000000000e+00
5.643000000000000000e+05 0.000000000000000000e+00
5.937000000000000000e+05 0.000000000000000000e+00
6.246000000000000000e+05 0.000000000000000000e+00
6.571000000000000000e+05 0.000000000000000000e+00
6.913000000000000000e+05 0.000000000000000000e+00
7.273000000000000000e+05 0.000000000000000000e+00
7.652000000000000000e+05 0.000000000000000000e+00
8.050000000000000000e+05 0.000000000000000000e+00
8.469000000000000000e+05 0.000000000000000000e+00
8.910000000000000000e+05 0.000000000000000000e+00
9.374000000000000000e+05 0.000000000000000000e+00
9.863000000000000000e+05 0.000000000000000000e+00
1.038000000000000000e+06 0.000000000000000000e+00
1.092000000000000000e+06 0.000000000000000000e+00
1.148000000000000000e+06 0.000000000000000000e+00
1.208000000000000000e+06 0.000000000000000000e+00
1.271000000000000000e+06 0.000000000000000000e+00
1.337000000000000000e+06 0.000000000000000000e+00
1.407000000000000000e+06 0.000000000000000000e+00
1.480000000000000000e+06 0.000000000000000000e+00
1.557000000000000000e+06 0.000000000000000000e+00
1.638000000000000000e+06 0.000000000000000000e+00
1.724000000000000000e+06 0.000000000000000000e+00
1.814000000000000000e+06 0.000000000000000000e+00
1.908000000000000000e+06 0.000000000000000000e+00
2.007000000000000000e+06 0.000000000000000000e+00
2.112000000000000000e+06 0.000000000000000000e+00
2.222000000000000000e+06 0.000000000000000000e+00
2.337000000000000000e+06 0.000000000000000000e+00
2.459000000000000000e+06 0.000000000000000000e+00
2.587000000000000000e+06 0.000000000000000000e+00
2.722000000000000000e+06 0.000000000000000000e+00
2.864000000000000000e+06 0.000000000000000000e+00
3.013000000000000000e+06 0.000000000000000000e+00
3.170000000000000000e+06 0.000000000000000000e+00
3.335000000000000000e+06 0.000000000000000000e+00
3.508000000000000000e+06 0.000000000000000000e+00
3.691000000000000000e+06 0.000000000000000000e+00
3.883000000000000000e+06 0.000000000000000000e+00
4.085000000000000000e+06 0.000000000000000000e+00
4.298000000000000000e+06 0.000000000000000000e+00
4.522000000000000000e+06 0.000000000000000000e+00
4.757000000000000000e+06 0.000000000000000000e+00
5.005000000000000000e+06 0.000000000000000000e+00
5.266000000000000000e+06 0.000000000000000000e+00
5.540000000000000000e+06 0.000000000000000000e+00
5.828000000000000000e+06 0.000000000000000000e+00
6.132000000000000000e+06 0.000000000000000000e+00
6.451000000000000000e+06 0.000000000000000000e+00
6.787000000000000000e+06 0.000000000000000000e+00
7.140000000000000000e+06 0.000000000000000000e+00
7.512000000000000000e+06 0.000000000000000000e+00
7.903000000000000000e+06 0.000000000000000000e+00
8.315000000000000000e+06 0.000000000000000000e+00
8.748000000000000000e+06 0.000000000000000000e+00
9.203000000000000000e+06 0.000000000000000000e+00
9.682000000000000000e+06 0.000000000000000000e+00
1.019000000000000000e+07 0.000000000000000000e+00
1.072000000000000000e+07 0.000000000000000000e+00
1.127000000000000000e+07 0.000000000000000000e+00
1.186000000000000000e+07 0.000000000000000000e+00
1.248000000000000000e+07 0.000000000000000000e+00
1.313000000000000000e+07 0.000000000000000000e+00
1.381000000000000000e+07 0.000000000000000000e+00
1.453000000000000000e+07 0.000000000000000000e+00
1.529000000000000000e+07 0.000000000000000000e+00
1.608000000000000000e+07 0.000000000000000000e+00
1.692000000000000000e+07 0.000000000000000000e+00
1.780000000000000000e+07 0.000000000000000000e+00
1.873000000000000000e+07 0.000000000000000000e+00
1.971000000000000000e+07 0.000000000000000000e+00
2.073000000000000000e+07 0.000000000000000000e+00
2.181000000000000000e+07 0.000000000000000000e+00
2.295000000000000000e+07 0.000000000000000000e+00
2.414000000000000000e+07 0.000000000000000000e+00
2.540000000000000000e+07 0.000000000000000000e+00
2.672000000000000000e+07 0.000000000000000000e+00
2.811000000000000000e+07 0.000000000000000000e+00
2.958000000000000000e+07 0.000000000000000000e+00
3.112000000000000000e+07 0.000000000000000000e+00
3.274000000000000000e+07 0.000000000000000000e+00
3.444000000000000000e+07 0.000000000000000000e+00
3.623000000000000000e+07 0.000000000000000000e+00
3.812000000000000000e+07 0.000000000000000000e+00
4.011000000000000000e+07 0.000000000000000000e+00
4.219000000000000000e+07 0.000000000000000000e+00
4.439000000000000000e+07 0.000000000000000000e+00
4.670000000000000000e+07 0.000000000000000000e+00
4.913000000000000000e+07 0.000000000000000000e+00
5.169000000000000000e+07 0.000000000000000000e+00
5.438000000000000000e+07 0.000000000000000000e+00
5.722000000000000000e+07 0.000000000000000000e+00
6.019000000000000000e+07 0.000000000000000000e+00
6.333000000000000000e+07 0.000000000000000000e+00
6.663000000000000000e+07 0.000000000000000000e+00
7.010000000000000000e+07 0.000000000000000000e+00
7.375000000000000000e+07 0.000000000000000000e+00
7.759000000000000000e+07 0.000000000000000000e+00
8.163000000000000000e+07 0.000000000000000000e+00
8.588000000000000000e+07 0.000000000000000000e+00
9.035000000000000000e+07 0.000000000000000000e+00
9.505000000000000000e+07 0.000000000000000000e+00
1.000000000000000000e+08 0.000000000000000000e+00
