1.000000000000000021e-03 1.512048454618544611e+03
1.051999999999999984e-03 1.550772116290317172e+03
1.106999999999999911e-03 1.543658467737745468e+03
1.163999999999999887e-03 1.572835726900093505e+03
1.224999999999999960e-03 1.583305256442719383e+03
1.288999999999999998e-03 1.593165273307679854e+03
1.356000000000000000e-03 1.613501333500922328e+03
1.427000000000000100e-03 1.604944785139690339e+03
1.500999999999999947e-03 1.633538319716930800e+03
1.579000000000000108e-03 1.620546968223840850e+03
1.661000000000000150e-03 1.636969287021118362e+03
1.747999999999999988e-03 1.630782192814101563e+03
1.839000000000000140e-03 1.634838875303452369e+03
1.935000000000000088e-03 1.626260298114208126e+03
2.034999999999999917e-03 1.619865435445383355e+03
2.141000000000000108e-03 1.607751298537511730e+03
2.252999999999999794e-03 1.603990173831664379e+03
2.370000000000000145e-03 1.583627820455754318e+03
2.492999999999999990e-03 1.572132548897561719e+03
2.623000000000000331e-03 1.546423161449155714e+03
2.759999999999999867e-03 1.533086672819193836e+03
2.903999999999999897e-03 1.501681643377418823e+03
3.054999999999999990e-03 1.483720901746210075e+03
3.213999999999999843e-03 1.441948325610143911e+03
3.380999999999999891e-03 1.426563757286673081e+03
3.556999999999999832e-03 1.380718637882269149e+03
3.742000000000000100e-03 1.359895050448272741e+03
3.936999999999999528e-03 1.319315273545827722e+03
4.142000000000000716e-03 1.287589625548039749e+03
4.357999999999999895e-03 1.250780606059609454e+03
4.585000000000000533e-03 1.212413224454878218e+03
4.824000000000000163e-03 1.180958215665865737e+03
5.074999999999999650e-03 1.140359216991820176e+03
5.338999999999999996e-03 1.113549062083927083e+03
5.616999999999999597e-03 1.073626158124235189e+03
5.908999999999999322e-03 1.047580461751638722e+03
6.217000000000000304e-03 1.010820240796605162e+03
6.540999999999999939e-03 9.884849356261379398e+02
6.880999999999999964e-03 9.545870940779079774e+02
7.239999999999999908e-03 9.349126347772086092e+02
7.617000000000000506e-03 9.074044140405392227e+02
8.012999999999999290e-03 8.898690204456894435e+02
8.429999999999999993e-03 8.677766450135748073e+02
8.868999999999998413e-03 8.538207198819183077e+02
9.330999999999999017e-03 8.403177724613946111e+02
9.816999999999999338e-03 8.259984728616085476e+02
1.032999999999999891e-02 8.198993365321489364e+02
1.086999999999999945e-02 8.098623834140264535e+02
1.143000000000000092e-02 8.059668847549351085e+02
1.203000000000000076e-02 8.015419399828315363e+02
1.264999999999999979e-02 8.010560137713014228e+02
1.330999999999999892e-02 8.017356419941197601e+02
1.400999999999999988e-02 8.036024658487965553e+02
1.473000000000000004e-02 8.083295315276477595e+02
1.549999999999999989e-02 8.117966435036344137e+02
1.631000000000000158e-02 8.197398660646156259e+02
1.715999999999999817e-02 8.261983999541013191e+02
1.805000000000000007e-02 8.343540649971355379e+02
1.898999999999999994e-02 8.446265483033209875e+02
1.997999999999999776e-02 8.549423115633994712e+02
2.101999999999999702e-02 8.655569517169958544e+02
2.212000000000000077e-02 8.777520810744460960e+02
2.326999999999999902e-02 8.881250276537880382e+02
2.447999999999999829e-02 9.022458048464550302e+02
2.574999999999999858e-02 9.141734233726532466e+02
2.708999999999999950e-02 9.276611449590011489e+02
2.850000000000000103e-02 9.397989320982258050e+02
2.998999999999999930e-02 9.525224656629204674e+02
3.155000000000000165e-02 9.657294923240413027e+02
3.318999999999999728e-02 9.774718557626009670e+02
3.491999999999999965e-02 9.906289432976159333e+02
3.673999999999999488e-02 1.002775234132973765e+03
3.864999999999999686e-02 1.014483396184441972e+03
4.066000000000000170e-02 1.027241198779813885e+03
4.277999999999999858e-02 1.036539760077987694e+03
4.500999999999999446e-02 1.047743555849141785e+03
4.734999999999999626e-02 1.057192747069009783e+03
4.982000000000000317e-02 1.067567840206434767e+03
5.240999999999999825e-02 1.074031776123722466e+03
5.513999999999999457e-02 1.084082783487189772e+03
5.800999999999999907e-02 1.090568237627372127e+03
6.102999999999999398e-02 1.098078893697110743e+03
6.421000000000000318e-02 1.101950248630944543e+03
6.755999999999999506e-02 1.108670800299320490e+03
7.106999999999999429e-02 1.111628497253800560e+03
7.477000000000000313e-02 1.113199615700898903e+03
7.867000000000000381e-02 1.117379586376016732e+03
8.276000000000000023e-02 1.116844047166099699e+03
8.707000000000000850e-02 1.119006205142010458e+03
9.160999999999999699e-02 1.116558591384179863e+03
9.637999999999999345e-02 1.116053522979057334e+03
1.014000000000000040e-01 1.112364008200197759e+03
1.067000000000000032e-01 1.109061900075155563e+03
1.122000000000000081e-01 1.103603576113917825e+03
1.180999999999999966e-01 1.099290760657678447e+03
1.242000000000000048e-01 1.090456000662173210e+03
1.307000000000000106e-01 1.084481670129997383e+03
1.375000000000000111e-01 1.073704753508262002e+03
1.446999999999999953e-01 1.066697178440354946e+03
1.522000000000000020e-01 1.053721102199021061e+03
1.600999999999999923e-01 1.043225443416956750e+03
1.683999999999999941e-01 1.030343289989606319e+03
1.771999999999999964e-01 1.016299553502586605e+03
1.864000000000000101e-01 1.003114971174137395e+03
1.960999999999999965e-01 9.871405407502201115e+02
2.064000000000000001e-01 9.721190332214601995e+02
2.170999999999999874e-01 9.549940443628584035e+02
2.283999999999999919e-01 9.377746240325295730e+02
2.403000000000000136e-01 9.195813630589370860e+02
2.528000000000000247e-01 9.015463668439365392e+02
2.660000000000000142e-01 8.812721967737641080e+02
2.798000000000000487e-01 8.631087398492636567e+02
2.943999999999999950e-01 8.412512927730160754e+02
3.096999999999999753e-01 8.221524344521374132e+02
3.259000000000000230e-01 7.995377570477633071e+02
3.427999999999999936e-01 7.794695006405398772e+02
3.606999999999999651e-01 7.567406224390865646e+02
3.795000000000000040e-01 7.355398813208497586e+02
3.991999999999999993e-01 7.130028302379121214e+02
4.200000000000000400e-01 6.909514924725864375e+02
4.419000000000000150e-01 6.685483077380400800e+02
4.649000000000000354e-01 6.457945189753024806e+02
4.891000000000000347e-01 6.240351186592540671e+02
5.144999999999999574e-01 6.006788411116958741e+02
5.413000000000000034e-01 5.796231298321532677e+02
5.695000000000000062e-01 5.561055845840480742e+02
5.992000000000000659e-01 5.355185111753168030e+02
6.304000000000000714e-01 5.129908475877986120e+02
6.632000000000000117e-01 4.923348430168286995e+02
6.976999999999999869e-01 4.708576376472243510e+02
7.340999999999999748e-01 4.502304831686626585e+02
7.722999999999999865e-01 4.300372658157719457e+02
8.125000000000000000e-01 4.100050220569098656e+02
8.548000000000000043e-01 3.909606228235019216e+02
8.992999999999999883e-01 3.716056461501808030e+02
9.460999999999999410e-01 3.536975569261688861e+02
9.954000000000000625e-01 3.357702374183289749e+02
1.046999999999999931e+00 3.185161074075293755e+02
1.101999999999999869e+00 3.016853644787832422e+02
1.159000000000000030e+00 2.856548999824285033e+02
1.219000000000000083e+00 2.702962035990792060e+02
1.283000000000000140e+00 2.551020174512160281e+02
1.350000000000000089e+00 2.411191792960593432e+02
1.419999999999999929e+00 2.272656969324847012e+02
1.493999999999999995e+00 2.146750008860633159e+02
1.572000000000000064e+00 2.021264015896758792e+02
1.654000000000000137e+00 1.906316148664007528e+02
1.739999999999999991e+00 1.794696260696760532e+02
1.830000000000000071e+00 1.691563952174360850e+02
1.925999999999999934e+00 1.591076563189623698e+02
2.025999999999999801e+00 1.501136326461145245e+02
2.131000000000000227e+00 1.413712952755354024e+02
2.241999999999999993e+00 1.334522304763177942e+02
2.358999999999999986e+00 1.260377464867617050e+02
2.481999999999999762e+00 1.191634760227752423e+02
2.611000000000000210e+00 1.129659786482193908e+02
2.746999999999999886e+00 1.069897749612519533e+02
2.890000000000000124e+00 1.018074102994106482e+02
3.040999999999999925e+00 9.674223780584155463e+01
3.198999999999999844e+00 9.247999379893279581e+01
3.366000000000000103e+00 8.837146024196312055e+01
3.540999999999999925e+00 8.509190991559881923e+01
3.725000000000000089e+00 8.199725022267361396e+01
3.918999999999999595e+00 7.953084782090172666e+01
4.123000000000000220e+00 7.726983494458919211e+01
4.338000000000000078e+00 7.536673334078230369e+01
4.564000000000000057e+00 7.368675227385418225e+01
4.801000000000000156e+00 7.220285106928668029e+01
5.051000000000000156e+00 7.095796321431824083e+01
5.314000000000000057e+00 6.991003972541906819e+01
5.590999999999999304e+00 6.907416369777411091e+01
5.881999999999999673e+00 6.850118596923712744e+01
6.187999999999999723e+00 6.806675224001841684e+01
6.511000000000000121e+00 6.792509729874478808e+01
6.850000000000000533e+00 6.791432855725183515e+01
7.205999999999999517e+00 6.814836975204497094e+01
7.581999999999999851e+00 6.852281491783466549e+01
7.976000000000000867e+00 6.897647125138270496e+01
8.391999999999999460e+00 6.967544508103162570e+01
8.829000000000000625e+00 7.027570652823472130e+01
9.288000000000000256e+00 7.117721884028095758e+01
9.772000000000000242e+00 7.196072367983275342e+01
1.027999999999999936e+01 7.295949402878559908e+01
1.082000000000000028e+01 7.397207085706277496e+01
1.137999999999999901e+01 7.502334859795976740e+01
1.196999999999999886e+01 7.619341786880713130e+01
1.259999999999999964e+01 7.734077101659636355e+01
1.325000000000000000e+01 7.860089154906977171e+01
1.393999999999999950e+01 7.983841429271708989e+01
1.466999999999999993e+01 8.117319997917358876e+01
1.542999999999999972e+01 8.250961909766719771e+01
1.623000000000000043e+01 8.389490809768855684e+01
1.708000000000000185e+01 8.534125705225579850e+01
1.796999999999999886e+01 8.680298885749286342e+01
1.889999999999999858e+01 8.830792324892124157e+01
1.989000000000000057e+01 8.982430163535943279e+01
2.092000000000000171e+01 9.136863777751159432e+01
2.200999999999999801e+01 9.284764269333864206e+01
2.316000000000000014e+01 9.432250283149409142e+01
2.437000000000000099e+01 9.560516240488388462e+01
2.562999999999999901e+01 9.668511980053611410e+01
2.697000000000000242e+01 9.743217219290424680e+01
2.837000000000000099e+01 9.745056900350273565e+01
2.985000000000000142e+01 9.708595277063828632e+01
3.139999999999999858e+01 9.503057791199574922e+01
3.303999999999999915e+01 9.276800978863973057e+01
3.475999999999999801e+01 8.753722321291310493e+01
3.657000000000000028e+01 8.230995663467322743e+01
3.846999999999999886e+01 7.421505167146584370e+01
4.048000000000000398e+01 6.585144566593024251e+01
4.259000000000000341e+01 5.655666187704660075e+01
4.479999999999999716e+01 4.701007111296684826e+01
4.714000000000000057e+01 3.830021910575300126e+01
4.959000000000000341e+01 3.000837793047780622e+01
5.217000000000000171e+01 2.312564161316747047e+01
5.489000000000000057e+01 1.741483340461162754e+01
5.775000000000000000e+01 1.272000527864126340e+01
6.075000000000000000e+01 9.505627278047317219e+00
6.392000000000000171e+01 6.712730027413209122e+00
6.723999999999999488e+01 5.097193440893474481e+00
7.075000000000000000e+01 3.577690132806767842e+00
7.442999999999999261e+01 2.728101325303341262e+00
7.829999999999999716e+01 1.876481147994179199e+00
8.237999999999999545e+01 1.357452296347073206e+00
8.667000000000000171e+01 8.314074615288586934e-01
9.117999999999999261e+01 5.585418304807725498e-01
9.593000000000000682e+01 3.126339721761464685e-01
1.009000000000000057e+02 1.906291853356714416e-01
1.062000000000000028e+02 1.059365169947065616e-01
1.116999999999999886e+02 5.938525484353824463e-02
1.175000000000000000e+02 3.469360023180452501e-02
1.236000000000000085e+02 1.803257744427833043e-02
1.300999999999999943e+02 9.784403051309821520e-03
1.369000000000000057e+02 3.913710369045227469e-03
1.440000000000000000e+02 2.170578922978080080e-03
1.515000000000000000e+02 7.409157743103546344e-04
1.593999999999999773e+02 4.173265778702645880e-04
1.676999999999999886e+02 1.194602433178887981e-04
1.764000000000000057e+02 6.768037052816609452e-05
1.855999999999999943e+02 1.465378353631055255e-05
1.952000000000000171e+02 7.980320847600308749e-06
2.054000000000000057e+02 2.168556182980741708e-06
2.160999999999999943e+02 7.905540707628733835e-07
2.273999999999999773e+02 2.362051759149763081e-07
2.391999999999999886e+02 5.278551866593270950e-08
2.516999999999999886e+02 1.818755742694070842e-08
2.647999999999999545e+02 2.683921712785151802e-09
2.785000000000000000e+02 1.040733620711085999e-09
2.930000000000000000e+02 8.774199477288681622e-11
3.083000000000000114e+02 3.737194058984428835e-11
3.244000000000000341e+02 2.165771223648831438e-12
3.411999999999999886e+02 1.000774757020968788e-12
3.590000000000000000e+02 2.596363130137577970e-14
3.776999999999999886e+02 1.285150510205296529e-14
3.973999999999999773e+02 2.585758233387756509e-16
4.181000000000000227e+02 1.355715394678760417e-16
4.398000000000000114e+02 1.036291517838063231e-17
4.626999999999999886e+02 4.992294087734264556e-19
4.868000000000000114e+02 8.870444412376322379e-20
5.122000000000000455e+02 1.704209093409713156e-21
5.387999999999999545e+02 4.400024615265669369e-22
5.668999999999999773e+02 2.423779806714998711e-24
5.964000000000000909e+02 7.853355869674388152e-25
6.275000000000000000e+02 1.403352237027139044e-27
6.601000000000000227e+02 5.343892681841474618e-28
6.945000000000000000e+02 4.348612033975211092e-31
7.307000000000000455e+02 1.857150404675699991e-31
7.687000000000000455e+02 4.933469481309726923e-35
8.087999999999999545e+02 2.307105287018166598e-35
8.508999999999999773e+02 1.691652631201240452e-39
8.952000000000000455e+02 8.524243610139291128e-40
9.417999999999999545e+02 1.961510371776905102e-44
9.908000000000000682e+02 1.052231874193851855e-44
1.042000000000000000e+03 1.240759137976674818e-45
1.097000000000000000e+03 3.582180967429076442e-50
1.154000000000000000e+03 7.306912738622372445e-51
1.214000000000000000e+03 2.779980663256284311e-56
1.277000000000000000e+03 7.896793588251198869e-57
1.344000000000000000e+03 4.292770651552821118e-63
1.414000000000000000e+03 1.473252920085937960e-63
1.487000000000000000e+03 1.225618048148511636e-70
1.565000000000000000e+03 4.849679634220539953e-71
1.646000000000000000e+03 3.723397997444420613e-79
1.732000000000000000e+03 1.650224777053911511e-79
1.822000000000000000e+03 1.470976309356632745e-88
1.917000000000000000e+03 7.107224475750270257e-89
2.017000000000000000e+03 3.934593286904888256e-99
2.122000000000000000e+03 2.036766754463578072e-99
2.232000000000000000e+03 8.079512038447924223e-101
2.348000000000000000e+03 3.903987905121784429e-111
2.470000000000000000e+03 5.964016792234667469e-112
2.599000000000000000e+03 3.647750970596653552e-124
2.734000000000000000e+03 8.746658265041932487e-125
2.877000000000000000e+03 8.579089736027803065e-139
3.027000000000000000e+03 2.638803455124159880e-139
3.184000000000000000e+03 5.457560202255308143e-155
3.350000000000000000e+03 2.011107598664083359e-155
3.524000000000000000e+03 4.141550785909237918e-173
3.708000000000000000e+03 1.733310078397261174e-173
3.901000000000000000e+03 2.546611015498835718e-193
4.104000000000000000e+03 1.178430376729017337e-193
4.318000000000000000e+03 7.987103274919804722e-216
4.543000000000000000e+03 3.989305642176819250e-216
4.779000000000000000e+03 7.142395061425149436e-241
5.028000000000000000e+03 3.806757518434366452e-241
5.290000000000000000e+03 3.185856300349969569e-242
5.565000000000000000e+03 4.464504746062093363e-269
5.855000000000000000e+03 8.271684086417870739e-270
6.160000000000000000e+03 3.571513429928543706e-300
6.481000000000000000e+03 9.496893637928148542e-301
6.818000000000000000e+03 0.000000000000000000e+00
7.173000000000000000e+03 0.000000000000000000e+00
7.547000000000000000e+03 0.000000000000000000e+00
7.940000000000000000e+03 0.000000000000000000e+00
8.353000000000000000e+03 0.000000000000000000e+00
8.788000000000000000e+03 0.000000000000000000e+00
9.246000000000000000e+03 0.000000000000000000e+00
9.727000000000000000e+03 0.000000000000000000e+00
1.023000000000000000e+04 0.000000000000000000e+00
1.077000000000000000e+04 0.000000000000000000e+00
1.133000000000000000e+04 0.000000000000000000e+00
1.192000000000000000e+04 0.000000000000000000e+00
1.254000000000000000e+04 0.000000000000000000e+00
1.319000000000000000e+04 0.000000000000000000e+00
1.388000000000000000e+04 0.000000000000000000e+00
1.460000000000000000e+04 0.000000000000000000e+00
1.536000000000000000e+04 0.000000000000000000e+00
1.616000000000000000e+04 0.000000000000000000e+00
1.700000000000000000e+04 0.000000000000000000e+00
1.789000000000000000e+04 0.000000000000000000e+00
1.882000000000000000e+04 0.000000000000000000e+00
1.980000000000000000e+04 0.000000000000000000e+00
2.083000000000000000e+04 0.000000000000000000e+00
2.191000000000000000e+04 0.000000000000000000e+00
2.305000000000000000e+04 0.000000000000000000e+00
2.425000000000000000e+04 0.000000000000000000e+00
2.552000000000000000e+04 0.000000000000000000e+00
2.684000000000000000e+04 0.000000000000000000e+00
2.824000000000000000e+04 0.000000000000000000e+00
2.971000000000000000e+04 0.000000000000000000e+00
3.126000000000000000e+04 0.000000000000000000e+00
3.289000000000000000e+04 0.000000000000000000e+00
3.460000000000000000e+04 0.000000000000000000e+00
3.640000000000000000e+04 0.000000000000000000e+00
3.830000000000000000e+04 0.000000000000000000e+00
4.029000000000000000e+04 0.000000000000000000e+00
4.239000000000000000e+04 0.000000000000000000e+00
4.460000000000000000e+04 0.000000000000000000e+00
4.692000000000000000e+04 0.000000000000000000e+00
4.936000000000000000e+04 0.000000000000000000e+00
5.193000000000000000e+04 0.000000000000000000e+00
5.464000000000000000e+04 0.000000000000000000e+00
5.748000000000000000e+04 0.000000000000000000e+00
6.047000000000000000e+04 0.000000000000000000e+00
6.362000000000000000e+04 0.000000000000000000e+00
6.693000000000000000e+04 0.000000000000000000e+00
7.042000000000000000e+04 0.000000000000000000e+00
7.409000000000000000e+04 0.000000000000000000e+00
7.794000000000000000e+04 0.000000000000000000e+00
8.200000000000000000e+04 0.000000000000000000e+00
8.627000000000000000e+04 0.000000000000000000e+00
9.076000000000000000e+04 0.000000000000000000e+00
9.549000000000000000e+04 0.000000000000000000e+00
1.005000000000000000e+05 0.000000000000000000e+00
1.057000000000000000e+05 0.000000000000000000e+00
1.112000000000000000e+05 0.000000000000000000e+00
1.170000000000000000e+05 0.000000000000000000e+00
1.231000000000000000e+05 0.000000000000000000e+00
1.295000000000000000e+05 0.000000000000000000e+00
1.362000000000000000e+05 0.000000000000000000e+00
1.433000000000000000e+05 0.000000000000000000e+00
1.508000000000000000e+05 0.000000000000000000e+00
1.586000000000000000e+05 0.000000000000000000e+00
1.669000000000000000e+05 0.000000000000000000e+00
1.756000000000000000e+05 0.000000000000000000e+00
1.847000000000000000e+05 0.000000000000000000e+00
1.943000000000000000e+05 0.000000000000000000e+00
2.045000000000000000e+05 0.000000000000000000e+00
2.151000000000000000e+05 0.000000000000000000e+00
2.263000000000000000e+05 0.000000000000000000e+00
2.381000000000000000e+05 0.000000000000000000e+00
2.505000000000000000e+05 0.000000000000000000e+00
2.635000000000000000e+05 0.000000000000000000e+00
2.773000000000000000e+05 0.000000000000000000e+00
2.917000000000000000e+05 0.000000000000000000e+00
3.069000000000000000e+05 0.000000000000000000e+00
3.229000000000000000e+05 0.000000000000000000e+00
3.397000000000000000e+05 0.000000000000000000e+00
3.574000000000000000e+05 0.000000000000000000e+00
3.760000000000000000e+05 0.000000000000000000e+00
3.955000000000000000e+05 0.000000000000000000e+00
4.161000000000000000e+05 0.000000000000000000e+00
4.378000000000000000e+05 0.000000000000000000e+00
4.606000000000000000e+05 0.000000000000000000e+00
4.846000000000000000e+05 0.000000000000000000e+00
5.098000000000000000e+05 0.000000000000000000e+00
5.364000000000000000e+05 0.000000000000000000e+00
5.643000000000000000e+05 0.000000000000000000e+00
5.937000000000000000e+05 0.000000000000000000e+00
6.246000000000000000e+05 0.000000000000000000e+00
6.571000000000000000e+05 0.000000000000000000e+00
6.913000000000000000e+05 0.000000000000000000e+00
7.273000000000000000e+05 0.000000000000000000e+00
7.652000000000000000e+05 0.000000000000000000e+00
8.050000000000000000e+05 0.000000000000000000e+00
8.469000000000000000e+05 0.000000000000000000e+00
8.910000000000000000e+05 0.000000000000000000e+00
9.374000000000000000e+05 0.000000000000000000e+00
9.863000000000000000e+05 0.000000000000000000e+00
1.038000000000000000e+06 0.000000000000000000e+00
1.092000000000000000e+06 0.000000000000000000e+00
1.148000000000000000e+06 0.000000000000000000e+00
1.208000000000000000e+06 0.000000000000000000e+00
1.271000000000000000e+06 0.000000000000000000e+00
1.337000000000000000e+06 0.000000000000000000e+00
1.407000000000000000e+06 0.000000000000000000e+00
1.480000000000000000e+06 0.000000000000000000e+00
1.557000000000000000e+06 0.000000000000000000e+00
1.638000000000000000e+06 0.000000000000000000e+00
1.724000000000000000e+06 0.000000000000000000e+00
1.814000000000000000e+06 0.000000000000000000e+00
1.908000000000000000e+06 0.000000000000000000e+00
2.007000000000000000e+06 0.000000000000000000e+00
2.112000000000000000e+06 0.000000000000000000e+00
2.222000000000000000e+06 0.000000000000000000e+00
2.337000000000000000e+06 0.000000000000000000e+00
2.459000000000000000e+06 0.000000000000000000e+00
2.587000000000000000e+06 0.000000000000000000e+00
2.722000000000000000e+06 0.000000000000000000e+00
2.864000000000000000e+06 0.000000000000000000e+00
3.013000000000000000e+06 0.000000000000000000e+00
3.170000000000000000e+06 0.000000000000000000e+00
3.335000000000000000e+06 0.000000000000000000e+00
3.508000000000000000e+06 0.000000000000000000e+00
3.691000000000000000e+06 0.000000000000000000e+00
3.883000000000000000e+06 0.000000000000000000e+00
4.085000000000000000e+06 0.000000000000000000e+00
4.298000000000000000e+06 0.000000000000000000e+00
4.522000000000000000e+06 0.000000000000000000e+00
4.757000000000000000e+06 0.000000000000000000e+00
5.005000000000000000e+06 0.000000000000000000e+00
5.266000000000000000e+06 0.000000000000000000e+00
5.540000000000000000e+06 0.000000000000000000e+00
5.828000000000000000e+06 0.000000000000000000e+00
6.132000000000000000e+06 0.000000000000000000e+00
6.451000000000000000e+06 0.000000000000000000e+00
6.787000000000000000e+06 0.000000000000000000e+00
7.140000000000000000e+06 0.000000000000000000e+00
7.512000000000000000e+06 0.000000000000000000e+00
7.903000000000000000e+06 0.000000000000000000e+00
8.315000000000000000e+06 0.000000000000000000e+00
8.748000000000000000e+06 0.000000000000000000e+00
9.203000000000000000e+06 0.000000000000000000e+00
9.682000000000000000e+06 0.000000000000000000e+00
1.019000000000000000e+07 0.000000000000000000e+00
1.072000000000000000e+07 0.000000000000000000e+00
1.127000000000000000e+07 0.000000000000000000e+00
1.186000000000000000e+07 0.000000000000000000e+00
1.248000000000000000e+07 0.000000000000000000e+00
1.313000000000000000e+07 0.000000000000000000e+00
1.381000000000000000e+07 0.000000000000000000e+00
1.453000000000000000e+07 0.000000000000000000e+00
1.529000000000000000e+07 0.000000000000000000e+00
1.608000000000000000e+07 0.000000000000000000e+00
1.692000000000000000e+07 0.000000000000000000e+00
1.780000000000000000e+07 0.000000000000000000e+00
1.873000000000000000e+07 0.000000000000000000e+00
1.971000000000000000e+07 0.000000000000000000e+00
2.073000000000000000e+07 0.000000000000000000e+00
2.181000000000000000e+07 0.000000000000000000e+00
2.295000000000000000e+07 0.000000000000000000e+00
2.414000000000000000e+07 0.000000000000000000e+00
2.540000000000000000e+07 0.000000000000000000e+00
2.672000000000000000e+07 0.000000000000000000e+00
2.811000000000000000e+07 0.000000000000000000e+00
2.958000000000000000e+07 0.000000000000000000e+00
3.112000000000000000e+07 0.000000000000000000e+00
3.274000000000000000e+07 0.000000000000000000e+00
3.444000000000000000e+07 0.000000000000000000e+00
3.623000000000000000e+07 0.000000000000000000e+00
3.812000000000000000e+07 0.000000000000000000e+00
4.011000000000000000e+07 0.000000000000000000e+00
4.219000000000000000e+07 0.000000000000000000e+00
4.439000000000000000e+07 0.000000000000000000e+00
4.670000000000000000e+07 0.000000000000000000e+00
4.913000000000000000e+07 0.000000000000000000e+00
5.169000000000000000e+07 0.000000000000000000e+00
5.438000000000000000e+07 0.000000000000000000e+00
5.722000000000000000e+07 0.000000000000000000e+00
6.019000000000000000e+07 0.000000000000000000e+00
6.333000000000000000e+07 0.000000000000000000e+00
6.663000000000000000e+07 0.000000000000000000e+00
7.010000000000000000e+07 0.000000000000000000e+00
7.375000000000000000e+07 0.000000000000000000e+00
7.759000000000000000e+07 0.000000000000000000e+00
8.163000000000000000e+07 0.000000000000000000e+00
8.588000000000000000e+07 0.000000000000000000e+00
9.035000000000000000e+07 0.000000000000000000e+00
9.505000000000000000e+07 0.000000000000000000e+00
1.000000000000000000e+08 0.000000000000000000e+00
