1.900000000000000000e+01 2.532518835490796191e+05
2.000000000000000000e+01 2.937164883944279281e+05
2.100000000000000000e+01 3.370086954520387226e+05
2.200000000000000000e+01 3.829446622711734381e+05
2.300000000000000000e+01 4.327317331142367329e+05
2.400000000000000000e+01 4.863644130339780822e+05
2.500000000000000000e+01 5.439433069630437531e+05
2.600000000000000000e+01 6.057270136529924348e+05
2.700000000000000000e+01 6.712491315338641871e+05
2.800000000000000000e+01 7.405061933034826070e+05
2.900000000000000000e+01 8.141479999370367732e+05
3.000000000000000000e+01 8.908836689414740540e+05
3.100000000000000000e+01 9.705534042321441229e+05
3.200000000000000000e+01 1.054521773918294115e+06
3.300000000000000000e+01 1.141586967960278271e+06
3.400000000000000000e+01 1.231617453880155925e+06
3.500000000000000000e+01 1.325869662530093687e+06
3.600000000000000000e+01 1.424414271828231635e+06
3.700000000000000000e+01 1.527321130057147238e+06
3.800000000000000000e+01 1.635353094859642442e+06
3.900000000000000000e+01 1.748679974298495566e+06
4.000000000000000000e+01 1.866730885688032489e+06
4.100000000000000000e+01 1.989578812718715519e+06
4.200000000000000000e+01 2.114910056055152323e+06
4.300000000000000000e+01 2.242484971573935822e+06
4.400000000000000000e+01 2.374592425790359266e+06
4.500000000000000000e+01 2.511286169803972822e+06
4.600000000000000000e+01 2.652619376284772996e+06
4.700000000000000000e+01 2.793221225705002900e+06
4.800000000000000000e+01 2.932554322118283715e+06
4.900000000000000000e+01 3.075780678215272259e+06
5.000000000000000000e+01 3.222927132252273615e+06
5.100000000000000000e+01 3.374020165099686012e+06
5.200000000000000000e+01 3.529085911941498052e+06
5.300000000000000000e+01 3.688818246209575329e+06
5.400000000000000000e+01 3.853304312637832481e+06
5.500000000000000000e+01 4.021933567626358941e+06
5.600000000000000000e+01 4.194732900495545939e+06
5.700000000000000000e+01 4.371728890181773342e+06
5.800000000000000000e+01 4.552947814221556298e+06
5.900000000000000000e+01 4.738415657324651256e+06
6.000000000000000000e+01 4.926786952039047144e+06
6.100000000000000000e+01 5.117975672146499157e+06
6.200000000000000000e+01 5.313319982687391341e+06
6.300000000000000000e+01 5.512841550796775147e+06
6.400000000000000000e+01 5.716561809935666621e+06
6.500000000000000000e+01 5.924501966033127159e+06
6.600000000000000000e+01 6.136683003374643624e+06
6.700000000000000000e+01 6.345611241868900135e+06
6.800000000000000000e+01 6.550788844581401907e+06
6.900000000000000000e+01 6.759482514547438361e+06
7.000000000000000000e+01 6.971700614423330873e+06
7.100000000000000000e+01 7.187451406849925406e+06
7.200000000000000000e+01 7.406743057042515837e+06
7.300000000000000000e+01 7.629583635278642178e+06
7.400000000000000000e+01 7.855981119289097376e+06
7.500000000000000000e+01 8.071536792263239622e+06
7.600000000000000000e+01 8.275479661134747788e+06
7.700000000000000000e+01 8.481826423363963142e+06
7.800000000000000000e+01 8.690573847356496379e+06
7.900000000000000000e+01 8.901718747214680538e+06
8.000000000000000000e+01 9.115257981521405280e+06
8.100000000000000000e+01 9.331188452171068639e+06
8.200000000000000000e+01 9.549507103245312348e+06
8.300000000000000000e+01 9.770210919931331649e+06
8.400000000000000000e+01 9.973236966125644743e+06
8.500000000000000000e+01 1.015780640527754277e+07
8.600000000000000000e+01 1.034358581001977623e+07
8.700000000000000000e+01 1.053056898656288721e+07
8.800000000000000000e+01 1.071874984348063171e+07
8.900000000000000000e+01 1.090812238887695596e+07
9.000000000000000000e+01 1.109868072766220197e+07
9.100000000000000000e+01 1.129041905893318541e+07
9.200000000000000000e+01 1.148333167345222272e+07
9.300000000000000000e+01 1.167741295122018084e+07
9.400000000000000000e+01 1.185317255576115102e+07
9.500000000000000000e+01 1.201010952764426172e+07
9.600000000000000000e+01 1.216745712744428217e+07
9.700000000000000000e+01 1.232521215751887485e+07
9.800000000000000000e+01 1.248337147771228291e+07
9.900000000000000000e+01 1.264193200374794751e+07
1.000000000000000000e+02 1.280089070568175428e+07
1.010000000000000000e+02 1.296024460641302913e+07
1.020000000000000000e+02 1.311999078025076538e+07
1.030000000000000000e+02 1.328012635153221525e+07
1.040000000000000000e+02 1.344064849329170026e+07
