1.774127155601597394e+01 6.471389179239295190e+05
1.874127155601597394e+01 7.153800260669819545e+05
1.974127155601597394e+01 7.855893440844555153e+05
2.074127155601597394e+01 8.574553966600060230e+05
2.174127155601597394e+01 9.308792647559345933e+05
2.274127155601597394e+01 1.005313357140081236e+06
2.374127155601597394e+01 1.080788014574859757e+06
2.474127155601597394e+01 1.157038149867632426e+06
2.574127155601597394e+01 1.233913776447205339e+06
2.674127155601597394e+01 1.311421099177532364e+06
2.774127155601597394e+01 1.389328514891449362e+06
2.874127155601597394e+01 1.467427255777773913e+06
2.974127155601597394e+01 1.545538011911954265e+06
3.074127155601597394e+01 1.623821335771992803e+06
3.174127155601597394e+01 1.701702702393205836e+06
3.274127155601597394e+01 1.779278476279410068e+06
3.374127155601597394e+01 1.856697837194479303e+06
3.474127155601597394e+01 1.933291334953012643e+06
3.574127155601597394e+01 2.010113812673677690e+06
3.674127155601597394e+01 2.086042711582699558e+06
3.774127155601597394e+01 2.161928929893986322e+06
3.874127155601597394e+01 2.238068657594304532e+06
3.974127155601597394e+01 2.312708294340763241e+06
4.074127155601597394e+01 2.387623998116768897e+06
4.174127155601597394e+01 2.462630614814244211e+06
4.274127155601597394e+01 2.535564502389188390e+06
4.374127155601597394e+01 2.608425330745957326e+06
4.474127155601597394e+01 2.679793415376563556e+06
4.574127155601597394e+01 2.749909069793302566e+06
4.674127155601597394e+01 2.818700385692034382e+06
4.774127155601597394e+01 2.886073997220215853e+06
4.874127155601597394e+01 2.952348672225928400e+06
4.974127155601597394e+01 3.017378356857957318e+06
5.074127155601597394e+01 3.081257477191744372e+06
5.174127155601597394e+01 3.144051643711308949e+06
5.274127155601597394e+01 3.205809323416768573e+06
5.374127155601597394e+01 3.266581091491686180e+06
5.474127155601597394e+01 3.326304668440086301e+06
5.574127155601597394e+01 3.385002219382370822e+06
5.674127155601597394e+01 3.442812859419771470e+06
5.774127155601597394e+01 3.499277697823513299e+06
5.874127155601597394e+01 3.555161874694370665e+06
5.974127155601597394e+01 3.609494783884474542e+06
6.074127155601597394e+01 3.663007594445388764e+06
6.174127155601597394e+01 3.716000757278935984e+06
6.274127155601597394e+01 3.766722041815792210e+06
6.374127155601597394e+01 3.817017358996113297e+06
6.474127155601597394e+01 3.866783114027145319e+06
6.574127155601597394e+01 3.914006721673553344e+06
6.674127155601597394e+01 3.960689005445601884e+06
6.774127155601597394e+01 4.006881819066747092e+06
6.874127155601597394e+01 4.050521444936734159e+06
6.974127155601597394e+01 4.093534510350816417e+06
7.074127155601597394e+01 4.136112987778810319e+06
7.174127155601597394e+01 4.176219770954849664e+06
7.274127155601597394e+01 4.215632932341684587e+06
7.374127155601597394e+01 4.254662155238457955e+06
7.474127155601597394e+01 4.291306769605412148e+06
7.574127155601597394e+01 4.327189002257651649e+06
7.674127155601597394e+01 4.362733154815882444e+06
7.774127155601597394e+01 4.395957987991057336e+06
7.874127155601597394e+01 4.428346418399589136e+06
7.974127155601597394e+01 4.460440521513960324e+06
8.074127155601597394e+01 4.490302096468135715e+06
8.174127155601597394e+01 4.519256212257313542e+06
8.274127155601597394e+01 4.547970313031123951e+06
8.374127155601597394e+01 4.574866041015679948e+06
8.474127155601597394e+01 4.600913589486936107e+06
