1.221799999999999287e+01 8.579368971144608804e+04
1.321799999999999287e+01 1.000620839539042208e+05
1.421799999999999287e+01 1.151579392080098914e+05
1.521799999999999287e+01 1.310053681325748330e+05
1.621799999999999287e+01 1.476406504371861229e+05
1.721799999999999287e+01 1.650127167464129743e+05
1.821799999999999287e+01 1.830544755277257937e+05
1.921799999999999287e+01 2.017119755848680797e+05
2.021799999999999287e+01 2.207744791817735531e+05
2.121799999999999287e+01 2.401630211271329608e+05
2.221799999999999287e+01 2.602662750169037608e+05
2.321799999999999287e+01 2.804852834891883540e+05
2.421799999999999287e+01 3.007316766984721180e+05
2.521799999999999287e+01 3.215495265150125488e+05
2.621799999999999287e+01 3.423741022981991991e+05
2.721799999999999287e+01 3.631354185415388201e+05
2.821799999999999287e+01 3.843528971360356663e+05
2.921799999999999287e+01 4.054335802495290991e+05
3.021799999999999287e+01 4.263160210510719335e+05
3.121799999999999287e+01 4.475533735984914820e+05
3.221799999999998931e+01 4.683880028506663512e+05
3.321799999999998931e+01 4.887560075756813167e+05
3.421799999999998931e+01 5.093756223577611381e+05
3.521799999999998931e+01 5.302425725322394865e+05
3.621799999999998931e+01 5.513527744754495798e+05
3.721799999999998931e+01 5.720248828017303022e+05
3.821799999999998931e+01 5.922138667367580347e+05
3.921799999999998931e+01 6.125733441289681941e+05
4.021799999999998931e+01 6.331004070646757027e+05
4.121799999999998931e+01 6.530494160627271049e+05
4.221799999999998931e+01 6.723810675329806982e+05
4.321799999999998931e+01 6.918178052270715125e+05
4.421799999999998931e+01 7.113577766454224475e+05
4.521799999999998931e+01 7.309992027666813228e+05
4.621799999999998931e+01 7.496606786984924693e+05
4.721799999999998931e+01 7.672999847638650099e+05
4.821799999999998931e+01 7.849756025486579165e+05
4.921799999999998931e+01 8.026868590224084910e+05
5.021799999999998931e+01 8.204331069337427616e+05
5.121799999999998931e+01 8.382137233333748300e+05
5.221799999999998931e+01 8.550474371038216632e+05
5.321799999999998931e+01 8.709072538545869756e+05
5.421799999999998931e+01 8.867605877546945121e+05
5.521799999999998931e+01 9.026075598796122940e+05
5.621799999999998931e+01 9.184482869108631276e+05
5.721799999999998931e+01 9.342828813701677136e+05
5.821799999999998931e+01 9.501114518372631865e+05
5.921799999999998931e+01 9.650006056693778373e+05
6.021799999999998931e+01 9.789331008525697980e+05
6.121799999999998931e+01 9.928342333391548600e+05
6.221799999999998931e+01 1.006704580256712623e+06
6.321799999999998931e+01 1.020544699087524205e+06
6.421799999999998931e+01 1.034355128634908935e+06
6.521799999999998931e+01 1.048136389927838463e+06
6.621799999999998931e+01 1.060830625545634190e+06
6.721799999999998931e+01 1.072425911061790539e+06
6.821799999999998931e+01 1.083975175788589986e+06
6.921799999999998931e+01 1.095479268203550950e+06
7.021799999999998931e+01 1.106939009215645492e+06
7.121799999999998931e+01 1.118355193437620066e+06
7.221799999999998931e+01 1.129728590382700320e+06
7.321799999999998931e+01 1.141059945591152413e+06
7.421799999999998931e+01 1.151207258775599999e+06
7.521799999999998931e+01 1.160164929868417559e+06
7.621799999999998931e+01 1.169073401691818377e+06
7.721799999999998931e+01 1.177933580584322801e+06
7.821799999999998931e+01 1.186746344769651536e+06
7.921799999999998931e+01 1.195512545574100455e+06
8.021799999999998931e+01 1.204233008576629218e+06
8.121799999999998931e+01 1.212908534696164308e+06
8.221799999999998931e+01 1.221539901220269501e+06
8.321799999999998931e+01 1.228999668562765699e+06
8.421799999999998931e+01 1.235288379622692009e+06
8.521799999999998931e+01 1.241534906511700014e+06
8.621799999999998931e+01 1.247740019446001854e+06
8.721799999999998931e+01 1.253904465886551421e+06
8.821799999999998931e+01 1.260028971462309128e+06
8.921799999999998931e+01 1.266114240846089786e+06
9.021799999999998931e+01 1.272160958585930988e+06
9.121799999999998931e+01 1.278169789894702379e+06
9.221799999999998931e+01 1.284141381400492741e+06
9.321799999999998931e+01 1.289137821435956983e+06
9.421799999999998931e+01 1.293163411569913616e+06
9.521799999999998931e+01 1.297159095983774867e+06
9.621799999999998931e+01 1.301125405841091182e+06
9.721799999999998931e+01 1.305062857495957753e+06
9.821799999999998931e+01 1.308971953052743338e+06
9.921799999999998931e+01 1.312853180899218656e+06
1.002179999999999893e+02 1.316707016214611940e+06
1.012179999999999893e+02 1.320533921454009600e+06
1.022179999999999893e+02 1.324334346810412826e+06
1.032179999999999893e+02 1.328108730655700434e+06
