1.000000000000000021e-03 1.379895529004284072e+04
1.051999999999999984e-03 1.392380938730838534e+04
1.106999999999999911e-03 1.402338424472641964e+04
1.163999999999999887e-03 1.413350098058812182e+04
1.224999999999999960e-03 1.423311033140251311e+04
1.288999999999999998e-03 1.429393417114245131e+04
1.356000000000000000e-03 1.440161130395673172e+04
1.427000000000000100e-03 1.444221845748963642e+04
1.500999999999999947e-03 1.451803746164142467e+04
1.579000000000000108e-03 1.453540191744849290e+04
1.661000000000000150e-03 1.459635905510349039e+04
1.747999999999999988e-03 1.457959224392171382e+04
1.839000000000000140e-03 1.463024775175175273e+04
1.935000000000000088e-03 1.458363903976694201e+04
2.034999999999999917e-03 1.463519163776903770e+04
2.141000000000000108e-03 1.452827285879316696e+04
2.252999999999999794e-03 1.459282536440024160e+04
2.370000000000000145e-03 1.442223634321425925e+04
2.492999999999999990e-03 1.451281310459222186e+04
2.623000000000000331e-03 1.427955916296046780e+04
2.759999999999999867e-03 1.422551349173759627e+04
2.903999999999999897e-03 1.425883255848081899e+04
3.054999999999999990e-03 1.388360387677793005e+04
3.213999999999999843e-03 1.411026394585391972e+04
3.380999999999999891e-03 1.379541268502723688e+04
3.556999999999999832e-03 1.393383186408240181e+04
3.742000000000000100e-03 1.356248849100217194e+04
3.936999999999999528e-03 1.381301409206889548e+04
4.142000000000000716e-03 1.331603534140371266e+04
4.357999999999999895e-03 1.365267682803936259e+04
4.585000000000000533e-03 1.313095714540839981e+04
4.824000000000000163e-03 1.368171213077961329e+04
5.074999999999999650e-03 1.296382096120246388e+04
5.338999999999999996e-03 1.385878717758624407e+04
5.616999999999999597e-03 1.327223218703584098e+04
5.908999999999999322e-03 1.513322874445490379e+04
6.217000000000000304e-03 1.331389940977341394e+04
6.540999999999999939e-03 1.343302395469916701e+04
6.880999999999999964e-03 1.484252398217888549e+04
7.239999999999999908e-03 1.259825297408663027e+04
7.617000000000000506e-03 1.587716022554065967e+04
8.012999999999999290e-03 1.468937523620032516e+04
8.429999999999999993e-03 1.701386558015116316e+04
8.868999999999998413e-03 1.596817504834529063e+04
9.330999999999999017e-03 1.890553286050340103e+04
9.816999999999999338e-03 1.769940563037752145e+04
1.032999999999999891e-02 2.028028722992173789e+04
1.086999999999999945e-02 2.028000890766642988e+04
1.143000000000000092e-02 2.086400003518078665e+04
1.203000000000000076e-02 2.283499998617506935e+04
1.264999999999999979e-02 2.300721017062240571e+04
1.330999999999999892e-02 2.381658196893326385e+04
1.400999999999999988e-02 2.875688330681572188e+04
1.473000000000000004e-02 2.902484668257324665e+04
1.549999999999999989e-02 3.274952696841167926e+04
1.631000000000000158e-02 3.682443204235660960e+04
1.715999999999999817e-02 4.089702012229197862e+04
1.805000000000000007e-02 4.434445698980176530e+04
1.898999999999999994e-02 5.161993534212232044e+04
1.997999999999999776e-02 5.247079167237567890e+04
2.101999999999999702e-02 5.833941117994534579e+04
2.212000000000000077e-02 6.865827780889946735e+04
2.326999999999999902e-02 7.300400811396315112e+04
2.447999999999999829e-02 8.507878721509025490e+04
2.574999999999999858e-02 8.477588476581586292e+04
2.708999999999999950e-02 8.937044630363202305e+04
2.850000000000000103e-02 1.003071410760420695e+05
2.998999999999999930e-02 1.044378156582349329e+05
3.155000000000000165e-02 1.167463729632660979e+05
3.318999999999999728e-02 1.308716813788785366e+05
3.491999999999999965e-02 1.364919085182465205e+05
3.673999999999999488e-02 1.501070741048470372e+05
3.864999999999999686e-02 1.650734660373297811e+05
4.066000000000000170e-02 1.736691291441923822e+05
4.277999999999999858e-02 1.894569115184021066e+05
4.500999999999999446e-02 2.057746078246931720e+05
4.734999999999999626e-02 2.192536827697003027e+05
4.982000000000000317e-02 2.422677182368325302e+05
5.240999999999999825e-02 2.611406169772657158e+05
5.513999999999999457e-02 2.775177681663684780e+05
5.800999999999999907e-02 2.981742563999836566e+05
6.102999999999999398e-02 3.216014987690888811e+05
6.421000000000000318e-02 3.392659878276864183e+05
6.755999999999999506e-02 3.743139154861766729e+05
7.106999999999999429e-02 3.961682156735847821e+05
7.477000000000000313e-02 4.219777398263753275e+05
7.867000000000000381e-02 4.440761552545203012e+05
8.276000000000000023e-02 4.839042201698540011e+05
8.707000000000000850e-02 5.090262171564004384e+05
9.160999999999999699e-02 5.473644953937636456e+05
9.637999999999999345e-02 5.711437455476312898e+05
1.014000000000000040e-01 6.046051649382039905e+05
1.067000000000000032e-01 6.395247901550325332e+05
1.122000000000000081e-01 6.710967938909563236e+05
1.180999999999999966e-01 7.172215627744277008e+05
1.242000000000000048e-01 7.340101644466518192e+05
1.307000000000000106e-01 7.919371698726004688e+05
1.375000000000000111e-01 8.071272517646652414e+05
1.446999999999999953e-01 8.688675040881630266e+05
1.522000000000000020e-01 8.866664442774663912e+05
1.600999999999999923e-01 9.387270211565091740e+05
1.683999999999999941e-01 9.692033571304138750e+05
1.771999999999999964e-01 1.008470710001148633e+06
1.864000000000000101e-01 1.035310854692649213e+06
1.960999999999999965e-01 1.069942287935205968e+06
2.064000000000000001e-01 1.102415387556598522e+06
2.170999999999999874e-01 1.124180937826898880e+06
2.283999999999999919e-01 1.143733240426502656e+06
2.403000000000000136e-01 1.166577234533980256e+06
2.528000000000000247e-01 1.190148981197662186e+06
2.660000000000000142e-01 1.200001626732732169e+06
2.798000000000000487e-01 1.212553557331909426e+06
2.943999999999999950e-01 1.219505505335511407e+06
3.096999999999999753e-01 1.222750751359007088e+06
3.259000000000000230e-01 1.220444135208368534e+06
3.427999999999999936e-01 1.205604308179532876e+06
3.606999999999999651e-01 1.203681976798533462e+06
3.795000000000000040e-01 1.176964402139110491e+06
3.991999999999999993e-01 1.165516091773801716e+06
4.200000000000000400e-01 1.133188922946969746e+06
4.419000000000000150e-01 1.108134748557901708e+06
4.649000000000000354e-01 1.075749217199397041e+06
4.891000000000000347e-01 1.031379038384522428e+06
5.144999999999999574e-01 9.971348820378074888e+05
5.413000000000000034e-01 9.524407196528253844e+05
5.695000000000000062e-01 9.103540289364681812e+05
5.992000000000000659e-01 8.581584027378074825e+05
6.304000000000000714e-01 8.128490212984853424e+05
6.632000000000000117e-01 7.608932403492196463e+05
6.976999999999999869e-01 7.065712049161528703e+05
7.340999999999999748e-01 6.554796768722150009e+05
7.722999999999999865e-01 6.108377417165773222e+05
8.125000000000000000e-01 5.621735829800566426e+05
8.548000000000000043e-01 5.115812581559548271e+05
8.992999999999999883e-01 4.708784000688595697e+05
9.460999999999999410e-01 4.265115496645885287e+05
9.954000000000000625e-01 3.900964696446292801e+05
1.046999999999999931e+00 3.523284376640283153e+05
1.101999999999999869e+00 3.217015967168596108e+05
1.159000000000000030e+00 2.912342250586877926e+05
1.219000000000000083e+00 2.638031084213401191e+05
1.283000000000000140e+00 2.404823122072280385e+05
1.350000000000000089e+00 2.180017145988157718e+05
1.419999999999999929e+00 1.989784363377829432e+05
1.493999999999999995e+00 1.847526950207144837e+05
1.572000000000000064e+00 1.700077307127355598e+05
1.654000000000000137e+00 1.583016032545633789e+05
1.739999999999999991e+00 1.485963585753074440e+05
1.830000000000000071e+00 1.407025467443642265e+05
1.925999999999999934e+00 1.351407267111986584e+05
2.025999999999999801e+00 1.315703456465109484e+05
2.131000000000000227e+00 1.277798741056517174e+05
2.241999999999999993e+00 1.266964185763109708e+05
2.358999999999999986e+00 1.249918031228916370e+05
2.481999999999999762e+00 1.261649695163985743e+05
2.611000000000000210e+00 1.263084836023205426e+05
2.746999999999999886e+00 1.288783407729127503e+05
2.890000000000000124e+00 1.310540870131718839e+05
3.040999999999999925e+00 1.340155170886515116e+05
3.198999999999999844e+00 1.386343096638752322e+05
3.366000000000000103e+00 1.431773389608183934e+05
3.540999999999999925e+00 1.477039205643310561e+05
3.725000000000000089e+00 1.536922283224692219e+05
3.918999999999999595e+00 1.588979263382868376e+05
4.123000000000000220e+00 1.656250311373169825e+05
4.338000000000000078e+00 1.719629107361380011e+05
4.564000000000000057e+00 1.792953069569163199e+05
4.801000000000000156e+00 1.850955573204027023e+05
5.051000000000000156e+00 1.926766184260812297e+05
5.314000000000000057e+00 1.990340966721407021e+05
5.590999999999999304e+00 2.062615676863379485e+05
5.881999999999999673e+00 2.133179643529627647e+05
6.187999999999999723e+00 2.205386847405873996e+05
6.511000000000000121e+00 2.275747265026203240e+05
6.850000000000000533e+00 2.345435010027221288e+05
7.205999999999999517e+00 2.416243125677160569e+05
7.581999999999999851e+00 2.476108886411521235e+05
7.976000000000000867e+00 2.538908208035942516e+05
8.391999999999999460e+00 2.604865330598383734e+05
8.829000000000000625e+00 2.663114543061984587e+05
9.288000000000000256e+00 2.722226364215209614e+05
9.772000000000000242e+00 2.782654672322984552e+05
1.027999999999999936e+01 2.839184146841681795e+05
1.082000000000000028e+01 2.885209840712599689e+05
1.137999999999999901e+01 2.928342267629358685e+05
1.196999999999999886e+01 2.972481781620121910e+05
1.259999999999999964e+01 3.018735628217730555e+05
1.325000000000000000e+01 3.051440888457163819e+05
1.393999999999999950e+01 3.086596884614925366e+05
1.466999999999999993e+01 3.111010859385325457e+05
1.542999999999999972e+01 3.131859335532119730e+05
1.623000000000000043e+01 3.157561182798682712e+05
1.708000000000000185e+01 3.173366116478666663e+05
1.796999999999999886e+01 3.188821320154205314e+05
1.889999999999999858e+01 3.190628729578338680e+05
1.989000000000000057e+01 3.199070558553813607e+05
2.092000000000000171e+01 3.190432553804460913e+05
2.200999999999999801e+01 3.193827502440202516e+05
2.316000000000000014e+01 3.173693916078642360e+05
2.437000000000000099e+01 3.174886677388415555e+05
2.562999999999999901e+01 3.143279502443639794e+05
2.697000000000000242e+01 3.124623757801820175e+05
2.837000000000000099e+01 3.092695969574638293e+05
2.985000000000000142e+01 3.064230598777896957e+05
3.139999999999999858e+01 3.030802127299046842e+05
3.303999999999999915e+01 2.992139721365813748e+05
3.475999999999999801e+01 2.942763887081796420e+05
3.657000000000000028e+01 2.898021839947405970e+05
3.846999999999999886e+01 2.847377338006026694e+05
4.048000000000000398e+01 2.787074910095398081e+05
4.259000000000000341e+01 2.733011061353716650e+05
4.479999999999999716e+01 2.668899583162972121e+05
4.714000000000000057e+01 2.608484070279799344e+05
4.959000000000000341e+01 2.539327755192102632e+05
5.217000000000000171e+01 2.472544259289387846e+05
5.489000000000000057e+01 2.398092570558087900e+05
5.775000000000000000e+01 2.329644084598889167e+05
6.075000000000000000e+01 2.253147814397560724e+05
6.392000000000000171e+01 2.179580649473364465e+05
6.723999999999999488e+01 2.102190505623272329e+05
7.075000000000000000e+01 2.028096730053848005e+05
7.442999999999999261e+01 1.952620188118241786e+05
7.829999999999999716e+01 1.873957086158313032e+05
8.237999999999999545e+01 1.797611728733624914e+05
8.667000000000000171e+01 1.720459748298724589e+05
9.117999999999999261e+01 1.644733582401174353e+05
9.593000000000000682e+01 1.567037073384002724e+05
1.009000000000000057e+02 1.492815502115559357e+05
1.062000000000000028e+02 1.419161938970230403e+05
1.116999999999999886e+02 1.347097804159145453e+05
1.175000000000000000e+02 1.275313376148526440e+05
1.236000000000000085e+02 1.205604609094438638e+05
1.300999999999999943e+02 1.137003359368907113e+05
1.369000000000000057e+02 1.071735844827870169e+05
1.440000000000000000e+02 1.007445406189396599e+05
1.515000000000000000e+02 9.450195757157888147e+04
1.593999999999999773e+02 8.845131000545705319e+04
1.676999999999999886e+02 8.270036346514649631e+04
1.764000000000000057e+02 7.706627328392375784e+04
1.855999999999999943e+02 7.170112507395709690e+04
1.952000000000000171e+02 6.659380445874504221e+04
2.054000000000000057e+02 6.173811193329525122e+04
2.160999999999999943e+02 5.706933628911366395e+04
2.273999999999999773e+02 5.263738185257791338e+04
2.391999999999999886e+02 4.838008364624189562e+04
2.516999999999999886e+02 4.445240586630157486e+04
2.647999999999999545e+02 4.072911709558514849e+04
2.785000000000000000e+02 3.718571945086959022e+04
2.930000000000000000e+02 3.388520814447268640e+04
3.083000000000000114e+02 3.083838606565031296e+04
3.244000000000000341e+02 2.798030517440468975e+04
3.411999999999999886e+02 2.533470554882244323e+04
3.590000000000000000e+02 2.287361885012829225e+04
3.776999999999999886e+02 2.058233799108484527e+04
3.973999999999999773e+02 1.854133262265777012e+04
4.181000000000000227e+02 1.659943556752324002e+04
4.398000000000000114e+02 1.485278799686282218e+04
4.626999999999999886e+02 1.321273043372819484e+04
4.868000000000000114e+02 1.179459917584275900e+04
5.122000000000000455e+02 1.044311148607036557e+04
5.387999999999999545e+02 9.263923647112644176e+03
5.668999999999999773e+02 8.170849762509239554e+03
5.964000000000000909e+02 7.207098862436905620e+03
6.275000000000000000e+02 6.330225185658814553e+03
6.601000000000000227e+02 5.560535466701236146e+03
6.945000000000000000e+02 4.851147102498204731e+03
7.307000000000000455e+02 4.238746652012979212e+03
7.687000000000000455e+02 3.682671113570324451e+03
8.087999999999999545e+02 3.202550822578267343e+03
8.508999999999999773e+02 2.767661802234081733e+03
8.952000000000000455e+02 2.397311304354383083e+03
9.417999999999999545e+02 2.057859929451876269e+03
9.908000000000000682e+02 1.777750016200664049e+03
1.042000000000000000e+03 1.517309624398771575e+03
1.097000000000000000e+03 1.306218705313834107e+03
1.154000000000000000e+03 1.112460084481373769e+03
1.214000000000000000e+03 9.493094899892170133e+02
1.277000000000000000e+03 8.121836466928829168e+02
1.344000000000000000e+03 6.919674971062854638e+02
1.414000000000000000e+03 5.921687135950496668e+02
1.487000000000000000e+03 5.056713058107043253e+02
1.565000000000000000e+03 4.317735638733797714e+02
1.646000000000000000e+03 3.690341706550261165e+02
1.732000000000000000e+03 3.191820799334952312e+02
1.822000000000000000e+03 2.758910345434929923e+02
1.917000000000000000e+03 2.422100701596479269e+02
2.017000000000000000e+03 2.142630013330017960e+02
2.122000000000000000e+03 1.927535584931038954e+02
2.232000000000000000e+03 1.755629728674894352e+02
2.348000000000000000e+03 1.642261845357642187e+02
2.470000000000000000e+03 1.559101621800300563e+02
2.599000000000000000e+03 1.511185130204028724e+02
2.734000000000000000e+03 1.492326804804857829e+02
2.877000000000000000e+03 1.498922000508280803e+02
3.027000000000000000e+03 1.522640895619830133e+02
3.184000000000000000e+03 1.557191736907367954e+02
3.350000000000000000e+03 1.593350563483461997e+02
3.524000000000000000e+03 1.641746500318711242e+02
3.708000000000000000e+03 1.670174547144725068e+02
3.901000000000000000e+03 1.696902834572080963e+02
4.104000000000000000e+03 1.689655760245402973e+02
4.318000000000000000e+03 1.660691735544363894e+02
4.543000000000000000e+03 1.595566749277386123e+02
4.779000000000000000e+03 1.488432849940237190e+02
5.028000000000000000e+03 1.359483740345758065e+02
5.290000000000000000e+03 1.192233608816901835e+02
5.565000000000000000e+03 1.019418285067532395e+02
5.855000000000000000e+03 8.448439308915601487e+01
6.160000000000000000e+03 6.669780458081604024e+01
6.481000000000000000e+03 5.313970946997858391e+01
6.818000000000000000e+03 3.892685640879133047e+01
7.173000000000000000e+03 3.025449417282738196e+01
7.547000000000000000e+03 2.137323005803903797e+01
7.940000000000000000e+03 1.621477729904501430e+01
8.353000000000000000e+03 1.165361273908333040e+01
8.788000000000000000e+03 8.707803335883744111e+00
9.246000000000000000e+03 6.420396385575117826e+00
9.727000000000000000e+03 4.667892322255290161e+00
1.023000000000000000e+04 3.334216846003724921e+00
1.077000000000000000e+04 2.213092246261643581e+00
1.133000000000000000e+04 1.450711454118814414e+00
1.192000000000000000e+04 8.154669302162690370e-01
1.254000000000000000e+04 5.255211190209972960e-01
1.319000000000000000e+04 2.613465991129042543e-01
1.388000000000000000e+04 1.721566286121209155e-01
1.460000000000000000e+04 8.222481084800611906e-02
1.536000000000000000e+04 5.365502392426915040e-02
1.616000000000000000e+04 2.358252572122355312e-02
1.700000000000000000e+04 1.383419626336725855e-02
1.789000000000000000e+04 5.603514942647526420e-03
1.882000000000000000e+04 2.689839765035016966e-03
1.980000000000000000e+04 1.199157766532260583e-03
2.083000000000000000e+04 4.938813504528001856e-04
2.191000000000000000e+04 2.192343421953121612e-04
2.305000000000000000e+04 6.436269750715051263e-05
2.425000000000000000e+04 3.015366937640353635e-05
2.552000000000000000e+04 6.936736671352509433e-06
2.684000000000000000e+04 3.385544489152715327e-06
2.824000000000000000e+04 5.359802555911694776e-07
2.971000000000000000e+04 2.732545280097940327e-07
3.126000000000000000e+04 3.033108425746415026e-08
3.289000000000000000e+04 1.618349913649064127e-08
3.460000000000000000e+04 1.341548427899254708e-09
3.640000000000000000e+04 7.092215067721567502e-10
3.830000000000000000e+04 1.104658693396280366e-10
4.029000000000000000e+04 1.725909910990589549e-11
4.239000000000000000e+04 4.128973464362512163e-12
4.460000000000000000e+04 3.498915602832777633e-13
4.692000000000000000e+04 1.050511899608110104e-13
4.936000000000000000e+04 3.077165317931719435e-15
5.193000000000000000e+04 1.111991034626786318e-15
5.464000000000000000e+04 2.367760262623715571e-17
5.748000000000000000e+04 9.715512380714379323e-18
6.047000000000000000e+04 7.090905177010795634e-20
6.362000000000000000e+04 3.221377484620960364e-20
6.693000000000000000e+04 1.413595402817875616e-22
7.042000000000000000e+04 6.956938227638251458e-23
7.409000000000000000e+04 1.200905100547213832e-25
7.794000000000000000e+04 6.328141665867582977e-26
8.200000000000000000e+04 3.397182366239813598e-27
8.627000000000000000e+04 3.070420561112594790e-29
9.076000000000000000e+04 4.944113293241973845e-30
9.549000000000000000e+04 4.657194044605807650e-33
1.005000000000000000e+05 1.120947245503290555e-33
1.057000000000000000e+05 3.125763890429394890e-37
1.112000000000000000e+05 9.902720335298009934e-38
1.170000000000000000e+05 7.027402726587420930e-42
1.231000000000000000e+05 2.628720895165740084e-42
1.295000000000000000e+05 4.207318052546645862e-47
1.362000000000000000e+05 1.803164797175434484e-47
1.433000000000000000e+05 6.233024213576755052e-53
1.508000000000000000e+05 2.907941007453990594e-53
1.586000000000000000e+05 1.954939631193969360e-59
1.669000000000000000e+05 9.854289135329635531e-60
1.756000000000000000e+05 9.984681076775629564e-67
1.847000000000000000e+05 5.387828551775746861e-67
1.943000000000000000e+05 5.390178889421270214e-68
2.045000000000000000e+05 4.593877372882447284e-75
2.151000000000000000e+05 9.010731587645204238e-76
2.263000000000000000e+05 5.011097916139405780e-84
2.381000000000000000e+05 1.373523075573647429e-84
2.505000000000000000e+05 4.874529054463883443e-94
2.635000000000000000e+05 1.668550989086869547e-94
2.773000000000000000e+05 3.082193616046082702e-105
2.917000000000000000e+05 1.220608683908797776e-105
3.069000000000000000e+05 1.104741516007996882e-117
3.229000000000000000e+05 4.876487669168487070e-118
3.397000000000000000e+05 1.307539126734382957e-131
3.574000000000000000e+05 6.304104121765632170e-132
3.760000000000000000e+05 4.545599603454132497e-147
3.955000000000000000e+05 2.360355069458635567e-147
4.161000000000000000e+05 5.503137541112211296e-149
4.378000000000000000e+05 1.324269257429340703e-164
4.606000000000000000e+05 1.799055267413412191e-165
4.846000000000000000e+05 8.340101912789023122e-184
5.098000000000000000e+05 1.895953278526606132e-184
5.364000000000000000e+05 2.863305958894903458e-205
5.643000000000000000e+05 8.612527412611121518e-206
5.937000000000000000e+05 3.865557592181586601e-229
6.246000000000000000e+05 1.399740023674173936e-229
6.571000000000000000e+05 9.401647275579850894e-256
6.913000000000000000e+05 3.895613425103136303e-256
7.273000000000000000e+05 2.027358519617266089e-285
7.652000000000000000e+05 9.287679706876115446e-286
8.050000000000000000e+05 1.877138192839856883e-318
8.469000000000000000e+05 9.319856716890938311e-319
8.910000000000000000e+05 0.000000000000000000e+00
9.374000000000000000e+05 0.000000000000000000e+00
9.863000000000000000e+05 0.000000000000000000e+00
1.038000000000000000e+06 0.000000000000000000e+00
1.092000000000000000e+06 0.000000000000000000e+00
1.148000000000000000e+06 0.000000000000000000e+00
1.208000000000000000e+06 0.000000000000000000e+00
1.271000000000000000e+06 0.000000000000000000e+00
1.337000000000000000e+06 0.000000000000000000e+00
1.407000000000000000e+06 0.000000000000000000e+00
1.480000000000000000e+06 0.000000000000000000e+00
1.557000000000000000e+06 0.000000000000000000e+00
1.638000000000000000e+06 0.000000000000000000e+00
1.724000000000000000e+06 0.000000000000000000e+00
1.814000000000000000e+06 0.000000000000000000e+00
1.908000000000000000e+06 0.000000000000000000e+00
2.007000000000000000e+06 0.000000000000000000e+00
2.112000000000000000e+06 0.000000000000000000e+00
2.222000000000000000e+06 0.000000000000000000e+00
2.337000000000000000e+06 0.000000000000000000e+00
2.459000000000000000e+06 0.000000000000000000e+00
2.587000000000000000e+06 0.000000000000000000e+00
2.722000000000000000e+06 0.000000000000000000e+00
2.864000000000000000e+06 0.000000000000000000e+00
3.013000000000000000e+06 0.000000000000000000e+00
3.170000000000000000e+06 0.000000000000000000e+00
3.335000000000000000e+06 0.000000000000000000e+00
3.508000000000000000e+06 0.000000000000000000e+00
3.691000000000000000e+06 0.000000000000000000e+00
3.883000000000000000e+06 0.000000000000000000e+00
4.085000000000000000e+06 0.000000000000000000e+00
4.298000000000000000e+06 0.000000000000000000e+00
4.522000000000000000e+06 0.000000000000000000e+00
4.757000000000000000e+06 0.000000000000000000e+00
5.005000000000000000e+06 0.000000000000000000e+00
5.266000000000000000e+06 0.000000000000000000e+00
5.540000000000000000e+06 0.000000000000000000e+00
5.828000000000000000e+06 0.000000000000000000e+00
6.132000000000000000e+06 0.000000000000000000e+00
6.451000000000000000e+06 0.000000000000000000e+00
6.787000000000000000e+06 0.000000000000000000e+00
7.140000000000000000e+06 0.000000000000000000e+00
7.512000000000000000e+06 0.000000000000000000e+00
7.903000000000000000e+06 0.000000000000000000e+00
8.315000000000000000e+06 0.000000000000000000e+00
8.748000000000000000e+06 0.000000000000000000e+00
9.203000000000000000e+06 0.000000000000000000e+00
9.682000000000000000e+06 0.000000000000000000e+00
1.019000000000000000e+07 0.000000000000000000e+00
1.072000000000000000e+07 0.000000000000000000e+00
1.127000000000000000e+07 0.000000000000000000e+00
1.186000000000000000e+07 0.000000000000000000e+00
1.248000000000000000e+07 0.000000000000000000e+00
1.313000000000000000e+07 0.000000000000000000e+00
1.381000000000000000e+07 0.000000000000000000e+00
1.453000000000000000e+07 0.000000000000000000e+00
1.529000000000000000e+07 0.000000000000000000e+00
1.608000000000000000e+07 0.000000000000000000e+00
1.692000000000000000e+07 0.000000000000000000e+00
1.780000000000000000e+07 0.000000000000000000e+00
1.873000000000000000e+07 0.000000000000000000e+00
1.971000000000000000e+07 0.000000000000000000e+00
2.073000000000000000e+07 0.000000000000000000e+00
2.181000000000000000e+07 0.000000000000000000e+00
2.295000000000000000e+07 0.000000000000000000e+00
2.414000000000000000e+07 0.000000000000000000e+00
2.540000000000000000e+07 0.000000000000000000e+00
2.672000000000000000e+07 0.000000000000000000e+00
2.811000000000000000e+07 0.000000000000000000e+00
2.958000000000000000e+07 0.000000000000000000e+00
3.112000000000000000e+07 0.000000000000000000e+00
3.274000000000000000e+07 0.000000000000000000e+00
3.444000000000000000e+07 0.000000000000000000e+00
3.623000000000000000e+07 0.000000000000000000e+00
3.812000000000000000e+07 0.000000000000000000e+00
4.011000000000000000e+07 0.000000000000000000e+00
4.219000000000000000e+07 0.000000000000000000e+00
4.439000000000000000e+07 0.000000000000000000e+00
4.670000000000000000e+07 0.000000000000000000e+00
4.913000000000000000e+07 0.000000000000000000e+00
5.169000000000000000e+07 0.000000000000000000e+00
5.438000000000000000e+07 0.000000000000000000e+00
5.722000000000000000e+07 0.000000000000000000e+00
6.019000000000000000e+07 0.000000000000000000e+00
6.333000000000000000e+07 0.000000000000000000e+00
6.663000000000000000e+07 0.000000000000000000e+00
7.010000000000000000e+07 0.000000000000000000e+00
7.375000000000000000e+07 0.000000000000000000e+00
7.759000000000000000e+07 0.000000000000000000e+00
8.163000000000000000e+07 0.000000000000000000e+00
8.588000000000000000e+07 0.000000000000000000e+00
9.035000000000000000e+07 0.000000000000000000e+00
9.505000000000000000e+07 0.000000000000000000e+00
1.000000000000000000e+08 0.000000000000000000e+00
