1.000000000000000021e-03 1.441274666468267007e+01
1.051999999999999984e-03 2.825819169633212979e+01
1.106999999999999911e-03 1.803722097943512637e+01
1.163999999999999887e-03 2.562570658837390525e+01
1.224999999999999960e-03 3.922778072321011678e+01
1.288999999999999998e-03 2.026260947168396243e+01
1.356000000000000000e-03 5.477414563722188490e+01
1.427000000000000100e-03 3.900798308061406061e+01
1.500999999999999947e-03 7.436418296296550068e+01
1.579000000000000108e-03 5.601748853568732756e+01
1.661000000000000150e-03 9.984058171691111738e+01
1.747999999999999988e-03 7.611359252053036073e+01
1.839000000000000140e-03 1.289391991987796757e+02
1.935000000000000088e-03 1.025277605855853835e+02
2.034999999999999917e-03 1.857825762668143739e+02
2.141000000000000108e-03 1.318859787250798661e+02
2.252999999999999794e-03 2.553685338049947120e+02
2.370000000000000145e-03 1.711215273335230620e+02
2.492999999999999990e-03 3.508617873295256686e+02
2.623000000000000331e-03 2.298124722736603474e+02
2.759999999999999867e-03 3.011595826244904401e+02
2.903999999999999897e-03 4.748819881497943811e+02
3.054999999999999990e-03 2.524173547918820759e+02
3.213999999999999843e-03 6.467347617768817827e+02
3.380999999999999891e-03 5.018019637936555455e+02
3.556999999999999832e-03 8.498011822548747887e+02
3.742000000000000100e-03 6.739560890463785654e+02
3.936999999999999528e-03 1.158238748097415282e+03
4.142000000000000716e-03 8.933865332904354091e+02
4.357999999999999895e-03 1.465984739763415291e+03
4.585000000000000533e-03 1.203767277904216826e+03
4.824000000000000163e-03 2.010382882010368576e+03
5.074999999999999650e-03 1.576552378068125336e+03
5.338999999999999996e-03 2.736853349595429790e+03
5.616999999999999597e-03 2.438585960410619464e+03
5.908999999999999322e-03 4.587980155801897126e+03
6.217000000000000304e-03 3.057064684057411341e+03
6.540999999999999939e-03 3.476111587337371020e+03
6.880999999999999964e-03 5.178587952341445998e+03
7.239999999999999908e-03 3.232449628867312185e+03
7.617000000000000506e-03 6.808670776836250297e+03
8.012999999999999290e-03 5.909658257561792198e+03
8.429999999999999993e-03 8.519474550686049042e+03
8.868999999999998413e-03 7.766078169027752665e+03
9.330999999999999017e-03 1.097797686973099189e+04
9.816999999999999338e-03 1.004496810720483882e+04
1.032999999999999891e-02 1.288989108188869977e+04
1.086999999999999945e-02 1.314671102436078399e+04
1.143000000000000092e-02 1.398264862390820599e+04
1.203000000000000076e-02 1.618659068127049431e+04
1.264999999999999979e-02 1.658928545481338733e+04
1.330999999999999892e-02 1.760906219569473251e+04
1.400999999999999988e-02 2.276088640962539648e+04
1.473000000000000004e-02 2.322156062550267234e+04
1.549999999999999989e-02 2.713448368534085967e+04
1.631000000000000158e-02 3.138676605596952140e+04
1.715999999999999817e-02 3.562013420630941255e+04
1.805000000000000007e-02 3.921840481558613828e+04
1.898999999999999994e-02 4.663225008429931040e+04
1.997999999999999776e-02 4.761714733766647259e+04
2.101999999999999702e-02 5.360550653979397612e+04
2.212000000000000077e-02 6.403700846452584665e+04
2.326999999999999902e-02 6.848169362784767873e+04
2.447999999999999829e-02 8.065444962631246017e+04
2.574999999999999858e-02 8.043469084074732382e+04
2.708999999999999950e-02 8.510756238708796445e+04
2.850000000000000103e-02 9.611406231188419042e+04
2.998999999999999930e-02 1.003073500894467434e+05
3.155000000000000165e-02 1.126728867834617122e+05
3.318999999999999728e-02 1.268474541807510686e+05
3.491999999999999965e-02 1.325144113146139425e+05
3.673999999999999488e-02 1.461671395388742094e+05
3.864999999999999686e-02 1.611711889583530137e+05
4.066000000000000170e-02 1.697956216322341643e+05
4.277999999999999858e-02 1.856111436062582943e+05
4.500999999999999446e-02 2.019515608628101472e+05
4.734999999999999626e-02 2.154514022480720887e+05
4.982000000000000317e-02 2.384834013493449602e+05
5.240999999999999825e-02 2.573721082411598472e+05
5.513999999999999457e-02 2.737636115385987796e+05
5.800999999999999907e-02 2.944319593785469770e+05
6.102999999999999398e-02 3.178713870559489005e+05
6.421000000000000318e-02 3.355461397767212475e+05
6.755999999999999506e-02 3.706038108395382296e+05
7.106999999999999429e-02 3.924665775836403482e+05
7.477000000000000313e-02 4.182856975843709661e+05
7.867000000000000381e-02 4.403924246824533911e+05
8.276000000000000023e-02 4.802310216841070214e+05
8.707000000000000850e-02 5.053631053990064538e+05
9.160999999999999699e-02 5.437128294910887489e+05
9.637999999999999345e-02 5.675035427681177389e+05
1.014000000000000040e-01 6.009778117380369222e+05
1.067000000000000032e-01 6.359121162326014601e+05
1.122000000000000081e-01 6.675000703435828909e+05
1.180999999999999966e-01 7.136419051001273328e+05
1.242000000000000048e-01 7.304492086435540114e+05
1.307000000000000106e-01 7.883960377914432902e+05
1.375000000000000111e-01 8.036082597698421450e+05
1.446999999999999953e-01 8.653724897831230192e+05
1.522000000000000020e-01 8.831967831473374972e+05
1.600999999999999923e-01 9.352853419791604392e+05
1.683999999999999941e-01 9.657905950048658997e+05
1.771999999999999964e-01 1.005089445487796911e+06
1.864000000000000101e-01 1.031963114337355248e+06
1.960999999999999965e-01 1.066629124856683658e+06
2.064000000000000001e-01 1.099139601815092145e+06
2.170999999999999874e-01 1.120943213777305558e+06
2.283999999999999919e-01 1.140536629932234297e+06
2.403000000000000136e-01 1.163422763576094992e+06
2.528000000000000247e-01 1.187038402066545095e+06
2.660000000000000142e-01 1.196937315358905587e+06
2.798000000000000487e-01 1.209535541846581036e+06
2.943999999999999950e-01 1.216536483956995187e+06
3.096999999999999753e-01 1.219831872927807039e+06
3.259000000000000230e-01 1.217576930675733369e+06
3.427999999999999936e-01 1.202790273892589845e+06
3.606999999999999651e-01 1.200922225098822266e+06
3.795000000000000040e-01 1.174260206693955464e+06
3.991999999999999993e-01 1.162868360585932853e+06
4.200000000000000400e-01 1.130598851705534616e+06
4.419000000000000150e-01 1.105603464303289540e+06
4.649000000000000354e-01 1.073277157352912938e+06
4.891000000000000347e-01 1.028967694977429928e+06
5.144999999999999574e-01 9.947832154235584894e+05
5.413000000000000034e-01 9.501506500555149978e+05
5.695000000000000062e-01 9.081250399168123258e+05
5.992000000000000659e-01 8.559914874217489269e+05
6.304000000000000714e-01 8.107435703524281271e+05
6.632000000000000117e-01 7.588493771143193590e+05
6.976999999999999869e-01 7.045885417854842963e+05
7.340999999999999748e-01 6.535585611582532292e+05
7.722999999999999865e-01 6.089780167871838203e+05
8.125000000000000000e-01 5.603746758893717779e+05
8.548000000000000043e-01 5.098428158108154312e+05
8.992999999999999883e-01 4.691995959121836931e+05
9.460999999999999410e-01 4.248929185358649702e+05
9.954000000000000625e-01 3.885361918441633461e+05
1.046999999999999931e+00 3.508265798240103759e+05
1.101999999999999869e+00 3.202574012945592985e+05
1.159000000000000030e+00 2.898465157810022356e+05
1.219000000000000083e+00 2.624705592947640689e+05
1.283000000000000140e+00 2.392045160507569672e+05
1.350000000000000089e+00 2.167772367519192339e+05
1.419999999999999929e+00 1.978055123104259546e+05
1.493999999999999995e+00 1.836300857908014441e+05
1.572000000000000064e+00 1.689342135002738505e+05
1.654000000000000137e+00 1.572760128428664466e+05
1.739999999999999991e+00 1.476168873145231337e+05
1.830000000000000071e+00 1.397681083019153157e+05
1.925999999999999934e+00 1.342500328706481960e+05
2.025999999999999801e+00 1.307222314208752068e+05
2.131000000000000227e+00 1.269723235673345916e+05
2.241999999999999993e+00 1.259285055303113768e+05
2.358999999999999986e+00 1.242621877894239587e+05
2.481999999999999762e+00 1.254720463589114661e+05
2.611000000000000210e+00 1.256507983949214831e+05
2.746999999999999886e+00 1.282542656792530615e+05
2.890000000000000124e+00 1.304622934978374979e+05
3.040999999999999925e+00 1.334545396601079556e+05
3.198999999999999844e+00 1.381027966604310204e+05
3.366000000000000103e+00 1.426737220387589769e+05
3.540999999999999925e+00 1.472269686299255118e+05
3.725000000000000089e+00 1.532404856192333100e+05
3.918999999999999595e+00 1.584701963483883883e+05
4.123000000000000220e+00 1.652200136266273621e+05
4.338000000000000078e+00 1.715794399912603549e+05
4.564000000000000057e+00 1.789321349222050048e+05
4.801000000000000156e+00 1.847513682926449692e+05
5.051000000000000156e+00 1.923505482781031460e+05
5.314000000000000057e+00 1.987248411514743057e+05
5.590999999999999304e+00 2.059682469058698625e+05
5.881999999999999673e+00 2.130395329653601802e+05
6.187999999999999723e+00 2.202741655950557324e+05
6.511000000000000121e+00 2.273232400963091350e+05
6.850000000000000533e+00 2.343042530349027074e+05
7.205999999999999517e+00 2.413963817603012139e+05
7.581999999999999851e+00 2.473935773270156351e+05
7.976000000000000867e+00 2.536834003866183630e+05
8.391999999999999460e+00 2.602883372205880878e+05
8.829000000000000625e+00 2.661218350376370363e+05
9.288000000000000256e+00 2.720410177827439038e+05
9.772000000000000242e+00 2.780913382344058482e+05
1.027999999999999936e+01 2.837512058038757532e+05
1.082000000000000028e+01 2.883603424455967033e+05
1.137999999999999901e+01 2.926795994266223279e+05
1.196999999999999886e+01 2.970992382248832728e+05
1.259999999999999964e+01 3.017300139294337132e+05
1.325000000000000000e+01 3.050055569164764602e+05
1.393999999999999950e+01 3.085259006112755742e+05
1.466999999999999993e+01 3.109718355723055429e+05
1.542999999999999972e+01 3.130609663807916804e+05
1.623000000000000043e+01 3.156352404950689524e+05
1.708000000000000185e+01 3.172197308173328056e+05
1.796999999999999886e+01 3.187690806537742610e+05
1.889999999999999858e+01 3.189535266812944319e+05
1.989000000000000057e+01 3.198013704107927042e+05
2.092000000000000171e+01 3.189411196633686777e+05
2.200999999999999801e+01 3.192841486919103772e+05
2.316000000000000014e+01 3.172742912383670919e+05
2.437000000000000099e+01 3.173970501041657990e+05
2.562999999999999901e+01 3.142397674556391430e+05
2.697000000000000242e+01 3.123776733845020644e+05
2.837000000000000099e+01 3.091883470865126583e+05
2.985000000000000142e+01 3.063452920868140645e+05
3.139999999999999858e+01 3.030059121040087193e+05
3.303999999999999915e+01 2.991431644714421709e+05
3.475999999999999801e+01 2.942090781234063325e+05
3.657000000000000028e+01 2.897383558315328555e+05
3.846999999999999886e+01 2.846773842586232931e+05
4.048000000000000398e+01 2.786506170632429421e+05
4.259000000000000341e+01 2.732476626516278484e+05
4.479999999999999716e+01 2.668399054164369009e+05
4.714000000000000057e+01 2.608016986072349537e+05
4.959000000000000341e+01 2.538893355658856744e+05
5.217000000000000171e+01 2.472141747899102629e+05
5.489000000000000057e+01 2.397720964730417181e+05
5.775000000000000000e+01 2.329302381854702835e+05
6.075000000000000000e+01 2.252834606349606765e+05
6.392000000000000171e+01 2.179294789972459839e+05
6.723999999999999488e+01 2.101930545070747903e+05
7.075000000000000000e+01 2.027861145941440773e+05
7.442999999999999261e+01 1.952407560729832912e+05
7.829999999999999716e+01 1.873765766130720731e+05
8.237999999999999545e+01 1.797440060174126702e+05
8.667000000000000171e+01 1.720306421340299421e+05
9.117999999999999261e+01 1.644596779222475598e+05
9.593000000000000682e+01 1.566915407278069179e+05
1.009000000000000057e+02 1.492707724280502298e+05
1.062000000000000028e+02 1.419066330160150828e+05
1.116999999999999886e+02 1.347013704669127765e+05
1.175000000000000000e+02 1.275238817113248806e+05
1.236000000000000085e+02 1.205539222027084033e+05
1.300999999999999943e+02 1.136945960380324541e+05
1.369000000000000057e+02 1.071685490238514030e+05
1.440000000000000000e+02 1.007401489728016604e+05
1.515000000000000000e+02 9.449810853292532556e+04
1.593999999999999773e+02 8.844796773499535630e+04
1.676999999999999886e+02 8.269745018127064395e+04
1.764000000000000057e+02 7.706374311341338034e+04
1.855999999999999943e+02 7.169893309184223472e+04
1.952000000000000171e+02 6.659190112135365780e+04
2.054000000000000057e+02 6.173647094756597653e+04
2.160999999999999943e+02 5.706791476331700687e+04
2.273999999999999773e+02 5.263616150414421281e+04
2.391999999999999886e+02 4.837902674827975716e+04
2.516999999999999886e+02 4.445150088828943262e+04
2.647999999999999545e+02 4.072833482783549698e+04
2.785000000000000000e+02 3.718504940004311356e+04
2.930000000000000000e+02 3.388463063986966881e+04
3.083000000000000114e+02 3.083789032568750918e+04
3.244000000000000341e+02 2.797987975529204050e+04
3.411999999999999886e+02 2.533434002495152890e+04
3.590000000000000000e+02 2.287330620386584633e+04
3.776999999999999886e+02 2.058207007424876429e+04
3.973999999999999773e+02 1.854110405717509275e+04
4.181000000000000227e+02 1.659924014273604189e+04
4.398000000000000114e+02 1.485262142106857027e+04
4.626999999999999886e+02 1.321258845249836304e+04
4.868000000000000114e+02 1.179447841870004595e+04
5.122000000000000455e+02 1.044300890631810216e+04
5.387999999999999545e+02 9.263836364717151810e+03
5.668999999999999773e+02 8.170775830151455011e+03
5.964000000000000909e+02 7.207036007677846101e+03
6.275000000000000000e+02 6.330172094580562771e+03
6.601000000000000227e+02 5.560490246869991097e+03
6.945000000000000000e+02 4.851108981470240906e+03
7.307000000000000455e+02 4.238714188465875850e+03
7.687000000000000455e+02 3.682643753406441192e+03
8.087999999999999545e+02 3.202527645071417737e+03
8.508999999999999773e+02 2.767642324468271454e+03
8.952000000000000455e+02 2.397294885040773352e+03
9.417999999999999545e+02 2.057846174406908631e+03
9.908000000000000682e+02 1.777738502286368885e+03
1.042000000000000000e+03 1.517300021246039705e+03
1.097000000000000000e+03 1.306210773402416862e+03
1.154000000000000000e+03 1.112453544205393882e+03
1.214000000000000000e+03 9.493041619610177122e+02
1.277000000000000000e+03 8.121793268043769558e+02
1.344000000000000000e+03 6.919640702284254985e+02
1.414000000000000000e+03 5.921660043007325385e+02
1.487000000000000000e+03 5.056692187062388939e+02
1.565000000000000000e+03 4.317719501670487148e+02
1.646000000000000000e+03 3.690329667683856769e+02
1.732000000000000000e+03 3.191811749457615406e+02
1.822000000000000000e+03 2.758903783643324914e+02
1.917000000000000000e+03 2.422095900824666046e+02
2.017000000000000000e+03 2.142626597306509666e+02
2.122000000000000000e+03 1.927533141838461574e+02
2.232000000000000000e+03 1.755628001503545761e+02
2.348000000000000000e+03 1.642260638246581266e+02
2.470000000000000000e+03 1.559100779853812355e+02
2.599000000000000000e+03 1.511184564129702892e+02
2.734000000000000000e+03 1.492326424137702361e+02
2.877000000000000000e+03 1.498921761428213415e+02
3.027000000000000000e+03 1.522640744159434121e+02
3.184000000000000000e+03 1.557191650582444993e+02
3.350000000000000000e+03 1.593350510375024385e+02
3.524000000000000000e+03 1.641746472297296293e+02
3.708000000000000000e+03 1.670174530084443063e+02
3.901000000000000000e+03 1.696902825698378479e+02
4.104000000000000000e+03 1.689655755219769446e+02
4.318000000000000000e+03 1.660691733013321993e+02
4.543000000000000000e+03 1.595566747992708372e+02
4.779000000000000000e+03 1.488432849334934076e+02
5.028000000000000000e+03 1.359483740082027339e+02
5.290000000000000000e+03 1.192233608693492215e+02
5.565000000000000000e+03 1.019418285020453254e+02
5.855000000000000000e+03 8.448439308700460515e+01
6.160000000000000000e+03 6.669780458013083546e+01
6.481000000000000000e+03 5.313970946967375397e+01
6.818000000000000000e+03 3.892685640871552977e+01
7.173000000000000000e+03 3.025449417279340736e+01
7.547000000000000000e+03 2.137323005803206399e+01
7.940000000000000000e+03 1.621477729904181331e+01
8.353000000000000000e+03 1.165361273908270157e+01
8.788000000000000000e+03 8.707803335883532725e+00
9.246000000000000000e+03 6.420396385575067200e+00
9.727000000000000000e+03 4.667892322255279502e+00
1.023000000000000000e+04 3.334216846003721813e+00
1.077000000000000000e+04 2.213092246261643137e+00
1.133000000000000000e+04 1.450711454118814414e+00
1.192000000000000000e+04 8.154669302162690370e-01
1.254000000000000000e+04 5.255211190209972960e-01
1.319000000000000000e+04 2.613465991129042543e-01
1.388000000000000000e+04 1.721566286121209155e-01
1.460000000000000000e+04 8.222481084800611906e-02
1.536000000000000000e+04 5.365502392426915040e-02
1.616000000000000000e+04 2.358252572122355312e-02
1.700000000000000000e+04 1.383419626336725855e-02
1.789000000000000000e+04 5.603514942647526420e-03
1.882000000000000000e+04 2.689839765035016966e-03
1.980000000000000000e+04 1.199157766532260583e-03
2.083000000000000000e+04 4.938813504528001856e-04
2.191000000000000000e+04 2.192343421953121612e-04
2.305000000000000000e+04 6.436269750715051263e-05
2.425000000000000000e+04 3.015366937640353635e-05
2.552000000000000000e+04 6.936736671352509433e-06
2.684000000000000000e+04 3.385544489152715327e-06
2.824000000000000000e+04 5.359802555911694776e-07
2.971000000000000000e+04 2.732545280097940327e-07
3.126000000000000000e+04 3.033108425746415026e-08
3.289000000000000000e+04 1.618349913649064127e-08
3.460000000000000000e+04 1.341548427899254708e-09
3.640000000000000000e+04 7.092215067721567502e-10
3.830000000000000000e+04 1.104658693396280366e-10
4.029000000000000000e+04 1.725909910990589549e-11
4.239000000000000000e+04 4.128973464362512163e-12
4.460000000000000000e+04 3.498915602832777633e-13
4.692000000000000000e+04 1.050511899608110104e-13
4.936000000000000000e+04 3.077165317931719435e-15
5.193000000000000000e+04 1.111991034626786318e-15
5.464000000000000000e+04 2.367760262623715571e-17
5.748000000000000000e+04 9.715512380714379323e-18
6.047000000000000000e+04 7.090905177010795634e-20
6.362000000000000000e+04 3.221377484620960364e-20
6.693000000000000000e+04 1.413595402817875616e-22
7.042000000000000000e+04 6.956938227638251458e-23
7.409000000000000000e+04 1.200905100547213832e-25
7.794000000000000000e+04 6.328141665867582977e-26
8.200000000000000000e+04 3.397182366239813598e-27
8.627000000000000000e+04 3.070420561112594790e-29
9.076000000000000000e+04 4.944113293241973845e-30
9.549000000000000000e+04 4.657194044605807650e-33
1.005000000000000000e+05 1.120947245503290555e-33
1.057000000000000000e+05 3.125763890429394890e-37
1.112000000000000000e+05 9.902720335298009934e-38
1.170000000000000000e+05 7.027402726587420930e-42
1.231000000000000000e+05 2.628720895165740084e-42
1.295000000000000000e+05 4.207318052546645862e-47
1.362000000000000000e+05 1.803164797175434484e-47
1.433000000000000000e+05 6.233024213576755052e-53
1.508000000000000000e+05 2.907941007453990594e-53
1.586000000000000000e+05 1.954939631193969360e-59
1.669000000000000000e+05 9.854289135329635531e-60
1.756000000000000000e+05 9.984681076775629564e-67
1.847000000000000000e+05 5.387828551775746861e-67
1.943000000000000000e+05 5.390178889421270214e-68
2.045000000000000000e+05 4.593877372882447284e-75
2.151000000000000000e+05 9.010731587645204238e-76
2.263000000000000000e+05 5.011097916139405780e-84
2.381000000000000000e+05 1.373523075573647429e-84
2.505000000000000000e+05 4.874529054463883443e-94
2.635000000000000000e+05 1.668550989086869547e-94
2.773000000000000000e+05 3.082193616046082702e-105
2.917000000000000000e+05 1.220608683908797776e-105
3.069000000000000000e+05 1.104741516007996882e-117
3.229000000000000000e+05 4.876487669168487070e-118
3.397000000000000000e+05 1.307539126734382957e-131
3.574000000000000000e+05 6.304104121765632170e-132
3.760000000000000000e+05 4.545599603454132497e-147
3.955000000000000000e+05 2.360355069458635567e-147
4.161000000000000000e+05 5.503137541112211296e-149
4.378000000000000000e+05 1.324269257429340703e-164
4.606000000000000000e+05 1.799055267413412191e-165
4.846000000000000000e+05 8.340101912789023122e-184
5.098000000000000000e+05 1.895953278526606132e-184
5.364000000000000000e+05 2.863305958894903458e-205
5.643000000000000000e+05 8.612527412611121518e-206
5.937000000000000000e+05 3.865557592181586601e-229
6.246000000000000000e+05 1.399740023674173936e-229
6.571000000000000000e+05 9.401647275579850894e-256
6.913000000000000000e+05 3.895613425103136303e-256
7.273000000000000000e+05 2.027358519617266089e-285
7.652000000000000000e+05 9.287679706876115446e-286
8.050000000000000000e+05 1.877138192839856883e-318
8.469000000000000000e+05 9.319856716890938311e-319
8.910000000000000000e+05 0.000000000000000000e+00
9.374000000000000000e+05 0.000000000000000000e+00
9.863000000000000000e+05 0.000000000000000000e+00
1.038000000000000000e+06 0.000000000000000000e+00
1.092000000000000000e+06 0.000000000000000000e+00
1.148000000000000000e+06 0.000000000000000000e+00
1.208000000000000000e+06 0.000000000000000000e+00
1.271000000000000000e+06 0.000000000000000000e+00
1.337000000000000000e+06 0.000000000000000000e+00
1.407000000000000000e+06 0.000000000000000000e+00
1.480000000000000000e+06 0.000000000000000000e+00
1.557000000000000000e+06 0.000000000000000000e+00
1.638000000000000000e+06 0.000000000000000000e+00
1.724000000000000000e+06 0.000000000000000000e+00
1.814000000000000000e+06 0.000000000000000000e+00
1.908000000000000000e+06 0.000000000000000000e+00
2.007000000000000000e+06 0.000000000000000000e+00
2.112000000000000000e+06 0.000000000000000000e+00
2.222000000000000000e+06 0.000000000000000000e+00
2.337000000000000000e+06 0.000000000000000000e+00
2.459000000000000000e+06 0.000000000000000000e+00
2.587000000000000000e+06 0.000000000000000000e+00
2.722000000000000000e+06 0.000000000000000000e+00
2.864000000000000000e+06 0.000000000000000000e+00
3.013000000000000000e+06 0.000000000000000000e+00
3.170000000000000000e+06 0.000000000000000000e+00
3.335000000000000000e+06 0.000000000000000000e+00
3.508000000000000000e+06 0.000000000000000000e+00
3.691000000000000000e+06 0.000000000000000000e+00
3.883000000000000000e+06 0.000000000000000000e+00
4.085000000000000000e+06 0.000000000000000000e+00
4.298000000000000000e+06 0.000000000000000000e+00
4.522000000000000000e+06 0.000000000000000000e+00
4.757000000000000000e+06 0.000000000000000000e+00
5.005000000000000000e+06 0.000000000000000000e+00
5.266000000000000000e+06 0.000000000000000000e+00
5.540000000000000000e+06 0.000000000000000000e+00
5.828000000000000000e+06 0.000000000000000000e+00
6.132000000000000000e+06 0.000000000000000000e+00
6.451000000000000000e+06 0.000000000000000000e+00
6.787000000000000000e+06 0.000000000000000000e+00
7.140000000000000000e+06 0.000000000000000000e+00
7.512000000000000000e+06 0.000000000000000000e+00
7.903000000000000000e+06 0.000000000000000000e+00
8.315000000000000000e+06 0.000000000000000000e+00
8.748000000000000000e+06 0.000000000000000000e+00
9.203000000000000000e+06 0.000000000000000000e+00
9.682000000000000000e+06 0.000000000000000000e+00
1.019000000000000000e+07 0.000000000000000000e+00
1.072000000000000000e+07 0.000000000000000000e+00
1.127000000000000000e+07 0.000000000000000000e+00
1.186000000000000000e+07 0.000000000000000000e+00
1.248000000000000000e+07 0.000000000000000000e+00
1.313000000000000000e+07 0.000000000000000000e+00
1.381000000000000000e+07 0.000000000000000000e+00
1.453000000000000000e+07 0.000000000000000000e+00
1.529000000000000000e+07 0.000000000000000000e+00
1.608000000000000000e+07 0.000000000000000000e+00
1.692000000000000000e+07 0.000000000000000000e+00
1.780000000000000000e+07 0.000000000000000000e+00
1.873000000000000000e+07 0.000000000000000000e+00
1.971000000000000000e+07 0.000000000000000000e+00
2.073000000000000000e+07 0.000000000000000000e+00
2.181000000000000000e+07 0.000000000000000000e+00
2.295000000000000000e+07 0.000000000000000000e+00
2.414000000000000000e+07 0.000000000000000000e+00
2.540000000000000000e+07 0.000000000000000000e+00
2.672000000000000000e+07 0.000000000000000000e+00
2.811000000000000000e+07 0.000000000000000000e+00
2.958000000000000000e+07 0.000000000000000000e+00
3.112000000000000000e+07 0.000000000000000000e+00
3.274000000000000000e+07 0.000000000000000000e+00
3.444000000000000000e+07 0.000000000000000000e+00
3.623000000000000000e+07 0.000000000000000000e+00
3.812000000000000000e+07 0.000000000000000000e+00
4.011000000000000000e+07 0.000000000000000000e+00
4.219000000000000000e+07 0.000000000000000000e+00
4.439000000000000000e+07 0.000000000000000000e+00
4.670000000000000000e+07 0.000000000000000000e+00
4.913000000000000000e+07 0.000000000000000000e+00
5.169000000000000000e+07 0.000000000000000000e+00
5.438000000000000000e+07 0.000000000000000000e+00
5.722000000000000000e+07 0.000000000000000000e+00
6.019000000000000000e+07 0.000000000000000000e+00
6.333000000000000000e+07 0.000000000000000000e+00
6.663000000000000000e+07 0.000000000000000000e+00
7.010000000000000000e+07 0.000000000000000000e+00
7.375000000000000000e+07 0.000000000000000000e+00
7.759000000000000000e+07 0.000000000000000000e+00
8.163000000000000000e+07 0.000000000000000000e+00
8.588000000000000000e+07 0.000000000000000000e+00
9.035000000000000000e+07 0.000000000000000000e+00
9.505000000000000000e+07 0.000000000000000000e+00
1.000000000000000000e+08 0.000000000000000000e+00
