1.000000000000000021e-03 1.378454254337815837e+04
1.051999999999999984e-03 1.389555119561205356e+04
1.106999999999999911e-03 1.400534702374698463e+04
1.163999999999999887e-03 1.410787527399974715e+04
1.224999999999999960e-03 1.419388255067930368e+04
1.288999999999999998e-03 1.427367156167076791e+04
1.356000000000000000e-03 1.434683715831950940e+04
1.427000000000000100e-03 1.440321047440902294e+04
1.500999999999999947e-03 1.444367327867845961e+04
1.579000000000000108e-03 1.447938442891280647e+04
1.661000000000000150e-03 1.449651847338657899e+04
1.747999999999999988e-03 1.450347865140118301e+04
1.839000000000000140e-03 1.450130855255297320e+04
1.935000000000000088e-03 1.448111127918135753e+04
2.034999999999999917e-03 1.444940906150222327e+04
2.141000000000000108e-03 1.439638688006808661e+04
2.252999999999999794e-03 1.433745683059524708e+04
2.370000000000000145e-03 1.425111481588073548e+04
2.492999999999999990e-03 1.416195131726269574e+04
2.623000000000000331e-03 1.404974669068680669e+04
2.759999999999999867e-03 1.392435390911310606e+04
2.903999999999999897e-03 1.378395057033102421e+04
3.054999999999999990e-03 1.363118652198604832e+04
3.213999999999999843e-03 1.346352918407703874e+04
3.380999999999999891e-03 1.329361072123358099e+04
3.556999999999999832e-03 1.308403068182752759e+04
3.742000000000000100e-03 1.288853240195579383e+04
3.936999999999999528e-03 1.265477534397147974e+04
4.142000000000000716e-03 1.242264880811327748e+04
4.357999999999999895e-03 1.218669208827594775e+04
4.585000000000000533e-03 1.192718986750418298e+04
4.824000000000000163e-03 1.167132924876924517e+04
5.074999999999999650e-03 1.138726858313433877e+04
5.338999999999999996e-03 1.112193382799081519e+04
5.616999999999999597e-03 1.083364622662522197e+04
5.908999999999999322e-03 1.054524858865300666e+04
6.217000000000000304e-03 1.025683472571600214e+04
6.540999999999999939e-03 9.956912367361795987e+03
6.880999999999999964e-03 9.663936029837439492e+03
7.239999999999999908e-03 9.365803345219317634e+03
7.617000000000000506e-03 9.068489448704409369e+03
8.012999999999999290e-03 8.779716978638532964e+03
8.429999999999999993e-03 8.494391029465114116e+03
8.868999999999998413e-03 8.202096879317537969e+03
9.330999999999999017e-03 7.927555990772409132e+03
9.816999999999999338e-03 7.654437523172682631e+03
1.032999999999999891e-02 7.390396148033038116e+03
1.086999999999999945e-02 7.133297883305645883e+03
1.143000000000000092e-02 6.881351411272580663e+03
1.203000000000000076e-02 6.648409304904575038e+03
1.264999999999999979e-02 6.417924715809018380e+03
1.330999999999999892e-02 6.207519773238531343e+03
1.400999999999999988e-02 5.995996897190325399e+03
1.473000000000000004e-02 5.803286057070574316e+03
1.549999999999999989e-02 5.615043283070819598e+03
1.631000000000000158e-02 5.437665986387088196e+03
1.715999999999999817e-02 5.276885915982566075e+03
1.805000000000000007e-02 5.126052174215627019e+03
1.898999999999999994e-02 4.987685257823010033e+03
1.997999999999999776e-02 4.853644334709206305e+03
2.101999999999999702e-02 4.733904640151369676e+03
2.212000000000000077e-02 4.621269344373620697e+03
2.326999999999999902e-02 4.522314486115472391e+03
2.447999999999999829e-02 4.424337588777794736e+03
2.574999999999999858e-02 4.341193925068539102e+03
2.708999999999999950e-02 4.262883916544058593e+03
2.850000000000000103e-02 4.193078764157879050e+03
2.998999999999999930e-02 4.130465568788189557e+03
3.155000000000000165e-02 4.073486179804385756e+03
3.318999999999999728e-02 4.024227198127468000e+03
3.491999999999999965e-02 3.977497203632578021e+03
3.673999999999999488e-02 3.939934565972827841e+03
3.864999999999999686e-02 3.902277078976767370e+03
4.066000000000000170e-02 3.873507511958217947e+03
4.277999999999999858e-02 3.845767912143812282e+03
4.500999999999999446e-02 3.823046961883024778e+03
4.734999999999999626e-02 3.802280521628214046e+03
4.982000000000000317e-02 3.784316887487570057e+03
5.240999999999999825e-02 3.768508736105868593e+03
5.513999999999999457e-02 3.754156627769698389e+03
5.800999999999999907e-02 3.742297021436679643e+03
6.102999999999999398e-02 3.730111713139980566e+03
6.421000000000000318e-02 3.719848050965170842e+03
6.755999999999999506e-02 3.710104646638443228e+03
7.106999999999999429e-02 3.701638089944433887e+03
7.477000000000000313e-02 3.692042242004361469e+03
7.867000000000000381e-02 3.683730572066910099e+03
8.276000000000000023e-02 3.673198485746979713e+03
8.707000000000000850e-02 3.663111757393984590e+03
9.160999999999999699e-02 3.651665902674896643e+03
9.637999999999999345e-02 3.640202779513550922e+03
1.014000000000000040e-01 3.627353200167068280e+03
1.067000000000000032e-01 3.612673922431073152e+03
1.122000000000000081e-01 3.596723547373432666e+03
1.180999999999999966e-01 3.579657674300367944e+03
1.242000000000000048e-01 3.560955803097807802e+03
1.307000000000000106e-01 3.541132081157178618e+03
1.375000000000000111e-01 3.518991994823096320e+03
1.446999999999999953e-01 3.495014305040007457e+03
1.522000000000000020e-01 3.469661130128894001e+03
1.600999999999999923e-01 3.441679177348734811e+03
1.683999999999999941e-01 3.412762125547975302e+03
1.771999999999999964e-01 3.381264513351721689e+03
1.864000000000000101e-01 3.347740355293964967e+03
1.960999999999999965e-01 3.313163078522309661e+03
2.064000000000000001e-01 3.275785741506377235e+03
2.170999999999999874e-01 3.237724049593321979e+03
2.283999999999999919e-01 3.196610494268359616e+03
2.403000000000000136e-01 3.154470957885263488e+03
2.528000000000000247e-01 3.110579131117090583e+03
2.660000000000000142e-01 3.064311373826581985e+03
2.798000000000000487e-01 3.018015485328389332e+03
2.943999999999999950e-01 2.969021378516219556e+03
3.096999999999999753e-01 2.918878431200049818e+03
3.259000000000000230e-01 2.867204532635165378e+03
3.427999999999999936e-01 2.814034286943031475e+03
3.606999999999999651e-01 2.759751699711196125e+03
3.795000000000000040e-01 2.704195445155026391e+03
3.991999999999999993e-01 2.647731187868863344e+03
4.200000000000000400e-01 2.590071241435129195e+03
4.419000000000000150e-01 2.531284254612168297e+03
4.649000000000000354e-01 2.472059846484102309e+03
4.891000000000000347e-01 2.411343407092499547e+03
5.144999999999999574e-01 2.351666614248999394e+03
5.413000000000000034e-01 2.290069597310386598e+03
5.695000000000000062e-01 2.228989019655855373e+03
5.992000000000000659e-01 2.166915316058555618e+03
6.304000000000000714e-01 2.105450946057215333e+03
6.632000000000000117e-01 2.043863234900287353e+03
6.976999999999999869e-01 1.982663130668574013e+03
7.340999999999999748e-01 1.921115713961771689e+03
7.722999999999999865e-01 1.859724929393501952e+03
8.125000000000000000e-01 1.798907090684864670e+03
8.548000000000000043e-01 1.738442345139395911e+03
8.992999999999999883e-01 1.678804156675876584e+03
9.460999999999999410e-01 1.618631128723558504e+03
9.954000000000000625e-01 1.560277800465933979e+03
1.046999999999999931e+00 1.501857840017939452e+03
1.101999999999999869e+00 1.444195422300312202e+03
1.159000000000000030e+00 1.387709277685557026e+03
1.219000000000000083e+00 1.332549126576050185e+03
1.283000000000000140e+00 1.277796156471071299e+03
1.350000000000000089e+00 1.224477846896537812e+03
1.419999999999999929e+00 1.172924027356988518e+03
1.493999999999999995e+00 1.122609229913039599e+03
1.572000000000000064e+00 1.073517212461709278e+03
1.654000000000000137e+00 1.025590411696932279e+03
1.739999999999999991e+00 9.794712607843102887e+02
1.830000000000000071e+00 9.344384424489107914e+02
1.925999999999999934e+00 8.906938405504624825e+02
2.025999999999999801e+00 8.481142256357416045e+02
2.131000000000000227e+00 8.075505383171257563e+02
2.241999999999999993e+00 7.679130459995940328e+02
2.358999999999999986e+00 7.296153334676782833e+02
2.481999999999999762e+00 6.929231574871082557e+02
2.611000000000000210e+00 6.576852073990594363e+02
2.746999999999999886e+00 6.240750936596887186e+02
2.890000000000000124e+00 5.917935153343860293e+02
3.040999999999999925e+00 5.609774285435560159e+02
3.198999999999999844e+00 5.315130034442117903e+02
3.366000000000000103e+00 5.036169220594165381e+02
3.540999999999999925e+00 4.769519344055443071e+02
3.725000000000000089e+00 4.517427032359119039e+02
3.918999999999999595e+00 4.277299898984492756e+02
4.123000000000000220e+00 4.050175106896203943e+02
4.338000000000000078e+00 3.834707448776462115e+02
4.564000000000000057e+00 3.631720347113150638e+02
4.801000000000000156e+00 3.441890277577331290e+02
5.051000000000000156e+00 3.260701479780836962e+02
5.314000000000000057e+00 3.092555206663964782e+02
5.590999999999999304e+00 2.933207804680860136e+02
5.881999999999999673e+00 2.784313876025844365e+02
6.187999999999999723e+00 2.645191455316671636e+02
6.511000000000000121e+00 2.514864063111890573e+02
6.850000000000000533e+00 2.392479678194213193e+02
7.205999999999999517e+00 2.279308074148430023e+02
7.581999999999999851e+00 2.173113141364883631e+02
7.976000000000000867e+00 2.074204169758886565e+02
8.391999999999999460e+00 1.981958392502856441e+02
8.829000000000000625e+00 1.896192685614223592e+02
9.288000000000000256e+00 1.816186387770576403e+02
9.772000000000000242e+00 1.741289978926070035e+02
1.027999999999999936e+01 1.672088802924263291e+02
1.082000000000000028e+01 1.606416256632655859e+02
1.137999999999999901e+01 1.546273363135405816e+02
1.196999999999999886e+01 1.489399371289182454e+02
1.259999999999999964e+01 1.435488923393422738e+02
1.325000000000000000e+01 1.385319292399217375e+02
1.393999999999999950e+01 1.337878502169623971e+02
1.466999999999999993e+01 1.292503662270028144e+02
1.542999999999999972e+01 1.249671724202926271e+02
1.623000000000000043e+01 1.208777847993187606e+02
1.708000000000000185e+01 1.168808305338607170e+02
1.796999999999999886e+01 1.130513616462703794e+02
1.889999999999999858e+01 1.093462765394360758e+02
1.989000000000000057e+01 1.056854445886565372e+02
2.092000000000000171e+01 1.021357170774135739e+02
2.200999999999999801e+01 9.860155210987431929e+01
2.316000000000000014e+01 9.510036949714412913e+01
2.437000000000000099e+01 9.161763467575656250e+01
2.562999999999999901e+01 8.818278872483642772e+01
2.697000000000000242e+01 8.470239567995304242e+01
2.837000000000000099e+01 8.124987095117103308e+01
2.985000000000000142e+01 7.776779097563121468e+01
3.139999999999999858e+01 7.430062589596491307e+01
3.303999999999999915e+01 7.080766513920389116e+01
3.475999999999999801e+01 6.731058477330952883e+01
3.657000000000000028e+01 6.382816320774145424e+01
3.846999999999999886e+01 6.034954197937622666e+01
4.048000000000000398e+01 5.687394629686605185e+01
4.259000000000000341e+01 5.344348374381661415e+01
4.479999999999999716e+01 5.005289986031129956e+01
4.714000000000000057e+01 4.670842074498068541e+01
4.959000000000000341e+01 4.343995332458871417e+01
5.217000000000000171e+01 4.025113902852172032e+01
5.489000000000000057e+01 3.716058276707190089e+01
5.775000000000000000e+01 3.417027441863319837e+01
6.075000000000000000e+01 3.132080479539581574e+01
6.392000000000000171e+01 2.858595009046257474e+01
6.723999999999999488e+01 2.599605525244260207e+01
7.075000000000000000e+01 2.355841124072321691e+01
7.442999999999999261e+01 2.126273884088732302e+01
7.829999999999999716e+01 1.913200275923009031e+01
8.237999999999999545e+01 1.716685594982118346e+01
8.667000000000000171e+01 1.533269584251684137e+01
9.117999999999999261e+01 1.368031786987558007e+01
9.593000000000000682e+01 1.216661059335456230e+01
1.009000000000000057e+02 1.077778350570588373e+01
1.062000000000000028e+02 9.560881007957505062e+00
1.116999999999999886e+02 8.409949001768836752e+00
1.175000000000000000e+02 7.455903527763439342e+00
1.236000000000000085e+02 6.538706735460436903e+00
1.300999999999999943e+02 5.739898858257220127e+00
1.369000000000000057e+02 5.035458935613860376e+00
1.440000000000000000e+02 4.391646137999487109e+00
1.515000000000000000e+02 3.849038653555908240e+00
1.593999999999999773e+02 3.342270461696898565e+00
1.676999999999999886e+02 2.913283875852357596e+00
1.764000000000000057e+02 2.530170510377502069e+00
1.855999999999999943e+02 2.191982114862184972e+00
1.952000000000000171e+02 1.903337391384411603e+00
2.054000000000000057e+02 1.640985729274689220e+00
2.160999999999999943e+02 1.421525796657078899e+00
2.273999999999999773e+02 1.220348433700564783e+00
2.391999999999999886e+02 1.056897962138464209e+00
2.516999999999999886e+02 9.049780121422372758e-01
2.647999999999999545e+02 7.822677496515098028e-01
2.785000000000000000e+02 6.700508264766540378e-01
2.930000000000000000e+02 5.775046030175872147e-01
3.083000000000000114e+02 4.957399628037819639e-01
3.244000000000000341e+02 4.254191126492514741e-01
3.411999999999999886e+02 3.655238709143304732e-01
3.590000000000000000e+02 3.126462624459236395e-01
3.776999999999999886e+02 2.679168360809853766e-01
3.973999999999999773e+02 2.285654826773679815e-01
4.181000000000000227e+02 1.954247871981351636e-01
4.398000000000000114e+02 1.665757942519121571e-01
4.626999999999999886e+02 1.419812298317992827e-01
4.868000000000000114e+02 1.207571427130460506e-01
5.122000000000000455e+02 1.025797522634093184e-01
5.387999999999999545e+02 8.728239549236604944e-02
5.668999999999999773e+02 7.393235778454254614e-02
5.964000000000000909e+02 6.285475905951898312e-02
6.275000000000000000e+02 5.309107825178216444e-02
6.601000000000000227e+02 4.521983124504913576e-02
6.945000000000000000e+02 3.812102796382532688e-02
7.307000000000000455e+02 3.246354710336163407e-02
7.687000000000000455e+02 2.736016388325879234e-02
8.087999999999999545e+02 2.317750684960628860e-02
8.508999999999999773e+02 1.947776581027937937e-02
8.952000000000000455e+02 1.641931360973103438e-02
9.417999999999999545e+02 1.375504496763824136e-02
9.908000000000000682e+02 1.151391429516479548e-02
1.042000000000000000e+03 9.603152731870068237e-03
1.097000000000000000e+03 7.931911417244918994e-03
1.154000000000000000e+03 6.540275979887155700e-03
1.214000000000000000e+03 5.328028199301115819e-03
1.277000000000000000e+03 4.319888505960989278e-03
1.344000000000000000e+03 3.426877859965316020e-03
1.414000000000000000e+03 2.709294317128296825e-03
1.487000000000000000e+03 2.087104465431366407e-03
1.565000000000000000e+03 1.613706331056619092e-03
1.646000000000000000e+03 1.203886640439577604e-03
1.732000000000000000e+03 9.049877336906320124e-04
1.822000000000000000e+03 6.561791605008693296e-04
1.917000000000000000e+03 4.800771813222581841e-04
2.017000000000000000e+03 3.416023508293619670e-04
2.122000000000000000e+03 2.443092577379957220e-04
2.232000000000000000e+03 1.727171348591127753e-04
2.348000000000000000e+03 1.207111060921306489e-04
2.470000000000000000e+03 8.419464882081229007e-05
2.599000000000000000e+03 5.660743258317779691e-05
2.734000000000000000e+03 3.806671554684726289e-05
2.877000000000000000e+03 2.390800673879311944e-05
3.027000000000000000e+03 1.514603960117710812e-05
3.184000000000000000e+03 8.632492296101190732e-06
3.350000000000000000e+03 5.310843761208161595e-06
3.524000000000000000e+03 2.802141494839816005e-06
3.708000000000000000e+03 1.706028200487708091e-06
3.901000000000000000e+03 8.873702483924716944e-07
4.104000000000000000e+03 5.025633527111494914e-07
4.318000000000000000e+03 2.531041900510899723e-07
4.543000000000000000e+03 1.284677750845730770e-07
4.779000000000000000e+03 6.053031142982945312e-08
5.028000000000000000e+03 2.637307261466048658e-08
5.290000000000000000e+03 1.234096203006629366e-08
5.565000000000000000e+03 4.707914058599271812e-09
5.855000000000000000e+03 2.151409717043861747e-09
6.160000000000000000e+03 6.852047818028950132e-10
6.481000000000000000e+03 3.048299390684405807e-10
6.818000000000000000e+03 7.580069905088748783e-11
7.173000000000000000e+03 3.397460091036919039e-11
7.547000000000000000e+03 6.973976951485383324e-12
7.940000000000000000e+03 3.200995024599251337e-12
8.353000000000000000e+03 6.288303211476886645e-13
8.788000000000000000e+03 2.113864638886298053e-13
9.246000000000000000e+03 5.062616992290713824e-14
9.727000000000000000e+03 1.065814103640150279e-14
1.023000000000000000e+04 3.108624468950438313e-15
1.077000000000000000e+04 4.440892098500626162e-16
1.133000000000000000e+04 0.000000000000000000e+00
1.192000000000000000e+04 0.000000000000000000e+00
1.254000000000000000e+04 0.000000000000000000e+00
1.319000000000000000e+04 0.000000000000000000e+00
1.388000000000000000e+04 0.000000000000000000e+00
1.460000000000000000e+04 0.000000000000000000e+00
1.536000000000000000e+04 0.000000000000000000e+00
1.616000000000000000e+04 0.000000000000000000e+00
1.700000000000000000e+04 0.000000000000000000e+00
1.789000000000000000e+04 0.000000000000000000e+00
1.882000000000000000e+04 0.000000000000000000e+00
1.980000000000000000e+04 0.000000000000000000e+00
2.083000000000000000e+04 0.000000000000000000e+00
2.191000000000000000e+04 0.000000000000000000e+00
2.305000000000000000e+04 0.000000000000000000e+00
2.425000000000000000e+04 0.000000000000000000e+00
2.552000000000000000e+04 0.000000000000000000e+00
2.684000000000000000e+04 0.000000000000000000e+00
2.824000000000000000e+04 0.000000000000000000e+00
2.971000000000000000e+04 0.000000000000000000e+00
3.126000000000000000e+04 0.000000000000000000e+00
3.289000000000000000e+04 0.000000000000000000e+00
3.460000000000000000e+04 0.000000000000000000e+00
3.640000000000000000e+04 0.000000000000000000e+00
3.830000000000000000e+04 0.000000000000000000e+00
4.029000000000000000e+04 0.000000000000000000e+00
4.239000000000000000e+04 0.000000000000000000e+00
4.460000000000000000e+04 0.000000000000000000e+00
4.692000000000000000e+04 0.000000000000000000e+00
4.936000000000000000e+04 0.000000000000000000e+00
5.193000000000000000e+04 0.000000000000000000e+00
5.464000000000000000e+04 0.000000000000000000e+00
5.748000000000000000e+04 0.000000000000000000e+00
6.047000000000000000e+04 0.000000000000000000e+00
6.362000000000000000e+04 0.000000000000000000e+00
6.693000000000000000e+04 0.000000000000000000e+00
7.042000000000000000e+04 0.000000000000000000e+00
7.409000000000000000e+04 0.000000000000000000e+00
7.794000000000000000e+04 0.000000000000000000e+00
8.200000000000000000e+04 0.000000000000000000e+00
8.627000000000000000e+04 0.000000000000000000e+00
9.076000000000000000e+04 0.000000000000000000e+00
9.549000000000000000e+04 0.000000000000000000e+00
1.005000000000000000e+05 0.000000000000000000e+00
1.057000000000000000e+05 0.000000000000000000e+00
1.112000000000000000e+05 0.000000000000000000e+00
1.170000000000000000e+05 0.000000000000000000e+00
1.231000000000000000e+05 0.000000000000000000e+00
1.295000000000000000e+05 0.000000000000000000e+00
1.362000000000000000e+05 0.000000000000000000e+00
1.433000000000000000e+05 0.000000000000000000e+00
1.508000000000000000e+05 0.000000000000000000e+00
1.586000000000000000e+05 0.000000000000000000e+00
1.669000000000000000e+05 0.000000000000000000e+00
1.756000000000000000e+05 0.000000000000000000e+00
1.847000000000000000e+05 0.000000000000000000e+00
1.943000000000000000e+05 0.000000000000000000e+00
2.045000000000000000e+05 0.000000000000000000e+00
2.151000000000000000e+05 0.000000000000000000e+00
2.263000000000000000e+05 0.000000000000000000e+00
2.381000000000000000e+05 0.000000000000000000e+00
2.505000000000000000e+05 0.000000000000000000e+00
2.635000000000000000e+05 0.000000000000000000e+00
2.773000000000000000e+05 0.000000000000000000e+00
2.917000000000000000e+05 0.000000000000000000e+00
3.069000000000000000e+05 0.000000000000000000e+00
3.229000000000000000e+05 0.000000000000000000e+00
3.397000000000000000e+05 0.000000000000000000e+00
3.574000000000000000e+05 0.000000000000000000e+00
3.760000000000000000e+05 0.000000000000000000e+00
3.955000000000000000e+05 0.000000000000000000e+00
4.161000000000000000e+05 0.000000000000000000e+00
4.378000000000000000e+05 0.000000000000000000e+00
4.606000000000000000e+05 0.000000000000000000e+00
4.846000000000000000e+05 0.000000000000000000e+00
5.098000000000000000e+05 0.000000000000000000e+00
5.364000000000000000e+05 0.000000000000000000e+00
5.643000000000000000e+05 0.000000000000000000e+00
5.937000000000000000e+05 0.000000000000000000e+00
6.246000000000000000e+05 0.000000000000000000e+00
6.571000000000000000e+05 0.000000000000000000e+00
6.913000000000000000e+05 0.000000000000000000e+00
7.273000000000000000e+05 0.000000000000000000e+00
7.652000000000000000e+05 0.000000000000000000e+00
8.050000000000000000e+05 0.000000000000000000e+00
8.469000000000000000e+05 0.000000000000000000e+00
8.910000000000000000e+05 0.000000000000000000e+00
9.374000000000000000e+05 0.000000000000000000e+00
9.863000000000000000e+05 0.000000000000000000e+00
1.038000000000000000e+06 0.000000000000000000e+00
1.092000000000000000e+06 0.000000000000000000e+00
1.148000000000000000e+06 0.000000000000000000e+00
1.208000000000000000e+06 0.000000000000000000e+00
1.271000000000000000e+06 0.000000000000000000e+00
1.337000000000000000e+06 0.000000000000000000e+00
1.407000000000000000e+06 0.000000000000000000e+00
1.480000000000000000e+06 0.000000000000000000e+00
1.557000000000000000e+06 0.000000000000000000e+00
1.638000000000000000e+06 0.000000000000000000e+00
1.724000000000000000e+06 0.000000000000000000e+00
1.814000000000000000e+06 0.000000000000000000e+00
1.908000000000000000e+06 0.000000000000000000e+00
2.007000000000000000e+06 0.000000000000000000e+00
2.112000000000000000e+06 0.000000000000000000e+00
2.222000000000000000e+06 0.000000000000000000e+00
2.337000000000000000e+06 0.000000000000000000e+00
2.459000000000000000e+06 0.000000000000000000e+00
2.587000000000000000e+06 0.000000000000000000e+00
2.722000000000000000e+06 0.000000000000000000e+00
2.864000000000000000e+06 0.000000000000000000e+00
3.013000000000000000e+06 0.000000000000000000e+00
3.170000000000000000e+06 0.000000000000000000e+00
3.335000000000000000e+06 0.000000000000000000e+00
3.508000000000000000e+06 0.000000000000000000e+00
3.691000000000000000e+06 0.000000000000000000e+00
3.883000000000000000e+06 0.000000000000000000e+00
4.085000000000000000e+06 0.000000000000000000e+00
4.298000000000000000e+06 0.000000000000000000e+00
4.522000000000000000e+06 0.000000000000000000e+00
4.757000000000000000e+06 0.000000000000000000e+00
5.005000000000000000e+06 0.000000000000000000e+00
5.266000000000000000e+06 0.000000000000000000e+00
5.540000000000000000e+06 0.000000000000000000e+00
5.828000000000000000e+06 0.000000000000000000e+00
6.132000000000000000e+06 0.000000000000000000e+00
6.451000000000000000e+06 0.000000000000000000e+00
6.787000000000000000e+06 0.000000000000000000e+00
7.140000000000000000e+06 0.000000000000000000e+00
7.512000000000000000e+06 0.000000000000000000e+00
7.903000000000000000e+06 0.000000000000000000e+00
8.315000000000000000e+06 0.000000000000000000e+00
8.748000000000000000e+06 0.000000000000000000e+00
9.203000000000000000e+06 0.000000000000000000e+00
9.682000000000000000e+06 0.000000000000000000e+00
1.019000000000000000e+07 0.000000000000000000e+00
1.072000000000000000e+07 0.000000000000000000e+00
1.127000000000000000e+07 0.000000000000000000e+00
1.186000000000000000e+07 0.000000000000000000e+00
1.248000000000000000e+07 0.000000000000000000e+00
1.313000000000000000e+07 0.000000000000000000e+00
1.381000000000000000e+07 0.000000000000000000e+00
1.453000000000000000e+07 0.000000000000000000e+00
1.529000000000000000e+07 0.000000000000000000e+00
1.608000000000000000e+07 0.000000000000000000e+00
1.692000000000000000e+07 0.000000000000000000e+00
1.780000000000000000e+07 0.000000000000000000e+00
1.873000000000000000e+07 0.000000000000000000e+00
1.971000000000000000e+07 0.000000000000000000e+00
2.073000000000000000e+07 0.000000000000000000e+00
2.181000000000000000e+07 0.000000000000000000e+00
2.295000000000000000e+07 0.000000000000000000e+00
2.414000000000000000e+07 0.000000000000000000e+00
2.540000000000000000e+07 0.000000000000000000e+00
2.672000000000000000e+07 0.000000000000000000e+00
2.811000000000000000e+07 0.000000000000000000e+00
2.958000000000000000e+07 0.000000000000000000e+00
3.112000000000000000e+07 0.000000000000000000e+00
3.274000000000000000e+07 0.000000000000000000e+00
3.444000000000000000e+07 0.000000000000000000e+00
3.623000000000000000e+07 0.000000000000000000e+00
3.812000000000000000e+07 0.000000000000000000e+00
4.011000000000000000e+07 0.000000000000000000e+00
4.219000000000000000e+07 0.000000000000000000e+00
4.439000000000000000e+07 0.000000000000000000e+00
4.670000000000000000e+07 0.000000000000000000e+00
4.913000000000000000e+07 0.000000000000000000e+00
5.169000000000000000e+07 0.000000000000000000e+00
5.438000000000000000e+07 0.000000000000000000e+00
5.722000000000000000e+07 0.000000000000000000e+00
6.019000000000000000e+07 0.000000000000000000e+00
6.333000000000000000e+07 0.000000000000000000e+00
6.663000000000000000e+07 0.000000000000000000e+00
7.010000000000000000e+07 0.000000000000000000e+00
7.375000000000000000e+07 0.000000000000000000e+00
7.759000000000000000e+07 0.000000000000000000e+00
8.163000000000000000e+07 0.000000000000000000e+00
8.588000000000000000e+07 0.000000000000000000e+00
9.035000000000000000e+07 0.000000000000000000e+00
9.505000000000000000e+07 0.000000000000000000e+00
1.000000000000000000e+08 0.000000000000000000e+00
