1.903427155601598031e+01 1.087144815298377726e-02
2.003427155601598031e+01 7.048300026784946187e-03
2.103427155601598031e+01 4.642254465132164727e-03
2.203427155601598031e+01 3.158257297961616136e-03
2.303427155601598031e+01 2.067671996576144183e-03
2.403427155601598031e+01 1.334777642560336852e-03
2.503427155601598031e+01 8.978626335937971419e-04
2.603427155601598031e+01 5.568145074491971224e-04
2.703427155601598031e+01 3.172053364976108996e-04
2.803427155601598031e+01 2.199143409193115347e-04
2.903427155601598031e+01 1.355588913213418532e-04
3.003427155601598031e+01 8.242365896415378536e-05
3.103427155601598031e+01 5.238528248068834354e-05
3.203427155601598031e+01 3.444779482848680445e-05
3.303427155601598031e+01 1.955569148265155557e-05
3.403427155601598031e+01 1.122386989510864127e-05
3.503427155601598031e+01 8.187244448954316894e-06
3.603427155601598031e+01 5.430765728123555782e-06
3.703427155601598031e+01 2.818426691507803802e-06
3.803427155601598031e+01 1.672666021810271692e-06
3.903427155601598031e+01 1.182423493099493643e-06
4.003427155601598031e+01 7.380345133317291358e-07
4.103427155601598031e+01 5.155138706637394624e-07
4.203427155601598031e+01 3.222978154665809877e-07
4.303427155601598031e+01 1.498679730924543447e-07
4.403427155601598031e+01 9.474971716032223110e-08
4.503427155601598031e+01 5.864038766524595412e-08
4.603427155601598031e+01 3.725960042240491726e-08
4.703427155601598031e+01 2.203614862324582064e-08
4.803427155601598031e+01 1.080958104838418057e-08
4.903427155601598031e+01 7.422227315073321758e-09
5.003427155601598031e+01 5.025703816007573258e-09
5.103427155601598031e+01 3.248688620626212876e-09
5.203427155601598031e+01 1.957624937592388041e-09
5.303427155601598031e+01 7.543324660931440359e-10
5.403427155601598031e+01 4.333746660809880814e-10
5.503427155601598031e+01 3.295111731398493129e-10
5.603427155601598031e+01 2.310485383840291610e-10
5.703427155601598031e+01 1.569635115703896398e-10
5.803427155601598031e+01 8.816799028698681802e-11
5.903427155601598031e+01 4.808188927382738383e-11
6.003427155601598031e+01 2.393136341706188964e-11
6.103427155601598031e+01 1.377099123345536345e-11
6.203427155601598031e+01 1.050685690284346663e-11
6.303427155601598031e+01 7.385576182809770352e-12
6.403427155601598031e+01 4.989391521670938600e-12
6.503427155601598031e+01 2.694943415223244352e-12
6.603427155601598031e+01 6.840826807485031563e-13
6.703427155601598031e+01 3.466498233600611133e-13
6.803427155601598031e+01 2.834925975547244818e-13
6.903427155601598031e+01 2.208085876396432110e-13
7.003427155601598031e+01 1.614216762581358960e-13
7.103427155601598031e+01 1.026713853993493248e-13
7.203427155601598031e+01 4.811114702744176803e-14
7.303427155601598031e+01 2.888581164893816679e-14
7.403427155601598031e+01 1.764544661277962735e-14
7.503427155601598031e+01 7.138749180503841948e-15
7.603427155601598031e+01 4.226163643429647886e-15
7.703427155601598031e+01 3.326154813246882996e-15
7.803427155601598031e+01 2.435391234802786049e-15
7.903427155601598031e+01 1.664974098241415622e-15
8.003427155601598031e+01 9.316798302066675707e-16
8.103427155601598031e+01 2.287294234539755833e-16
8.203427155601598031e+01 4.001247974709553179e-17
8.303427155601598031e+01 3.509975659135235376e-17
8.403427155601598031e+01 3.018293879042621149e-17
8.503427155601598031e+01 2.517380454885810880e-17
8.603427155601598031e+01 2.012632705015008605e-17
