1.300000000000000000e+01 3.341282099947887052e-02
1.400000000000000000e+01 2.534517738993830385e-02
1.500000000000000000e+01 1.863285251278280416e-02
1.600000000000000000e+01 1.322948919126404332e-02
1.700000000000000000e+01 9.071944873599871451e-03
1.800000000000000000e+01 5.975381678651451103e-03
1.900000000000000000e+01 3.953629869544022894e-03
2.000000000000000000e+01 2.618358742564477239e-03
2.100000000000000000e+01 1.735475318088332362e-03
2.200000000000000000e+01 1.147339570927985919e-03
2.300000000000000000e+01 7.723382877625869971e-04
2.400000000000000000e+01 5.064532173876686548e-04
2.500000000000000000e+01 3.217488599241136974e-04
2.600000000000000000e+01 2.080164993447670822e-04
2.700000000000000000e+01 1.318605377513799122e-04
2.800000000000000000e+01 8.152053304046974697e-05
2.900000000000000000e+01 5.124401647344121530e-05
3.000000000000000000e+01 3.225995063511360750e-05
3.100000000000000000e+01 2.028380619252491743e-05
3.200000000000000000e+01 1.294045343036781884e-05
3.300000000000000000e+01 7.796011887866372413e-06
3.400000000000000000e+01 4.386325653618713976e-06
3.500000000000000000e+01 2.508918876357198130e-06
3.600000000000000000e+01 1.457573382736884817e-06
3.700000000000000000e+01 8.593410240135647294e-07
3.800000000000000000e+01 5.220944867370283077e-07
3.900000000000000000e+01 3.273964682102351980e-07
4.000000000000000000e+01 2.077191244751080413e-07
4.100000000000000000e+01 1.332625574955803175e-07
4.200000000000000000e+01 8.466134988437065086e-08
4.300000000000000000e+01 5.309236880780355075e-08
4.400000000000000000e+01 3.365065819964561756e-08
4.500000000000000000e+01 2.154586403029781546e-08
4.600000000000000000e+01 1.392999499570023384e-08
4.700000000000000000e+01 8.720748423061163519e-09
4.800000000000000000e+01 5.253685548334699424e-09
4.900000000000000000e+01 3.197968992946111408e-09
5.000000000000000000e+01 1.966091867329076440e-09
5.100000000000000000e+01 1.220345854763084173e-09
5.200000000000000000e+01 7.644544782814507826e-10
5.300000000000000000e+01 4.337830572389522397e-10
5.400000000000000000e+01 2.184794628076697137e-10
5.500000000000000000e+01 1.114232728987055663e-10
5.600000000000000000e+01 5.751406059182398702e-11
5.700000000000000000e+01 3.003452871315497530e-11
5.800000000000000000e+01 1.586140628480275167e-11
5.900000000000000000e+01 8.467806994872317004e-12
6.000000000000000000e+01 4.622723534715868324e-12
6.100000000000000000e+01 2.585809689842477435e-12
6.200000000000000000e+01 1.460061546915147063e-12
6.300000000000000000e+01 8.319400550816771776e-13
6.400000000000000000e+01 4.782286277365510453e-13
6.500000000000000000e+01 2.772578745631043012e-13
6.600000000000000000e+01 1.620781554202588060e-13
6.700000000000000000e+01 9.419244624652789528e-14
6.800000000000000000e+01 5.427308504400657901e-14
6.900000000000000000e+01 3.152301517444792525e-14
7.000000000000000000e+01 1.845212221836688374e-14
7.100000000000000000e+01 1.088290799478441175e-14
7.200000000000000000e+01 6.465950419663045168e-15
7.300000000000000000e+01 3.869198713147769656e-15
7.400000000000000000e+01 2.331454705053434273e-15
7.500000000000000000e+01 1.348751747609824384e-15
7.600000000000000000e+01 7.424761617875704354e-16
7.700000000000000000e+01 4.119119083943504162e-16
7.800000000000000000e+01 2.302559744363869897e-16
7.900000000000000000e+01 1.296638402913975709e-16
8.000000000000000000e+01 7.354414144520821795e-17
8.100000000000000000e+01 4.200696536521322185e-17
8.200000000000000000e+01 2.415817842192129969e-17
8.300000000000000000e+01 1.398637052628080662e-17
8.400000000000000000e+01 8.706821387196380397e-18
8.500000000000000000e+01 5.886039694529420789e-18
8.600000000000000000e+01 3.997288364445494450e-18
8.700000000000000000e+01 2.726722691533383696e-18
8.800000000000000000e+01 1.868123908984765085e-18
8.900000000000000000e+01 1.285337259257515111e-18
9.000000000000000000e+01 8.880433045603662797e-19
9.100000000000000000e+01 6.160516056470476520e-19
9.200000000000000000e+01 4.290693737922298499e-19
9.300000000000000000e+01 3.000048143630437600e-19
9.400000000000000000e+01 1.780247220449328574e-19
9.500000000000000000e+01 8.696181530990124747e-20
9.600000000000000000e+01 4.279786480029141170e-20
9.700000000000000000e+01 2.121747985397283728e-20
9.800000000000000000e+01 1.059445712340511339e-20
9.900000000000000000e+01 5.327381843923573420e-21
1.000000000000000000e+02 2.697354608558107861e-21
1.010000000000000000e+02 1.374966361471703414e-21
1.020000000000000000e+02 7.055346848691194636e-22
1.030000000000000000e+02 3.643854851987116110e-22
1.040000000000000000e+02 1.893938731204178400e-22
1.050000000000000000e+02 9.905587604907447280e-23
1.060000000000000000e+02 5.346549912192503502e-23
1.070000000000000000e+02 2.993937248748321652e-23
1.080000000000000000e+02 1.685565565034383940e-23
1.090000000000000000e+02 9.539807582370989696e-24
1.100000000000000000e+02 5.427288128774392206e-24
1.110000000000000000e+02 3.103379308504473394e-24
1.120000000000000000e+02 1.783430005023401540e-24
1.130000000000000000e+02 1.029930842811026526e-24
1.140000000000000000e+02 5.976589353290902082e-25
1.150000000000000000e+02 3.484622028901500619e-25
1.160000000000000000e+02 2.041170772320241143e-25
1.170000000000000000e+02 1.201129441888937880e-25
1.180000000000000000e+02 7.099918753186511539e-26
1.190000000000000000e+02 3.622037740601576132e-26
1.200000000000000000e+02 1.536044574168810446e-26
1.210000000000000000e+02 6.560503801316829021e-27
1.220000000000000000e+02 2.821645633053428761e-27
1.230000000000000000e+02 1.221941101286321139e-27
1.240000000000000000e+02 5.327609867149568018e-28
1.250000000000000000e+02 2.338308827247103692e-28
1.260000000000000000e+02 1.033029521375147575e-28
1.270000000000000000e+02 4.593251103266580723e-29
1.280000000000000000e+02 2.055324836264732893e-29
1.290000000000000000e+02 9.254454710309781502e-30
1.300000000000000000e+02 4.192658830741369362e-30
1.310000000000000000e+02 1.910978234357600231e-30
