1.221799999999999287e+01 7.531028334956107528e+01
1.321799999999999287e+01 7.879180930235477831e+01
1.421799999999999287e+01 8.234388533604355587e+01
1.521799999999999287e+01 8.597964701796036024e+01
1.621799999999999287e+01 8.966472166705122504e+01
1.721799999999999287e+01 9.340882494699673089e+01
1.821799999999999287e+01 9.730435375867554626e+01
1.921799999999999287e+01 1.013626741953843577e+02
2.021799999999999287e+01 1.057532068167367356e+02
2.121799999999999287e+01 1.104952678491763862e+02
2.221799999999999287e+01 1.152221769790973553e+02
2.321799999999999287e+01 1.202001948470652906e+02
2.421799999999999287e+01 1.254440167093391381e+02
2.521799999999999287e+01 1.306950571048714096e+02
2.621799999999999287e+01 1.362907518173101380e+02
2.721799999999999287e+01 1.422506783436612636e+02
2.821799999999999287e+01 1.482461626991265291e+02
2.921799999999999287e+01 1.545781418158247504e+02
3.021799999999999287e+01 1.612649377793213148e+02
3.121799999999999287e+01 1.680128920204420240e+02
3.221799999999998931e+01 1.751760761916560796e+02
3.321799999999998931e+01 1.827774005424249992e+02
3.421799999999998931e+01 1.904719509313541721e+02
3.521799999999998931e+01 1.982581355980805711e+02
3.621799999999998931e+01 2.061344340499543932e+02
3.721799999999998931e+01 2.144443112469536459e+02
3.821799999999998931e+01 2.232098811739458881e+02
3.921799999999998931e+01 2.320965230291642456e+02
4.021799999999998931e+01 2.411027973386546819e+02
4.121799999999998931e+01 2.508245266053810383e+02
4.221799999999998931e+01 2.613032956065459871e+02
4.321799999999998931e+01 2.719621580299291281e+02
4.421799999999998931e+01 2.827999832639288229e+02
4.521799999999998931e+01 2.938156731357544231e+02
4.621799999999998931e+01 3.051833534413447637e+02
4.721799999999998931e+01 3.169144967599131633e+02
4.821799999999998931e+01 3.288392370343328821e+02
4.921799999999998931e+01 3.409566968726476830e+02
5.021799999999998931e+01 3.532660205714261110e+02
5.121799999999998931e+01 3.657663731591010787e+02
5.221799999999998931e+01 3.790571269606824103e+02
5.321799999999998931e+01 3.931788361969677226e+02
5.421799999999998931e+01 4.075516030591668937e+02
5.521799999999998931e+01 4.221751803037316790e+02
5.621799999999998931e+01 4.370493254026439445e+02
5.721799999999998931e+01 4.521738003712033560e+02
5.821799999999998931e+01 4.675483716050047747e+02
5.921799999999998931e+01 4.837716947310522642e+02
6.021799999999998931e+01 5.008841978316283416e+02
6.121799999999998931e+01 5.183076266035396884e+02
6.221799999999998931e+01 5.360424552820621784e+02
6.321799999999998931e+01 5.540891511850535380e+02
6.421799999999998931e+01 5.724481749217928837e+02
6.521799999999998931e+01 5.911199805923613440e+02
6.621799999999998931e+01 6.104251845996049042e+02
6.721799999999998931e+01 6.303850813484137916e+02
6.821799999999998931e+01 6.506906638714024211e+02
6.921799999999998931e+01 6.713427579432532184e+02
7.021799999999998931e+01 6.923421793371646800e+02
7.121799999999998931e+01 7.136897340868966921e+02
7.221799999999998931e+01 7.353862187383613218e+02
7.321799999999998931e+01 7.574324205913134165e+02
7.421799999999998931e+01 7.797785159702586952e+02
7.521799999999998931e+01 8.024222771369663860e+02
7.621799999999998931e+01 8.254135277845969085e+02
7.721799999999998931e+01 8.487529667736993133e+02
7.821799999999998931e+01 8.724412852917604368e+02
7.921799999999998931e+01 8.964791670345879311e+02
8.021799999999998931e+01 9.208672883811670999e+02
8.121799999999998931e+01 9.456063185623042955e+02
8.221799999999998931e+01 9.706969198233520046e+02
8.321799999999998931e+01 9.947032064999967815e+02
8.421799999999998931e+01 1.017555663361787992e+03
8.521799999999998931e+01 1.040655719460750788e+03
8.621799999999998931e+01 1.064003121973378711e+03
8.721799999999998931e+01 1.087597621262503708e+03
8.821799999999998931e+01 1.111438970801081950e+03
8.921799999999998931e+01 1.135526927098639817e+03
9.021799999999998931e+01 1.159861249630264410e+03
9.121799999999998931e+01 1.184441700768026521e+03
9.221799999999998931e+01 1.209268045714721893e+03
9.321799999999998931e+01 1.230408426460737019e+03
9.421799999999998931e+01 1.247738063100102863e+03
9.521799999999998931e+01 1.265125932969335508e+03
9.621799999999998931e+01 1.282571620283241373e+03
9.721799999999998931e+01 1.300074716501037983e+03
9.821799999999998931e+01 1.317634820127150761e+03
9.921799999999998931e+01 1.335251536519464253e+03
1.002179999999999893e+02 1.352924477704660831e+03
1.012179999999999893e+02 1.370653262200322388e+03
1.022179999999999893e+02 1.388437514843481495e+03
1.032179999999999893e+02 1.406276866625333923e+03
