1.473707518796992133e+01 5.006969424865573274e+03
1.673707518796992133e+01 5.446615406687909854e+03
1.873707518796992133e+01 5.924451873177196831e+03
2.073707518796992133e+01 6.449338602742538569e+03
2.273707518796992133e+01 7.021998618186217755e+03
2.473707518796992133e+01 7.645719425666255120e+03
2.673707518796992133e+01 8.325275583722353986e+03
2.873707518796992133e+01 9.058029935138449218e+03
3.073707518796992133e+01 9.846833293977550056e+03
3.273707518796992133e+01 1.069488023421162143e+04
3.473707518796992133e+01 1.160539694805900945e+04
3.673707518796992133e+01 1.258345533922023606e+04
3.873707518796992133e+01 1.363436974622818889e+04
4.073707518796992133e+01 1.475996553303729524e+04
4.273707518796992133e+01 1.595883821596833695e+04
4.473707518796992133e+01 1.722829056705335097e+04
4.673707518796992133e+01 1.856790084192142240e+04
4.873707518796992133e+01 1.998169701952126343e+04
5.073707518796992133e+01 2.147613149466249524e+04
5.273707518796992133e+01 2.305795655458548208e+04
5.473707518796992133e+01 2.473189486277774631e+04
5.673707518796992133e+01 2.649962434158637188e+04
5.873707518796992133e+01 2.835962119356292897e+04
6.073707518796992133e+01 3.030853671155745542e+04
6.273707518796992133e+01 3.234356918665303238e+04
6.473707518796992133e+01 3.446231341461950069e+04
6.673707518796992133e+01 3.666245205445495230e+04
6.873707518796992133e+01 3.894125877422823396e+04
7.073707518796992133e+01 4.129498046118055936e+04
7.273707518796992133e+01 4.371809976943620131e+04
7.473707518796992133e+01 4.620289544803093304e+04
7.673707518796992133e+01 4.873831423808039108e+04
7.873707518796992133e+01 5.131396049359554308e+04
8.073707518796992133e+01 5.391175606887612958e+04
8.273707518796992133e+01 5.651630022041319171e+04
8.473707518796992133e+01 5.910727429594362911e+04
