1.000000000000000021e-03 1.067062645856004201e+04
1.051999999999999984e-03 1.097517103457791382e+04
1.106999999999999911e-03 1.128580531669949414e+04
1.163999999999999887e-03 1.151080812848009555e+04
1.224999999999999960e-03 1.175117032525940522e+04
1.288999999999999998e-03 1.209823104660084573e+04
1.356000000000000000e-03 1.231057805156579707e+04
1.427000000000000100e-03 1.262064271582326728e+04
1.500999999999999947e-03 1.291728233881006418e+04
1.579000000000000108e-03 1.322676283522123595e+04
1.661000000000000150e-03 1.356308465951871949e+04
1.747999999999999988e-03 1.384844752370883725e+04
1.839000000000000140e-03 1.421138848645506005e+04
1.935000000000000088e-03 1.449527984898900104e+04
2.034999999999999917e-03 1.486700788795539120e+04
2.141000000000000108e-03 1.519810083442245013e+04
2.252999999999999794e-03 1.561278034030576600e+04
2.370000000000000145e-03 1.595251463378779226e+04
2.492999999999999990e-03 1.630790345026555224e+04
2.623000000000000331e-03 1.676950630819254729e+04
2.759999999999999867e-03 1.725553828203696321e+04
2.903999999999999897e-03 1.748721558325206570e+04
3.054999999999999990e-03 1.815297124635252112e+04
3.213999999999999843e-03 1.825796187000529608e+04
3.380999999999999891e-03 1.878848833662649849e+04
3.556999999999999832e-03 1.923408093292668491e+04
3.742000000000000100e-03 1.953174613312706060e+04
3.936999999999999528e-03 2.013290216251229867e+04
4.142000000000000716e-03 2.020089864491381013e+04
4.357999999999999895e-03 2.099552516823789119e+04
4.585000000000000533e-03 2.106785457563359159e+04
4.824000000000000163e-03 2.170716627958352547e+04
5.074999999999999650e-03 2.190998035506727319e+04
5.338999999999999996e-03 2.242192318411886663e+04
5.616999999999999597e-03 2.261939573945004304e+04
5.908999999999999322e-03 2.294064405524045287e+04
6.217000000000000304e-03 2.309496458089844964e+04
6.540999999999999939e-03 2.347668044592373190e+04
6.880999999999999964e-03 2.352800697825678435e+04
7.239999999999999908e-03 2.372259277274519263e+04
7.617000000000000506e-03 2.370279079074630863e+04
8.012999999999999290e-03 2.380164237951311952e+04
8.429999999999999993e-03 2.372101944176148390e+04
8.868999999999998413e-03 2.370487382155387240e+04
9.330999999999999017e-03 2.335583059462832171e+04
9.816999999999999338e-03 2.332804121226453208e+04
1.032999999999999891e-02 2.285581897126351396e+04
1.086999999999999945e-02 2.271122295833956014e+04
1.143000000000000092e-02 2.211276174981976510e+04
1.203000000000000076e-02 2.179884032765642041e+04
1.264999999999999979e-02 2.113158936883864590e+04
1.330999999999999892e-02 2.063493631485188598e+04
1.400999999999999988e-02 1.995211782114189555e+04
1.473000000000000004e-02 1.930601019319524494e+04
1.549999999999999989e-02 1.862284664220038030e+04
1.631000000000000158e-02 1.785358344715677231e+04
1.715999999999999817e-02 1.711764578699506092e+04
1.805000000000000007e-02 1.629160533353552819e+04
1.898999999999999994e-02 1.554720221382986711e+04
1.997999999999999776e-02 1.467539396550915990e+04
2.101999999999999702e-02 1.392252904587934609e+04
2.212000000000000077e-02 1.307310578567588527e+04
2.326999999999999902e-02 1.231574030071985908e+04
2.447999999999999829e-02 1.153413863243927881e+04
2.574999999999999858e-02 1.080666310347500621e+04
2.708999999999999950e-02 1.012999797753379062e+04
2.850000000000000103e-02 9.417877908505775849e+03
2.998999999999999930e-02 8.852812531015621062e+03
3.155000000000000165e-02 8.184002039700535533e+03
3.318999999999999728e-02 7.709412022292768597e+03
3.491999999999999965e-02 7.132834292867099066e+03
3.673999999999999488e-02 6.739854854270137366e+03
3.864999999999999686e-02 6.263471223521646607e+03
4.066000000000000170e-02 5.926553453259060916e+03
4.277999999999999858e-02 5.553994114373514094e+03
4.500999999999999446e-02 5.280947994112371816e+03
4.734999999999999626e-02 4.997155443953550275e+03
4.982000000000000317e-02 4.786598695538052198e+03
5.240999999999999825e-02 4.577871678165792218e+03
5.513999999999999457e-02 4.418620132680251118e+03
5.800999999999999907e-02 4.285841101507703570e+03
6.102999999999999398e-02 4.169729517624179607e+03
6.421000000000000318e-02 4.094421018966223528e+03
6.755999999999999506e-02 4.009517834864951510e+03
7.106999999999999429e-02 3.975967704130414404e+03
7.477000000000000313e-02 3.925842231735069618e+03
7.867000000000000381e-02 3.923115487033815043e+03
8.276000000000000023e-02 3.905899146012127403e+03
8.707000000000000850e-02 3.910297346631765322e+03
9.160999999999999699e-02 3.922073231288942679e+03
9.637999999999999345e-02 3.943037967349086102e+03
1.014000000000000040e-01 3.979785451352348900e+03
1.067000000000000032e-01 4.020061187978761609e+03
1.122000000000000081e-01 4.070111588666113676e+03
1.180999999999999966e-01 4.112016392473784435e+03
1.242000000000000048e-01 4.178177410100623092e+03
1.307000000000000106e-01 4.214229292672946031e+03
1.375000000000000111e-01 4.294000597820392613e+03
1.446999999999999953e-01 4.334434768214434371e+03
1.522000000000000020e-01 4.410094344968538280e+03
1.600999999999999923e-01 4.461358902023176597e+03
1.683999999999999941e-01 4.537256562750958437e+03
1.771999999999999964e-01 4.586376672830874668e+03
1.864000000000000101e-01 4.650573325036461938e+03
1.960999999999999965e-01 4.702866730354370702e+03
2.064000000000000001e-01 4.764776931307136692e+03
2.170999999999999874e-01 4.797849910090138110e+03
2.283999999999999919e-01 4.866920025011429061e+03
2.403000000000000136e-01 4.895363160519316807e+03
2.528000000000000247e-01 4.954468858008529423e+03
2.660000000000000142e-01 4.981320962448456157e+03
2.798000000000000487e-01 5.024371078713511451e+03
2.943999999999999950e-01 5.048097055946467663e+03
3.096999999999999753e-01 5.079396977685210004e+03
3.259000000000000230e-01 5.097484700881094795e+03
3.427999999999999936e-01 5.120205205211139400e+03
3.606999999999999651e-01 5.128404939475106403e+03
3.795000000000000040e-01 5.144054805773594126e+03
3.991999999999999993e-01 5.137761406266652557e+03
4.200000000000000400e-01 5.151067993464226674e+03
4.419000000000000150e-01 5.130440328170343491e+03
4.649000000000000354e-01 5.128841989375876437e+03
4.891000000000000347e-01 5.103117034598498321e+03
5.144999999999999574e-01 5.085133602170910308e+03
5.413000000000000034e-01 5.058343318575140074e+03
5.695000000000000062e-01 5.027656004190223030e+03
5.992000000000000659e-01 4.992732715024682875e+03
6.304000000000000714e-01 4.947074339675231386e+03
6.632000000000000117e-01 4.903699920133842170e+03
6.976999999999999869e-01 4.850442350062238802e+03
7.340999999999999748e-01 4.802295688065163631e+03
7.722999999999999865e-01 4.729066044347965544e+03
8.125000000000000000e-01 4.681583482560897210e+03
8.548000000000000043e-01 4.601160953815695393e+03
8.992999999999999883e-01 4.542323706193490580e+03
9.460999999999999410e-01 4.454725778392866232e+03
9.954000000000000625e-01 4.387260116762146936e+03
1.046999999999999931e+00 4.297067452373803462e+03
1.101999999999999869e+00 4.217061572941357554e+03
1.159000000000000030e+00 4.124841568589048620e+03
1.219000000000000083e+00 4.033765853403833262e+03
1.283000000000000140e+00 3.939678313788786909e+03
1.350000000000000089e+00 3.838362972754415750e+03
1.419999999999999929e+00 3.743910942106063885e+03
1.493999999999999995e+00 3.632819288138508000e+03
1.572000000000000064e+00 3.536880656904797434e+03
1.654000000000000137e+00 3.421344214119054413e+03
1.739999999999999991e+00 3.326481467950990918e+03
1.830000000000000071e+00 3.209084495805424467e+03
1.925999999999999934e+00 3.109585187466814205e+03
2.025999999999999801e+00 2.996476007251035753e+03
2.131000000000000227e+00 2.892467158320932867e+03
2.241999999999999993e+00 2.782320082809858832e+03
2.358999999999999986e+00 2.676575827837897123e+03
2.481999999999999762e+00 2.570094825377553207e+03
2.611000000000000210e+00 2.462262512855263594e+03
2.746999999999999886e+00 2.359788021016281164e+03
2.890000000000000124e+00 2.253794864299598430e+03
3.040999999999999925e+00 2.152056707488713073e+03
3.198999999999999844e+00 2.049640078086121775e+03
3.366000000000000103e+00 1.951420001017479990e+03
3.540999999999999925e+00 1.852664071764886785e+03
3.725000000000000089e+00 1.758251063760206989e+03
3.918999999999999595e+00 1.665232517535259376e+03
4.123000000000000220e+00 1.574769645587563218e+03
4.338000000000000078e+00 1.488428383996199955e+03
4.564000000000000057e+00 1.402789472361282833e+03
4.801000000000000156e+00 1.322566814922854064e+03
5.051000000000000156e+00 1.242862372431488211e+03
5.314000000000000057e+00 1.168415705835917606e+03
5.590999999999999304e+00 1.094651013838996505e+03
5.881999999999999673e+00 1.026231881413771362e+03
6.187999999999999723e+00 9.589977407374130962e+02
6.511000000000000121e+00 8.962235240181927338e+02
6.850000000000000533e+00 8.358494627974921514e+02
7.205999999999999517e+00 7.782886040094307418e+02
7.581999999999999851e+00 7.246694883933596429e+02
7.976000000000000867e+00 6.729721718523355776e+02
8.391999999999999460e+00 6.254105467064318873e+02
8.829000000000000625e+00 5.796143339913284080e+02
9.288000000000000256e+00 5.379488074136029354e+02
9.772000000000000242e+00 4.974519955204778512e+02
1.027999999999999936e+01 4.614221249414318322e+02
1.082000000000000028e+01 4.263432408346023408e+02
1.137999999999999901e+01 3.953778226581724766e+02
1.196999999999999886e+01 3.654417934017931202e+02
1.259999999999999964e+01 3.389145323975618567e+02
1.325000000000000000e+01 3.136869120513238158e+02
1.393999999999999950e+01 2.911147327024560241e+02
1.466999999999999993e+01 2.701270620343294127e+02
1.542999999999999972e+01 2.511356295472084525e+02
1.623000000000000043e+01 2.339205819477357409e+02
1.708000000000000185e+01 2.181478457622256997e+02
1.796999999999999886e+01 2.040341971801474301e+02
1.889999999999999858e+01 1.911395397703506376e+02
1.989000000000000057e+01 1.795931069373031619e+02
2.092000000000000171e+01 1.691921375878357026e+02
2.200999999999999801e+01 1.599717616191587126e+02
2.316000000000000014e+01 1.515287876570416756e+02
2.437000000000000099e+01 1.442519213252760153e+02
2.562999999999999901e+01 1.375446290600356747e+02
2.697000000000000242e+01 1.318850642525437422e+02
2.837000000000000099e+01 1.266636879599365386e+02
2.985000000000000142e+01 1.222927210702544301e+02
3.139999999999999858e+01 1.183050853139539669e+02
3.303999999999999915e+01 1.150453511892644656e+02
3.475999999999999801e+01 1.121038600393438287e+02
3.657000000000000028e+01 1.097916518514612960e+02
3.846999999999999886e+01 1.077896683665027524e+02
4.048000000000000398e+01 1.062815155198847208e+02
4.259000000000000341e+01 1.051048057376589782e+02
4.479999999999999716e+01 1.043422917490440369e+02
4.714000000000000057e+01 1.039471567747503400e+02
4.959000000000000341e+01 1.039076924550790153e+02
5.217000000000000171e+01 1.042764878497473404e+02
5.489000000000000057e+01 1.049641123856718821e+02
5.775000000000000000e+01 1.060865893161347628e+02
6.075000000000000000e+01 1.075362624596207297e+02
6.392000000000000171e+01 1.094250927695023847e+02
6.723999999999999488e+01 1.116704953445807860e+02
7.075000000000000000e+01 1.143221077172138109e+02
7.442999999999999261e+01 1.173280511870444229e+02
7.829999999999999716e+01 1.206588303584521498e+02
8.237999999999999545e+01 1.242325758745391653e+02
8.667000000000000171e+01 1.280321437443929824e+02
9.117999999999999261e+01 1.315980979544187619e+02
9.593000000000000682e+01 1.353733042938442281e+02
1.009000000000000057e+02 1.376441856095748335e+02
1.062000000000000028e+02 1.403002634478983168e+02
1.116999999999999886e+02 1.394999789903438057e+02
1.175000000000000000e+02 1.388015152298557098e+02
1.236000000000000085e+02 1.334538015239326398e+02
1.300999999999999943e+02 1.270337263046513385e+02
1.369000000000000057e+02 1.168306093641055270e+02
1.440000000000000000e+02 1.049138522523097805e+02
1.515000000000000000e+02 9.156013627352059814e+01
1.593999999999999773e+02 7.697874889181395019e+01
1.676999999999999886e+02 6.310146692696142878e+01
1.764000000000000057e+02 5.025544342208500836e+01
1.855999999999999943e+02 3.841208933853709340e+01
1.952000000000000171e+02 2.962246227194824755e+01
2.054000000000000057e+02 2.121134085966329152e+01
2.160999999999999943e+02 1.620260770871870193e+01
2.273999999999999773e+02 1.113439624674327533e+01
2.391999999999999886e+02 8.669673114274363712e+00
2.516999999999999886e+02 6.086348361702796694e+00
2.647999999999999545e+02 4.669736543452512656e+00
2.785000000000000000e+02 3.310177135070061283e+00
2.930000000000000000e+02 2.373748425329917477e+00
3.083000000000000114e+02 1.531308009334774622e+00
3.244000000000000341e+02 9.850166998384854988e-01
3.411999999999999886e+02 5.936003891551775435e-01
3.590000000000000000e+02 3.333980032148770034e-01
3.776999999999999886e+02 2.014354237646066859e-01
3.973999999999999773e+02 1.038266411913664339e-01
4.181000000000000227e+02 6.466467446990761814e-02
4.398000000000000114e+02 3.159892611087767450e-02
4.626999999999999886e+02 1.871323988141267158e-02
4.868000000000000114e+02 6.729770245195964597e-03
5.122000000000000455e+02 4.061384669725875800e-03
5.387999999999999545e+02 1.289839387771891076e-03
5.668999999999999773e+02 7.859809928650575645e-04
5.964000000000000909e+02 2.600853806399547915e-04
6.275000000000000000e+02 1.231480136284042123e-04
6.601000000000000227e+02 4.273401452396153628e-05
6.945000000000000000e+02 1.462673196748186401e-05
7.307000000000000455e+02 5.519985260769339680e-06
7.687000000000000455e+02 1.376621250833257316e-06
8.087999999999999545e+02 5.591249082015999917e-07
8.508999999999999773e+02 9.439509478807485110e-08
8.952000000000000455e+02 4.128067818788481912e-08
9.417999999999999545e+02 4.478216683819351347e-09
9.908000000000000682e+02 2.107342543151583391e-09
1.042000000000000000e+03 1.521977657629434440e-10
1.097000000000000000e+03 7.556863724844762496e-11
1.154000000000000000e+03 3.465229709139920058e-12
1.214000000000000000e+03 1.834195333800046701e-12
1.277000000000000000e+03 1.261253796393800374e-13
1.344000000000000000e+03 2.435515722347366462e-14
1.414000000000000000e+03 3.953918954307494071e-15
1.487000000000000000e+03 2.330123469457575053e-16
1.565000000000000000e+03 5.619230411932060207e-17
1.646000000000000000e+03 8.849120505323252430e-19
1.732000000000000000e+03 2.774061054906314643e-19
1.822000000000000000e+03 2.779499676771885612e-21
1.917000000000000000e+03 1.033968503266035982e-21
2.017000000000000000e+03 3.617099788184205169e-24
2.122000000000000000e+03 1.524724580972460272e-24
2.232000000000000000e+03 2.032126220140765845e-27
2.348000000000000000e+03 9.486661980359980149e-28
2.470000000000000000e+03 5.917228140027478724e-31
2.599000000000000000e+03 2.974169839585496708e-31
2.734000000000000000e+03 6.528757549113894749e-35
2.877000000000000000e+03 3.490715736558603946e-35
3.027000000000000000e+03 3.054413595973634159e-36
3.184000000000000000e+03 1.206376946248147250e-39
3.350000000000000000e+03 2.286165158586196480e-40
3.524000000000000000e+03 1.365831999209631752e-44
3.708000000000000000e+03 3.683092519640381265e-45
3.901000000000000000e+03 4.304685569836388098e-50
4.104000000000000000e+03 1.451628042715110904e-50
4.318000000000000000e+03 3.100207868457081793e-56
4.543000000000000000e+03 1.214476786395094296e-56
4.779000000000000000e+03 4.531775636672891551e-63
5.028000000000000000e+03 1.992757887087042804e-63
5.290000000000000000e+03 1.179124747246395117e-70
5.565000000000000000e+03 5.674581380755091745e-71
5.855000000000000000e+03 3.163132869786063588e-79
6.160000000000000000e+03 1.632299002515869049e-79
6.481000000000000000e+03 2.155952193480809160e-81
6.818000000000000000e+03 6.386503813008761427e-89
7.173000000000000000e+03 8.319257768592101760e-90
7.547000000000000000e+03 1.656391370671269868e-99
7.940000000000000000e+03 3.665029324545351689e-100
8.353000000000000000e+03 2.772070406803906439e-111
8.788000000000000000e+03 8.222608511629745215e-112
9.246000000000000000e+03 2.177371751313582421e-124
9.727000000000000000e+03 7.814524451888076123e-125
1.023000000000000000e+04 4.312378841584841606e-139
1.077000000000000000e+04 1.748154363603952606e-139
1.133000000000000000e+04 2.221553806646246829e-155
1.192000000000000000e+04 1.008378723499075585e-155
1.254000000000000000e+04 1.394430333281000242e-173
1.319000000000000000e+04 6.906828010185627014e-174
1.388000000000000000e+04 7.919968900871187069e-194
1.460000000000000000e+04 4.189785090946796824e-194
1.536000000000000000e+04 2.526042414283973319e-195
1.616000000000000000e+04 1.055319578880640009e-216
1.700000000000000000e+04 1.767308211206109091e-217
1.789000000000000000e+04 8.247211087369600611e-242
1.882000000000000000e+04 2.062813182397344539e-242
1.980000000000000000e+04 6.774573778560983007e-270
2.083000000000000000e+04 2.169974257110949947e-270
2.191000000000000000e+04 4.328987773708226513e-301
2.305000000000000000e+04 1.647631437415426212e-301
2.425000000000000000e+04 5.426322988274410795e-320
2.552000000000000000e+04 5.426322988274410795e-320
2.684000000000000000e+04 5.426322988274410795e-320
2.824000000000000000e+04 5.426322988274410795e-320
2.971000000000000000e+04 5.426322988274410795e-320
3.126000000000000000e+04 5.426322988274410795e-320
3.289000000000000000e+04 5.426322988274410795e-320
3.460000000000000000e+04 5.426322988274410795e-320
3.640000000000000000e+04 5.426322988274410795e-320
3.830000000000000000e+04 5.426322988274410795e-320
4.029000000000000000e+04 5.426322988274410795e-320
4.239000000000000000e+04 5.426322988274410795e-320
4.460000000000000000e+04 5.426322988274410795e-320
4.692000000000000000e+04 5.426322988274410795e-320
4.936000000000000000e+04 5.426322988274410795e-320
5.193000000000000000e+04 5.426322988274410795e-320
5.464000000000000000e+04 5.426322988274410795e-320
5.748000000000000000e+04 5.426322988274410795e-320
6.047000000000000000e+04 5.426322988274410795e-320
6.362000000000000000e+04 5.426322988274410795e-320
6.693000000000000000e+04 5.426322988274410795e-320
7.042000000000000000e+04 5.426322988274410795e-320
7.409000000000000000e+04 5.426322988274410795e-320
7.794000000000000000e+04 5.426322988274410795e-320
8.200000000000000000e+04 5.426322988274410795e-320
8.627000000000000000e+04 5.426322988274410795e-320
9.076000000000000000e+04 5.426322988274410795e-320
9.549000000000000000e+04 5.426322988274410795e-320
1.005000000000000000e+05 5.426322988274410795e-320
1.057000000000000000e+05 5.426322988274410795e-320
1.112000000000000000e+05 5.426322988274410795e-320
1.170000000000000000e+05 5.426322988274410795e-320
1.231000000000000000e+05 5.426322988274410795e-320
1.295000000000000000e+05 5.426322988274410795e-320
1.362000000000000000e+05 5.426322988274410795e-320
1.433000000000000000e+05 5.426322988274410795e-320
1.508000000000000000e+05 5.426322988274410795e-320
1.586000000000000000e+05 5.426322988274410795e-320
1.669000000000000000e+05 5.426322988274410795e-320
1.756000000000000000e+05 5.426322988274410795e-320
1.847000000000000000e+05 5.426322988274410795e-320
1.943000000000000000e+05 5.426322988274410795e-320
2.045000000000000000e+05 5.426322988274410795e-320
2.151000000000000000e+05 5.426322988274410795e-320
2.263000000000000000e+05 5.426322988274410795e-320
2.381000000000000000e+05 5.426322988274410795e-320
2.505000000000000000e+05 5.426322988274410795e-320
2.635000000000000000e+05 5.426322988274410795e-320
2.773000000000000000e+05 5.426322988274410795e-320
2.917000000000000000e+05 5.426322988274410795e-320
3.069000000000000000e+05 5.426322988274410795e-320
3.229000000000000000e+05 5.426322988274410795e-320
3.397000000000000000e+05 5.426322988274410795e-320
3.574000000000000000e+05 5.426322988274410795e-320
3.760000000000000000e+05 5.426322988274410795e-320
3.955000000000000000e+05 5.426322988274410795e-320
4.161000000000000000e+05 5.426322988274410795e-320
4.378000000000000000e+05 5.426322988274410795e-320
4.606000000000000000e+05 5.426322988274410795e-320
4.846000000000000000e+05 5.426322988274410795e-320
5.098000000000000000e+05 5.426322988274410795e-320
5.364000000000000000e+05 5.426322988274410795e-320
5.643000000000000000e+05 5.426322988274410795e-320
5.937000000000000000e+05 5.426322988274410795e-320
6.246000000000000000e+05 5.426322988274410795e-320
6.571000000000000000e+05 5.426322988274410795e-320
6.913000000000000000e+05 5.426322988274410795e-320
7.273000000000000000e+05 5.426322988274410795e-320
7.652000000000000000e+05 5.426322988274410795e-320
8.050000000000000000e+05 5.426322988274410795e-320
8.469000000000000000e+05 5.426322988274410795e-320
8.910000000000000000e+05 5.426322988274410795e-320
9.374000000000000000e+05 5.426322988274410795e-320
9.863000000000000000e+05 5.426322988274410795e-320
1.038000000000000000e+06 5.426322988274410795e-320
1.092000000000000000e+06 5.426322988274410795e-320
1.148000000000000000e+06 5.426322988274410795e-320
1.208000000000000000e+06 5.426322988274410795e-320
1.271000000000000000e+06 5.426322988274410795e-320
1.337000000000000000e+06 5.426322988274410795e-320
1.407000000000000000e+06 5.426322988274410795e-320
1.480000000000000000e+06 5.426322988274410795e-320
1.557000000000000000e+06 5.426322988274410795e-320
1.638000000000000000e+06 5.426322988274410795e-320
1.724000000000000000e+06 5.426322988274410795e-320
1.814000000000000000e+06 5.426322988274410795e-320
1.908000000000000000e+06 5.426322988274410795e-320
2.007000000000000000e+06 5.426322988274410795e-320
2.112000000000000000e+06 5.426322988274410795e-320
2.222000000000000000e+06 5.426322988274410795e-320
2.337000000000000000e+06 5.426322988274410795e-320
2.459000000000000000e+06 5.426322988274410795e-320
2.587000000000000000e+06 5.426322988274410795e-320
2.722000000000000000e+06 5.426322988274410795e-320
2.864000000000000000e+06 5.426322988274410795e-320
3.013000000000000000e+06 5.426322988274410795e-320
3.170000000000000000e+06 5.426322988274410795e-320
3.335000000000000000e+06 5.426322988274410795e-320
3.508000000000000000e+06 5.426322988274410795e-320
3.691000000000000000e+06 5.426322988274410795e-320
3.883000000000000000e+06 5.426322988274410795e-320
4.085000000000000000e+06 5.426322988274410795e-320
4.298000000000000000e+06 5.426322988274410795e-320
4.522000000000000000e+06 5.426322988274410795e-320
4.757000000000000000e+06 5.426322988274410795e-320
5.005000000000000000e+06 5.426322988274410795e-320
5.266000000000000000e+06 5.426322988274410795e-320
5.540000000000000000e+06 5.426322988274410795e-320
5.828000000000000000e+06 5.426322988274410795e-320
6.132000000000000000e+06 5.426322988274410795e-320
6.451000000000000000e+06 5.426322988274410795e-320
6.787000000000000000e+06 5.426322988274410795e-320
7.140000000000000000e+06 5.426322988274410795e-320
7.512000000000000000e+06 5.426322988274410795e-320
7.903000000000000000e+06 5.426322988274410795e-320
8.315000000000000000e+06 5.426322988274410795e-320
8.748000000000000000e+06 5.426322988274410795e-320
9.203000000000000000e+06 5.426322988274410795e-320
9.682000000000000000e+06 5.426322988274410795e-320
1.019000000000000000e+07 5.426322988274410795e-320
1.072000000000000000e+07 5.426322988274410795e-320
1.127000000000000000e+07 5.426322988274410795e-320
1.186000000000000000e+07 5.426322988274410795e-320
1.248000000000000000e+07 5.426322988274410795e-320
1.313000000000000000e+07 5.426322988274410795e-320
1.381000000000000000e+07 5.426322988274410795e-320
1.453000000000000000e+07 5.426322988274410795e-320
1.529000000000000000e+07 5.426322988274410795e-320
1.608000000000000000e+07 5.426322988274410795e-320
1.692000000000000000e+07 5.426322988274410795e-320
1.780000000000000000e+07 5.426322988274410795e-320
1.873000000000000000e+07 5.426322988274410795e-320
1.971000000000000000e+07 5.426322988274410795e-320
2.073000000000000000e+07 5.426322988274410795e-320
2.181000000000000000e+07 5.426322988274410795e-320
2.295000000000000000e+07 5.426322988274410795e-320
2.414000000000000000e+07 5.426322988274410795e-320
2.540000000000000000e+07 5.426322988274410795e-320
2.672000000000000000e+07 5.426322988274410795e-320
2.811000000000000000e+07 5.426322988274410795e-320
2.958000000000000000e+07 5.426322988274410795e-320
3.112000000000000000e+07 5.426322988274410795e-320
3.274000000000000000e+07 5.426322988274410795e-320
3.444000000000000000e+07 5.426322988274410795e-320
3.623000000000000000e+07 5.426322988274410795e-320
3.812000000000000000e+07 5.426322988274410795e-320
4.011000000000000000e+07 5.426322988274410795e-320
4.219000000000000000e+07 5.426322988274410795e-320
4.439000000000000000e+07 5.426322988274410795e-320
4.670000000000000000e+07 5.426322988274410795e-320
4.913000000000000000e+07 5.426322988274410795e-320
5.169000000000000000e+07 5.426322988274410795e-320
5.438000000000000000e+07 5.426322988274410795e-320
5.722000000000000000e+07 5.426322988274410795e-320
6.019000000000000000e+07 5.426322988274410795e-320
6.333000000000000000e+07 5.426322988274410795e-320
6.663000000000000000e+07 5.426322988274410795e-320
7.010000000000000000e+07 5.426322988274410795e-320
7.375000000000000000e+07 5.426322988274410795e-320
7.759000000000000000e+07 5.426322988274410795e-320
8.163000000000000000e+07 5.426322988274410795e-320
8.588000000000000000e+07 5.426322988274410795e-320
9.035000000000000000e+07 5.426322988274410795e-320
9.505000000000000000e+07 5.426322988274410795e-320
1.000000000000000000e+08 5.426322988274410795e-320
