1.900000000000000000e+01 5.754299565984364051e+01
2.000000000000000000e+01 6.662959408545852114e+01
2.100000000000000000e+01 7.570669931366620631e+01
2.200000000000000000e+01 8.456543840833995773e+01
2.300000000000000000e+01 9.400745314484913706e+01
2.400000000000000000e+01 1.026363313486620541e+02
2.500000000000000000e+01 1.102158765112918104e+02
2.600000000000000000e+01 1.180312523858825529e+02
2.700000000000000000e+01 1.241089137491174057e+02
2.800000000000000000e+01 1.282852682465456553e+02
2.900000000000000000e+01 1.324508783663987401e+02
3.000000000000000000e+01 1.344336598029652237e+02
3.100000000000000000e+01 1.342448856785689202e+02
3.200000000000000000e+01 1.340622655239823189e+02
3.300000000000000000e+01 1.315694441478621286e+02
3.400000000000000000e+01 1.269668409460723240e+02
3.500000000000000000e+01 1.226500228703102096e+02
3.600000000000000000e+01 1.185939200175659067e+02
3.700000000000000000e+01 1.147762701273879884e+02
3.800000000000000000e+01 1.097666100718376185e+02
3.900000000000000000e+01 1.037537430052160801e+02
4.000000000000000000e+01 9.820853379448584519e+01
4.100000000000000000e+01 9.308436593292871919e+01
4.200000000000000000e+01 8.773158679801801441e+01
4.300000000000000000e+01 8.222321148807110092e+01
4.400000000000000000e+01 7.717438703430970293e+01
4.500000000000000000e+01 7.253769800360406350e+01
4.600000000000000000e+01 6.827151807972450115e+01
4.700000000000000000e+01 6.403261369434137862e+01
4.800000000000000000e+01 5.984644197731380189e+01
4.900000000000000000e+01 5.601120360244856045e+01
5.000000000000000000e+01 5.249125382035100529e+01
5.100000000000000000e+01 4.925517662134167551e+01
5.200000000000000000e+01 4.627521359048215288e+01
5.300000000000000000e+01 4.336872812116422438e+01
5.400000000000000000e+01 4.054359448035201297e+01
5.500000000000000000e+01 3.794896001599064306e+01
5.600000000000000000e+01 3.556235905207283565e+01
5.700000000000000000e+01 3.336386006333481191e+01
5.800000000000000000e+01 3.133574225928622425e+01
5.900000000000000000e+01 2.946221807933247661e+01
6.000000000000000000e+01 2.747183991068164843e+01
6.100000000000000000e+01 2.540302131123870311e+01
6.200000000000000000e+01 2.351968960414733445e+01
6.300000000000000000e+01 2.180263398785295337e+01
6.400000000000000000e+01 2.023489248775898730e+01
6.500000000000000000e+01 1.880145927132986472e+01
6.600000000000000000e+01 1.748903377490777800e+01
6.700000000000000000e+01 1.608062082206546606e+01
6.800000000000000000e+01 1.461303951523191103e+01
6.900000000000000000e+01 1.329783188138511818e+01
7.000000000000000000e+01 1.211731580777814976e+01
7.100000000000000000e+01 1.105607129016895662e+01
7.200000000000000000e+01 1.010062486302463469e+01
7.300000000000000000e+01 9.239181607676371755e+00
7.400000000000000000e+01 8.461397043091432479e+00
7.500000000000000000e+01 7.690447578986093546e+00
7.600000000000000000e+01 6.935735538009057066e+00
7.700000000000000000e+01 6.263487019557926416e+00
7.800000000000000000e+01 5.663796464315249857e+00
7.900000000000000000e+01 5.128053099245182267e+00
8.000000000000000000e+01 4.648758305219074849e+00
8.100000000000000000e+01 4.219370588914920894e+00
8.200000000000000000e+01 3.834173714557138624e+00
8.300000000000000000e+01 3.488164309444466760e+00
8.400000000000000000e+01 3.157609011772513075e+00
8.500000000000000000e+01 2.843785401581566674e+00
8.600000000000000000e+01 2.564271709964253354e+00
8.700000000000000000e+01 2.314983260795124842e+00
8.800000000000000000e+01 2.092360522804745049e+00
8.900000000000000000e+01 1.893296706615927860e+00
9.000000000000000000e+01 1.715076003720405140e+00
9.100000000000000000e+01 1.555320808316025483e+00
9.200000000000000000e+01 1.411946536062925306e+00
9.300000000000000000e+01 1.283122879652119686e+00
9.400000000000000000e+01 1.156486964138541573e+00
9.500000000000000000e+01 1.033573473197021642e+00
9.600000000000000000e+01 9.248055159130987857e-01
9.700000000000000000e+01 8.284330666813426447e-01
9.800000000000000000e+01 7.429374153360883692e-01
9.900000000000000000e+01 6.669986724692477109e-01
1.000000000000000000e+02 5.994681040713882858e-01
1.010000000000000000e+02 5.393445391946617429e-01
1.020000000000000000e+02 4.857542187051860361e-01
1.030000000000000000e+02 4.379335561531634280e-01
1.040000000000000000e+02 3.952143671880581355e-01
