1.774127155601597394e+01 7.928069789963839753e+01
1.874127155601597394e+01 8.856505312272081198e+01
1.974127155601597394e+01 9.799286296974314325e+01
2.074127155601597394e+01 1.073682485949495060e+02
2.174127155601597394e+01 1.165671154358498711e+02
2.274127155601597394e+01 1.252209361671693983e+02
2.374127155601597394e+01 1.332339772227971366e+02
2.474127155601597394e+01 1.402397592155129757e+02
2.574127155601597394e+01 1.460057931372622306e+02
2.674127155601597394e+01 1.504871793805713764e+02
2.774127155601597394e+01 1.535008267245696061e+02
2.874127155601597394e+01 1.549446751583441824e+02
2.974127155601597394e+01 1.547964983996751585e+02
3.074127155601597394e+01 1.534258119043734894e+02
3.174127155601597394e+01 1.504579989113906322e+02
3.274127155601597394e+01 1.462428897101237624e+02
3.374127155601597394e+01 1.411625081256157159e+02
3.474127155601597394e+01 1.347927886186743365e+02
3.574127155601597394e+01 1.283308267617634328e+02
3.674127155601597394e+01 1.208722288222545131e+02
3.774127155601597394e+01 1.134070463016360009e+02
3.874127155601597394e+01 1.062938142228543228e+02
3.974127155601597394e+01 9.848961796137237457e+01
4.074127155601597394e+01 9.126855559717367328e+01
4.174127155601597394e+01 8.459312992970095024e+01
4.274127155601597394e+01 7.781150735038050925e+01
4.374127155601597394e+01 7.158968405809892488e+01
4.474127155601597394e+01 6.569919794420847836e+01
4.574127155601597394e+01 6.021054261517954131e+01
4.674127155601597394e+01 5.513275673812067623e+01
4.774127155601597394e+01 5.045104223055421500e+01
4.874127155601597394e+01 4.617842703092387069e+01
4.974127155601597394e+01 4.227782470848646312e+01
5.074127155601597394e+01 3.872761987611590229e+01
5.174127155601597394e+01 3.550237509711725892e+01
5.274127155601597394e+01 3.256815832892281293e+01
5.374127155601597394e+01 2.990006552979271959e+01
5.474127155601597394e+01 2.746837936976963235e+01
5.574127155601597394e+01 2.524674668667917388e+01
5.674127155601597394e+01 2.321551542098243104e+01
5.774127155601597394e+01 2.133836913968305282e+01
5.874127155601597394e+01 1.962488658357486315e+01
5.974127155601597394e+01 1.802220944495686084e+01
6.074127155601597394e+01 1.654955221475627525e+01
6.174127155601597394e+01 1.520259243477307720e+01
6.274127155601597394e+01 1.390950424189450807e+01
6.374127155601597394e+01 1.273438994142869873e+01
6.474127155601597394e+01 1.166130212862028159e+01
6.574127155601597394e+01 1.062023861588338214e+01
6.674127155601597394e+01 9.674574156946928127e+00
6.774127155601597394e+01 8.815965423633969067e+00
6.874127155601597394e+01 7.984000005014223689e+00
6.974127155601597394e+01 7.230005572215766563e+00
7.074127155601597394e+01 6.550718280310594110e+00
7.174127155601597394e+01 5.898855162313384248e+00
7.274127155601597394e+01 5.310202163848625645e+00
7.374127155601597394e+01 4.783995982795623547e+00
7.474127155601597394e+01 4.285997876969993570e+00
7.574127155601597394e+01 3.838104272540259654e+00
7.674127155601597394e+01 3.440465888140925799e+00
7.774127155601597394e+01 3.070301335986393099e+00
7.874127155601597394e+01 2.738802944941021611e+00
7.974127155601597394e+01 2.445919511832117532e+00
8.074127155601597394e+01 2.176828349535524953e+00
8.174127155601597394e+01 1.936622203085967442e+00
8.274127155601597394e+01 1.725126209103168495e+00
8.374127155601597394e+01 1.534008707177811903e+00
8.474127155601597394e+01 1.364105576589576874e+00
