1.221799999999999287e+01 1.971623204889459657e+01
1.321799999999999287e+01 2.326451286713025723e+01
1.421799999999999287e+01 2.711352093063965896e+01
1.521799999999999287e+01 3.126134462525781288e+01
1.621799999999999287e+01 3.569693768423367430e+01
1.721799999999999287e+01 4.041518326708825981e+01
1.821799999999999287e+01 4.532617424797662409e+01
1.921799999999999287e+01 5.040502136961078605e+01
2.021799999999999287e+01 5.540544182375802507e+01
2.121799999999999287e+01 6.026381831994439153e+01
2.221799999999999287e+01 6.530068591916227660e+01
2.321799999999999287e+01 6.974541255820382446e+01
2.421799999999999287e+01 7.350832059207661473e+01
2.521799999999999287e+01 7.731294822606375305e+01
2.621799999999999287e+01 8.007557205352966889e+01
2.721799999999999287e+01 8.175082441243419851e+01
2.821799999999999287e+01 8.339988836873146738e+01
2.921799999999999287e+01 8.380120651556072175e+01
3.021799999999999287e+01 8.299500610123855893e+01
3.121799999999999287e+01 8.222202873324192751e+01
3.221799999999998931e+01 7.998811950701994533e+01
3.321799999999998931e+01 7.645447261636904557e+01
3.421799999999998931e+01 7.317353822241796024e+01
3.521799999999998931e+01 7.012071822938631271e+01
3.621799999999998931e+01 6.727440962744609010e+01
3.721799999999998931e+01 6.357778012846466709e+01
3.821799999999998931e+01 5.919684986292723750e+01
3.921799999999998931e+01 5.521827933237968722e+01
4.021799999999998931e+01 5.159632999354198546e+01
4.121799999999998931e+01 4.777007134350045447e+01
4.221799999999998931e+01 4.382143582181097230e+01
4.321799999999998931e+01 4.027956221773522572e+01
4.421799999999998931e+01 3.709462989778736386e+01
4.521799999999998931e+01 3.422384888022788374e+01
4.621799999999998931e+01 3.140311400035517053e+01
4.721799999999998931e+01 2.865551028279265466e+01
4.821799999999998931e+01 2.619803018883106205e+01
4.921799999999998931e+01 2.399499378270742156e+01
5.021799999999998931e+01 2.201570583930092795e+01
5.121799999999998931e+01 2.023367921424071625e+01
5.221799999999998931e+01 1.855298193489849012e+01
5.321799999999998931e+01 1.697132205817629824e+01
5.421799999999998931e+01 1.555004509192066031e+01
5.521799999999998931e+01 1.427038790140672120e+01
5.621799999999998931e+01 1.311606490846765993e+01
5.721799999999998931e+01 1.207290490311404518e+01
5.821799999999998931e+01 1.112854620403486550e+01
5.921799999999998931e+01 1.020633902070665222e+01
6.021799999999998931e+01 9.312514148478852505e+00
6.121799999999998931e+01 8.509701094260295307e+00
6.221799999999998931e+01 7.787376148040802804e+00
6.321799999999998931e+01 7.136373341669318471e+00
6.421799999999998931e+01 6.548691644630452835e+00
6.521799999999998931e+01 6.017331968603969017e+00
6.621799999999998931e+01 5.471691759102383479e+00
6.721799999999998931e+01 4.922983105831564288e+00
6.821799999999998931e+01 4.436168484691108915e+00
6.921799999999998931e+01 4.003512880983827849e+00
7.021799999999998931e+01 3.618339529591379389e+00
7.121799999999998931e+01 3.274872938712936943e+00
7.221799999999998931e+01 2.968106959678336931e+00
7.321799999999998931e+01 2.693693633046573499e+00
7.421799999999998931e+01 2.417716951476228449e+00
7.521799999999998931e+01 2.145529381177616379e+00
7.621799999999998931e+01 1.906971724470959861e+00
7.721799999999998931e+01 1.697528900620319137e+00
7.821799999999998931e+01 1.513339167237784944e+00
7.921799999999998931e+01 1.351092922050912915e+00
8.021799999999998931e+01 1.207948186685923631e+00
8.121799999999998931e+01 1.081459860412268936e+00
8.221799999999998931e+01 9.695203677720662938e-01
8.321799999999998931e+01 8.640094644982193595e-01
8.421799999999998931e+01 7.652586060513055788e-01
8.521799999999998931e+01 6.787606452871323137e-01
8.621799999999998931e+01 6.028780002891487300e-01
8.721799999999998931e+01 5.362072792841480195e-01
8.821799999999998931e+01 4.775436441116993058e-01
8.921799999999998931e+01 4.258509159318782378e-01
9.021799999999998931e+01 3.802364475148900524e-01
9.121799999999998931e+01 3.399299606117201500e-01
9.221799999999998931e+01 3.042656885080893270e-01
9.321799999999998931e+01 2.708954630992021495e-01
9.421799999999998931e+01 2.398574635980964542e-01
9.521799999999998931e+01 2.126473164887427436e-01
9.621799999999998931e+01 1.887600990315703720e-01
9.721799999999998931e+01 1.677617390305429779e-01
9.821799999999998931e+01 1.492784886524745891e-01
9.921799999999998931e+01 1.329880472775327727e-01
1.002179999999999893e+02 1.186120619543707816e-01
1.012179999999999893e+02 1.059097808234581301e-01
1.022179999999999893e+02 9.467267323873605755e-02
1.032179999999999893e+02 8.471986184034255296e-02
