1.221799999999999287e+01 9.151409531073628045e+01
1.621799999999999287e+01 1.591185812806719184e+02
2.021799999999999287e+01 2.419824383635774723e+02
2.421799999999999287e+01 3.149794771488122933e+02
2.821799999999999287e+01 3.464328380093998589e+02
3.221799999999998931e+01 3.152383853004409957e+02
3.621799999999998931e+01 2.553250802163880167e+02
4.021799999999998931e+01 1.862114008040070701e+02
4.421799999999998931e+01 1.297784525593954754e+02
4.821799999999998931e+01 8.957305336358845693e+01
5.221799999999998931e+01 6.270135024164855508e+01
5.621799999999998931e+01 4.457836274507460672e+01
6.021799999999998931e+01 3.130406158549260809e+01
6.421799999999998931e+01 2.183949072325783192e+01
6.821799999999998931e+01 1.428057081493084368e+01
7.221799999999998931e+01 9.266688547020880407e+00
7.621799999999998931e+01 5.540432520309021669e+00
8.021799999999998931e+01 3.328184829337617501e+00
8.421799999999998931e+01 2.000469481384106629e+00
8.821799999999998931e+01 1.216840536033512166e+00
9.221799999999998931e+01 7.463379302177094443e-01
9.621799999999998931e+01 4.497072632543728798e-01
1.002179999999999893e+02 2.759721844740856689e-01
