4.999999999999999237e-03 5.197008704828679129e+02
9.999999999999998473e-03 3.920334575990436292e+02
1.499999999999999771e-02 3.017298392948289916e+02
1.999999999999999695e-02 2.345304548509206484e+02
2.499999999999999445e-02 1.833549278965882081e+02
2.999999999999999195e-02 1.439220603574970596e+02
3.499999999999999639e-02 1.133513154770562181e+02
3.999999999999999389e-02 8.957179824846100757e+01
4.499999999999999140e-02 7.103361816289856279e+01
4.999999999999998890e-02 5.655239433814114136e+01
5.499999999999998640e-02 4.522116194024577140e+01
5.999999999999999084e-02 3.632875480990552575e+01
6.499999999999998834e-02 2.933037668555593314e+01
6.999999999999999278e-02 2.380160214253094253e+01
7.499999999999999722e-02 1.941577858788958011e+01
7.999999999999998779e-02 1.591888966370400738e+01
8.499999999999999223e-02 1.311816432705779967e+01
8.999999999999999667e-02 1.086447643319377399e+01
