1.900000000000000000e+01 4.200143705242013539e+02
2.300000000000000000e+01 5.930448652418670008e+02
2.700000000000000000e+01 7.200016455743987080e+02
3.100000000000000000e+01 7.723114816994784633e+02
3.500000000000000000e+01 7.535818788580293131e+02
3.900000000000000000e+01 6.886411205030693736e+02
4.300000000000000000e+01 5.942624834001576346e+02
4.700000000000000000e+01 4.961097304693786896e+02
5.100000000000000000e+01 4.061017432507974263e+02
5.500000000000000000e+01 3.266629562128447901e+02
5.900000000000000000e+01 2.628481379419887389e+02
6.300000000000000000e+01 2.095958689359887899e+02
6.700000000000000000e+01 1.665233952071325518e+02
7.100000000000000000e+01 1.317636669502824134e+02
7.500000000000000000e+01 1.033555640113276866e+02
7.900000000000000000e+01 8.023989844364763258e+01
8.300000000000000000e+01 6.217449674328300091e+01
8.700000000000000000e+01 4.696451100695161784e+01
9.100000000000000000e+01 3.579771126154916772e+01
9.500000000000000000e+01 2.663808347241677410e+01
9.900000000000000000e+01 1.974715558324589537e+01
