4.999999999999999237e-03 2.434770187717450654e+02
6.999999999999999278e-03 2.155530998794978359e+02
8.999999999999999320e-03 1.921158888672894989e+02
1.099999999999999936e-02 1.720044998149267315e+02
1.299999999999999940e-02 1.545020450629517086e+02
1.499999999999999944e-02 1.391183140424723206e+02
1.700000000000000122e-02 1.255028308396356067e+02
1.899999999999999953e-02 1.133890222466606588e+02
2.099999999999999784e-02 1.025690194551357735e+02
2.299999999999999961e-02 9.287602167817757959e+01
2.500000000000000139e-02 8.417201652495441522e+01
2.699999999999999623e-02 7.634300343672164502e+01
2.899999999999999800e-02 6.928931297460209748e+01
3.099999999999999978e-02 6.292848764772895720e+01
3.300000000000000155e-02 5.718661136707355297e+01
3.499999999999999639e-02 5.200009229082888140e+01
3.699999999999999817e-02 4.731133876527035653e+01
3.899999999999999994e-02 4.307164933384062522e+01
4.100000000000000172e-02 3.923543709519508127e+01
4.299999999999999656e-02 3.576191145870871679e+01
4.499999999999999833e-02 3.261783756404627610e+01
4.700000000000000011e-02 2.976869192962257671e+01
4.899999999999999495e-02 2.718634205280161353e+01
5.099999999999999672e-02 2.484633409060166898e+01
5.299999999999999850e-02 2.272294874653167085e+01
5.500000000000000028e-02 2.079579970249907817e+01
5.700000000000000205e-02 1.904647156073657044e+01
5.899999999999999689e-02 1.745752681733162603e+01
6.099999999999999867e-02 1.601334120559429408e+01
6.300000000000000044e-02 1.470028539659225686e+01
6.500000000000000222e-02 1.350536403132620578e+01
6.700000000000000400e-02 1.241761528936146419e+01
6.900000000000000577e-02 1.142656361775900820e+01
7.100000000000000755e-02 1.052324672371272740e+01
7.300000000000000933e-02 9.699095770528211702e+00
7.500000000000001110e-02 8.946798984264564325e+00
7.700000000000001288e-02 8.259486546097781101e+00
7.900000000000000078e-02 7.631027346343468132e+00
8.100000000000000255e-02 7.056152281022491479e+00
8.300000000000000433e-02 6.530043594568583742e+00
8.500000000000000611e-02 6.047798606285391898e+00
8.700000000000000788e-02 5.605457599294952686e+00
8.900000000000000966e-02 5.199362316555284025e+00
9.100000000000001144e-02 4.826732646176830066e+00
9.299999999999999933e-02 4.484082183220674978e+00
9.500000000000000111e-02 4.168561722372599476e+00
9.700000000000000289e-02 3.878246687204184973e+00
