1.000000000000000021e-03 1.974926579569535079e+03
1.051999999999999984e-03 1.944435198763131666e+03
1.106999999999999911e-03 1.919874089497450768e+03
1.163999999999999887e-03 1.885568646875771037e+03
1.224999999999999960e-03 1.854736868013416370e+03
1.288999999999999998e-03 1.815880027867366607e+03
1.356000000000000000e-03 1.778321672426357281e+03
1.427000000000000100e-03 1.737751088803617904e+03
1.500999999999999947e-03 1.693750901603257944e+03
1.579000000000000108e-03 1.651382947049325367e+03
1.661000000000000150e-03 1.601877635476781961e+03
1.747999999999999988e-03 1.557174011766522653e+03
1.839000000000000140e-03 1.503880124366880409e+03
1.935000000000000088e-03 1.457460839645425040e+03
2.034999999999999917e-03 1.402949959369452699e+03
2.141000000000000108e-03 1.354146574178227638e+03
2.252999999999999794e-03 1.299245827285626774e+03
2.370000000000000145e-03 1.249315977510435459e+03
2.492999999999999990e-03 1.196178190502709185e+03
2.623000000000000331e-03 1.145918374851981071e+03
2.759999999999999867e-03 1.094773458221698093e+03
2.903999999999999897e-03 1.045666074711235979e+03
3.054999999999999990e-03 9.976717122010454659e+02
3.213999999999999843e-03 9.506829459962034434e+02
3.380999999999999891e-03 9.063801150073015833e+02
3.556999999999999832e-03 8.626529732376416177e+02
3.742000000000000100e-03 8.222631324913079425e+02
3.936999999999999528e-03 7.825254111689857837e+02
4.142000000000000716e-03 7.464587231285215694e+02
4.357999999999999895e-03 7.114294944613741336e+02
4.585000000000000533e-03 6.796426137972655397e+02
4.824000000000000163e-03 6.496312184059660240e+02
5.074999999999999650e-03 6.223297293869121631e+02
5.338999999999999996e-03 5.972770483066479983e+02
5.616999999999999597e-03 5.744878553830807277e+02
5.908999999999999322e-03 5.543281961983590236e+02
6.217000000000000304e-03 5.357032225149439455e+02
6.540999999999999939e-03 5.200605127903996845e+02
6.880999999999999964e-03 5.054717459313172867e+02
7.239999999999999908e-03 4.936787784799955716e+02
7.617000000000000506e-03 4.825198327526713911e+02
8.012999999999999290e-03 4.742334565770296990e+02
8.429999999999999993e-03 4.662674739222047151e+02
8.868999999999998413e-03 4.608620756352252101e+02
9.330999999999999017e-03 4.557503696784032172e+02
9.816999999999999338e-03 4.523709316905115543e+02
1.032999999999999891e-02 4.497494849629459281e+02
1.086999999999999945e-02 4.480900297586990746e+02
1.143000000000000092e-02 4.471619414070039511e+02
1.203000000000000076e-02 4.469284984679798072e+02
1.264999999999999979e-02 4.474201405415216186e+02
1.330999999999999892e-02 4.481750751182108274e+02
1.400999999999999988e-02 4.496524000768165479e+02
1.473000000000000004e-02 4.511024482637536721e+02
1.549999999999999989e-02 4.530790873470765519e+02
1.631000000000000158e-02 4.549010879141151236e+02
1.715999999999999817e-02 4.572902292954742052e+02
1.805000000000000007e-02 4.592938365648461740e+02
1.898999999999999994e-02 4.616128146958209868e+02
1.997999999999999776e-02 4.636951430328933839e+02
2.101999999999999702e-02 4.658324528598409415e+02
2.212000000000000077e-02 4.679238499945346916e+02
2.326999999999999902e-02 4.696360798654388873e+02
2.447999999999999829e-02 4.713388896782408892e+02
2.574999999999999858e-02 4.726805343108127317e+02
2.708999999999999950e-02 4.738829981367217101e+02
2.850000000000000103e-02 4.748642576853983996e+02
2.998999999999999930e-02 4.754183544294275521e+02
3.155000000000000165e-02 4.758663387701238889e+02
3.318999999999999728e-02 4.757150396713100804e+02
3.491999999999999965e-02 4.755567391088372915e+02
3.673999999999999488e-02 4.746985181089348202e+02
3.864999999999999686e-02 4.737957023334477640e+02
4.066000000000000170e-02 4.721917642627311125e+02
4.277999999999999858e-02 4.706622036684584600e+02
4.500999999999999446e-02 4.683821743719573192e+02
4.734999999999999626e-02 4.660294385476440198e+02
4.982000000000000317e-02 4.629549417883036426e+02
5.240999999999999825e-02 4.599385540594328177e+02
5.513999999999999457e-02 4.562284154444720912e+02
5.800999999999999907e-02 4.523537363170777326e+02
6.102999999999999398e-02 4.480562972102358685e+02
6.421000000000000318e-02 4.433750959808059520e+02
6.755999999999999506e-02 4.384973648563625943e+02
7.106999999999999429e-02 4.331088022992247488e+02
7.477000000000000313e-02 4.276323952402933628e+02
7.867000000000000381e-02 4.215176312143237283e+02
8.276000000000000023e-02 4.155169223580300013e+02
8.707000000000000850e-02 4.087957964937483553e+02
9.160999999999999699e-02 4.022492753561295444e+02
9.637999999999999345e-02 3.950047697001717211e+02
1.014000000000000040e-01 3.879234298751691199e+02
1.067000000000000032e-01 3.802726348210500760e+02
1.122000000000000081e-01 3.727529059579298405e+02
1.180999999999999966e-01 3.646876226366765081e+02
1.242000000000000048e-01 3.567019983304604125e+02
1.307000000000000106e-01 3.484750232903215306e+02
1.375000000000000111e-01 3.400325736150060152e+02
1.446999999999999953e-01 3.316146735917288311e+02
1.522000000000000020e-01 3.229364293701344195e+02
1.600999999999999923e-01 3.144096013669847025e+02
1.683999999999999941e-01 3.055594511667511028e+02
1.771999999999999964e-01 2.968469276091483948e+02
1.864000000000000101e-01 2.879081185502405447e+02
1.960999999999999965e-01 2.791692069388549839e+02
2.064000000000000001e-01 2.701680897950182043e+02
2.170999999999999874e-01 2.614503209230051652e+02
2.283999999999999919e-01 2.526164765505238279e+02
2.403000000000000136e-01 2.438890791330180150e+02
2.528000000000000247e-01 2.352064431912111218e+02
2.660000000000000142e-01 2.265863153532002343e+02
2.798000000000000487e-01 2.181064054458289547e+02
2.943999999999999950e-01 2.096852352536222384e+02
3.096999999999999753e-01 2.014697838985431417e+02
3.259000000000000230e-01 1.933278889186606193e+02
3.427999999999999936e-01 1.854286026898791420e+02
3.606999999999999651e-01 1.776325557309252758e+02
3.795000000000000040e-01 1.700159540511558873e+02
3.991999999999999993e-01 1.626290226806765986e+02
4.200000000000000400e-01 1.553819077129975028e+02
4.419000000000000150e-01 1.483592318608831988e+02
4.649000000000000354e-01 1.415343999317973385e+02
4.891000000000000347e-01 1.350021537916352941e+02
5.144999999999999574e-01 1.286484971027864788e+02
5.413000000000000034e-01 1.225835360337012787e+02
5.695000000000000062e-01 1.166787754684409606e+02
5.992000000000000659e-01 1.110694437715237370e+02
6.304000000000000714e-01 1.056317895909284630e+02
6.632000000000000117e-01 1.004862328273313778e+02
6.976999999999999869e-01 9.553518698287780353e+01
7.340999999999999748e-01 9.084865008375416551e+01
7.722999999999999865e-01 8.642425972310795146e+01
8.125000000000000000e-01 8.223582148516632628e+01
8.548000000000000043e-01 7.832994365034707585e+01
8.992999999999999883e-01 7.459028378741956544e+01
9.460999999999999410e-01 7.115153624960176160e+01
9.954000000000000625e-01 6.783063585729263423e+01
1.046999999999999931e+00 6.483592030026626674e+01
1.101999999999999869e+00 6.191853590344601344e+01
1.159000000000000030e+00 5.935070435931540089e+01
1.219000000000000083e+00 5.693630746078470395e+01
1.283000000000000140e+00 5.475132544369094489e+01
1.350000000000000089e+00 5.275863022727828877e+01
1.419999999999999929e+00 5.094719869305149018e+01
1.493999999999999995e+00 4.932412781093582055e+01
1.572000000000000064e+00 4.779865023592194717e+01
1.654000000000000137e+00 4.648638027271027084e+01
1.739999999999999991e+00 4.526559632872100281e+01
1.830000000000000071e+00 4.425695909347675183e+01
1.925999999999999934e+00 4.337429545888191029e+01
2.025999999999999801e+00 4.266433189597688624e+01
2.131000000000000227e+00 4.210375963483774342e+01
2.241999999999999993e+00 4.160490002410781329e+01
2.358999999999999986e+00 4.125986175859223692e+01
2.481999999999999762e+00 4.091567486035150125e+01
2.611000000000000210e+00 4.071949188161956101e+01
2.746999999999999886e+00 4.053810938566214617e+01
2.890000000000000124e+00 4.047964134300326577e+01
3.040999999999999925e+00 4.051803202353968913e+01
3.198999999999999844e+00 4.062636142345380108e+01
3.366000000000000103e+00 4.084854932617427892e+01
3.540999999999999925e+00 4.103946885140835832e+01
3.725000000000000089e+00 4.133033895378677158e+01
3.918999999999999595e+00 4.154584843859618815e+01
4.123000000000000220e+00 4.182996786004014211e+01
4.338000000000000078e+00 4.210526594400344891e+01
4.564000000000000057e+00 4.242205994894461440e+01
4.801000000000000156e+00 4.285234121628647586e+01
5.051000000000000156e+00 4.329815178678403242e+01
5.314000000000000057e+00 4.386741198892692495e+01
5.590999999999999304e+00 4.439055893218374393e+01
5.881999999999999673e+00 4.492049979220697509e+01
6.187999999999999723e+00 4.538763147396317521e+01
6.511000000000000121e+00 4.569556739763805808e+01
6.850000000000000533e+00 4.599707456184017929e+01
7.205999999999999517e+00 4.605972888013621969e+01
7.581999999999999851e+00 4.617133773603092095e+01
7.976000000000000867e+00 4.612273679759537259e+01
8.391999999999999460e+00 4.605999078523875312e+01
8.829000000000000625e+00 4.598997061999355651e+01
9.288000000000000256e+00 4.580300228913215221e+01
9.772000000000000242e+00 4.570135067496249803e+01
1.027999999999999936e+01 4.540040488131806740e+01
1.082000000000000028e+01 4.512682849976380339e+01
1.137999999999999901e+01 4.467787403930998380e+01
1.196999999999999886e+01 4.411625639156443413e+01
1.259999999999999964e+01 4.347870404231211694e+01
1.325000000000000000e+01 4.261929277635674396e+01
1.393999999999999950e+01 4.172154754135096510e+01
1.466999999999999993e+01 4.058929070470664158e+01
1.542999999999999972e+01 3.939719794686062926e+01
1.623000000000000043e+01 3.804245493710446624e+01
1.708000000000000185e+01 3.649671493480067141e+01
1.796999999999999886e+01 3.488168841367235018e+01
1.889999999999999858e+01 3.303625284851025157e+01
1.989000000000000057e+01 3.113700328859680866e+01
2.092000000000000171e+01 2.900806063444342442e+01
2.200999999999999801e+01 2.685237333723662090e+01
2.316000000000000014e+01 2.447952151827978895e+01
2.437000000000000099e+01 2.211724928456929717e+01
2.562999999999999901e+01 1.964869396337205387e+01
2.697000000000000242e+01 1.720914755557028286e+01
2.837000000000000099e+01 1.478898915129678926e+01
2.985000000000000142e+01 1.247204363146835249e+01
3.139999999999999858e+01 1.031268760164041964e+01
3.303999999999999915e+01 8.334417913213030715e+00
3.475999999999999801e+01 6.602087907822017598e+00
3.657000000000000028e+01 5.123266508833417276e+00
3.846999999999999886e+01 3.898059060064028358e+00
4.048000000000000398e+01 2.917998939132921521e+00
4.259000000000000341e+01 2.149409793107135869e+00
4.479999999999999716e+01 1.573775376125016834e+00
4.714000000000000057e+01 1.139994086762245118e+00
4.959000000000000341e+01 8.230690817124610703e-01
5.217000000000000171e+01 5.907979211380265383e-01
5.489000000000000057e+01 4.191283949755115756e-01
5.775000000000000000e+01 2.931429262282962966e-01
6.075000000000000000e+01 1.996942950848255016e-01
6.392000000000000171e+01 1.313699014171252344e-01
6.723999999999999488e+01 8.309819453227773600e-02
7.075000000000000000e+01 5.060429775074615222e-02
7.442999999999999261e+01 2.954923847031809547e-02
7.829999999999999716e+01 1.692361995067936942e-02
8.237999999999999545e+01 9.410794371527031466e-03
8.667000000000000171e+01 5.200316714698005605e-03
9.117999999999999261e+01 2.818853292211140338e-03
9.593000000000000682e+01 1.461513417745953503e-03
1.009000000000000057e+02 7.186928078192211800e-04
1.062000000000000028e+02 3.374160898592208635e-04
1.116999999999999886e+02 1.597295838651931199e-04
1.175000000000000000e+02 6.915489285385257451e-05
1.236000000000000085e+02 3.071212121048328726e-05
1.300999999999999943e+02 1.244457490918982577e-05
1.369000000000000057e+02 4.948623956532174299e-06
1.440000000000000000e+02 1.779977260829996568e-06
1.515000000000000000e+02 6.131086064010762295e-07
1.593999999999999773e+02 2.085676127079736828e-07
1.676999999999999886e+02 6.293503729333407674e-08
1.764000000000000057e+02 1.928084435082404221e-08
1.855999999999999943e+02 4.477376736068886648e-09
1.952000000000000171e+02 1.318728181264580293e-09
2.054000000000000057e+02 2.555672895509768972e-10
2.160999999999999943e+02 7.060514610891854674e-11
2.273999999999999773e+02 9.498672692572660360e-12
2.391999999999999886e+02 2.655764731782781549e-12
2.516999999999999886e+02 3.277444360532006371e-13
2.647999999999999545e+02 8.371980702603643508e-14
2.785000000000000000e+02 1.238244641483261213e-14
2.930000000000000000e+02 1.368214387087461836e-15
3.083000000000000114e+02 2.371329149054284333e-16
3.244000000000000341e+02 1.711528021864525591e-17
3.411999999999999886e+02 3.232643874211940280e-18
3.590000000000000000e+02 8.201934776016417564e-20
3.776999999999999886e+02 1.659898350467588096e-20
3.973999999999999773e+02 3.463702752400971461e-22
4.181000000000000227e+02 7.473889414137885026e-23
4.398000000000000114e+02 5.750288505356454878e-25
4.626999999999999886e+02 1.314942500405997748e-25
4.868000000000000114e+02 4.234041176337972873e-28
5.122000000000000455e+02 1.010700198848328148e-28
5.387999999999999545e+02 1.879466428630449734e-31
5.668999999999999773e+02 5.250502526725021925e-32
5.964000000000000909e+02 3.589950985657392557e-33
6.275000000000000000e+02 8.414043235713302550e-36
6.601000000000000227e+02 1.107968911419782319e-36
6.945000000000000000e+02 4.932426178852166269e-40
7.307000000000000455e+02 8.410354618599651938e-41
7.687000000000000455e+02 9.937868389094894518e-45
8.087999999999999545e+02 1.965519259938276516e-45
8.508999999999999773e+02 5.284621229013191807e-50
8.952000000000000455e+02 1.158034264713301792e-50
9.417999999999999545e+02 6.454732973994857656e-56
9.908000000000000682e+02 1.530076992867969497e-56
1.042000000000000000e+03 1.729599514862066659e-58
1.097000000000000000e+03 3.822439254147606396e-63
1.154000000000000000e+03 6.100570813194636679e-70
1.214000000000000000e+03 1.613099240578953280e-70
1.277000000000000000e+03 8.490456185532751720e-73
1.344000000000000000e+03 1.433944450731280572e-78
1.414000000000000000e+03 1.442784901098272761e-79
1.487000000000000000e+03 7.296437779025450351e-82
1.565000000000000000e+03 1.581376703558706050e-88
1.646000000000000000e+03 1.702981464169546301e-91
1.732000000000000000e+03 1.501335110550541108e-98
1.822000000000000000e+03 3.467908697819138379e-109
1.917000000000000000e+03 7.937000738443671817e-110
2.017000000000000000e+03 6.958563596994868771e-122
2.122000000000000000e+03 1.788091350743136624e-122
2.232000000000000000e+03 3.439552567074349441e-136
2.348000000000000000e+03 1.419508421784115869e-136
2.470000000000000000e+03 9.462617385313512742e-140
2.599000000000000000e+03 2.701681929137949831e-152
2.734000000000000000e+03 5.825083712547757166e-155
2.877000000000000000e+03 8.488094950400767629e-170
3.027000000000000000e+03 4.206681580584656972e-171
3.184000000000000000e+03 0.000000000000000000e+00
3.350000000000000000e+03 3.546453431983515782e-190
3.524000000000000000e+03 1.456175997250951814e-193
3.708000000000000000e+03 8.924209239568050793e-212
3.901000000000000000e+03 0.000000000000000000e+00
4.104000000000000000e+03 5.637658642806859493e-236
4.318000000000000000e+03 0.000000000000000000e+00
4.543000000000000000e+03 6.513807188956639750e-263
4.779000000000000000e+03 0.000000000000000000e+00
5.028000000000000000e+03 4.815074435365846326e-293
5.290000000000000000e+03 0.000000000000000000e+00
5.565000000000000000e+03 0.000000000000000000e+00
5.855000000000000000e+03 0.000000000000000000e+00
6.160000000000000000e+03 0.000000000000000000e+00
6.481000000000000000e+03 0.000000000000000000e+00
6.818000000000000000e+03 0.000000000000000000e+00
7.173000000000000000e+03 0.000000000000000000e+00
7.547000000000000000e+03 0.000000000000000000e+00
7.940000000000000000e+03 0.000000000000000000e+00
8.353000000000000000e+03 0.000000000000000000e+00
8.788000000000000000e+03 0.000000000000000000e+00
9.246000000000000000e+03 0.000000000000000000e+00
9.727000000000000000e+03 0.000000000000000000e+00
1.023000000000000000e+04 0.000000000000000000e+00
1.077000000000000000e+04 0.000000000000000000e+00
1.133000000000000000e+04 0.000000000000000000e+00
1.192000000000000000e+04 0.000000000000000000e+00
1.254000000000000000e+04 0.000000000000000000e+00
1.319000000000000000e+04 0.000000000000000000e+00
1.388000000000000000e+04 0.000000000000000000e+00
1.460000000000000000e+04 0.000000000000000000e+00
1.536000000000000000e+04 0.000000000000000000e+00
1.616000000000000000e+04 0.000000000000000000e+00
1.700000000000000000e+04 0.000000000000000000e+00
1.789000000000000000e+04 0.000000000000000000e+00
1.882000000000000000e+04 0.000000000000000000e+00
1.980000000000000000e+04 0.000000000000000000e+00
2.083000000000000000e+04 0.000000000000000000e+00
2.191000000000000000e+04 0.000000000000000000e+00
2.305000000000000000e+04 0.000000000000000000e+00
2.425000000000000000e+04 0.000000000000000000e+00
2.552000000000000000e+04 0.000000000000000000e+00
2.684000000000000000e+04 0.000000000000000000e+00
2.824000000000000000e+04 0.000000000000000000e+00
2.971000000000000000e+04 0.000000000000000000e+00
3.126000000000000000e+04 0.000000000000000000e+00
3.289000000000000000e+04 0.000000000000000000e+00
3.460000000000000000e+04 0.000000000000000000e+00
3.640000000000000000e+04 0.000000000000000000e+00
3.830000000000000000e+04 0.000000000000000000e+00
4.029000000000000000e+04 0.000000000000000000e+00
4.239000000000000000e+04 0.000000000000000000e+00
4.460000000000000000e+04 0.000000000000000000e+00
4.692000000000000000e+04 0.000000000000000000e+00
4.936000000000000000e+04 0.000000000000000000e+00
5.193000000000000000e+04 0.000000000000000000e+00
5.464000000000000000e+04 0.000000000000000000e+00
5.748000000000000000e+04 0.000000000000000000e+00
6.047000000000000000e+04 0.000000000000000000e+00
6.362000000000000000e+04 0.000000000000000000e+00
6.693000000000000000e+04 0.000000000000000000e+00
7.042000000000000000e+04 0.000000000000000000e+00
7.409000000000000000e+04 0.000000000000000000e+00
7.794000000000000000e+04 0.000000000000000000e+00
8.200000000000000000e+04 0.000000000000000000e+00
8.627000000000000000e+04 0.000000000000000000e+00
9.076000000000000000e+04 0.000000000000000000e+00
9.549000000000000000e+04 0.000000000000000000e+00
1.005000000000000000e+05 0.000000000000000000e+00
1.057000000000000000e+05 0.000000000000000000e+00
1.112000000000000000e+05 0.000000000000000000e+00
1.170000000000000000e+05 0.000000000000000000e+00
1.231000000000000000e+05 0.000000000000000000e+00
1.295000000000000000e+05 0.000000000000000000e+00
1.362000000000000000e+05 0.000000000000000000e+00
1.433000000000000000e+05 0.000000000000000000e+00
1.508000000000000000e+05 0.000000000000000000e+00
1.586000000000000000e+05 0.000000000000000000e+00
1.669000000000000000e+05 0.000000000000000000e+00
1.756000000000000000e+05 0.000000000000000000e+00
1.847000000000000000e+05 0.000000000000000000e+00
1.943000000000000000e+05 0.000000000000000000e+00
2.045000000000000000e+05 0.000000000000000000e+00
2.151000000000000000e+05 0.000000000000000000e+00
2.263000000000000000e+05 0.000000000000000000e+00
2.381000000000000000e+05 0.000000000000000000e+00
2.505000000000000000e+05 0.000000000000000000e+00
2.635000000000000000e+05 0.000000000000000000e+00
2.773000000000000000e+05 0.000000000000000000e+00
2.917000000000000000e+05 0.000000000000000000e+00
3.069000000000000000e+05 0.000000000000000000e+00
3.229000000000000000e+05 0.000000000000000000e+00
3.397000000000000000e+05 0.000000000000000000e+00
3.574000000000000000e+05 0.000000000000000000e+00
3.760000000000000000e+05 0.000000000000000000e+00
3.955000000000000000e+05 0.000000000000000000e+00
4.161000000000000000e+05 0.000000000000000000e+00
4.378000000000000000e+05 0.000000000000000000e+00
4.606000000000000000e+05 0.000000000000000000e+00
4.846000000000000000e+05 0.000000000000000000e+00
5.098000000000000000e+05 0.000000000000000000e+00
5.364000000000000000e+05 0.000000000000000000e+00
5.643000000000000000e+05 0.000000000000000000e+00
5.937000000000000000e+05 0.000000000000000000e+00
6.246000000000000000e+05 0.000000000000000000e+00
6.571000000000000000e+05 0.000000000000000000e+00
6.913000000000000000e+05 0.000000000000000000e+00
7.273000000000000000e+05 0.000000000000000000e+00
7.652000000000000000e+05 0.000000000000000000e+00
8.050000000000000000e+05 0.000000000000000000e+00
8.469000000000000000e+05 0.000000000000000000e+00
8.910000000000000000e+05 0.000000000000000000e+00
9.374000000000000000e+05 0.000000000000000000e+00
9.863000000000000000e+05 0.000000000000000000e+00
1.038000000000000000e+06 0.000000000000000000e+00
1.092000000000000000e+06 0.000000000000000000e+00
1.148000000000000000e+06 0.000000000000000000e+00
1.208000000000000000e+06 0.000000000000000000e+00
1.271000000000000000e+06 0.000000000000000000e+00
1.337000000000000000e+06 0.000000000000000000e+00
1.407000000000000000e+06 0.000000000000000000e+00
1.480000000000000000e+06 0.000000000000000000e+00
1.557000000000000000e+06 0.000000000000000000e+00
1.638000000000000000e+06 0.000000000000000000e+00
1.724000000000000000e+06 0.000000000000000000e+00
1.814000000000000000e+06 0.000000000000000000e+00
1.908000000000000000e+06 0.000000000000000000e+00
2.007000000000000000e+06 0.000000000000000000e+00
2.112000000000000000e+06 0.000000000000000000e+00
2.222000000000000000e+06 0.000000000000000000e+00
2.337000000000000000e+06 0.000000000000000000e+00
2.459000000000000000e+06 0.000000000000000000e+00
2.587000000000000000e+06 0.000000000000000000e+00
2.722000000000000000e+06 0.000000000000000000e+00
2.864000000000000000e+06 0.000000000000000000e+00
3.013000000000000000e+06 0.000000000000000000e+00
3.170000000000000000e+06 0.000000000000000000e+00
3.335000000000000000e+06 0.000000000000000000e+00
3.508000000000000000e+06 0.000000000000000000e+00
3.691000000000000000e+06 0.000000000000000000e+00
3.883000000000000000e+06 0.000000000000000000e+00
4.085000000000000000e+06 0.000000000000000000e+00
4.298000000000000000e+06 0.000000000000000000e+00
4.522000000000000000e+06 0.000000000000000000e+00
4.757000000000000000e+06 0.000000000000000000e+00
5.005000000000000000e+06 0.000000000000000000e+00
5.266000000000000000e+06 0.000000000000000000e+00
5.540000000000000000e+06 0.000000000000000000e+00
5.828000000000000000e+06 0.000000000000000000e+00
6.132000000000000000e+06 0.000000000000000000e+00
6.451000000000000000e+06 0.000000000000000000e+00
6.787000000000000000e+06 0.000000000000000000e+00
7.140000000000000000e+06 0.000000000000000000e+00
7.512000000000000000e+06 0.000000000000000000e+00
7.903000000000000000e+06 0.000000000000000000e+00
8.315000000000000000e+06 0.000000000000000000e+00
8.748000000000000000e+06 0.000000000000000000e+00
9.203000000000000000e+06 0.000000000000000000e+00
9.682000000000000000e+06 0.000000000000000000e+00
1.019000000000000000e+07 0.000000000000000000e+00
1.072000000000000000e+07 0.000000000000000000e+00
1.127000000000000000e+07 0.000000000000000000e+00
1.186000000000000000e+07 0.000000000000000000e+00
1.248000000000000000e+07 0.000000000000000000e+00
1.313000000000000000e+07 0.000000000000000000e+00
1.381000000000000000e+07 0.000000000000000000e+00
1.453000000000000000e+07 0.000000000000000000e+00
1.529000000000000000e+07 0.000000000000000000e+00
1.608000000000000000e+07 0.000000000000000000e+00
1.692000000000000000e+07 0.000000000000000000e+00
1.780000000000000000e+07 0.000000000000000000e+00
1.873000000000000000e+07 0.000000000000000000e+00
1.971000000000000000e+07 0.000000000000000000e+00
2.073000000000000000e+07 0.000000000000000000e+00
2.181000000000000000e+07 0.000000000000000000e+00
2.295000000000000000e+07 0.000000000000000000e+00
2.414000000000000000e+07 0.000000000000000000e+00
2.540000000000000000e+07 0.000000000000000000e+00
2.672000000000000000e+07 0.000000000000000000e+00
2.811000000000000000e+07 0.000000000000000000e+00
2.958000000000000000e+07 0.000000000000000000e+00
3.112000000000000000e+07 0.000000000000000000e+00
3.274000000000000000e+07 0.000000000000000000e+00
3.444000000000000000e+07 0.000000000000000000e+00
3.623000000000000000e+07 0.000000000000000000e+00
3.812000000000000000e+07 0.000000000000000000e+00
4.011000000000000000e+07 0.000000000000000000e+00
4.219000000000000000e+07 0.000000000000000000e+00
4.439000000000000000e+07 0.000000000000000000e+00
4.670000000000000000e+07 0.000000000000000000e+00
4.913000000000000000e+07 0.000000000000000000e+00
5.169000000000000000e+07 0.000000000000000000e+00
5.438000000000000000e+07 0.000000000000000000e+00
5.722000000000000000e+07 0.000000000000000000e+00
6.019000000000000000e+07 0.000000000000000000e+00
6.333000000000000000e+07 0.000000000000000000e+00
6.663000000000000000e+07 0.000000000000000000e+00
7.010000000000000000e+07 0.000000000000000000e+00
7.375000000000000000e+07 0.000000000000000000e+00
7.759000000000000000e+07 0.000000000000000000e+00
8.163000000000000000e+07 0.000000000000000000e+00
8.588000000000000000e+07 0.000000000000000000e+00
9.035000000000000000e+07 0.000000000000000000e+00
9.505000000000000000e+07 0.000000000000000000e+00
1.000000000000000000e+08 0.000000000000000000e+00
