1.000000000000000021e-03 1.975596632135666368e+03
1.051999999999999984e-03 1.943153323613419161e+03
1.106999999999999911e-03 1.920842999960661018e+03
1.163999999999999887e-03 1.884825781615401183e+03
1.224999999999999960e-03 1.855557764366689753e+03
1.288999999999999998e-03 1.815657788744468689e+03
1.356000000000000000e-03 1.778805995694322291e+03
1.427000000000000100e-03 1.738346615764740591e+03
1.500999999999999947e-03 1.693922877660387485e+03
1.579000000000000108e-03 1.652030704509538509e+03
1.661000000000000150e-03 1.601973780565367633e+03
1.747999999999999988e-03 1.557711261107663631e+03
1.839000000000000140e-03 1.504259019831535625e+03
1.935000000000000088e-03 1.457725380798492097e+03
2.034999999999999917e-03 1.403652394146110964e+03
2.141000000000000108e-03 1.354380682266657459e+03
2.252999999999999794e-03 1.299740730379229035e+03
2.370000000000000145e-03 1.249396853032106719e+03
2.492999999999999990e-03 1.196386678572918299e+03
2.623000000000000331e-03 1.145957722858211355e+03
2.759999999999999867e-03 1.094722390549227839e+03
2.903999999999999897e-03 1.045649654487391217e+03
3.054999999999999990e-03 9.973968596822164727e+02
3.213999999999999843e-03 9.505335579341870016e+02
3.380999999999999891e-03 9.060021948851110665e+02
3.556999999999999832e-03 8.626545020147532341e+02
3.742000000000000100e-03 8.216934561413602296e+02
3.936999999999999528e-03 7.825898184074860637e+02
4.142000000000000716e-03 7.459043660791335242e+02
4.357999999999999895e-03 7.115645628159727494e+02
4.585000000000000533e-03 6.791953324171695385e+02
4.824000000000000163e-03 6.496769821868612098e+02
5.074999999999999650e-03 6.221022250691509043e+02
5.338999999999999996e-03 5.971899914620306618e+02
5.616999999999999597e-03 5.743943274161712225e+02
5.908999999999999322e-03 5.542950114318263104e+02
6.217000000000000304e-03 5.356830790716469437e+02
6.540999999999999939e-03 5.200157501223126246e+02
6.880999999999999964e-03 5.053837125816236266e+02
7.239999999999999908e-03 4.936453087060995131e+02
7.617000000000000506e-03 4.824219832499322820e+02
8.012999999999999290e-03 4.741755987134174006e+02
8.429999999999999993e-03 4.662946369908054862e+02
8.868999999999998413e-03 4.608343949936340778e+02
9.330999999999999017e-03 4.557779428452319053e+02
9.816999999999999338e-03 4.523163550682217533e+02
1.032999999999999891e-02 4.498035722685055475e+02
1.086999999999999945e-02 4.481047103034181873e+02
1.143000000000000092e-02 4.471287399370859248e+02
1.203000000000000076e-02 4.470808679388925384e+02
1.264999999999999979e-02 4.474203715606032574e+02
1.330999999999999892e-02 4.483585317165658921e+02
1.400999999999999988e-02 4.497259354285226891e+02
1.473000000000000004e-02 4.512744538474541969e+02
1.549999999999999989e-02 4.531957318742324787e+02
1.631000000000000158e-02 4.550173576857683884e+02
1.715999999999999817e-02 4.573483635930319906e+02
1.805000000000000007e-02 4.594537244447157036e+02
1.898999999999999994e-02 4.616544302968418947e+02
1.997999999999999776e-02 4.637929399072630758e+02
2.101999999999999702e-02 4.658464646227432695e+02
2.212000000000000077e-02 4.679659115349532499e+02
2.326999999999999902e-02 4.696228209248530447e+02
2.447999999999999829e-02 4.712746600708792357e+02
2.574999999999999858e-02 4.727447540096717375e+02
2.708999999999999950e-02 4.738064149278412174e+02
2.850000000000000103e-02 4.749529694857818072e+02
2.998999999999999930e-02 4.754436681829468512e+02
3.155000000000000165e-02 4.760162608851803725e+02
3.318999999999999728e-02 4.758135402409340600e+02
3.491999999999999965e-02 4.757107999031971985e+02
3.673999999999999488e-02 4.748082753730433865e+02
3.864999999999999686e-02 4.739715250401866911e+02
4.066000000000000170e-02 4.722429204275462098e+02
4.277999999999999858e-02 4.708249311441852569e+02
4.500999999999999446e-02 4.683869650681240842e+02
4.734999999999999626e-02 4.660729088270110765e+02
4.982000000000000317e-02 4.628820353805999162e+02
5.240999999999999825e-02 4.598775427253802945e+02
5.513999999999999457e-02 4.561329231587224626e+02
5.800999999999999907e-02 4.522254372130258844e+02
6.102999999999999398e-02 4.479808672446613969e+02
6.421000000000000318e-02 4.433102065088192489e+02
6.755999999999999506e-02 4.384815725770533277e+02
7.106999999999999429e-02 4.331205856460338737e+02
7.477000000000000313e-02 4.277031735804972641e+02
7.867000000000000381e-02 4.216367681753233683e+02
8.276000000000000023e-02 4.156760892139523094e+02
8.707000000000000850e-02 4.089222219971324535e+02
9.160999999999999699e-02 4.024311594602498303e+02
9.637999999999999345e-02 3.951091134565688776e+02
1.014000000000000040e-01 3.880226654063970386e+02
1.067000000000000032e-01 3.802994389829763691e+02
1.122000000000000081e-01 3.727007036367859314e+02
1.180999999999999966e-01 3.645811892970482972e+02
1.242000000000000048e-01 3.565240917376125367e+02
1.307000000000000106e-01 3.482799946627696386e+02
1.375000000000000111e-01 3.398022035921388238e+02
1.446999999999999953e-01 3.314012920502470365e+02
1.522000000000000020e-01 3.227670554523746205e+02
1.600999999999999923e-01 3.142878313085333275e+02
1.683999999999999941e-01 3.055353562293982463e+02
1.771999999999999964e-01 2.968713549016309230e+02
1.864000000000000101e-01 2.880488388827509993e+02
1.960999999999999965e-01 2.793520123786569798e+02
2.064000000000000001e-01 2.704147470350339972e+02
2.170999999999999874e-01 2.616940226723477281e+02
2.283999999999999919e-01 2.528607502891175614e+02
2.403000000000000136e-01 2.440604714276004756e+02
2.528000000000000247e-01 2.353054276586257743e+02
2.660000000000000142e-01 2.265778567731371140e+02
2.798000000000000487e-01 2.179784935967915089e+02
2.943999999999999950e-01 2.094661332116152153e+02
3.096999999999999753e-01 2.011423814394719898e+02
3.259000000000000230e-01 1.929701512364271139e+02
3.427999999999999936e-01 1.850242077839667445e+02
3.606999999999999651e-01 1.772848081922749657e+02
3.795000000000000040e-01 1.697048049101800586e+02
3.991999999999999993e-01 1.624568686816506329e+02
4.200000000000000400e-01 1.553106370782694228e+02
4.419000000000000150e-01 1.484457566197659162e+02
4.649000000000000354e-01 1.417434329472475270e+02
4.891000000000000347e-01 1.353298746931443475e+02
5.144999999999999574e-01 1.290438473248049434e+02
5.413000000000000034e-01 1.230011710845488722e+02
5.695000000000000062e-01 1.170668992830773050e+02
5.992000000000000659e-01 1.113710439268347443e+02
6.304000000000000714e-01 1.058043708429896128e+02
6.632000000000000117e-01 1.004834418944699905e+02
6.976999999999999869e-01 9.536648944128259586e+01
7.340999999999999748e-01 9.049932622076235589e+01
7.722999999999999865e-01 8.594602186966361046e+01
8.125000000000000000e-01 8.165017488177099381e+01
8.548000000000000043e-01 7.773518380320379606e+01
8.992999999999999883e-01 7.402185800300523510e+01
9.460999999999999410e-01 7.070293945640248978e+01
9.954000000000000625e-01 6.754346858589747171e+01
1.046999999999999931e+00 6.476391493100005903e+01
1.101999999999999869e+00 6.206690301726021630e+01
1.159000000000000030e+00 5.972176704644509471e+01
1.219000000000000083e+00 5.747057585499759114e+01
1.283000000000000140e+00 5.541988035176146354e+01
1.350000000000000089e+00 5.344844366872808905e+01
1.419999999999999929e+00 5.159881045854304205e+01
1.493999999999999995e+00 4.982983946390497465e+01
1.572000000000000064e+00 4.809535414920731711e+01
1.654000000000000137e+00 4.650964559279855592e+01
1.739999999999999991e+00 4.500899450786593547e+01
1.830000000000000071e+00 4.371459413959192375e+01
1.925999999999999934e+00 4.262312517035068282e+01
2.025999999999999801e+00 4.174023863244210020e+01
2.131000000000000227e+00 4.115960572829071396e+01
2.241999999999999993e+00 4.069785601243335549e+01
2.358999999999999986e+00 4.055036692215365690e+01
2.481999999999999762e+00 4.046137357566171033e+01
2.611000000000000210e+00 4.061680512812630184e+01
2.746999999999999886e+00 4.079701612956716872e+01
2.890000000000000124e+00 4.110972325206341793e+01
3.040999999999999925e+00 4.144588798381371930e+01
3.198999999999999844e+00 4.178583072850184266e+01
3.366000000000000103e+00 4.209950746427605139e+01
3.540999999999999925e+00 4.226327935612903985e+01
3.725000000000000089e+00 4.238595363326328425e+01
3.918999999999999595e+00 4.230458692886750782e+01
4.123000000000000220e+00 4.221266561367775694e+01
4.338000000000000078e+00 4.205262905761176739e+01
4.564000000000000057e+00 4.194421912225828208e+01
4.801000000000000156e+00 4.200640799973009365e+01
5.051000000000000156e+00 4.216326775301061502e+01
5.314000000000000057e+00 4.259102663692630131e+01
5.590999999999999304e+00 4.309038518130154927e+01
5.881999999999999673e+00 4.374695848047563373e+01
6.187999999999999723e+00 4.445095926275342180e+01
6.511000000000000121e+00 4.506437715334708116e+01
6.850000000000000533e+00 4.570586925192851879e+01
7.205999999999999517e+00 4.607941095071726068e+01
7.581999999999999851e+00 4.643121740987763246e+01
7.976000000000000867e+00 4.654634196903897703e+01
8.391999999999999460e+00 4.652813339885989308e+01
8.829000000000000625e+00 4.644608439219832974e+01
9.288000000000000256e+00 4.618242007148544559e+01
9.772000000000000242e+00 4.597247200570430437e+01
1.027999999999999936e+01 4.559649296702936283e+01
1.082000000000000028e+01 4.521823443908540696e+01
1.137999999999999901e+01 4.474281953549829893e+01
1.196999999999999886e+01 4.412505997955159387e+01
1.259999999999999964e+01 4.349043309505074717e+01
1.325000000000000000e+01 4.262959980007308047e+01
1.393999999999999950e+01 4.172930106318424492e+01
1.466999999999999993e+01 4.060591893632242488e+01
1.542999999999999972e+01 3.938998733947791209e+01
1.623000000000000043e+01 3.802712731226436915e+01
1.708000000000000185e+01 3.645566882467604586e+01
1.796999999999999886e+01 3.482750114889888948e+01
1.889999999999999858e+01 3.296508375786850564e+01
1.989000000000000057e+01 3.107223154494150918e+01
2.092000000000000171e+01 2.891629155237042426e+01
2.200999999999999801e+01 2.679358213765228669e+01
2.316000000000000014e+01 2.438993897397362076e+01
2.437000000000000099e+01 2.205632777187422278e+01
2.562999999999999901e+01 1.957383834494839903e+01
2.697000000000000242e+01 1.714189126717782585e+01
2.837000000000000099e+01 1.473383813514394092e+01
2.985000000000000142e+01 1.240735308959372674e+01
3.139999999999999858e+01 1.027147993005567628e+01
3.303999999999999915e+01 8.285777032060636316e+00
3.475999999999999801e+01 6.564560491631851846e+00
3.657000000000000028e+01 5.097187313124337038e+00
3.846999999999999886e+01 3.864024158426282440e+00
4.048000000000000398e+01 2.907136088567412457e+00
4.259000000000000341e+01 2.124370342733094219e+00
4.479999999999999716e+01 1.567976818093345770e+00
4.714000000000000057e+01 1.125783457606983617e+00
4.959000000000000341e+01 8.182329695940318004e-01
5.217000000000000171e+01 5.836411492004440760e-01
5.489000000000000057e+01 4.156564350915958883e-01
5.775000000000000000e+01 2.895462925153209355e-01
6.075000000000000000e+01 1.976035172223831182e-01
6.392000000000000171e+01 1.297143421023894128e-01
6.723999999999999488e+01 8.175033741403869847e-02
7.075000000000000000e+01 5.001302347613489907e-02
7.442999999999999261e+01 2.877620752959320072e-02
7.829999999999999716e+01 1.675032332795745038e-02
8.237999999999999545e+01 9.078288314283311511e-03
8.667000000000000171e+01 5.161089084776721014e-03
9.117999999999999261e+01 2.701814231504381936e-03
9.593000000000000682e+01 1.454365671401149085e-03
1.009000000000000057e+02 6.795235805192555156e-04
1.062000000000000028e+02 3.335706101384311451e-04
1.116999999999999886e+02 1.514019276976016903e-04
1.175000000000000000e+02 6.757121539784386940e-05
1.236000000000000085e+02 2.941482109441355755e-05
1.300999999999999943e+02 1.192097525580190515e-05
1.369000000000000057e+02 4.732552257915418302e-06
1.440000000000000000e+02 1.655513776652309038e-06
1.515000000000000000e+02 5.905965863209729824e-07
1.593999999999999773e+02 1.893340799710450180e-07
1.676999999999999886e+02 6.023541570215823818e-08
1.764000000000000057e+02 1.688408055168680578e-08
1.855999999999999943e+02 4.281535673922116194e-09
1.952000000000000171e+02 1.131869818809267889e-09
2.054000000000000057e+02 2.433684168957753650e-10
2.160999999999999943e+02 5.890243357677254295e-11
2.273999999999999773e+02 9.066558767183074338e-12
2.391999999999999886e+02 2.238833484302954260e-12
2.516999999999999886e+02 3.041119055236539294e-13
2.647999999999999545e+02 7.247272118840136724e-14
2.785000000000000000e+02 1.041163685652041844e-14
2.930000000000000000e+02 1.215214742077020487e-15
3.083000000000000114e+02 1.937773346341383934e-16
3.244000000000000341e+02 1.473938325633422915e-17
3.411999999999999886e+02 2.567204720362486637e-18
3.590000000000000000e+02 7.139287337436459008e-20
3.776999999999999886e+02 1.312080812901638401e-20
3.973999999999999773e+02 2.883307758219075106e-22
4.181000000000000227e+02 5.738117339553520779e-23
4.398000000000000114e+02 4.675746870896991651e-25
4.626999999999999886e+02 1.021505514143734035e-25
4.868000000000000114e+02 3.359405276590778337e-28
5.122000000000000455e+02 7.703228139631089331e-29
5.387999999999999545e+02 1.767352260470511385e-31
5.668999999999999773e+02 4.151494844688115420e-32
5.964000000000000909e+02 2.806981656634820162e-33
6.275000000000000000e+02 6.470184945038824421e-36
6.601000000000000227e+02 8.601231259110165113e-37
6.945000000000000000e+02 3.672673856841496992e-40
7.307000000000000455e+02 6.402032771203856915e-41
7.687000000000000455e+02 7.109957010278520903e-45
8.087999999999999545e+02 1.501435698101669161e-45
8.508999999999999773e+02 3.571071388907341867e-50
8.952000000000000455e+02 8.814323718734183952e-51
9.417999999999999545e+02 4.017579377453847567e-56
9.908000000000000682e+02 1.055110839140576491e-56
1.042000000000000000e+03 1.098042802387847582e-62
1.097000000000000000e+03 2.804505926353684866e-63
1.154000000000000000e+03 3.473149872749642560e-70
1.214000000000000000e+03 1.150765287456633048e-70
1.277000000000000000e+03 4.333366346518834997e-78
1.344000000000000000e+03 9.975455955426740965e-79
1.414000000000000000e+03 9.353250794913902761e-80
1.487000000000000000e+03 7.127888654734206040e-88
1.565000000000000000e+03 1.047101252800485864e-88
1.646000000000000000e+03 4.718573416417029266e-98
1.732000000000000000e+03 1.062802460898634780e-98
1.822000000000000000e+03 2.002155920863207589e-109
1.917000000000000000e+03 6.139638996871984801e-110
2.017000000000000000e+03 3.781828041845037376e-122
2.122000000000000000e+03 1.143690029264204898e-122
2.232000000000000000e+03 3.439552567074349441e-136
2.348000000000000000e+03 9.582181492879259661e-137
2.470000000000000000e+03 0.000000000000000000e+00
2.599000000000000000e+03 1.770270192355009476e-152
2.734000000000000000e+03 0.000000000000000000e+00
2.877000000000000000e+03 6.290031386695285231e-170
3.027000000000000000e+03 2.568798980346503832e-171
3.184000000000000000e+03 0.000000000000000000e+00
3.350000000000000000e+03 2.226456376137168236e-190
3.524000000000000000e+03 0.000000000000000000e+00
3.708000000000000000e+03 6.066988600773355417e-212
3.901000000000000000e+03 0.000000000000000000e+00
4.104000000000000000e+03 4.190649948671153744e-236
4.318000000000000000e+03 0.000000000000000000e+00
4.543000000000000000e+03 3.753128243671379860e-263
4.779000000000000000e+03 0.000000000000000000e+00
5.028000000000000000e+03 3.404813308782249218e-293
5.290000000000000000e+03 0.000000000000000000e+00
5.565000000000000000e+03 0.000000000000000000e+00
5.855000000000000000e+03 0.000000000000000000e+00
6.160000000000000000e+03 0.000000000000000000e+00
6.481000000000000000e+03 0.000000000000000000e+00
6.818000000000000000e+03 0.000000000000000000e+00
7.173000000000000000e+03 0.000000000000000000e+00
7.547000000000000000e+03 0.000000000000000000e+00
7.940000000000000000e+03 0.000000000000000000e+00
8.353000000000000000e+03 0.000000000000000000e+00
8.788000000000000000e+03 0.000000000000000000e+00
9.246000000000000000e+03 0.000000000000000000e+00
9.727000000000000000e+03 0.000000000000000000e+00
1.023000000000000000e+04 0.000000000000000000e+00
1.077000000000000000e+04 0.000000000000000000e+00
1.133000000000000000e+04 0.000000000000000000e+00
1.192000000000000000e+04 0.000000000000000000e+00
1.254000000000000000e+04 0.000000000000000000e+00
1.319000000000000000e+04 0.000000000000000000e+00
1.388000000000000000e+04 0.000000000000000000e+00
1.460000000000000000e+04 0.000000000000000000e+00
1.536000000000000000e+04 0.000000000000000000e+00
1.616000000000000000e+04 0.000000000000000000e+00
1.700000000000000000e+04 0.000000000000000000e+00
1.789000000000000000e+04 0.000000000000000000e+00
1.882000000000000000e+04 0.000000000000000000e+00
1.980000000000000000e+04 0.000000000000000000e+00
2.083000000000000000e+04 0.000000000000000000e+00
2.191000000000000000e+04 0.000000000000000000e+00
2.305000000000000000e+04 0.000000000000000000e+00
2.425000000000000000e+04 0.000000000000000000e+00
2.552000000000000000e+04 0.000000000000000000e+00
2.684000000000000000e+04 0.000000000000000000e+00
2.824000000000000000e+04 0.000000000000000000e+00
2.971000000000000000e+04 0.000000000000000000e+00
3.126000000000000000e+04 0.000000000000000000e+00
3.289000000000000000e+04 0.000000000000000000e+00
3.460000000000000000e+04 0.000000000000000000e+00
3.640000000000000000e+04 0.000000000000000000e+00
3.830000000000000000e+04 0.000000000000000000e+00
4.029000000000000000e+04 0.000000000000000000e+00
4.239000000000000000e+04 0.000000000000000000e+00
4.460000000000000000e+04 0.000000000000000000e+00
4.692000000000000000e+04 0.000000000000000000e+00
4.936000000000000000e+04 0.000000000000000000e+00
5.193000000000000000e+04 0.000000000000000000e+00
5.464000000000000000e+04 0.000000000000000000e+00
5.748000000000000000e+04 0.000000000000000000e+00
6.047000000000000000e+04 0.000000000000000000e+00
6.362000000000000000e+04 0.000000000000000000e+00
6.693000000000000000e+04 0.000000000000000000e+00
7.042000000000000000e+04 0.000000000000000000e+00
7.409000000000000000e+04 0.000000000000000000e+00
7.794000000000000000e+04 0.000000000000000000e+00
8.200000000000000000e+04 0.000000000000000000e+00
8.627000000000000000e+04 0.000000000000000000e+00
9.076000000000000000e+04 0.000000000000000000e+00
9.549000000000000000e+04 0.000000000000000000e+00
1.005000000000000000e+05 0.000000000000000000e+00
1.057000000000000000e+05 0.000000000000000000e+00
1.112000000000000000e+05 0.000000000000000000e+00
1.170000000000000000e+05 0.000000000000000000e+00
1.231000000000000000e+05 0.000000000000000000e+00
1.295000000000000000e+05 0.000000000000000000e+00
1.362000000000000000e+05 0.000000000000000000e+00
1.433000000000000000e+05 0.000000000000000000e+00
1.508000000000000000e+05 0.000000000000000000e+00
1.586000000000000000e+05 0.000000000000000000e+00
1.669000000000000000e+05 0.000000000000000000e+00
1.756000000000000000e+05 0.000000000000000000e+00
1.847000000000000000e+05 0.000000000000000000e+00
1.943000000000000000e+05 0.000000000000000000e+00
2.045000000000000000e+05 0.000000000000000000e+00
2.151000000000000000e+05 0.000000000000000000e+00
2.263000000000000000e+05 0.000000000000000000e+00
2.381000000000000000e+05 0.000000000000000000e+00
2.505000000000000000e+05 0.000000000000000000e+00
2.635000000000000000e+05 0.000000000000000000e+00
2.773000000000000000e+05 0.000000000000000000e+00
2.917000000000000000e+05 0.000000000000000000e+00
3.069000000000000000e+05 0.000000000000000000e+00
3.229000000000000000e+05 0.000000000000000000e+00
3.397000000000000000e+05 0.000000000000000000e+00
3.574000000000000000e+05 0.000000000000000000e+00
3.760000000000000000e+05 0.000000000000000000e+00
3.955000000000000000e+05 0.000000000000000000e+00
4.161000000000000000e+05 0.000000000000000000e+00
4.378000000000000000e+05 0.000000000000000000e+00
4.606000000000000000e+05 0.000000000000000000e+00
4.846000000000000000e+05 0.000000000000000000e+00
5.098000000000000000e+05 0.000000000000000000e+00
5.364000000000000000e+05 0.000000000000000000e+00
5.643000000000000000e+05 0.000000000000000000e+00
5.937000000000000000e+05 0.000000000000000000e+00
6.246000000000000000e+05 0.000000000000000000e+00
6.571000000000000000e+05 0.000000000000000000e+00
6.913000000000000000e+05 0.000000000000000000e+00
7.273000000000000000e+05 0.000000000000000000e+00
7.652000000000000000e+05 0.000000000000000000e+00
8.050000000000000000e+05 0.000000000000000000e+00
8.469000000000000000e+05 0.000000000000000000e+00
8.910000000000000000e+05 0.000000000000000000e+00
9.374000000000000000e+05 0.000000000000000000e+00
9.863000000000000000e+05 0.000000000000000000e+00
1.038000000000000000e+06 0.000000000000000000e+00
1.092000000000000000e+06 0.000000000000000000e+00
1.148000000000000000e+06 0.000000000000000000e+00
1.208000000000000000e+06 0.000000000000000000e+00
1.271000000000000000e+06 0.000000000000000000e+00
1.337000000000000000e+06 0.000000000000000000e+00
1.407000000000000000e+06 0.000000000000000000e+00
1.480000000000000000e+06 0.000000000000000000e+00
1.557000000000000000e+06 0.000000000000000000e+00
1.638000000000000000e+06 0.000000000000000000e+00
1.724000000000000000e+06 0.000000000000000000e+00
1.814000000000000000e+06 0.000000000000000000e+00
1.908000000000000000e+06 0.000000000000000000e+00
2.007000000000000000e+06 0.000000000000000000e+00
2.112000000000000000e+06 0.000000000000000000e+00
2.222000000000000000e+06 0.000000000000000000e+00
2.337000000000000000e+06 0.000000000000000000e+00
2.459000000000000000e+06 0.000000000000000000e+00
2.587000000000000000e+06 0.000000000000000000e+00
2.722000000000000000e+06 0.000000000000000000e+00
2.864000000000000000e+06 0.000000000000000000e+00
3.013000000000000000e+06 0.000000000000000000e+00
3.170000000000000000e+06 0.000000000000000000e+00
3.335000000000000000e+06 0.000000000000000000e+00
3.508000000000000000e+06 0.000000000000000000e+00
3.691000000000000000e+06 0.000000000000000000e+00
3.883000000000000000e+06 0.000000000000000000e+00
4.085000000000000000e+06 0.000000000000000000e+00
4.298000000000000000e+06 0.000000000000000000e+00
4.522000000000000000e+06 0.000000000000000000e+00
4.757000000000000000e+06 0.000000000000000000e+00
5.005000000000000000e+06 0.000000000000000000e+00
5.266000000000000000e+06 0.000000000000000000e+00
5.540000000000000000e+06 0.000000000000000000e+00
5.828000000000000000e+06 0.000000000000000000e+00
6.132000000000000000e+06 0.000000000000000000e+00
6.451000000000000000e+06 0.000000000000000000e+00
6.787000000000000000e+06 0.000000000000000000e+00
7.140000000000000000e+06 0.000000000000000000e+00
7.512000000000000000e+06 0.000000000000000000e+00
7.903000000000000000e+06 0.000000000000000000e+00
8.315000000000000000e+06 0.000000000000000000e+00
8.748000000000000000e+06 0.000000000000000000e+00
9.203000000000000000e+06 0.000000000000000000e+00
9.682000000000000000e+06 0.000000000000000000e+00
1.019000000000000000e+07 0.000000000000000000e+00
1.072000000000000000e+07 0.000000000000000000e+00
1.127000000000000000e+07 0.000000000000000000e+00
1.186000000000000000e+07 0.000000000000000000e+00
1.248000000000000000e+07 0.000000000000000000e+00
1.313000000000000000e+07 0.000000000000000000e+00
1.381000000000000000e+07 0.000000000000000000e+00
1.453000000000000000e+07 0.000000000000000000e+00
1.529000000000000000e+07 0.000000000000000000e+00
1.608000000000000000e+07 0.000000000000000000e+00
1.692000000000000000e+07 0.000000000000000000e+00
1.780000000000000000e+07 0.000000000000000000e+00
1.873000000000000000e+07 0.000000000000000000e+00
1.971000000000000000e+07 0.000000000000000000e+00
2.073000000000000000e+07 0.000000000000000000e+00
2.181000000000000000e+07 0.000000000000000000e+00
2.295000000000000000e+07 0.000000000000000000e+00
2.414000000000000000e+07 0.000000000000000000e+00
2.540000000000000000e+07 0.000000000000000000e+00
2.672000000000000000e+07 0.000000000000000000e+00
2.811000000000000000e+07 0.000000000000000000e+00
2.958000000000000000e+07 0.000000000000000000e+00
3.112000000000000000e+07 0.000000000000000000e+00
3.274000000000000000e+07 0.000000000000000000e+00
3.444000000000000000e+07 0.000000000000000000e+00
3.623000000000000000e+07 0.000000000000000000e+00
3.812000000000000000e+07 0.000000000000000000e+00
4.011000000000000000e+07 0.000000000000000000e+00
4.219000000000000000e+07 0.000000000000000000e+00
4.439000000000000000e+07 0.000000000000000000e+00
4.670000000000000000e+07 0.000000000000000000e+00
4.913000000000000000e+07 0.000000000000000000e+00
5.169000000000000000e+07 0.000000000000000000e+00
5.438000000000000000e+07 0.000000000000000000e+00
5.722000000000000000e+07 0.000000000000000000e+00
6.019000000000000000e+07 0.000000000000000000e+00
6.333000000000000000e+07 0.000000000000000000e+00
6.663000000000000000e+07 0.000000000000000000e+00
7.010000000000000000e+07 0.000000000000000000e+00
7.375000000000000000e+07 0.000000000000000000e+00
7.759000000000000000e+07 0.000000000000000000e+00
8.163000000000000000e+07 0.000000000000000000e+00
8.588000000000000000e+07 0.000000000000000000e+00
9.035000000000000000e+07 0.000000000000000000e+00
9.505000000000000000e+07 0.000000000000000000e+00
1.000000000000000000e+08 0.000000000000000000e+00
