1.000000000000000021e-03 3.175070293005691383e+03
1.051999999999999984e-03 3.161096301695718012e+03
1.106999999999999911e-03 3.231018925869350824e+03
1.163999999999999887e-03 3.189021393892536253e+03
1.224999999999999960e-03 3.249980693772145059e+03
1.288999999999999998e-03 3.206830882911854133e+03
1.356000000000000000e-03 3.237304509856389359e+03
1.427000000000000100e-03 3.222084571350733313e+03
1.500999999999999947e-03 3.214163098016282675e+03
1.579000000000000108e-03 3.202025685430577141e+03
1.661000000000000150e-03 3.172553611122542861e+03
1.747999999999999988e-03 3.155589232853688372e+03
1.839000000000000140e-03 3.120454925458118851e+03
1.935000000000000088e-03 3.080085763490990303e+03
2.034999999999999917e-03 3.043849187782994250e+03
2.141000000000000108e-03 2.986321341320317060e+03
2.252999999999999794e-03 2.932164257466044546e+03
2.370000000000000145e-03 2.864506654225283455e+03
2.492999999999999990e-03 2.793953173226877880e+03
2.623000000000000331e-03 2.732282376221901814e+03
2.759999999999999867e-03 2.642957409102288239e+03
2.903999999999999897e-03 2.571502140655563835e+03
3.054999999999999990e-03 2.470280645472184915e+03
3.213999999999999843e-03 2.401576533820179975e+03
3.380999999999999891e-03 2.288707352889061895e+03
3.556999999999999832e-03 2.217514523427391850e+03
3.742000000000000100e-03 2.094174044940198655e+03
3.936999999999999528e-03 2.028861044418586971e+03
4.142000000000000716e-03 1.907036715403776270e+03
4.357999999999999895e-03 1.834040227337477063e+03
4.585000000000000533e-03 1.728580187780709821e+03
4.824000000000000163e-03 1.644094976697150287e+03
5.074999999999999650e-03 1.550911634755627574e+03
5.338999999999999996e-03 1.463754160510919519e+03
5.616999999999999597e-03 1.383857084574579630e+03
5.908999999999999322e-03 1.301722822945444705e+03
6.217000000000000304e-03 1.232650347532748583e+03
6.540999999999999939e-03 1.158696709529509462e+03
6.880999999999999964e-03 1.097126914370952818e+03
7.239999999999999908e-03 1.031797554663927031e+03
7.617000000000000506e-03 9.817947823668808951e+02
8.012999999999999290e-03 9.251180852413880302e+02
8.429999999999999993e-03 8.822756135124930097e+02
8.868999999999998413e-03 8.382251139739946666e+02
9.330999999999999017e-03 8.018337740168921073e+02
9.816999999999999338e-03 7.676235417779478212e+02
1.032999999999999891e-02 7.384818359806386070e+02
1.086999999999999945e-02 7.157008280154809654e+02
1.143000000000000092e-02 6.901849632002800945e+02
1.203000000000000076e-02 6.768668083618244964e+02
1.264999999999999979e-02 6.569493723995418577e+02
1.330999999999999892e-02 6.477640848896855914e+02
1.400999999999999988e-02 6.354482244627997716e+02
1.473000000000000004e-02 6.302681080879798401e+02
1.549999999999999989e-02 6.239212859293074871e+02
1.631000000000000158e-02 6.212986101710165485e+02
1.715999999999999817e-02 6.182747969075799119e+02
1.805000000000000007e-02 6.190238910289751857e+02
1.898999999999999994e-02 6.188705484650586186e+02
1.997999999999999776e-02 6.215539955759071518e+02
2.101999999999999702e-02 6.235462593593877045e+02
2.212000000000000077e-02 6.267355254187623359e+02
2.326999999999999902e-02 6.322488348964230909e+02
2.447999999999999829e-02 6.350506335116774608e+02
2.574999999999999858e-02 6.423579006172233221e+02
2.708999999999999950e-02 6.453288886053763918e+02
2.850000000000000103e-02 6.537792643884838526e+02
2.998999999999999930e-02 6.571664692373457228e+02
3.155000000000000165e-02 6.649505507801181921e+02
3.318999999999999728e-02 6.693034298307455856e+02
3.491999999999999965e-02 6.760407397473220499e+02
3.673999999999999488e-02 6.798199503337032183e+02
3.864999999999999686e-02 6.866577793879209821e+02
4.066000000000000170e-02 6.903669400692742784e+02
4.277999999999999858e-02 6.963060261786860110e+02
4.500999999999999446e-02 6.995605519886905768e+02
4.734999999999999626e-02 7.035617632530097580e+02
4.982000000000000317e-02 7.066717123524717863e+02
5.240999999999999825e-02 7.089389664290968085e+02
5.513999999999999457e-02 7.112226505747416923e+02
5.800999999999999907e-02 7.130899865909130995e+02
6.102999999999999398e-02 7.135098643944781998e+02
6.421000000000000318e-02 7.150296038988126384e+02
6.755999999999999506e-02 7.141287848545766792e+02
7.106999999999999429e-02 7.144819393285438309e+02
7.477000000000000313e-02 7.120221955925424027e+02
7.867000000000000381e-02 7.110182306792127065e+02
8.276000000000000023e-02 7.082160301032663483e+02
8.707000000000000850e-02 7.045886025763279576e+02
9.160999999999999699e-02 7.017294922432199655e+02
9.637999999999999345e-02 6.970392557073184889e+02
1.014000000000000040e-01 6.924267731081225747e+02
1.067000000000000032e-01 6.866954543227273007e+02
1.122000000000000081e-01 6.803562309726899002e+02
1.180999999999999966e-01 6.737005307424165039e+02
1.242000000000000048e-01 6.664973551166290235e+02
1.307000000000000106e-01 6.582798410179864277e+02
1.375000000000000111e-01 6.505661797835575726e+02
1.446999999999999953e-01 6.409486668679693366e+02
1.522000000000000020e-01 6.323080303651233862e+02
1.600999999999999923e-01 6.212867120502460239e+02
1.683999999999999941e-01 6.120471896754143017e+02
1.771999999999999964e-01 6.004518080216764702e+02
1.864000000000000101e-01 5.897256685787667720e+02
1.960999999999999965e-01 5.779862643053156717e+02
2.064000000000000001e-01 5.658774846852677456e+02
2.170999999999999874e-01 5.538555415189016458e+02
2.283999999999999919e-01 5.413116254980925532e+02
2.403000000000000136e-01 5.287621224249475063e+02
2.528000000000000247e-01 5.152946752095413103e+02
2.660000000000000142e-01 5.021274846976615436e+02
2.798000000000000487e-01 4.882901631682502170e+02
2.943999999999999950e-01 4.753229639121636865e+02
3.096999999999999753e-01 4.603969177439133773e+02
3.259000000000000230e-01 4.476883162373786718e+02
3.427999999999999936e-01 4.327612664881116871e+02
3.606999999999999651e-01 4.196590959562274747e+02
3.795000000000000040e-01 4.046743869083121581e+02
3.991999999999999993e-01 3.914318753615149262e+02
4.200000000000000400e-01 3.768942141617118295e+02
4.419000000000000150e-01 3.635298038226762287e+02
4.649000000000000354e-01 3.495311350424327088e+02
4.891000000000000347e-01 3.360858609689696550e+02
5.144999999999999574e-01 3.226376142681148167e+02
5.413000000000000034e-01 3.094146542624129097e+02
5.695000000000000062e-01 2.965745199723473320e+02
5.992000000000000659e-01 2.836030189467614377e+02
6.304000000000000714e-01 2.713032937807951726e+02
6.632000000000000117e-01 2.587373475447251394e+02
6.976999999999999869e-01 2.471023531367293344e+02
7.340999999999999748e-01 2.352832423034438420e+02
7.722999999999999865e-01 2.240046494395841137e+02
8.125000000000000000e-01 2.130919439099089345e+02
8.548000000000000043e-01 2.024770781302962064e+02
8.992999999999999883e-01 1.923296448096427014e+02
9.460999999999999410e-01 1.824715628594161672e+02
9.954000000000000625e-01 1.730807911007653388e+02
1.046999999999999931e+00 1.638782304931204408e+02
1.101999999999999869e+00 1.552681127424854708e+02
1.159000000000000030e+00 1.470104778019776290e+02
1.219000000000000083e+00 1.390722417148244574e+02
1.283000000000000140e+00 1.317209103128983259e+02
1.350000000000000089e+00 1.246139830411168248e+02
1.419999999999999929e+00 1.180717570098940996e+02
1.493999999999999995e+00 1.117001125143357712e+02
1.572000000000000064e+00 1.059307887587997499e+02
1.654000000000000137e+00 1.002027196171587349e+02
1.739999999999999991e+00 9.522425288497662166e+01
1.830000000000000071e+00 9.019596149890250558e+01
1.925999999999999934e+00 8.596525258594000718e+01
2.025999999999999801e+00 8.174260133089708802e+01
2.131000000000000227e+00 7.820020376862917999e+01
2.241999999999999993e+00 7.466271198758070682e+01
2.358999999999999986e+00 7.172935821944051327e+01
2.481999999999999762e+00 6.877941033909399948e+01
2.611000000000000210e+00 6.628294674164547473e+01
2.746999999999999886e+00 6.396335077195355723e+01
2.890000000000000124e+00 6.189849067959197271e+01
3.040999999999999925e+00 6.021660887948129925e+01
3.198999999999999844e+00 5.867422092800891420e+01
3.366000000000000103e+00 5.749933546852268762e+01
3.540999999999999925e+00 5.642710445748426196e+01
3.725000000000000089e+00 5.561218340223401668e+01
3.918999999999999595e+00 5.482992695936276561e+01
4.123000000000000220e+00 5.427205491952562255e+01
4.338000000000000078e+00 5.382337621465165967e+01
4.564000000000000057e+00 5.356811363043495078e+01
4.801000000000000156e+00 5.353967835693541844e+01
5.051000000000000156e+00 5.369715365941115692e+01
5.314000000000000057e+00 5.404798728674598607e+01
5.590999999999999304e+00 5.454160335765703138e+01
5.881999999999999673e+00 5.508311569452155254e+01
6.187999999999999723e+00 5.570955398463490127e+01
6.511000000000000121e+00 5.626992138614136252e+01
6.850000000000000533e+00 5.690244308062595024e+01
7.205999999999999517e+00 5.746287368714714461e+01
7.581999999999999851e+00 5.808532893446773215e+01
7.976000000000000867e+00 5.880431249258296589e+01
8.391999999999999460e+00 5.949064874211514820e+01
8.829000000000000625e+00 6.040612442466566279e+01
9.288000000000000256e+00 6.123603965338885757e+01
9.772000000000000242e+00 6.225338714318033340e+01
1.027999999999999936e+01 6.327595419902472429e+01
1.082000000000000028e+01 6.434545634507431089e+01
1.137999999999999901e+01 6.550807777039308633e+01
1.196999999999999886e+01 6.654249699855436972e+01
1.259999999999999964e+01 6.778878831055020271e+01
1.325000000000000000e+01 6.883315319855539371e+01
1.393999999999999950e+01 7.006586293098850149e+01
1.466999999999999993e+01 7.123651047609152442e+01
1.542999999999999972e+01 7.243708928424189253e+01
1.623000000000000043e+01 7.368500589740824580e+01
1.708000000000000185e+01 7.489648980944207324e+01
1.796999999999999886e+01 7.619404875510737440e+01
1.889999999999999858e+01 7.732916699260891846e+01
1.989000000000000057e+01 7.858226905241770055e+01
2.092000000000000171e+01 7.949062498231435825e+01
2.200999999999999801e+01 8.045566793267674655e+01
2.316000000000000014e+01 8.082890404156415798e+01
2.437000000000000099e+01 8.102799145879605192e+01
2.562999999999999901e+01 8.033421405063361931e+01
2.697000000000000242e+01 7.890347704805364515e+01
2.837000000000000099e+01 7.650317175211458220e+01
2.985000000000000142e+01 7.257183798836781818e+01
3.139999999999999858e+01 6.798061437784009797e+01
3.303999999999999915e+01 6.139179966160624247e+01
3.475999999999999801e+01 5.463567228091595496e+01
3.657000000000000028e+01 4.676812722902160147e+01
3.846999999999999886e+01 3.885615900688513591e+01
4.048000000000000398e+01 3.173986267020345409e+01
4.259000000000000341e+01 2.453654920003504358e+01
4.479999999999999716e+01 1.929116875219344962e+01
4.714000000000000057e+01 1.418176118663073559e+01
4.959000000000000341e+01 1.071187932687162814e+01
5.217000000000000171e+01 7.730558775565665286e+00
5.489000000000000057e+01 5.670814266311080765e+00
5.775000000000000000e+01 4.177011728763492471e+00
6.075000000000000000e+01 3.031517673503319799e+00
6.392000000000000171e+01 2.252581114348565450e+00
6.723999999999999488e+01 1.583744193354826413e+00
7.075000000000000000e+01 1.118967807836438233e+00
7.442999999999999261e+01 7.021699763658709736e-01
7.829999999999999716e+01 4.672699775942801836e-01
8.237999999999999545e+01 2.422056477186024792e-01
8.667000000000000171e+01 1.612737783618559406e-01
9.117999999999999261e+01 7.823398377623440314e-02
9.593000000000000682e+01 5.174857620930571611e-02
1.009000000000000057e+02 2.662672977233435795e-02
1.062000000000000028e+02 1.561110339118874750e-02
1.116999999999999886e+02 7.467724564445888703e-03
1.175000000000000000e+02 3.672407397629225047e-03
1.236000000000000085e+02 1.740942456636091666e-03
1.300999999999999943e+02 6.882408912090389776e-04
1.369000000000000057e+02 3.399798179265832530e-04
1.440000000000000000e+02 1.182013675135465614e-04
1.515000000000000000e+02 5.825569243954824256e-05
1.593999999999999773e+02 1.398965951486838619e-05
1.676999999999999886e+02 7.213634784581020376e-06
1.764000000000000057e+02 1.415169375229289273e-06
1.855999999999999943e+02 7.505518715325897185e-07
1.952000000000000171e+02 1.001237403247278550e-07
2.054000000000000057e+02 5.499279945870302986e-08
2.160999999999999943e+02 8.528830199427814630e-09
2.273999999999999773e+02 2.803760976580348149e-09
2.391999999999999886e+02 6.441340612243762192e-10
2.516999999999999886e+02 1.140958707663986374e-10
2.647999999999999545e+02 3.201087128687463089e-11
2.785000000000000000e+02 2.450561907557932189e-12
2.930000000000000000e+02 8.429871792105573355e-13
3.083000000000000114e+02 4.267245428297409026e-14
3.244000000000000341e+02 1.654255861958145387e-14
3.411999999999999886e+02 3.251239048596247486e-16
3.590000000000000000e+02 1.415568338997440223e-16
3.776999999999999886e+02 2.075730273231004871e-18
3.973999999999999773e+02 9.818575291461310100e-19
4.181000000000000227e+02 5.047417948139879145e-21
4.398000000000000114e+02 2.577039627929830571e-21
4.626999999999999886e+02 8.733718110671979584e-24
4.868000000000000114e+02 4.712657917376387229e-24
5.122000000000000455e+02 5.479058133845068601e-25
5.387999999999999545e+02 3.122084006171740216e-27
5.668999999999999773e+02 6.579139126986068375e-28
5.964000000000000909e+02 1.195493359801110927e-30
6.275000000000000000e+02 3.421607696432905486e-31
6.601000000000000227e+02 1.477888735907629190e-34
6.945000000000000000e+02 5.171374551386556329e-35
7.307000000000000455e+02 6.273684005080196787e-39
7.687000000000000455e+02 2.530581043646385143e-39
8.087999999999999545e+02 9.520425778595025350e-44
8.508999999999999773e+02 4.263207753790616366e-44
8.952000000000000455e+02 3.981449622246626859e-49
9.417999999999999545e+02 1.938465988878331704e-49
9.908000000000000682e+02 3.786456040966950942e-55
1.042000000000000000e+03 1.986415927668505263e-55
1.097000000000000000e+03 7.842567974517040590e-57
1.154000000000000000e+03 3.836402633533344604e-62
1.214000000000000000e+03 5.862005237891043182e-63
1.277000000000000000e+03 1.373765537125894165e-69
1.344000000000000000e+03 3.242206780185062116e-70
1.414000000000000000e+03 7.205598020006031494e-78
1.487000000000000000e+03 2.267531888460581117e-78
1.565000000000000000e+03 3.396932296504394310e-87
1.646000000000000000e+03 1.265713040503386699e-87
1.732000000000000000e+03 1.481329689186325873e-97
1.822000000000000000e+03 6.239654556036342195e-98
1.917000000000000000e+03 4.353472430976334345e-109
2.017000000000000000e+03 2.012326199178678615e-109
2.122000000000000000e+03 5.886008940688925373e-122
2.232000000000000000e+03 2.955721930288799523e-122
2.348000000000000000e+03 3.167440772827140853e-136
2.470000000000000000e+03 1.695004928796398446e-136
2.599000000000000000e+03 1.529012831563377219e-137
2.734000000000000000e+03 1.690128311117717292e-152
2.877000000000000000e+03 3.178070157084030878e-153
3.027000000000000000e+03 2.757386667818264320e-170
3.184000000000000000e+03 7.483373194058257711e-171
3.350000000000000000e+03 4.471489856349754556e-190
3.524000000000000000e+03 1.510800028203836722e-190
3.708000000000000000e+03 3.384875962480787066e-212
3.901000000000000000e+03 1.326310414061352337e-212
4.104000000000000000e+03 8.218183396586479933e-237
4.318000000000000000e+03 3.602895899860759878e-237
4.543000000000000000e+03 2.524385264362823433e-264
4.779000000000000000e+03 1.212761605196981957e-264
5.028000000000000000e+03 6.917090226258649937e-295
5.290000000000000000e+03 3.560756809776734299e-295
5.565000000000000000e+03 5.459907754862833541e-297
5.855000000000000000e+03 0.000000000000000000e+00
6.160000000000000000e+03 0.000000000000000000e+00
6.481000000000000000e+03 0.000000000000000000e+00
6.818000000000000000e+03 0.000000000000000000e+00
7.173000000000000000e+03 0.000000000000000000e+00
7.547000000000000000e+03 0.000000000000000000e+00
7.940000000000000000e+03 0.000000000000000000e+00
8.353000000000000000e+03 0.000000000000000000e+00
8.788000000000000000e+03 0.000000000000000000e+00
9.246000000000000000e+03 0.000000000000000000e+00
9.727000000000000000e+03 0.000000000000000000e+00
1.023000000000000000e+04 0.000000000000000000e+00
1.077000000000000000e+04 0.000000000000000000e+00
1.133000000000000000e+04 0.000000000000000000e+00
1.192000000000000000e+04 0.000000000000000000e+00
1.254000000000000000e+04 0.000000000000000000e+00
1.319000000000000000e+04 0.000000000000000000e+00
1.388000000000000000e+04 0.000000000000000000e+00
1.460000000000000000e+04 0.000000000000000000e+00
1.536000000000000000e+04 0.000000000000000000e+00
1.616000000000000000e+04 0.000000000000000000e+00
1.700000000000000000e+04 0.000000000000000000e+00
1.789000000000000000e+04 0.000000000000000000e+00
1.882000000000000000e+04 0.000000000000000000e+00
1.980000000000000000e+04 0.000000000000000000e+00
2.083000000000000000e+04 0.000000000000000000e+00
2.191000000000000000e+04 0.000000000000000000e+00
2.305000000000000000e+04 0.000000000000000000e+00
2.425000000000000000e+04 0.000000000000000000e+00
2.552000000000000000e+04 0.000000000000000000e+00
2.684000000000000000e+04 0.000000000000000000e+00
2.824000000000000000e+04 0.000000000000000000e+00
2.971000000000000000e+04 0.000000000000000000e+00
3.126000000000000000e+04 0.000000000000000000e+00
3.289000000000000000e+04 0.000000000000000000e+00
3.460000000000000000e+04 0.000000000000000000e+00
3.640000000000000000e+04 0.000000000000000000e+00
3.830000000000000000e+04 0.000000000000000000e+00
4.029000000000000000e+04 0.000000000000000000e+00
4.239000000000000000e+04 0.000000000000000000e+00
4.460000000000000000e+04 0.000000000000000000e+00
4.692000000000000000e+04 0.000000000000000000e+00
4.936000000000000000e+04 0.000000000000000000e+00
5.193000000000000000e+04 0.000000000000000000e+00
5.464000000000000000e+04 0.000000000000000000e+00
5.748000000000000000e+04 0.000000000000000000e+00
6.047000000000000000e+04 0.000000000000000000e+00
6.362000000000000000e+04 0.000000000000000000e+00
6.693000000000000000e+04 0.000000000000000000e+00
7.042000000000000000e+04 0.000000000000000000e+00
7.409000000000000000e+04 0.000000000000000000e+00
7.794000000000000000e+04 0.000000000000000000e+00
8.200000000000000000e+04 0.000000000000000000e+00
8.627000000000000000e+04 0.000000000000000000e+00
9.076000000000000000e+04 0.000000000000000000e+00
9.549000000000000000e+04 0.000000000000000000e+00
1.005000000000000000e+05 0.000000000000000000e+00
1.057000000000000000e+05 0.000000000000000000e+00
1.112000000000000000e+05 0.000000000000000000e+00
1.170000000000000000e+05 0.000000000000000000e+00
1.231000000000000000e+05 0.000000000000000000e+00
1.295000000000000000e+05 0.000000000000000000e+00
1.362000000000000000e+05 0.000000000000000000e+00
1.433000000000000000e+05 0.000000000000000000e+00
1.508000000000000000e+05 0.000000000000000000e+00
1.586000000000000000e+05 0.000000000000000000e+00
1.669000000000000000e+05 0.000000000000000000e+00
1.756000000000000000e+05 0.000000000000000000e+00
1.847000000000000000e+05 0.000000000000000000e+00
1.943000000000000000e+05 0.000000000000000000e+00
2.045000000000000000e+05 0.000000000000000000e+00
2.151000000000000000e+05 0.000000000000000000e+00
2.263000000000000000e+05 0.000000000000000000e+00
2.381000000000000000e+05 0.000000000000000000e+00
2.505000000000000000e+05 0.000000000000000000e+00
2.635000000000000000e+05 0.000000000000000000e+00
2.773000000000000000e+05 0.000000000000000000e+00
2.917000000000000000e+05 0.000000000000000000e+00
3.069000000000000000e+05 0.000000000000000000e+00
3.229000000000000000e+05 0.000000000000000000e+00
3.397000000000000000e+05 0.000000000000000000e+00
3.574000000000000000e+05 0.000000000000000000e+00
3.760000000000000000e+05 0.000000000000000000e+00
3.955000000000000000e+05 0.000000000000000000e+00
4.161000000000000000e+05 0.000000000000000000e+00
4.378000000000000000e+05 0.000000000000000000e+00
4.606000000000000000e+05 0.000000000000000000e+00
4.846000000000000000e+05 0.000000000000000000e+00
5.098000000000000000e+05 0.000000000000000000e+00
5.364000000000000000e+05 0.000000000000000000e+00
5.643000000000000000e+05 0.000000000000000000e+00
5.937000000000000000e+05 0.000000000000000000e+00
6.246000000000000000e+05 0.000000000000000000e+00
6.571000000000000000e+05 0.000000000000000000e+00
6.913000000000000000e+05 0.000000000000000000e+00
7.273000000000000000e+05 0.000000000000000000e+00
7.652000000000000000e+05 0.000000000000000000e+00
8.050000000000000000e+05 0.000000000000000000e+00
8.469000000000000000e+05 0.000000000000000000e+00
8.910000000000000000e+05 0.000000000000000000e+00
9.374000000000000000e+05 0.000000000000000000e+00
9.863000000000000000e+05 0.000000000000000000e+00
1.038000000000000000e+06 0.000000000000000000e+00
1.092000000000000000e+06 0.000000000000000000e+00
1.148000000000000000e+06 0.000000000000000000e+00
1.208000000000000000e+06 0.000000000000000000e+00
1.271000000000000000e+06 0.000000000000000000e+00
1.337000000000000000e+06 0.000000000000000000e+00
1.407000000000000000e+06 0.000000000000000000e+00
1.480000000000000000e+06 0.000000000000000000e+00
1.557000000000000000e+06 0.000000000000000000e+00
1.638000000000000000e+06 0.000000000000000000e+00
1.724000000000000000e+06 0.000000000000000000e+00
1.814000000000000000e+06 0.000000000000000000e+00
1.908000000000000000e+06 0.000000000000000000e+00
2.007000000000000000e+06 0.000000000000000000e+00
2.112000000000000000e+06 0.000000000000000000e+00
2.222000000000000000e+06 0.000000000000000000e+00
2.337000000000000000e+06 0.000000000000000000e+00
2.459000000000000000e+06 0.000000000000000000e+00
2.587000000000000000e+06 0.000000000000000000e+00
2.722000000000000000e+06 0.000000000000000000e+00
2.864000000000000000e+06 0.000000000000000000e+00
3.013000000000000000e+06 0.000000000000000000e+00
3.170000000000000000e+06 0.000000000000000000e+00
3.335000000000000000e+06 0.000000000000000000e+00
3.508000000000000000e+06 0.000000000000000000e+00
3.691000000000000000e+06 0.000000000000000000e+00
3.883000000000000000e+06 0.000000000000000000e+00
4.085000000000000000e+06 0.000000000000000000e+00
4.298000000000000000e+06 0.000000000000000000e+00
4.522000000000000000e+06 0.000000000000000000e+00
4.757000000000000000e+06 0.000000000000000000e+00
5.005000000000000000e+06 0.000000000000000000e+00
5.266000000000000000e+06 0.000000000000000000e+00
5.540000000000000000e+06 0.000000000000000000e+00
5.828000000000000000e+06 0.000000000000000000e+00
6.132000000000000000e+06 0.000000000000000000e+00
6.451000000000000000e+06 0.000000000000000000e+00
6.787000000000000000e+06 0.000000000000000000e+00
7.140000000000000000e+06 0.000000000000000000e+00
7.512000000000000000e+06 0.000000000000000000e+00
7.903000000000000000e+06 0.000000000000000000e+00
8.315000000000000000e+06 0.000000000000000000e+00
8.748000000000000000e+06 0.000000000000000000e+00
9.203000000000000000e+06 0.000000000000000000e+00
9.682000000000000000e+06 0.000000000000000000e+00
1.019000000000000000e+07 0.000000000000000000e+00
1.072000000000000000e+07 0.000000000000000000e+00
1.127000000000000000e+07 0.000000000000000000e+00
1.186000000000000000e+07 0.000000000000000000e+00
1.248000000000000000e+07 0.000000000000000000e+00
1.313000000000000000e+07 0.000000000000000000e+00
1.381000000000000000e+07 0.000000000000000000e+00
1.453000000000000000e+07 0.000000000000000000e+00
1.529000000000000000e+07 0.000000000000000000e+00
1.608000000000000000e+07 0.000000000000000000e+00
1.692000000000000000e+07 0.000000000000000000e+00
1.780000000000000000e+07 0.000000000000000000e+00
1.873000000000000000e+07 0.000000000000000000e+00
1.971000000000000000e+07 0.000000000000000000e+00
2.073000000000000000e+07 0.000000000000000000e+00
2.181000000000000000e+07 0.000000000000000000e+00
2.295000000000000000e+07 0.000000000000000000e+00
2.414000000000000000e+07 0.000000000000000000e+00
2.540000000000000000e+07 0.000000000000000000e+00
2.672000000000000000e+07 0.000000000000000000e+00
2.811000000000000000e+07 0.000000000000000000e+00
2.958000000000000000e+07 0.000000000000000000e+00
3.112000000000000000e+07 0.000000000000000000e+00
3.274000000000000000e+07 0.000000000000000000e+00
3.444000000000000000e+07 0.000000000000000000e+00
3.623000000000000000e+07 0.000000000000000000e+00
3.812000000000000000e+07 0.000000000000000000e+00
4.011000000000000000e+07 0.000000000000000000e+00
4.219000000000000000e+07 0.000000000000000000e+00
4.439000000000000000e+07 0.000000000000000000e+00
4.670000000000000000e+07 0.000000000000000000e+00
4.913000000000000000e+07 0.000000000000000000e+00
5.169000000000000000e+07 0.000000000000000000e+00
5.438000000000000000e+07 0.000000000000000000e+00
5.722000000000000000e+07 0.000000000000000000e+00
6.019000000000000000e+07 0.000000000000000000e+00
6.333000000000000000e+07 0.000000000000000000e+00
6.663000000000000000e+07 0.000000000000000000e+00
7.010000000000000000e+07 0.000000000000000000e+00
7.375000000000000000e+07 0.000000000000000000e+00
7.759000000000000000e+07 0.000000000000000000e+00
8.163000000000000000e+07 0.000000000000000000e+00
8.588000000000000000e+07 0.000000000000000000e+00
9.035000000000000000e+07 0.000000000000000000e+00
9.505000000000000000e+07 0.000000000000000000e+00
1.000000000000000000e+08 0.000000000000000000e+00
