1.000000000000000021e-03 1.195536531645338300e+03
1.051999999999999984e-03 1.211821428740801366e+03
1.106999999999999911e-03 1.308002634042828049e+03
1.163999999999999887e-03 1.298817477422878028e+03
1.224999999999999960e-03 1.393419988317767320e+03
1.288999999999999998e-03 1.386063666324640963e+03
1.356000000000000000e-03 1.458105635614407447e+03
1.427000000000000100e-03 1.480323907938455477e+03
1.500999999999999947e-03 1.520187688824284578e+03
1.579000000000000108e-03 1.548647244443530553e+03
1.661000000000000150e-03 1.570372346962165011e+03
1.747999999999999988e-03 1.598148503504807422e+03
1.839000000000000140e-03 1.616338329637548213e+03
1.935000000000000088e-03 1.623735971348344947e+03
2.034999999999999917e-03 1.641309646180538493e+03
2.141000000000000108e-03 1.633979549218651528e+03
2.252999999999999794e-03 1.633550666833656578e+03
2.370000000000000145e-03 1.616879813274231765e+03
2.492999999999999990e-03 1.598735645916940939e+03
2.623000000000000331e-03 1.588665831833038965e+03
2.759999999999999867e-03 1.549154960978720737e+03
2.903999999999999897e-03 1.528178724949697880e+03
3.054999999999999990e-03 1.473787726787315478e+03
3.213999999999999843e-03 1.452799106353771776e+03
3.380999999999999891e-03 1.383690070359931497e+03
3.556999999999999832e-03 1.356362174163325790e+03
3.742000000000000100e-03 1.272968681836784299e+03
3.936999999999999528e-03 1.247161340891110058e+03
4.142000000000000716e-03 1.161732801511619300e+03
4.357999999999999895e-03 1.123212733421186613e+03
4.585000000000000533e-03 1.049859302794863879e+03
4.824000000000000163e-03 9.946476810629761758e+02
5.074999999999999650e-03 9.289284096673092108e+02
5.338999999999999996e-03 8.661500905606905008e+02
5.616999999999999597e-03 8.090903276849659278e+02
5.908999999999999322e-03 7.466949762699255189e+02
6.217000000000000304e-03 6.962935441676091841e+02
6.540999999999999939e-03 6.379020307623283088e+02
6.880999999999999964e-03 5.908620608393312068e+02
7.239999999999999908e-03 5.371709936642896537e+02
7.617000000000000506e-03 4.980398738503172353e+02
8.012999999999999290e-03 4.496744225485514903e+02
8.429999999999999993e-03 4.143639195566367448e+02
8.868999999999998413e-03 3.760726965356731171e+02
9.330999999999999017e-03 3.445183728242721486e+02
9.816999999999999338e-03 3.136983938530429441e+02
1.032999999999999891e-02 2.871458878044758762e+02
1.086999999999999945e-02 2.660137595133750779e+02
1.143000000000000092e-02 2.411744550057842957e+02
1.203000000000000076e-02 2.282482383590567565e+02
1.264999999999999979e-02 2.076027268151668466e+02
1.330999999999999892e-02 1.978728410946777672e+02
1.400999999999999988e-02 1.839037040867995643e+02
1.473000000000000004e-02 1.774862823628951389e+02
1.549999999999999989e-02 1.690038602427825936e+02
1.631000000000000158e-02 1.645587887109139444e+02
1.715999999999999817e-02 1.592317427570008874e+02
1.805000000000000007e-02 1.576992128850316135e+02
1.898999999999999994e-02 1.555140043260920208e+02
1.997999999999999776e-02 1.558839014735499120e+02
2.101999999999999702e-02 1.558577496125266748e+02
2.212000000000000077e-02 1.571067307847297343e+02
2.326999999999999902e-02 1.607406481887443874e+02
2.447999999999999829e-02 1.619523814568748321e+02
2.574999999999999858e-02 1.677530609018629377e+02
2.708999999999999950e-02 1.696684251523881528e+02
2.850000000000000103e-02 1.770609555474683816e+02
2.998999999999999930e-02 1.800253626902802182e+02
3.155000000000000165e-02 1.874731933860058462e+02
3.318999999999999728e-02 1.919349281916843211e+02
3.491999999999999965e-02 1.988967744636565840e+02
3.673999999999999488e-02 2.035410548113287064e+02
3.864999999999999686e-02 2.112984481952739486e+02
4.066000000000000170e-02 2.166600258593863941e+02
4.277999999999999858e-02 2.241446810781034173e+02
4.500999999999999446e-02 2.297460111372230358e+02
4.734999999999999626e-02 2.361961776983184791e+02
4.982000000000000317e-02 2.423105041899864602e+02
5.240999999999999825e-02 2.478082993934382046e+02
5.513999999999999457e-02 2.536377411922541114e+02
5.800999999999999907e-02 2.595861437467784185e+02
6.102999999999999398e-02 2.641953997903883646e+02
6.421000000000000318e-02 2.705622204528647785e+02
6.755999999999999506e-02 2.745233858298132077e+02
7.106999999999999429e-02 2.803842118159714119e+02
7.477000000000000313e-02 2.834049826604806981e+02
7.867000000000000381e-02 2.886339610587249922e+02
8.276000000000000023e-02 2.918411706450548877e+02
8.707000000000000850e-02 2.948941849163177835e+02
9.160999999999999699e-02 2.987361557375920142e+02
9.637999999999999345e-02 3.012797002891757074e+02
1.014000000000000040e-01 3.038773242111874993e+02
1.067000000000000032e-01 3.057652537251204876e+02
1.122000000000000081e-01 3.071030094465937736e+02
1.180999999999999966e-01 3.084024870384199062e+02
1.242000000000000048e-01 3.093597238350538987e+02
1.307000000000000106e-01 3.093279006480568682e+02
1.375000000000000111e-01 3.101323715881831049e+02
1.446999999999999953e-01 3.089541254663320160e+02
1.522000000000000020e-01 3.090630341582327674e+02
1.600999999999999923e-01 3.065758842607411907e+02
1.683999999999999941e-01 3.062611797349379685e+02
1.771999999999999964e-01 3.033903241177912378e+02
1.864000000000000101e-01 3.016205047886924717e+02
1.960999999999999965e-01 2.986928879702599033e+02
2.064000000000000001e-01 2.955761507266477111e+02
2.170999999999999874e-01 2.923375571302174194e+02
2.283999999999999919e-01 2.886249412977924749e+02
2.403000000000000136e-01 2.848745257659757613e+02
2.528000000000000247e-01 2.800632002189794889e+02
2.660000000000000142e-01 2.755991251271727833e+02
2.798000000000000487e-01 2.702178773508894096e+02
2.943999999999999950e-01 2.656949084902958589e+02
3.096999999999999753e-01 2.590062428048227616e+02
3.259000000000000230e-01 2.544546210822474848e+02
3.427999999999999936e-01 2.474307570774886642e+02
3.606999999999999651e-01 2.421381264337773302e+02
3.795000000000000040e-01 2.347791197823291043e+02
3.991999999999999993e-01 2.289114673666477415e+02
4.200000000000000400e-01 2.216588571674120658e+02
4.419000000000000150e-01 2.153043703387120900e+02
4.649000000000000354e-01 2.081533100766097846e+02
4.891000000000000347e-01 2.012405828973017776e+02
5.144999999999999574e-01 1.941424849613060246e+02
5.413000000000000034e-01 1.869871897690643436e+02
5.695000000000000062e-01 1.800377565572921981e+02
5.992000000000000659e-01 1.726770241820516105e+02
6.304000000000000714e-01 1.657922639559769777e+02
6.632000000000000117e-01 1.584089250345553523e+02
6.976999999999999869e-01 1.516796519880005576e+02
7.340999999999999748e-01 1.445893501377630628e+02
7.722999999999999865e-01 1.376910477307970382e+02
8.125000000000000000e-01 1.309871005962008610e+02
8.548000000000000043e-01 1.242400305040750368e+02
8.992999999999999883e-01 1.178306395736710641e+02
9.460999999999999410e-01 1.113854634787021638e+02
9.954000000000000625e-01 1.053119937485202513e+02
1.046999999999999931e+00 9.912019945767309537e+01
1.101999999999999869e+00 9.339481331509466600e+01
1.159000000000000030e+00 8.774395350228108725e+01
1.219000000000000083e+00 8.216871523390540233e+01
1.283000000000000140e+00 7.702886724961742004e+01
1.350000000000000089e+00 7.186512136478765456e+01
1.419999999999999929e+00 6.713648073737766708e+01
1.493999999999999995e+00 6.235704647950868207e+01
1.572000000000000064e+00 5.811487001496299598e+01
1.654000000000000137e+00 5.370990400715062663e+01
1.739999999999999991e+00 4.992833865001508542e+01
1.830000000000000071e+00 4.594143674667871835e+01
1.925999999999999934e+00 4.254727723573017784e+01
2.025999999999999801e+00 3.905921317865929865e+01
2.131000000000000227e+00 3.603362208424011470e+01
2.241999999999999993e+00 3.298398001167582549e+01
2.358999999999999986e+00 3.037920440395043187e+01
2.481999999999999762e+00 2.776322697319952582e+01
2.611000000000000210e+00 2.549425684755599164e+01
2.746999999999999886e+00 2.332925905769953800e+01
2.890000000000000124e+00 2.136503384288986851e+01
3.040999999999999925e+00 1.960492157512003075e+01
3.198999999999999844e+00 1.797346240631352998e+01
3.366000000000000103e+00 1.654412879456836549e+01
3.540999999999999925e+00 1.525714579043735419e+01
3.725000000000000089e+00 1.414865655211670514e+01
3.918999999999999595e+00 1.312923701289351364e+01
4.123000000000000220e+00 1.232643883505562776e+01
4.338000000000000078e+00 1.158337205205125287e+01
4.564000000000000057e+00 1.104761501411092084e+01
4.801000000000000156e+00 1.057583138162014968e+01
5.051000000000000156e+00 1.027817108079285013e+01
5.314000000000000057e+00 1.006173458349635474e+01
5.590999999999999304e+00 9.986961424229379602e+00
5.881999999999999673e+00 1.000815798041374904e+01
6.187999999999999723e+00 1.015038011536269202e+01
6.511000000000000121e+00 1.040983252796756808e+01
6.850000000000000533e+00 1.077045799951078919e+01
7.205999999999999517e+00 1.123629120922811531e+01
7.581999999999999851e+00 1.182023404493038754e+01
7.976000000000000867e+00 1.250813593939684232e+01
8.391999999999999460e+00 1.331311820896711140e+01
8.829000000000000625e+00 1.423947537413196684e+01
9.288000000000000256e+00 1.526251346254637120e+01
9.772000000000000242e+00 1.642610081873647943e+01
1.027999999999999936e+01 1.769128198283107878e+01
1.082000000000000028e+01 1.911603604994574113e+01
1.137999999999999901e+01 2.064031157585725751e+01
1.196999999999999886e+01 2.230707638448071606e+01
1.259999999999999964e+01 2.414459674795542909e+01
1.325000000000000000e+01 2.608713885825610745e+01
1.393999999999999950e+01 2.821351772018722315e+01
1.466999999999999993e+01 3.049413108982294673e+01
1.542999999999999972e+01 3.292981906311241858e+01
1.623000000000000043e+01 3.550825293664367166e+01
1.708000000000000185e+01 3.828409103073009589e+01
1.796999999999999886e+01 4.119833427026545536e+01
1.889999999999999858e+01 4.417800163041678019e+01
1.989000000000000057e+01 4.735010750567388982e+01
2.092000000000000171e+01 5.037884543867079401e+01
2.200999999999999801e+01 5.351976415181201219e+01
2.316000000000000014e+01 5.625489278356664613e+01
2.437000000000000099e+01 5.884617453601245529e+01
2.562999999999999901e+01 6.059780183212959770e+01
2.697000000000000242e+01 6.164171535350005371e+01
2.837000000000000099e+01 6.164617441535644815e+01
2.985000000000000142e+01 6.005692298380069616e+01
3.139999999999999858e+01 5.762673493578741102e+01
3.303999999999999915e+01 5.302582701224714867e+01
3.475999999999999801e+01 4.800872390367946707e+01
3.657000000000000028e+01 4.162251361908400327e+01
3.846999999999999886e+01 3.493591741030226672e+01
4.048000000000000398e+01 2.880361398472394541e+01
4.259000000000000341e+01 2.236637996976328324e+01
4.479999999999999716e+01 1.770442662578443915e+01
4.714000000000000057e+01 1.303138054336652019e+01
4.959000000000000341e+01 9.883842372789894526e+00
5.217000000000000171e+01 7.137158849736378485e+00
5.489000000000000057e+01 5.250721310964284960e+00
5.775000000000000000e+01 3.884005668475809969e+00
6.075000000000000000e+01 2.832427642513019705e+00
6.392000000000000171e+01 2.121789423909183459e+00
6.723999999999999488e+01 1.501484571289749992e+00
7.075000000000000000e+01 1.069045268609149169e+00
7.442999999999999261e+01 6.732290819458125464e-01
7.829999999999999716e+01 4.506901171592647137e-01
8.237999999999999545e+01 2.328410105507918715e-01
8.667000000000000171e+01 1.560646900689897365e-01
9.117999999999999261e+01 7.535189247744111807e-02
9.593000000000000682e+01 5.023894517543075339e-02
1.009000000000000057e+02 2.586158145795268079e-02
1.062000000000000028e+02 1.525205066954880666e-02
1.116999999999999886e+02 7.301893228232412408e-03
1.175000000000000000e+02 3.600435212636155999e-03
1.236000000000000085e+02 1.710164391598309897e-03
1.300999999999999943e+02 6.756253348689093049e-04
1.369000000000000057e+02 3.351614753924624275e-04
1.440000000000000000e+02 1.164521551993784977e-04
1.515000000000000000e+02 5.769372247109758018e-05
1.593999999999999773e+02 1.379373943404820832e-05
1.676999999999999886e+02 7.158284660885220133e-06
1.764000000000000057e+02 1.397630655071234937e-06
1.855999999999999943e+02 7.466346826004144339e-07
1.952000000000000171e+02 9.884196925697731501e-08
2.054000000000000057e+02 5.473057879063134603e-08
2.160999999999999943e+02 8.456799892909516941e-09
2.273999999999999773e+02 2.788699477543526963e-09
2.391999999999999886e+02 6.411505776721644528e-10
2.516999999999999886e+02 1.134908636490813253e-10
2.647999999999999545e+02 3.194064624043954167e-11
2.785000000000000000e+02 2.435537942808076517e-12
2.930000000000000000e+02 8.417481815320689757e-13
3.083000000000000114e+02 4.240729841580193128e-14
3.244000000000000341e+02 1.653277536405860619e-14
3.411999999999999886e+02 3.229360933265687929e-16
3.590000000000000000e+02 1.414921613149498154e-16
3.776999999999999886e+02 2.060878468610363737e-18
3.973999999999999773e+02 9.817255649587547223e-19
4.181000000000000227e+02 5.014483678705955306e-21
4.398000000000000114e+02 2.576749638697426628e-21
4.626999999999999886e+02 8.648786414433429467e-24
4.868000000000000114e+02 4.704688448928842521e-24
5.122000000000000455e+02 5.478415827052191293e-25
5.387999999999999545e+02 3.112742880121167267e-27
5.668999999999999773e+02 6.578872196498311750e-28
5.964000000000000909e+02 1.190743746337262381e-30
6.275000000000000000e+02 3.421572356310129130e-31
6.601000000000000227e+02 1.470776567247758618e-34
6.945000000000000000e+02 5.171359104025040082e-35
7.307000000000000455e+02 6.239800080548897801e-39
7.687000000000000455e+02 2.530578679483089469e-39
8.087999999999999545e+02 9.464874655423340456e-44
8.508999999999999773e+02 4.263206764131813725e-44
8.952000000000000455e+02 3.956824745666246875e-49
9.417999999999999545e+02 1.938465893936937479e-49
9.908000000000000682e+02 3.760194669218485541e-55
1.042000000000000000e+03 1.985179262700783507e-55
1.097000000000000000e+03 7.842567381344348458e-57
1.154000000000000000e+03 3.829345272030330147e-62
1.214000000000000000e+03 5.862005214564998045e-63
1.277000000000000000e+03 1.369848702535387500e-69
1.344000000000000000e+03 3.242206778938216213e-70
1.414000000000000000e+03 7.180351468899407383e-78
1.487000000000000000e+03 2.267404211961369951e-78
1.565000000000000000e+03 3.383087737297376701e-87
1.646000000000000000e+03 1.265698131328858163e-87
1.732000000000000000e+03 1.474904171624513131e-97
1.822000000000000000e+03 6.239654556035617116e-98
1.917000000000000000e+03 4.333786153074072526e-109
2.017000000000000000e+03 2.012326199178668924e-109
2.122000000000000000e+03 5.858287724725677634e-122
2.232000000000000000e+03 2.955721930288798985e-122
2.348000000000000000e+03 3.150817384596484659e-136
2.470000000000000000e+03 1.693653974091292318e-136
2.599000000000000000e+03 1.529012831563377219e-137
2.734000000000000000e+03 1.687436108523745455e-152
2.877000000000000000e+03 3.178070157084030878e-153
3.027000000000000000e+03 2.751590726656359213e-170
3.184000000000000000e+03 7.483373194058257711e-171
3.350000000000000000e+03 4.461212708705159514e-190
3.524000000000000000e+03 1.510795808400586196e-190
3.708000000000000000e+03 3.376287773676698668e-212
3.901000000000000000e+03 1.326310414061352337e-212
4.104000000000000000e+03 8.197872095275421612e-237
4.318000000000000000e+03 3.602895899860759878e-237
4.543000000000000000e+03 2.518076800841958691e-264
4.779000000000000000e+03 1.212761605196981957e-264
5.028000000000000000e+03 6.900693042873086260e-295
5.290000000000000000e+03 3.560508577991781178e-295
5.565000000000000000e+03 5.459907754862833541e-297
5.855000000000000000e+03 0.000000000000000000e+00
6.160000000000000000e+03 0.000000000000000000e+00
6.481000000000000000e+03 0.000000000000000000e+00
6.818000000000000000e+03 0.000000000000000000e+00
7.173000000000000000e+03 0.000000000000000000e+00
7.547000000000000000e+03 0.000000000000000000e+00
7.940000000000000000e+03 0.000000000000000000e+00
8.353000000000000000e+03 0.000000000000000000e+00
8.788000000000000000e+03 0.000000000000000000e+00
9.246000000000000000e+03 0.000000000000000000e+00
9.727000000000000000e+03 0.000000000000000000e+00
1.023000000000000000e+04 0.000000000000000000e+00
1.077000000000000000e+04 0.000000000000000000e+00
1.133000000000000000e+04 0.000000000000000000e+00
1.192000000000000000e+04 0.000000000000000000e+00
1.254000000000000000e+04 0.000000000000000000e+00
1.319000000000000000e+04 0.000000000000000000e+00
1.388000000000000000e+04 0.000000000000000000e+00
1.460000000000000000e+04 0.000000000000000000e+00
1.536000000000000000e+04 0.000000000000000000e+00
1.616000000000000000e+04 0.000000000000000000e+00
1.700000000000000000e+04 0.000000000000000000e+00
1.789000000000000000e+04 0.000000000000000000e+00
1.882000000000000000e+04 0.000000000000000000e+00
1.980000000000000000e+04 0.000000000000000000e+00
2.083000000000000000e+04 0.000000000000000000e+00
2.191000000000000000e+04 0.000000000000000000e+00
2.305000000000000000e+04 0.000000000000000000e+00
2.425000000000000000e+04 0.000000000000000000e+00
2.552000000000000000e+04 0.000000000000000000e+00
2.684000000000000000e+04 0.000000000000000000e+00
2.824000000000000000e+04 0.000000000000000000e+00
2.971000000000000000e+04 0.000000000000000000e+00
3.126000000000000000e+04 0.000000000000000000e+00
3.289000000000000000e+04 0.000000000000000000e+00
3.460000000000000000e+04 0.000000000000000000e+00
3.640000000000000000e+04 0.000000000000000000e+00
3.830000000000000000e+04 0.000000000000000000e+00
4.029000000000000000e+04 0.000000000000000000e+00
4.239000000000000000e+04 0.000000000000000000e+00
4.460000000000000000e+04 0.000000000000000000e+00
4.692000000000000000e+04 0.000000000000000000e+00
4.936000000000000000e+04 0.000000000000000000e+00
5.193000000000000000e+04 0.000000000000000000e+00
5.464000000000000000e+04 0.000000000000000000e+00
5.748000000000000000e+04 0.000000000000000000e+00
6.047000000000000000e+04 0.000000000000000000e+00
6.362000000000000000e+04 0.000000000000000000e+00
6.693000000000000000e+04 0.000000000000000000e+00
7.042000000000000000e+04 0.000000000000000000e+00
7.409000000000000000e+04 0.000000000000000000e+00
7.794000000000000000e+04 0.000000000000000000e+00
8.200000000000000000e+04 0.000000000000000000e+00
8.627000000000000000e+04 0.000000000000000000e+00
9.076000000000000000e+04 0.000000000000000000e+00
9.549000000000000000e+04 0.000000000000000000e+00
1.005000000000000000e+05 0.000000000000000000e+00
1.057000000000000000e+05 0.000000000000000000e+00
1.112000000000000000e+05 0.000000000000000000e+00
1.170000000000000000e+05 0.000000000000000000e+00
1.231000000000000000e+05 0.000000000000000000e+00
1.295000000000000000e+05 0.000000000000000000e+00
1.362000000000000000e+05 0.000000000000000000e+00
1.433000000000000000e+05 0.000000000000000000e+00
1.508000000000000000e+05 0.000000000000000000e+00
1.586000000000000000e+05 0.000000000000000000e+00
1.669000000000000000e+05 0.000000000000000000e+00
1.756000000000000000e+05 0.000000000000000000e+00
1.847000000000000000e+05 0.000000000000000000e+00
1.943000000000000000e+05 0.000000000000000000e+00
2.045000000000000000e+05 0.000000000000000000e+00
2.151000000000000000e+05 0.000000000000000000e+00
2.263000000000000000e+05 0.000000000000000000e+00
2.381000000000000000e+05 0.000000000000000000e+00
2.505000000000000000e+05 0.000000000000000000e+00
2.635000000000000000e+05 0.000000000000000000e+00
2.773000000000000000e+05 0.000000000000000000e+00
2.917000000000000000e+05 0.000000000000000000e+00
3.069000000000000000e+05 0.000000000000000000e+00
3.229000000000000000e+05 0.000000000000000000e+00
3.397000000000000000e+05 0.000000000000000000e+00
3.574000000000000000e+05 0.000000000000000000e+00
3.760000000000000000e+05 0.000000000000000000e+00
3.955000000000000000e+05 0.000000000000000000e+00
4.161000000000000000e+05 0.000000000000000000e+00
4.378000000000000000e+05 0.000000000000000000e+00
4.606000000000000000e+05 0.000000000000000000e+00
4.846000000000000000e+05 0.000000000000000000e+00
5.098000000000000000e+05 0.000000000000000000e+00
5.364000000000000000e+05 0.000000000000000000e+00
5.643000000000000000e+05 0.000000000000000000e+00
5.937000000000000000e+05 0.000000000000000000e+00
6.246000000000000000e+05 0.000000000000000000e+00
6.571000000000000000e+05 0.000000000000000000e+00
6.913000000000000000e+05 0.000000000000000000e+00
7.273000000000000000e+05 0.000000000000000000e+00
7.652000000000000000e+05 0.000000000000000000e+00
8.050000000000000000e+05 0.000000000000000000e+00
8.469000000000000000e+05 0.000000000000000000e+00
8.910000000000000000e+05 0.000000000000000000e+00
9.374000000000000000e+05 0.000000000000000000e+00
9.863000000000000000e+05 0.000000000000000000e+00
1.038000000000000000e+06 0.000000000000000000e+00
1.092000000000000000e+06 0.000000000000000000e+00
1.148000000000000000e+06 0.000000000000000000e+00
1.208000000000000000e+06 0.000000000000000000e+00
1.271000000000000000e+06 0.000000000000000000e+00
1.337000000000000000e+06 0.000000000000000000e+00
1.407000000000000000e+06 0.000000000000000000e+00
1.480000000000000000e+06 0.000000000000000000e+00
1.557000000000000000e+06 0.000000000000000000e+00
1.638000000000000000e+06 0.000000000000000000e+00
1.724000000000000000e+06 0.000000000000000000e+00
1.814000000000000000e+06 0.000000000000000000e+00
1.908000000000000000e+06 0.000000000000000000e+00
2.007000000000000000e+06 0.000000000000000000e+00
2.112000000000000000e+06 0.000000000000000000e+00
2.222000000000000000e+06 0.000000000000000000e+00
2.337000000000000000e+06 0.000000000000000000e+00
2.459000000000000000e+06 0.000000000000000000e+00
2.587000000000000000e+06 0.000000000000000000e+00
2.722000000000000000e+06 0.000000000000000000e+00
2.864000000000000000e+06 0.000000000000000000e+00
3.013000000000000000e+06 0.000000000000000000e+00
3.170000000000000000e+06 0.000000000000000000e+00
3.335000000000000000e+06 0.000000000000000000e+00
3.508000000000000000e+06 0.000000000000000000e+00
3.691000000000000000e+06 0.000000000000000000e+00
3.883000000000000000e+06 0.000000000000000000e+00
4.085000000000000000e+06 0.000000000000000000e+00
4.298000000000000000e+06 0.000000000000000000e+00
4.522000000000000000e+06 0.000000000000000000e+00
4.757000000000000000e+06 0.000000000000000000e+00
5.005000000000000000e+06 0.000000000000000000e+00
5.266000000000000000e+06 0.000000000000000000e+00
5.540000000000000000e+06 0.000000000000000000e+00
5.828000000000000000e+06 0.000000000000000000e+00
6.132000000000000000e+06 0.000000000000000000e+00
6.451000000000000000e+06 0.000000000000000000e+00
6.787000000000000000e+06 0.000000000000000000e+00
7.140000000000000000e+06 0.000000000000000000e+00
7.512000000000000000e+06 0.000000000000000000e+00
7.903000000000000000e+06 0.000000000000000000e+00
8.315000000000000000e+06 0.000000000000000000e+00
8.748000000000000000e+06 0.000000000000000000e+00
9.203000000000000000e+06 0.000000000000000000e+00
9.682000000000000000e+06 0.000000000000000000e+00
1.019000000000000000e+07 0.000000000000000000e+00
1.072000000000000000e+07 0.000000000000000000e+00
1.127000000000000000e+07 0.000000000000000000e+00
1.186000000000000000e+07 0.000000000000000000e+00
1.248000000000000000e+07 0.000000000000000000e+00
1.313000000000000000e+07 0.000000000000000000e+00
1.381000000000000000e+07 0.000000000000000000e+00
1.453000000000000000e+07 0.000000000000000000e+00
1.529000000000000000e+07 0.000000000000000000e+00
1.608000000000000000e+07 0.000000000000000000e+00
1.692000000000000000e+07 0.000000000000000000e+00
1.780000000000000000e+07 0.000000000000000000e+00
1.873000000000000000e+07 0.000000000000000000e+00
1.971000000000000000e+07 0.000000000000000000e+00
2.073000000000000000e+07 0.000000000000000000e+00
2.181000000000000000e+07 0.000000000000000000e+00
2.295000000000000000e+07 0.000000000000000000e+00
2.414000000000000000e+07 0.000000000000000000e+00
2.540000000000000000e+07 0.000000000000000000e+00
2.672000000000000000e+07 0.000000000000000000e+00
2.811000000000000000e+07 0.000000000000000000e+00
2.958000000000000000e+07 0.000000000000000000e+00
3.112000000000000000e+07 0.000000000000000000e+00
3.274000000000000000e+07 0.000000000000000000e+00
3.444000000000000000e+07 0.000000000000000000e+00
3.623000000000000000e+07 0.000000000000000000e+00
3.812000000000000000e+07 0.000000000000000000e+00
4.011000000000000000e+07 0.000000000000000000e+00
4.219000000000000000e+07 0.000000000000000000e+00
4.439000000000000000e+07 0.000000000000000000e+00
4.670000000000000000e+07 0.000000000000000000e+00
4.913000000000000000e+07 0.000000000000000000e+00
5.169000000000000000e+07 0.000000000000000000e+00
5.438000000000000000e+07 0.000000000000000000e+00
5.722000000000000000e+07 0.000000000000000000e+00
6.019000000000000000e+07 0.000000000000000000e+00
6.333000000000000000e+07 0.000000000000000000e+00
6.663000000000000000e+07 0.000000000000000000e+00
7.010000000000000000e+07 0.000000000000000000e+00
7.375000000000000000e+07 0.000000000000000000e+00
7.759000000000000000e+07 0.000000000000000000e+00
8.163000000000000000e+07 0.000000000000000000e+00
8.588000000000000000e+07 0.000000000000000000e+00
9.035000000000000000e+07 0.000000000000000000e+00
9.505000000000000000e+07 0.000000000000000000e+00
1.000000000000000000e+08 0.000000000000000000e+00
