4.999999999999999237e-03 4.858923469316140387e-01
9.999999999999998473e-03 6.817503458983188713e-02
1.499999999999999771e-02 1.306646373385528595e-02
1.999999999999999695e-02 3.158415084208245766e-03
2.499999999999999445e-02 9.031673328271464527e-04
2.999999999999999195e-02 2.810431216764526312e-04
3.499999999999999639e-02 9.256666122712643252e-05
3.999999999999999389e-02 3.310786417050098663e-05
4.499999999999999140e-02 1.264210477512913664e-05
4.999999999999998890e-02 5.085607085784118129e-06
5.499999999999998640e-02 2.093358903557501671e-06
5.999999999999999084e-02 9.006413420803934267e-07
6.499999999999998834e-02 4.187237258561787255e-07
6.999999999999999278e-02 1.891388195096595546e-07
7.499999999999999722e-02 9.130068448036835554e-08
7.999999999999998779e-02 4.614266305062688804e-08
8.499999999999999223e-02 2.286023280293094806e-08
8.999999999999999667e-02 1.136902566724787035e-08
