1.774127155601597394e+01 1.451426290021753107e-01
1.874127155601597394e+01 9.933715544481123982e-02
1.974127155601597394e+01 6.697535256778447410e-02
2.074127155601597394e+01 4.481559038031576736e-02
2.174127155601597394e+01 2.994309070676600196e-02
2.274127155601597394e+01 1.988918160783080188e-02
2.374127155601597394e+01 1.317608283154466514e-02
2.474127155601597394e+01 8.685778893155925856e-03
2.574127155601597394e+01 5.688489099923746059e-03
2.674127155601597394e+01 3.709113723328376789e-03
2.774127155601597394e+01 2.405045349354162105e-03
2.874127155601597394e+01 1.551889960808474755e-03
2.974127155601597394e+01 9.972358342121006181e-04
3.074127155601597394e+01 6.403231404141160321e-04
3.174127155601597394e+01 4.090975262179413763e-04
3.274127155601597394e+01 2.608033344799528391e-04
3.374127155601597394e+01 1.661362894876813542e-04
3.474127155601597394e+01 1.051445274508520868e-04
3.574127155601597394e+01 6.687790640939785935e-05
3.674127155601597394e+01 4.218245307140538179e-05
3.774127155601597394e+01 2.664789630296185736e-05
3.874127155601597394e+01 1.695854424065081257e-05
3.974127155601597394e+01 1.064218071291902043e-05
4.074127155601597394e+01 6.729350355564318668e-06
4.174127155601597394e+01 4.288138084060460524e-06
4.274127155601597394e+01 2.702838703320559706e-06
4.374127155601597394e+01 1.714372451050431033e-06
4.474127155601597394e+01 1.086658215610113651e-06
4.574127155601597394e+01 6.884453044019638915e-07
4.674127155601597394e+01 4.361169370386418779e-07
4.774127155601597394e+01 2.761157574569100868e-07
4.874127155601597394e+01 1.749509286003136567e-07
4.974127155601597394e+01 1.107636772676493002e-07
5.074127155601597394e+01 7.006170501691995716e-08
5.174127155601597394e+01 4.433136871046792941e-08
5.274127155601597394e+01 2.804818789694133038e-08
5.374127155601597394e+01 1.773041972463756170e-08
5.474127155601597394e+01 1.120977905736393140e-08
5.574127155601597394e+01 7.071883763366967117e-09
5.674127155601597394e+01 4.460152559626901403e-09
5.774127155601597394e+01 2.803312812414200048e-09
5.874127155601597394e+01 1.767228256106067130e-09
5.974127155601597394e+01 1.108699200245942572e-09
6.074127155601597394e+01 6.959204874599346406e-10
6.174127155601597394e+01 4.387908801127194707e-10
6.274127155601597394e+01 2.737064991726938626e-10
6.374127155601597394e+01 1.714970083482537207e-10
6.474127155601597394e+01 1.079475535427647587e-10
6.574127155601597394e+01 6.717925752174794390e-11
6.674127155601597394e+01 4.195999135957254722e-11
6.774127155601597394e+01 2.633689121781805681e-11
6.874127155601597394e+01 1.636700471677830245e-11
6.974127155601597394e+01 1.020267036353082617e-11
7.074127155601597394e+01 6.392200192716418918e-12
7.174127155601597394e+01 3.966013784389346257e-12
7.274127155601597394e+01 2.466392903863759847e-12
7.374127155601597394e+01 1.541912369185787054e-12
7.474127155601597394e+01 9.562850978711518966e-13
7.574127155601597394e+01 5.942240958530283583e-13
7.674127155601597394e+01 3.712113656752254448e-13
7.774127155601597394e+01 2.301490800734829591e-13
7.874127155601597394e+01 1.428626194204420350e-13
7.974127155601597394e+01 8.916926346522472388e-14
8.074127155601597394e+01 5.543990599386689632e-14
8.174127155601597394e+01 3.453049484696855571e-14
8.274127155601597394e+01 2.162114602978360976e-14
8.374127155601597394e+01 1.345595363676876085e-14
8.474127155601597394e+01 8.374098749161338664e-15
