1.221799999999999287e+01 2.352995198782802944e-01
1.321799999999999287e+01 1.744650062181750949e-01
1.421799999999999287e+01 1.284369332737770319e-01
1.521799999999999287e+01 9.356803702314488158e-02
1.621799999999999287e+01 6.697947838663879938e-02
1.721799999999999287e+01 4.693623512325673791e-02
1.821799999999999287e+01 3.243510792784712327e-02
1.921799999999999287e+01 2.201391197138228770e-02
2.021799999999999287e+01 1.477215150028003861e-02
2.121799999999999287e+01 9.759582652845854786e-03
2.221799999999999287e+01 6.569782181522688079e-03
2.321799999999999287e+01 4.364619545451788041e-03
2.421799999999999287e+01 2.849869792432071017e-03
2.521799999999999287e+01 1.892642498426490121e-03
2.621799999999999287e+01 1.239746532837137380e-03
2.721799999999999287e+01 7.976732533930111545e-04
2.821799999999999287e+01 5.213436001495668284e-04
2.921799999999999287e+01 3.368648970824318634e-04
3.021799999999999287e+01 2.143592371596403541e-04
3.121799999999999287e+01 1.383993819959100429e-04
3.221799999999998931e+01 8.795737110306243555e-05
3.321799999999998931e+01 5.478287815090108126e-05
3.421799999999998931e+01 3.459729013342061922e-05
3.521799999999998931e+01 2.213709232711178802e-05
3.621799999999998931e+01 1.434054044242857678e-05
3.721799999999998931e+01 9.140960882913340803e-06
3.821799999999998931e+01 5.709633650730114687e-06
3.921799999999998931e+01 3.609503555326669903e-06
4.021799999999998931e+01 2.308070135725030723e-06
4.121799999999998931e+01 1.458648459123419288e-06
4.221799999999998931e+01 9.078740449397196281e-07
4.321799999999998931e+01 5.713138757766298711e-07
4.421799999999998931e+01 3.633135522526265801e-07
4.521799999999998931e+01 2.333694181286629127e-07
4.621799999999998931e+01 1.476788595822716765e-07
4.721799999999998931e+01 9.172380583145529868e-08
4.821799999999998931e+01 5.753643757932045858e-08
4.921799999999998931e+01 3.643560405159919142e-08
5.021799999999998931e+01 2.328447828559177817e-08
5.121799999999998931e+01 1.501100192718369288e-08
5.221799999999998931e+01 9.493567330115546607e-09
5.321799999999998931e+01 5.865681416059257042e-09
5.421799999999998931e+01 3.656540751584328497e-09
5.521799999999998931e+01 2.299032129540192060e-09
5.621799999999998931e+01 1.457503516155411490e-09
5.721799999999998931e+01 9.314046025966631769e-10
5.821799999999998931e+01 5.998077797227066786e-10
5.921799999999998931e+01 3.784223787032590692e-10
6.021799999999998931e+01 2.329080166979715034e-10
6.121799999999998931e+01 1.444907872582832483e-10
6.221799999999998931e+01 9.033018674444181095e-11
6.321799999999998931e+01 5.689274785202023826e-11
6.421799999999998931e+01 3.609203239535159899e-11
6.521799999999998931e+01 2.305685228473912310e-11
6.621799999999998931e+01 1.442680557760771179e-11
6.721799999999998931e+01 8.803438336548407210e-12
6.821799999999998931e+01 5.411068490789196282e-12
6.921799999999998931e+01 3.349431883123135828e-12
7.021799999999998931e+01 2.087514228192472346e-12
7.121799999999998931e+01 1.309707630831161182e-12
7.221799999999998931e+01 8.270386651951764914e-13
7.321799999999998931e+01 5.255415087383851228e-13
7.421799999999998931e+01 3.275396747293041853e-13
7.521799999999998931e+01 1.994042632774925743e-13
7.621799999999998931e+01 1.221900817511887320e-13
7.721799999999998931e+01 7.535204027393966204e-14
7.821799999999998931e+01 4.675639282287465683e-14
7.921799999999998931e+01 2.918810910309088587e-14
8.021799999999998931e+01 1.832839797598149892e-14
8.121799999999998931e+01 1.157533740733982035e-14
8.221799999999998931e+01 7.351445556307443061e-15
8.321799999999998931e+01 4.583723402378721354e-15
8.421799999999998931e+01 2.795206321936366956e-15
8.521799999999998931e+01 1.714480323197981117e-15
8.621799999999998931e+01 1.057585999571402822e-15
8.721799999999998931e+01 6.560045286740466806e-16
8.821799999999998931e+01 4.091205281131827486e-16
8.921799999999998931e+01 2.565051968034493081e-16
9.021799999999998931e+01 1.616554915513874605e-16
9.121799999999998931e+01 1.023964192587650199e-16
9.221799999999998931e+01 6.518254543493448267e-17
9.321799999999998931e+01 4.082843821546542230e-17
9.421799999999998931e+01 2.507997037635130894e-17
9.521799999999998931e+01 1.548516611440468478e-17
9.621799999999998931e+01 9.609106682031755331e-18
9.721799999999998931e+01 5.992162596158346594e-18
9.821799999999998931e+01 3.754690077521385818e-18
9.921799999999998931e+01 2.363808840836200457e-18
1.002179999999999893e+02 1.495055956855093351e-18
1.012179999999999893e+02 9.498820485493839683e-19
1.022179999999999893e+02 6.061924415008516900e-19
1.032179999999999893e+02 3.885460931233003020e-19
