1.000000000000000021e-03 3.602133222682151370e+01
1.051999999999999984e-03 3.454090028357747855e+01
1.106999999999999911e-03 3.283846693862814448e+01
1.163999999999999887e-03 3.154697240839081473e+01
1.224999999999999960e-03 3.011889788649783384e+01
1.288999999999999998e-03 2.908609333527267182e+01
1.356000000000000000e-03 2.800633929916763520e+01
1.427000000000000100e-03 2.716284027128850909e+01
1.500999999999999947e-03 2.629345516353991741e+01
1.579000000000000108e-03 2.564160893164081045e+01
1.661000000000000150e-03 2.502464947532190465e+01
1.747999999999999988e-03 2.451875439795240652e+01
1.839000000000000140e-03 2.409010928574183552e+01
1.935000000000000088e-03 2.371641609359706138e+01
2.034999999999999917e-03 2.348655069204484391e+01
2.141000000000000108e-03 2.323141586299209393e+01
2.252999999999999794e-03 2.316405575830710362e+01
2.370000000000000145e-03 2.303305483113719632e+01
2.492999999999999990e-03 2.302670530839686336e+01
2.623000000000000331e-03 2.297070423491445368e+01
2.759999999999999867e-03 2.304498717397531493e+01
2.903999999999999897e-03 2.305707698706381592e+01
3.054999999999999990e-03 2.316285591183024906e+01
3.213999999999999843e-03 2.323587051582447316e+01
3.380999999999999891e-03 2.335857577879598068e+01
3.556999999999999832e-03 2.350865433657378389e+01
3.742000000000000100e-03 2.365816486724141043e+01
3.936999999999999528e-03 2.383591407146338526e+01
4.142000000000000716e-03 2.394451756148492194e+01
4.357999999999999895e-03 2.416295188855254850e+01
4.585000000000000533e-03 2.426031179191614484e+01
4.824000000000000163e-03 2.445118680174641312e+01
5.074999999999999650e-03 2.458850315754822446e+01
5.338999999999999996e-03 2.471899040876199649e+01
5.616999999999999597e-03 2.484572524917467362e+01
5.908999999999999322e-03 2.498778214776254814e+01
6.217000000000000304e-03 2.509465984370498148e+01
6.540999999999999939e-03 2.516516513997247628e+01
6.880999999999999964e-03 2.524747429660887477e+01
7.239999999999999908e-03 2.529527017304476288e+01
7.617000000000000506e-03 2.532496863055604308e+01
8.012999999999999290e-03 2.534876630134306907e+01
8.429999999999999993e-03 2.535960686922889096e+01
8.868999999999998413e-03 2.532133992454967597e+01
9.330999999999999017e-03 2.531655502113284584e+01
9.816999999999999338e-03 2.526035671654207349e+01
1.032999999999999891e-02 2.519367613934674921e+01
1.086999999999999945e-02 2.511574049308916656e+01
1.143000000000000092e-02 2.501350187711898343e+01
1.203000000000000076e-02 2.491578859292246406e+01
1.264999999999999979e-02 2.477618702987663823e+01
1.330999999999999892e-02 2.461840876945768741e+01
1.400999999999999988e-02 2.442055748668745707e+01
1.473000000000000004e-02 2.423238852120421427e+01
1.549999999999999989e-02 2.401763207773355902e+01
1.631000000000000158e-02 2.376499611548878832e+01
1.715999999999999817e-02 2.349512394139665261e+01
1.805000000000000007e-02 2.321902981215698958e+01
1.898999999999999994e-02 2.292315955967840324e+01
1.997999999999999776e-02 2.262721406035478111e+01
2.101999999999999702e-02 2.231178660894137522e+01
2.212000000000000077e-02 2.198176884584189850e+01
2.326999999999999902e-02 2.164176448435353350e+01
2.447999999999999829e-02 2.130394096182176611e+01
2.574999999999999858e-02 2.097037143315684204e+01
2.708999999999999950e-02 2.058961574515879889e+01
2.850000000000000103e-02 2.024605505561410723e+01
2.998999999999999930e-02 1.986130373813879757e+01
3.155000000000000165e-02 1.949208844597364632e+01
3.318999999999999728e-02 1.908875800465170158e+01
3.491999999999999965e-02 1.868736381666329294e+01
3.673999999999999488e-02 1.825838998113280454e+01
3.864999999999999686e-02 1.784436155813398983e+01
4.066000000000000170e-02 1.740070460956058795e+01
4.277999999999999858e-02 1.696356941831069065e+01
4.500999999999999446e-02 1.652568594575232197e+01
4.734999999999999626e-02 1.608306574724253579e+01
4.982000000000000317e-02 1.567285986987235802e+01
5.240999999999999825e-02 1.525005991962662932e+01
5.513999999999999457e-02 1.485998784770572811e+01
5.800999999999999907e-02 1.444864729574739748e+01
6.102999999999999398e-02 1.408535262072508942e+01
6.421000000000000318e-02 1.370469260817256618e+01
6.755999999999999506e-02 1.335283494188237441e+01
7.106999999999999429e-02 1.299697845866291956e+01
7.477000000000000313e-02 1.265702459062570284e+01
7.867000000000000381e-02 1.231281573002568308e+01
8.276000000000000023e-02 1.198226865170098066e+01
8.707000000000000850e-02 1.164344035155536439e+01
9.160999999999999699e-02 1.129782520490372200e+01
9.637999999999999345e-02 1.096283705831926625e+01
1.014000000000000040e-01 1.061932981254789432e+01
1.067000000000000032e-01 1.030117466641971191e+01
1.122000000000000081e-01 9.986900883206867974e+00
1.180999999999999966e-01 9.705943102801487754e+00
1.242000000000000048e-01 9.443542231364286721e+00
1.307000000000000106e-01 9.216619929740218709e+00
1.375000000000000111e-01 9.010353268172261565e+00
1.446999999999999953e-01 8.829170490353558165e+00
1.522000000000000020e-01 8.677336928796361093e+00
1.600999999999999923e-01 8.534499378958098958e+00
1.683999999999999941e-01 8.425577146589203537e+00
1.771999999999999964e-01 8.316226918645750033e+00
1.864000000000000101e-01 8.235506444817197291e+00
1.960999999999999965e-01 8.142327369358966394e+00
2.064000000000000001e-01 8.075060871437536036e+00
2.170999999999999874e-01 7.975821115395804739e+00
2.283999999999999919e-01 7.888144948188826611e+00
2.403000000000000136e-01 7.784679050658469990e+00
2.528000000000000247e-01 7.679516706784045077e+00
2.660000000000000142e-01 7.594741593537825963e+00
2.798000000000000487e-01 7.511964188360132688e+00
2.943999999999999950e-01 7.474795146041422811e+00
3.096999999999999753e-01 7.452821085143644275e+00
3.259000000000000230e-01 7.481668355772253420e+00
3.427999999999999936e-01 7.523711985506313482e+00
3.606999999999999651e-01 7.604173895173525821e+00
3.795000000000000040e-01 7.703816347543945398e+00
3.991999999999999993e-01 7.819174102455985320e+00
4.200000000000000400e-01 7.961295143866549573e+00
4.419000000000000150e-01 8.098050481997388417e+00
4.649000000000000354e-01 8.261105081621568758e+00
4.891000000000000347e-01 8.394142317938221964e+00
5.144999999999999574e-01 8.545498696708513364e+00
5.413000000000000034e-01 8.639584000150673404e+00
5.695000000000000062e-01 8.726201219031848311e+00
5.992000000000000659e-01 8.776646235469870660e+00
6.304000000000000714e-01 8.806003529669062857e+00
6.632000000000000117e-01 8.844335185702277613e+00
6.976999999999999869e-01 8.877565913201776127e+00
7.340999999999999748e-01 8.953310040161781558e+00
7.722999999999999865e-01 9.049998276439694678e+00
8.125000000000000000e-01 9.194145196058743252e+00
8.548000000000000043e-01 9.363889110627196644e+00
8.992999999999999883e-01 9.555717575111264850e+00
9.460999999999999410e-01 9.779025343883823496e+00
9.954000000000000625e-01 1.000075970820913440e+01
1.046999999999999931e+00 1.024748874348449412e+01
1.101999999999999869e+00 1.048177603476370301e+01
1.159000000000000030e+00 1.071754250687579280e+01
1.219000000000000083e+00 1.092536707361459314e+01
1.283000000000000140e+00 1.110389092344557405e+01
1.350000000000000089e+00 1.123227902879754225e+01
1.419999999999999929e+00 1.126967179875327929e+01
1.493999999999999995e+00 1.127712793508218425e+01
1.572000000000000064e+00 1.119602387251245368e+01
1.654000000000000137e+00 1.111001280675856329e+01
1.739999999999999991e+00 1.100345676105389892e+01
1.830000000000000071e+00 1.090731364768407374e+01
1.925999999999999934e+00 1.086194256037398631e+01
2.025999999999999801e+00 1.082079162725061039e+01
2.131000000000000227e+00 1.085727531203773921e+01
2.241999999999999993e+00 1.085583541858818890e+01
2.358999999999999986e+00 1.091580778906528515e+01
2.481999999999999762e+00 1.093882724064928169e+01
2.611000000000000210e+00 1.096742923699359906e+01
2.746999999999999886e+00 1.098998275714832573e+01
2.890000000000000124e+00 1.094847907264680842e+01
3.040999999999999925e+00 1.091513230133444345e+01
3.198999999999999844e+00 1.074808983556473763e+01
3.366000000000000103e+00 1.056876812156811241e+01
3.540999999999999925e+00 1.018190196928223479e+01
3.725000000000000089e+00 9.715534148669608072e+00
3.918999999999999595e+00 9.094491730146954112e+00
4.123000000000000220e+00 8.358738898751331803e+00
4.338000000000000078e+00 7.589844797586549063e+00
4.564000000000000057e+00 6.764480764028558468e+00
4.801000000000000156e+00 6.005784833691532043e+00
5.051000000000000156e+00 5.281517122877408710e+00
5.314000000000000057e+00 4.656552234482340680e+00
5.590999999999999304e+00 4.099255562973780798e+00
5.881999999999999673e+00 3.633007154748513656e+00
6.187999999999999723e+00 3.195247334553176444e+00
6.511000000000000121e+00 2.810592470358539430e+00
6.850000000000000533e+00 2.431992304659134518e+00
7.205999999999999517e+00 2.069741093797835774e+00
7.581999999999999851e+00 1.726692282864778605e+00
7.976000000000000867e+00 1.388679601395267582e+00
8.391999999999999460e+00 1.099584290456979474e+00
8.829000000000000625e+00 8.351048188645364689e-01
9.288000000000000256e+00 6.239954452084912617e-01
9.772000000000000242e+00 4.599112136186676025e-01
1.027999999999999936e+01 3.280402805943705147e-01
1.082000000000000028e+01 2.422829580941301408e-01
1.137999999999999901e+01 1.700967980604550789e-01
1.196999999999999886e+01 1.292849013167032268e-01
1.259999999999999964e+01 9.063074243872071278e-02
1.325000000000000000e+01 6.835877392004041653e-02
1.393999999999999950e+01 4.599812215406395843e-02
1.466999999999999993e+01 3.241650743607626950e-02
1.542999999999999972e+01 1.925165150901825273e-02
1.623000000000000043e+01 1.254503925842798129e-02
1.708000000000000185e+01 6.965377146554874166e-03
1.796999999999999886e+01 4.118954248185729972e-03
1.889999999999999858e+01 2.352138565044861740e-03
1.989000000000000057e+01 1.287672803917623565e-03
2.092000000000000171e+01 7.419470118361255750e-04
2.200999999999999801e+01 3.670063247890650165e-04
2.316000000000000014e+01 1.970258466509975520e-04
2.437000000000000099e+01 7.334864456063142080e-05
2.562999999999999901e+01 4.102590165331113092e-05
2.697000000000000242e+01 1.393646743782410782e-05
2.837000000000000099e+01 7.730302014013091128e-06
2.985000000000000142e+01 1.979123531230969103e-06
3.139999999999999858e+01 1.118019316076433191e-06
3.303999999999999915e+01 2.752269506803555615e-07
3.475999999999999801e+01 1.278467858393296665e-07
3.657000000000000028e+01 3.566658432609862947e-08
3.846999999999999886e+01 1.112700699673512794e-08
4.048000000000000398e+01 3.526495096433030379e-09
4.259000000000000341e+01 7.144375616103322144e-10
4.479999999999999716e+01 2.547562297144216992e-10
4.714000000000000057e+01 3.183040395917303598e-11
4.959000000000000341e+01 1.245320540813422452e-11
5.217000000000000171e+01 9.035933639050479709e-13
5.489000000000000057e+01 3.875094983508199082e-13
5.775000000000000000e+01 1.987313368968155625e-14
6.075000000000000000e+01 9.143934460640303654e-15
6.392000000000000171e+01 2.043216673325408343e-16
6.723999999999999488e+01 1.005651985195479456e-16
7.075000000000000000e+01 1.753646645723802975e-18
7.442999999999999261e+01 9.160453605642055592e-19
7.829999999999999716e+01 1.027920898975749492e-19
8.237999999999999545e+01 2.728632461475616957e-21
8.667000000000000171e+01 5.650738786025286379e-22
9.117999999999999261e+01 7.380287049653280548e-24
9.593000000000000682e+01 2.045628532533543047e-24
1.009000000000000057e+02 8.942065555112861439e-27
1.062000000000000028e+02 3.011331926270750694e-27
1.116999999999999886e+02 4.611837111044366658e-30
1.175000000000000000e+02 1.786185832385214649e-30
1.236000000000000085e+02 9.383960554546337513e-34
1.300999999999999943e+02 4.005314767278956975e-34
1.369000000000000057e+02 8.636585830893686878e-38
1.440000000000000000e+02 4.030248678035780367e-38
1.515000000000000000e+02 2.345409620108346900e-42
1.593999999999999773e+02 1.168795611944131923e-42
1.676999999999999886e+02 4.628904530444429966e-44
1.764000000000000057e+02 9.630711135873599038e-48
1.855999999999999943e+02 1.396655180300330166e-48
1.952000000000000171e+02 2.128996081848075730e-53
2.054000000000000057e+02 4.896224421958439543e-54
2.160999999999999943e+02 1.087569154419951094e-59
2.273999999999999773e+02 3.229544463679836184e-60
2.391999999999999886e+02 1.071033276010992925e-66
2.516999999999999886e+02 3.814551201462003347e-67
2.647999999999999545e+02 1.326515490062506694e-74
2.785000000000000000e+02 5.592503177189707866e-75
2.930000000000000000e+02 0.000000000000000000e+00
3.083000000000000114e+02 1.134266074258378135e-83
3.244000000000000341e+02 0.000000000000000000e+00
3.411999999999999886e+02 1.968849730488587180e-93
3.590000000000000000e+02 0.000000000000000000e+00
3.776999999999999886e+02 2.957749223263261816e-104
3.973999999999999773e+02 2.392973430084580705e-105
4.181000000000000227e+02 2.300009790067307109e-116
4.398000000000000114e+02 4.114241650335915733e-117
4.626999999999999886e+02 0.000000000000000000e+00
4.868000000000000114e+02 1.803316136286276520e-130
5.122000000000000455e+02 0.000000000000000000e+00
5.387999999999999545e+02 0.000000000000000000e+00
5.668999999999999773e+02 0.000000000000000000e+00
5.964000000000000909e+02 0.000000000000000000e+00
6.275000000000000000e+02 0.000000000000000000e+00
6.601000000000000227e+02 0.000000000000000000e+00
6.945000000000000000e+02 0.000000000000000000e+00
7.307000000000000455e+02 0.000000000000000000e+00
7.687000000000000455e+02 0.000000000000000000e+00
8.087999999999999545e+02 0.000000000000000000e+00
8.508999999999999773e+02 0.000000000000000000e+00
8.952000000000000455e+02 0.000000000000000000e+00
9.417999999999999545e+02 0.000000000000000000e+00
9.908000000000000682e+02 0.000000000000000000e+00
1.042000000000000000e+03 0.000000000000000000e+00
1.097000000000000000e+03 0.000000000000000000e+00
1.154000000000000000e+03 0.000000000000000000e+00
1.214000000000000000e+03 0.000000000000000000e+00
1.277000000000000000e+03 0.000000000000000000e+00
1.344000000000000000e+03 0.000000000000000000e+00
1.414000000000000000e+03 0.000000000000000000e+00
1.487000000000000000e+03 0.000000000000000000e+00
1.565000000000000000e+03 0.000000000000000000e+00
1.646000000000000000e+03 0.000000000000000000e+00
1.732000000000000000e+03 0.000000000000000000e+00
1.822000000000000000e+03 0.000000000000000000e+00
1.917000000000000000e+03 0.000000000000000000e+00
2.017000000000000000e+03 0.000000000000000000e+00
2.122000000000000000e+03 0.000000000000000000e+00
2.232000000000000000e+03 0.000000000000000000e+00
2.348000000000000000e+03 0.000000000000000000e+00
2.470000000000000000e+03 0.000000000000000000e+00
2.599000000000000000e+03 0.000000000000000000e+00
2.734000000000000000e+03 0.000000000000000000e+00
2.877000000000000000e+03 0.000000000000000000e+00
3.027000000000000000e+03 0.000000000000000000e+00
3.184000000000000000e+03 0.000000000000000000e+00
3.350000000000000000e+03 0.000000000000000000e+00
3.524000000000000000e+03 0.000000000000000000e+00
3.708000000000000000e+03 0.000000000000000000e+00
3.901000000000000000e+03 0.000000000000000000e+00
4.104000000000000000e+03 0.000000000000000000e+00
4.318000000000000000e+03 0.000000000000000000e+00
4.543000000000000000e+03 0.000000000000000000e+00
4.779000000000000000e+03 0.000000000000000000e+00
5.028000000000000000e+03 0.000000000000000000e+00
5.290000000000000000e+03 0.000000000000000000e+00
5.565000000000000000e+03 0.000000000000000000e+00
5.855000000000000000e+03 0.000000000000000000e+00
6.160000000000000000e+03 0.000000000000000000e+00
6.481000000000000000e+03 0.000000000000000000e+00
6.818000000000000000e+03 0.000000000000000000e+00
7.173000000000000000e+03 0.000000000000000000e+00
7.547000000000000000e+03 0.000000000000000000e+00
7.940000000000000000e+03 0.000000000000000000e+00
8.353000000000000000e+03 0.000000000000000000e+00
8.788000000000000000e+03 0.000000000000000000e+00
9.246000000000000000e+03 0.000000000000000000e+00
9.727000000000000000e+03 0.000000000000000000e+00
1.023000000000000000e+04 0.000000000000000000e+00
1.077000000000000000e+04 0.000000000000000000e+00
1.133000000000000000e+04 0.000000000000000000e+00
1.192000000000000000e+04 0.000000000000000000e+00
1.254000000000000000e+04 0.000000000000000000e+00
1.319000000000000000e+04 0.000000000000000000e+00
1.388000000000000000e+04 0.000000000000000000e+00
1.460000000000000000e+04 0.000000000000000000e+00
1.536000000000000000e+04 0.000000000000000000e+00
1.616000000000000000e+04 0.000000000000000000e+00
1.700000000000000000e+04 0.000000000000000000e+00
1.789000000000000000e+04 0.000000000000000000e+00
1.882000000000000000e+04 0.000000000000000000e+00
1.980000000000000000e+04 0.000000000000000000e+00
2.083000000000000000e+04 0.000000000000000000e+00
2.191000000000000000e+04 0.000000000000000000e+00
2.305000000000000000e+04 0.000000000000000000e+00
2.425000000000000000e+04 0.000000000000000000e+00
2.552000000000000000e+04 0.000000000000000000e+00
2.684000000000000000e+04 0.000000000000000000e+00
2.824000000000000000e+04 0.000000000000000000e+00
2.971000000000000000e+04 0.000000000000000000e+00
3.126000000000000000e+04 0.000000000000000000e+00
3.289000000000000000e+04 0.000000000000000000e+00
3.460000000000000000e+04 0.000000000000000000e+00
3.640000000000000000e+04 0.000000000000000000e+00
3.830000000000000000e+04 0.000000000000000000e+00
4.029000000000000000e+04 0.000000000000000000e+00
4.239000000000000000e+04 0.000000000000000000e+00
4.460000000000000000e+04 0.000000000000000000e+00
4.692000000000000000e+04 0.000000000000000000e+00
4.936000000000000000e+04 0.000000000000000000e+00
5.193000000000000000e+04 0.000000000000000000e+00
5.464000000000000000e+04 0.000000000000000000e+00
5.748000000000000000e+04 0.000000000000000000e+00
6.047000000000000000e+04 0.000000000000000000e+00
6.362000000000000000e+04 0.000000000000000000e+00
6.693000000000000000e+04 0.000000000000000000e+00
7.042000000000000000e+04 0.000000000000000000e+00
7.409000000000000000e+04 0.000000000000000000e+00
7.794000000000000000e+04 0.000000000000000000e+00
8.200000000000000000e+04 0.000000000000000000e+00
8.627000000000000000e+04 0.000000000000000000e+00
9.076000000000000000e+04 0.000000000000000000e+00
9.549000000000000000e+04 0.000000000000000000e+00
1.005000000000000000e+05 0.000000000000000000e+00
1.057000000000000000e+05 0.000000000000000000e+00
1.112000000000000000e+05 0.000000000000000000e+00
1.170000000000000000e+05 0.000000000000000000e+00
1.231000000000000000e+05 0.000000000000000000e+00
1.295000000000000000e+05 0.000000000000000000e+00
1.362000000000000000e+05 0.000000000000000000e+00
1.433000000000000000e+05 0.000000000000000000e+00
1.508000000000000000e+05 0.000000000000000000e+00
1.586000000000000000e+05 0.000000000000000000e+00
1.669000000000000000e+05 0.000000000000000000e+00
1.756000000000000000e+05 0.000000000000000000e+00
1.847000000000000000e+05 0.000000000000000000e+00
1.943000000000000000e+05 0.000000000000000000e+00
2.045000000000000000e+05 0.000000000000000000e+00
2.151000000000000000e+05 0.000000000000000000e+00
2.263000000000000000e+05 0.000000000000000000e+00
2.381000000000000000e+05 0.000000000000000000e+00
2.505000000000000000e+05 0.000000000000000000e+00
2.635000000000000000e+05 0.000000000000000000e+00
2.773000000000000000e+05 0.000000000000000000e+00
2.917000000000000000e+05 0.000000000000000000e+00
3.069000000000000000e+05 0.000000000000000000e+00
3.229000000000000000e+05 0.000000000000000000e+00
3.397000000000000000e+05 0.000000000000000000e+00
3.574000000000000000e+05 0.000000000000000000e+00
3.760000000000000000e+05 0.000000000000000000e+00
3.955000000000000000e+05 0.000000000000000000e+00
4.161000000000000000e+05 0.000000000000000000e+00
4.378000000000000000e+05 0.000000000000000000e+00
4.606000000000000000e+05 0.000000000000000000e+00
4.846000000000000000e+05 0.000000000000000000e+00
5.098000000000000000e+05 0.000000000000000000e+00
5.364000000000000000e+05 0.000000000000000000e+00
5.643000000000000000e+05 0.000000000000000000e+00
5.937000000000000000e+05 0.000000000000000000e+00
6.246000000000000000e+05 0.000000000000000000e+00
6.571000000000000000e+05 0.000000000000000000e+00
6.913000000000000000e+05 0.000000000000000000e+00
7.273000000000000000e+05 0.000000000000000000e+00
7.652000000000000000e+05 0.000000000000000000e+00
8.050000000000000000e+05 0.000000000000000000e+00
8.469000000000000000e+05 0.000000000000000000e+00
8.910000000000000000e+05 0.000000000000000000e+00
9.374000000000000000e+05 0.000000000000000000e+00
9.863000000000000000e+05 0.000000000000000000e+00
1.038000000000000000e+06 0.000000000000000000e+00
1.092000000000000000e+06 0.000000000000000000e+00
1.148000000000000000e+06 0.000000000000000000e+00
1.208000000000000000e+06 0.000000000000000000e+00
1.271000000000000000e+06 0.000000000000000000e+00
1.337000000000000000e+06 0.000000000000000000e+00
1.407000000000000000e+06 0.000000000000000000e+00
1.480000000000000000e+06 0.000000000000000000e+00
1.557000000000000000e+06 0.000000000000000000e+00
1.638000000000000000e+06 0.000000000000000000e+00
1.724000000000000000e+06 0.000000000000000000e+00
1.814000000000000000e+06 0.000000000000000000e+00
1.908000000000000000e+06 0.000000000000000000e+00
2.007000000000000000e+06 0.000000000000000000e+00
2.112000000000000000e+06 0.000000000000000000e+00
2.222000000000000000e+06 0.000000000000000000e+00
2.337000000000000000e+06 0.000000000000000000e+00
2.459000000000000000e+06 0.000000000000000000e+00
2.587000000000000000e+06 0.000000000000000000e+00
2.722000000000000000e+06 0.000000000000000000e+00
2.864000000000000000e+06 0.000000000000000000e+00
3.013000000000000000e+06 0.000000000000000000e+00
3.170000000000000000e+06 0.000000000000000000e+00
3.335000000000000000e+06 0.000000000000000000e+00
3.508000000000000000e+06 0.000000000000000000e+00
3.691000000000000000e+06 0.000000000000000000e+00
3.883000000000000000e+06 0.000000000000000000e+00
4.085000000000000000e+06 0.000000000000000000e+00
4.298000000000000000e+06 0.000000000000000000e+00
4.522000000000000000e+06 0.000000000000000000e+00
4.757000000000000000e+06 0.000000000000000000e+00
5.005000000000000000e+06 0.000000000000000000e+00
5.266000000000000000e+06 0.000000000000000000e+00
5.540000000000000000e+06 0.000000000000000000e+00
5.828000000000000000e+06 0.000000000000000000e+00
6.132000000000000000e+06 0.000000000000000000e+00
6.451000000000000000e+06 0.000000000000000000e+00
6.787000000000000000e+06 0.000000000000000000e+00
7.140000000000000000e+06 0.000000000000000000e+00
7.512000000000000000e+06 0.000000000000000000e+00
7.903000000000000000e+06 0.000000000000000000e+00
8.315000000000000000e+06 0.000000000000000000e+00
8.748000000000000000e+06 0.000000000000000000e+00
9.203000000000000000e+06 0.000000000000000000e+00
9.682000000000000000e+06 0.000000000000000000e+00
1.019000000000000000e+07 0.000000000000000000e+00
1.072000000000000000e+07 0.000000000000000000e+00
1.127000000000000000e+07 0.000000000000000000e+00
1.186000000000000000e+07 0.000000000000000000e+00
1.248000000000000000e+07 0.000000000000000000e+00
1.313000000000000000e+07 0.000000000000000000e+00
1.381000000000000000e+07 0.000000000000000000e+00
1.453000000000000000e+07 0.000000000000000000e+00
1.529000000000000000e+07 0.000000000000000000e+00
1.608000000000000000e+07 0.000000000000000000e+00
1.692000000000000000e+07 0.000000000000000000e+00
1.780000000000000000e+07 0.000000000000000000e+00
1.873000000000000000e+07 0.000000000000000000e+00
1.971000000000000000e+07 0.000000000000000000e+00
2.073000000000000000e+07 0.000000000000000000e+00
2.181000000000000000e+07 0.000000000000000000e+00
2.295000000000000000e+07 0.000000000000000000e+00
2.414000000000000000e+07 0.000000000000000000e+00
2.540000000000000000e+07 0.000000000000000000e+00
2.672000000000000000e+07 0.000000000000000000e+00
2.811000000000000000e+07 0.000000000000000000e+00
2.958000000000000000e+07 0.000000000000000000e+00
3.112000000000000000e+07 0.000000000000000000e+00
3.274000000000000000e+07 0.000000000000000000e+00
3.444000000000000000e+07 0.000000000000000000e+00
3.623000000000000000e+07 0.000000000000000000e+00
3.812000000000000000e+07 0.000000000000000000e+00
4.011000000000000000e+07 0.000000000000000000e+00
4.219000000000000000e+07 0.000000000000000000e+00
4.439000000000000000e+07 0.000000000000000000e+00
4.670000000000000000e+07 0.000000000000000000e+00
4.913000000000000000e+07 0.000000000000000000e+00
5.169000000000000000e+07 0.000000000000000000e+00
5.438000000000000000e+07 0.000000000000000000e+00
5.722000000000000000e+07 0.000000000000000000e+00
6.019000000000000000e+07 0.000000000000000000e+00
6.333000000000000000e+07 0.000000000000000000e+00
6.663000000000000000e+07 0.000000000000000000e+00
7.010000000000000000e+07 0.000000000000000000e+00
7.375000000000000000e+07 0.000000000000000000e+00
7.759000000000000000e+07 0.000000000000000000e+00
8.163000000000000000e+07 0.000000000000000000e+00
8.588000000000000000e+07 0.000000000000000000e+00
9.035000000000000000e+07 0.000000000000000000e+00
9.505000000000000000e+07 0.000000000000000000e+00
1.000000000000000000e+08 0.000000000000000000e+00
