9.999999999999999547e-07 1.000078187353124376e+05
1.052000000000000050e-06 9.458316169852195890e+04
1.106999999999999947e-06 9.036466495945927454e+04
1.163999999999999994e-06 8.504840593781022471e+04
1.224999999999999918e-06 8.094214434560149675e+04
1.289000000000000068e-06 7.585668162583248341e+04
1.356000000000000019e-06 7.233188364770458429e+04
1.427000000000000059e-06 6.739859576479003590e+04
1.500999999999999901e-06 6.408719842103885458e+04
1.579000000000000044e-06 5.999469232447854301e+04
1.661000000000000064e-06 5.688969463317145710e+04
1.748000000000000035e-06 5.337722952062958939e+04
1.839000000000000096e-06 5.062035639803223603e+04
1.935000000000000108e-06 4.790953924082024605e+04
2.034999999999999998e-06 4.532592795790528180e+04
2.140999999999999915e-06 4.341910400311922422e+04
2.252999999999999859e-06 4.116294473980757903e+04
2.370000000000000179e-06 3.960832541125408898e+04
2.493000000000000102e-06 3.791759850403849850e+04
2.623000000000000128e-06 3.673624322351397132e+04
2.759999999999999833e-06 3.560561760662528832e+04
2.904000000000000063e-06 3.463095938045759976e+04
3.054999999999999973e-06 3.382091051982191857e+04
3.214000000000000060e-06 3.315917616109683877e+04
3.380999999999999901e-06 3.267002836252037378e+04
3.556999999999999995e-06 3.231176781316219422e+04
3.741999999999999917e-06 3.198578803980527300e+04
3.936999999999999745e-06 3.185713307216658359e+04
4.142000000000000323e-06 3.179485267766932520e+04
4.357999999999999610e-06 3.174530380439491637e+04
4.585000000000000147e-06 3.191090505813129130e+04
4.823999999999999892e-06 3.187235113215073216e+04
5.074999999999999691e-06 3.223783979081700454e+04
5.339000000000000043e-06 3.225073873968208500e+04
5.616999999999999753e-06 3.265672336921971510e+04
5.908999999999999668e-06 3.283282364205928025e+04
6.216999999999999938e-06 3.319036049470513535e+04
6.540999999999999716e-06 3.340375699707710737e+04
6.880999999999999848e-06 3.378589971397745103e+04
7.240000000000000138e-06 3.409433690476157062e+04
7.617000000000000086e-06 3.445855577231869393e+04
8.012999999999999344e-06 3.478415848060644930e+04
8.430000000000000603e-06 3.509726253051117237e+04
8.868999999999999280e-06 3.544423596082143922e+04
9.330999999999999261e-06 3.567144667794882844e+04
9.816999999999999351e-06 3.603341149064512138e+04
1.032999999999999935e-05 3.626255976032349281e+04
1.086999999999999926e-05 3.653991474833495886e+04
1.143000000000000068e-05 3.679560455487592117e+04
1.203000000000000002e-05 3.704216161911630479e+04
1.264999999999999916e-05 3.725895448772027885e+04
1.330999999999999962e-05 3.736158724444388645e+04
1.400999999999999969e-05 3.754055029192085931e+04
1.472999999999999958e-05 3.762756026756505889e+04
1.550000000000000068e-05 3.765598117787941010e+04
1.631000000000000139e-05 3.777605514981914166e+04
1.715999999999999833e-05 3.771749757266894449e+04
1.805000000000000167e-05 3.773746901840198552e+04
1.898999999999999945e-05 3.766786436921977293e+04
1.997999999999999844e-05 3.758663946625371318e+04
2.101999999999999865e-05 3.747152033002510143e+04
2.212000000000000167e-05 3.733971810369491868e+04
2.326999999999999913e-05 3.716175912784915272e+04
2.447999999999999940e-05 3.700760082291546132e+04
2.574999999999999910e-05 3.678223386970313004e+04
2.708999999999999982e-05 3.654875681766423804e+04
2.850000000000000157e-05 3.620742451443074970e+04
2.998999999999999916e-05 3.598363134855790850e+04
3.155000000000000117e-05 3.560255860861270776e+04
3.318999999999999902e-05 3.525137930318973667e+04
3.491999999999999770e-05 3.484701441242068540e+04
3.673999999999999722e-05 3.439037933876187890e+04
3.864999999999999756e-05 3.395728714048081019e+04
4.066000000000000034e-05 3.345342151586458203e+04
4.278000000000000037e-05 3.295173298003092350e+04
4.500999999999999766e-05 3.239432395546932821e+04
4.734999999999999897e-05 3.182301788101858256e+04
4.982000000000000073e-05 3.128681025916618455e+04
5.241000000000000134e-05 3.072003070725433645e+04
5.513999999999999723e-05 3.009550478327396559e+04
5.801000000000000194e-05 2.956172375198046211e+04
6.102999999999999674e-05 2.893256555597823171e+04
6.420999999999999679e-05 2.837562131389198839e+04
6.755999999999999690e-05 2.771884157924862666e+04
7.106999999999999548e-05 2.713385856256074476e+04
7.477000000000000410e-05 2.648554581132463500e+04
7.867000000000000403e-05 2.588386602116626455e+04
8.276000000000000045e-05 2.523408366657930674e+04
8.707000000000000492e-05 2.457909951468691361e+04
9.160999999999999872e-05 2.391044184303430666e+04
9.637999999999999541e-05 2.322413641166422167e+04
1.013999999999999982e-04 2.255587886172880826e+04
1.067000000000000050e-04 2.185713871094235947e+04
1.122000000000000032e-04 2.121312219231864583e+04
1.180999999999999975e-04 2.052117541611198249e+04
1.242000000000000103e-04 1.993777618534476642e+04
1.307000000000000056e-04 1.930434023356011676e+04
1.375000000000000083e-04 1.874264384964836063e+04
1.446999999999999936e-04 1.817276142550768418e+04
1.522000000000000132e-04 1.765120078955676217e+04
1.600999999999999884e-04 1.713185193153905857e+04
1.684000000000000004e-04 1.665305990139148344e+04
1.771999999999999975e-04 1.617999777144853579e+04
1.864000000000000043e-04 1.572133209996445657e+04
1.960999999999999961e-04 1.528224752241939495e+04
2.064000000000000025e-04 1.485733587291964432e+04
2.170999999999999916e-04 1.440936501305928869e+04
2.283999999999999952e-04 1.398818813565249911e+04
2.403000000000000134e-04 1.355200976845751939e+04
2.528000000000000191e-04 1.312984786388120847e+04
2.660000000000000146e-04 1.273009317017926878e+04
2.798000000000000248e-04 1.235482123755864995e+04
2.944000000000000002e-04 1.201910213575538910e+04
3.096999999999999927e-04 1.173033351490318637e+04
3.259000000000000070e-04 1.148080619148047117e+04
3.427999999999999841e-04 1.127685241916782252e+04
3.606999999999999855e-04 1.111030569758949787e+04
3.795000000000000088e-04 1.098309719924029923e+04
3.991999999999999997e-04 1.087743216546780241e+04
4.200000000000000174e-04 1.082020787305260274e+04
4.419000000000000076e-04 1.076254724363876085e+04
4.649000000000000246e-04 1.074814418066531834e+04
4.891000000000000165e-04 1.071731224997766003e+04
5.144999999999999834e-04 1.071212872716603488e+04
5.412999999999999843e-04 1.067291035511595692e+04
5.695000000000000192e-04 1.062694406462643201e+04
5.992000000000000364e-04 1.056979162279813499e+04
6.304000000000000358e-04 1.049555884434158543e+04
6.631999999999999658e-04 1.045209100305017819e+04
6.976999999999999912e-04 1.040642895925773882e+04
7.341000000000000086e-04 1.042710591518447291e+04
7.722999999999999613e-04 1.047118532520846929e+04
8.124999999999999627e-04 1.058517855550033164e+04
8.547999999999999609e-04 1.073013874371734892e+04
8.993000000000000126e-04 1.091640694137432365e+04
9.460999999999999575e-04 1.114298559779650350e+04
9.954000000000000174e-04 1.138359708537646475e+04
1.046999999999999971e-03 1.166115755424670715e+04
1.101999999999999898e-03 1.194056966591795390e+04
1.159000000000000091e-03 1.223712359207207555e+04
1.219000000000000031e-03 1.251611341696157979e+04
1.283000000000000069e-03 1.278581086667671298e+04
1.350000000000000071e-03 1.301669040688520727e+04
1.420000000000000038e-03 1.317551562797255428e+04
1.494000000000000102e-03 1.331833307307790164e+04
1.572000000000000047e-03 1.339428892405601619e+04
1.654000000000000088e-03 1.347888603341754060e+04
1.740000000000000010e-03 1.356580096628571118e+04
1.830000000000000029e-03 1.367814482489682996e+04
1.925999999999999978e-03 1.386887798935242245e+04
2.026000000000000023e-03 1.408133201977164026e+04
2.131000000000000082e-03 1.439535664203899069e+04
2.242000000000000069e-03 1.469792129408754772e+04
2.358999999999999986e-03 1.508738946212800147e+04
2.481999999999999831e-03 1.547040179641383838e+04
2.611000000000000040e-03 1.588278983055547360e+04
2.746999999999999876e-03 1.632680068788314748e+04
2.890000000000000208e-03 1.673181652043867871e+04
3.040999999999999866e-03 1.719044838499782054e+04
3.199000000000000021e-03 1.753934889286294128e+04
3.366000000000000068e-03 1.792557068276051359e+04
3.540999999999999877e-03 1.813305930404576429e+04
3.725000000000000012e-03 1.830515542164011276e+04
3.918999999999999741e-03 1.836064707196128074e+04
4.122999999999999929e-03 1.833668324402766302e+04
4.337999999999999842e-03 1.831811915363907610e+04
4.564000000000000348e-03 1.825835578696775337e+04
4.800999999999999712e-03 1.828347978339195470e+04
5.050999999999999934e-03 1.833132142495672815e+04
5.314000000000000147e-03 1.844168742455680331e+04
5.590999999999999616e-03 1.856864186244107623e+04
5.882000000000000076e-03 1.859735136535852143e+04
6.187999999999999924e-03 1.859428145473930999e+04
6.511000000000000294e-03 1.820639343734180875e+04
6.850000000000000186e-03 1.780178911905849236e+04
7.205999999999999732e-03 1.670179589598076927e+04
7.582000000000000198e-03 1.557958395273288806e+04
7.976000000000000451e-03 1.391309548039169567e+04
8.392000000000000154e-03 1.216312666926191196e+04
8.829000000000000042e-03 1.031368097615118677e+04
9.287999999999999381e-03 8.422362277616011852e+03
9.771999999999999437e-03 6.764095800559396594e+03
1.027999999999999921e-02 5.225838973247353351e+03
1.081999999999999976e-02 3.959144396107296416e+03
1.137999999999999949e-02 2.968607699553833299e+03
1.196999999999999974e-02 2.148551139748367859e+03
1.260000000000000009e-02 1.606467573734200869e+03
1.324999999999999963e-02 1.136634964613623879e+03
1.393999999999999927e-02 8.688267940092207482e+02
1.467000000000000075e-02 6.108400666077197911e+02
1.542999999999999927e-02 4.609681599524815283e+02
1.623000000000000137e-02 3.103600217729990618e+02
1.708000000000000143e-02 2.198677400795983488e+02
1.796999999999999986e-02 1.297555583658911758e+02
1.890000000000000013e-02 8.508613174173787286e+01
1.989000000000000143e-02 4.711962604981101066e+01
2.092000000000000109e-02 2.798519425851218045e+01
2.200999999999999832e-02 1.591580446278338634e+01
2.316000000000000003e-02 8.698369470126321445e+00
2.436999999999999930e-02 4.988974090090782632e+00
2.563000000000000000e-02 2.470422048525783509e+00
2.697000000000000092e-02 1.338626267601251696e+00
2.836999999999999938e-02 4.935870412364546933e-01
2.985000000000000153e-02 2.781614981152705224e-01
3.139999999999999736e-02 9.334947140966697032e-02
3.303999999999999992e-02 5.271432383715258380e-02
3.475999999999999923e-02 1.319121853197191725e-02
3.656999999999999834e-02 7.621528724239215284e-03
3.846999999999999725e-02 1.847137028831829066e-03
4.048000000000000209e-02 8.691526033580022209e-04
4.259000000000000286e-02 2.413904845922463670e-04
4.479999999999999954e-02 7.531927681886262029e-05
4.714000000000000135e-02 2.408766085094806605e-05
4.959000000000000213e-02 4.825213449701422012e-06
5.217000000000000109e-02 1.750812713964985554e-06
5.489000000000000129e-02 2.139463864288187405e-07
5.775000000000000272e-02 8.592464701230135372e-08
6.074999999999999845e-02 6.045368450427814197e-09
6.392000000000000459e-02 2.680087844403487606e-09
6.723999999999999422e-02 1.326277550201755182e-10
7.074999999999999345e-02 6.328011160999085542e-11
7.442999999999999616e-02 1.358173570121668715e-12
7.829999999999999460e-02 6.977506161439487841e-13
8.237999999999999490e-02 1.162600302464660395e-14
8.666999999999999704e-02 6.304786210557646103e-15
9.117999999999999716e-02 7.123829465604017909e-16
9.593000000000000138e-02 1.861178653466987236e-17
1.009000000000000036e-01 3.939522885401726451e-18
1.062000000000000027e-01 4.985243335702130300e-20
1.116999999999999937e-01 1.423587397624151344e-20
1.174999999999999933e-01 6.020329290583243428e-23
1.236000000000000015e-01 2.114481193967644325e-23
1.300999999999999934e-01 3.084471800684689240e-26
1.368999999999999939e-01 1.227651417442660929e-26
1.439999999999999891e-01 6.232888280151111942e-30
1.514999999999999958e-01 2.782379085687029432e-30
1.593999999999999861e-01 5.754513975708593943e-34
1.676999999999999880e-01 2.796250678248185733e-34
1.764000000000000012e-01 1.557738349131375690e-38
1.855999999999999872e-01 8.113191454701093560e-39
1.952000000000000124e-01 3.244485560734113851e-40
2.053999999999999992e-01 6.612005971895052571e-44
2.160999999999999865e-01 9.727354574142538478e-45
2.273999999999999910e-01 1.439392915303601001e-49
2.391999999999999960e-01 3.396509066272538920e-50
2.516999999999999793e-01 7.329639813421471791e-56
2.647999999999999798e-01 2.245972420005145541e-56
2.785000000000000253e-01 7.221918567286019531e-63
2.929999999999999827e-01 2.669028716995362994e-63
3.083000000000000185e-01 9.254664497120297254e-71
3.244000000000000217e-01 3.864800335266553377e-71
3.412000000000000033e-01 1.704591464234318920e-79
3.589999999999999858e-01 7.885841079794228920e-80
3.776999999999999802e-01 2.725568297784071902e-89
3.973999999999999755e-01 1.362357497476853132e-89
4.181000000000000272e-01 3.819456219877918521e-100
4.398000000000000242e-01 2.042271175161990386e-100
4.627000000000000002e-01 1.668233487520991076e-101
4.868000000000000105e-01 1.574532237843243765e-112
5.121999999999999886e-01 2.856732187503332772e-113
5.387999999999999456e-01 4.965957868276674147e-126
5.668999999999999595e-01 1.311860491367409518e-126
5.964000000000000412e-01 4.878345496529699127e-141
6.274999999999999467e-01 1.615976957751183261e-141
6.601000000000000201e-01 8.599804186212487673e-158
6.945000000000000062e-01 3.340746718682623574e-158
7.307000000000000162e-01 1.650333972387180967e-176
7.687000000000000499e-01 7.211268813221441436e-177
8.087999999999999634e-01 2.290539302198066000e-197
8.508999999999999897e-01 1.093792008212819361e-197
8.951999999999999957e-01 1.327679667436332839e-220
9.417999999999999705e-01 6.817426562272786890e-221
9.908000000000000140e-01 2.539372990410805383e-223
1.042000000000000037e+00 1.079566987039405033e-246
1.096999999999999975e+00 1.249043512258677430e-247
1.153999999999999915e+00 1.595944185547656251e-275
1.213999999999999968e+00 3.416419465589788941e-276
1.276999999999999913e+00 1.071877339462518690e-307
1.344000000000000083e+00 3.070686295782375978e-308
1.413999999999999924e+00 0.000000000000000000e+00
1.487000000000000099e+00 0.000000000000000000e+00
1.564999999999999947e+00 0.000000000000000000e+00
1.645999999999999908e+00 0.000000000000000000e+00
1.731999999999999984e+00 0.000000000000000000e+00
1.822000000000000064e+00 0.000000000000000000e+00
1.917000000000000037e+00 0.000000000000000000e+00
2.016999999999999904e+00 0.000000000000000000e+00
2.121999999999999886e+00 0.000000000000000000e+00
2.232000000000000206e+00 0.000000000000000000e+00
2.347999999999999865e+00 0.000000000000000000e+00
2.470000000000000195e+00 0.000000000000000000e+00
2.599000000000000199e+00 0.000000000000000000e+00
2.733999999999999986e+00 0.000000000000000000e+00
2.876999999999999780e+00 0.000000000000000000e+00
3.027000000000000135e+00 0.000000000000000000e+00
3.184000000000000163e+00 0.000000000000000000e+00
3.350000000000000089e+00 0.000000000000000000e+00
3.524000000000000021e+00 0.000000000000000000e+00
3.708000000000000185e+00 0.000000000000000000e+00
3.900999999999999801e+00 0.000000000000000000e+00
4.104000000000000092e+00 0.000000000000000000e+00
4.317999999999999616e+00 0.000000000000000000e+00
4.543000000000000149e+00 0.000000000000000000e+00
4.778999999999999915e+00 0.000000000000000000e+00
5.027999999999999581e+00 0.000000000000000000e+00
5.290000000000000036e+00 0.000000000000000000e+00
5.565000000000000391e+00 0.000000000000000000e+00
5.855000000000000426e+00 0.000000000000000000e+00
6.160000000000000142e+00 0.000000000000000000e+00
6.480999999999999872e+00 0.000000000000000000e+00
6.817999999999999616e+00 0.000000000000000000e+00
7.173000000000000043e+00 0.000000000000000000e+00
7.546999999999999709e+00 0.000000000000000000e+00
7.940000000000000391e+00 0.000000000000000000e+00
8.352999999999999758e+00 0.000000000000000000e+00
8.788000000000000256e+00 0.000000000000000000e+00
9.246000000000000441e+00 0.000000000000000000e+00
9.727000000000000313e+00 0.000000000000000000e+00
1.023000000000000043e+01 0.000000000000000000e+00
1.076999999999999957e+01 0.000000000000000000e+00
1.133000000000000007e+01 0.000000000000000000e+00
1.191999999999999993e+01 0.000000000000000000e+00
1.253999999999999915e+01 0.000000000000000000e+00
1.318999999999999950e+01 0.000000000000000000e+00
1.388000000000000078e+01 0.000000000000000000e+00
1.459999999999999964e+01 0.000000000000000000e+00
1.535999999999999943e+01 0.000000000000000000e+00
1.616000000000000014e+01 0.000000000000000000e+00
1.700000000000000000e+01 0.000000000000000000e+00
1.789000000000000057e+01 0.000000000000000000e+00
1.882000000000000028e+01 0.000000000000000000e+00
1.980000000000000071e+01 0.000000000000000000e+00
2.082999999999999829e+01 0.000000000000000000e+00
2.191000000000000014e+01 0.000000000000000000e+00
2.305000000000000071e+01 0.000000000000000000e+00
2.425000000000000000e+01 0.000000000000000000e+00
2.551999999999999957e+01 0.000000000000000000e+00
2.683999999999999986e+01 0.000000000000000000e+00
2.823999999999999844e+01 0.000000000000000000e+00
2.971000000000000085e+01 0.000000000000000000e+00
3.126000000000000156e+01 0.000000000000000000e+00
3.289000000000000057e+01 0.000000000000000000e+00
3.460000000000000142e+01 0.000000000000000000e+00
3.639999999999999858e+01 0.000000000000000000e+00
3.829999999999999716e+01 0.000000000000000000e+00
4.028999999999999915e+01 0.000000000000000000e+00
4.239000000000000057e+01 0.000000000000000000e+00
4.460000000000000142e+01 0.000000000000000000e+00
4.692000000000000171e+01 0.000000000000000000e+00
4.935999999999999943e+01 0.000000000000000000e+00
5.192999999999999972e+01 0.000000000000000000e+00
5.464000000000000057e+01 0.000000000000000000e+00
5.747999999999999687e+01 0.000000000000000000e+00
6.046999999999999886e+01 0.000000000000000000e+00
6.361999999999999744e+01 0.000000000000000000e+00
6.693000000000000682e+01 0.000000000000000000e+00
7.042000000000000171e+01 0.000000000000000000e+00
7.409000000000000341e+01 0.000000000000000000e+00
7.793999999999999773e+01 0.000000000000000000e+00
8.200000000000000000e+01 0.000000000000000000e+00
8.626999999999999602e+01 0.000000000000000000e+00
9.076000000000000512e+01 0.000000000000000000e+00
9.548999999999999488e+01 0.000000000000000000e+00
1.005000000000000000e+02 0.000000000000000000e+00
1.057000000000000028e+02 0.000000000000000000e+00
1.112000000000000028e+02 0.000000000000000000e+00
1.170000000000000000e+02 0.000000000000000000e+00
1.230999999999999943e+02 0.000000000000000000e+00
1.295000000000000000e+02 0.000000000000000000e+00
1.361999999999999886e+02 0.000000000000000000e+00
1.433000000000000114e+02 0.000000000000000000e+00
1.508000000000000114e+02 0.000000000000000000e+00
1.585999999999999943e+02 0.000000000000000000e+00
1.669000000000000057e+02 0.000000000000000000e+00
1.755999999999999943e+02 0.000000000000000000e+00
1.846999999999999886e+02 0.000000000000000000e+00
1.943000000000000114e+02 0.000000000000000000e+00
2.045000000000000000e+02 0.000000000000000000e+00
2.150999999999999943e+02 0.000000000000000000e+00
2.263000000000000114e+02 0.000000000000000000e+00
2.380999999999999943e+02 0.000000000000000000e+00
2.505000000000000000e+02 0.000000000000000000e+00
2.635000000000000000e+02 0.000000000000000000e+00
2.773000000000000114e+02 0.000000000000000000e+00
2.916999999999999886e+02 0.000000000000000000e+00
3.068999999999999773e+02 0.000000000000000000e+00
3.228999999999999773e+02 0.000000000000000000e+00
3.396999999999999886e+02 0.000000000000000000e+00
3.573999999999999773e+02 0.000000000000000000e+00
3.760000000000000000e+02 0.000000000000000000e+00
3.955000000000000000e+02 0.000000000000000000e+00
4.161000000000000227e+02 0.000000000000000000e+00
4.378000000000000114e+02 0.000000000000000000e+00
4.606000000000000227e+02 0.000000000000000000e+00
4.846000000000000227e+02 0.000000000000000000e+00
5.098000000000000114e+02 0.000000000000000000e+00
5.363999999999999773e+02 0.000000000000000000e+00
5.642999999999999545e+02 0.000000000000000000e+00
5.937000000000000455e+02 0.000000000000000000e+00
6.246000000000000227e+02 0.000000000000000000e+00
6.571000000000000227e+02 0.000000000000000000e+00
6.912999999999999545e+02 0.000000000000000000e+00
7.272999999999999545e+02 0.000000000000000000e+00
7.652000000000000455e+02 0.000000000000000000e+00
8.050000000000000000e+02 0.000000000000000000e+00
8.468999999999999773e+02 0.000000000000000000e+00
8.910000000000000000e+02 0.000000000000000000e+00
9.373999999999999773e+02 0.000000000000000000e+00
9.862999999999999545e+02 0.000000000000000000e+00
1.038000000000000000e+03 0.000000000000000000e+00
1.092000000000000000e+03 0.000000000000000000e+00
1.148000000000000000e+03 0.000000000000000000e+00
1.208000000000000000e+03 0.000000000000000000e+00
1.271000000000000000e+03 0.000000000000000000e+00
1.337000000000000000e+03 0.000000000000000000e+00
1.407000000000000000e+03 0.000000000000000000e+00
1.480000000000000000e+03 0.000000000000000000e+00
1.557000000000000000e+03 0.000000000000000000e+00
1.638000000000000000e+03 0.000000000000000000e+00
1.724000000000000000e+03 0.000000000000000000e+00
1.814000000000000000e+03 0.000000000000000000e+00
1.908000000000000000e+03 0.000000000000000000e+00
2.007000000000000000e+03 0.000000000000000000e+00
2.112000000000000000e+03 0.000000000000000000e+00
2.222000000000000000e+03 0.000000000000000000e+00
2.337000000000000000e+03 0.000000000000000000e+00
2.459000000000000000e+03 0.000000000000000000e+00
2.587000000000000000e+03 0.000000000000000000e+00
2.722000000000000000e+03 0.000000000000000000e+00
2.864000000000000000e+03 0.000000000000000000e+00
3.013000000000000000e+03 0.000000000000000000e+00
3.170000000000000000e+03 0.000000000000000000e+00
3.335000000000000000e+03 0.000000000000000000e+00
3.508000000000000000e+03 0.000000000000000000e+00
3.691000000000000000e+03 0.000000000000000000e+00
3.883000000000000000e+03 0.000000000000000000e+00
4.085000000000000000e+03 0.000000000000000000e+00
4.298000000000000000e+03 0.000000000000000000e+00
4.522000000000000000e+03 0.000000000000000000e+00
4.757000000000000000e+03 0.000000000000000000e+00
5.005000000000000000e+03 0.000000000000000000e+00
5.266000000000000000e+03 0.000000000000000000e+00
5.540000000000000000e+03 0.000000000000000000e+00
5.828000000000000000e+03 0.000000000000000000e+00
6.132000000000000000e+03 0.000000000000000000e+00
6.451000000000000000e+03 0.000000000000000000e+00
6.787000000000000000e+03 0.000000000000000000e+00
7.140000000000000000e+03 0.000000000000000000e+00
7.512000000000000000e+03 0.000000000000000000e+00
7.903000000000000000e+03 0.000000000000000000e+00
8.315000000000000000e+03 0.000000000000000000e+00
8.748000000000000000e+03 0.000000000000000000e+00
9.203000000000000000e+03 0.000000000000000000e+00
9.682000000000000000e+03 0.000000000000000000e+00
1.019000000000000000e+04 0.000000000000000000e+00
1.072000000000000000e+04 0.000000000000000000e+00
1.127000000000000000e+04 0.000000000000000000e+00
1.186000000000000000e+04 0.000000000000000000e+00
1.248000000000000000e+04 0.000000000000000000e+00
1.313000000000000000e+04 0.000000000000000000e+00
1.381000000000000000e+04 0.000000000000000000e+00
1.453000000000000000e+04 0.000000000000000000e+00
1.529000000000000000e+04 0.000000000000000000e+00
1.608000000000000000e+04 0.000000000000000000e+00
1.692000000000000000e+04 0.000000000000000000e+00
1.780000000000000000e+04 0.000000000000000000e+00
1.873000000000000000e+04 0.000000000000000000e+00
1.971000000000000000e+04 0.000000000000000000e+00
2.073000000000000000e+04 0.000000000000000000e+00
2.181000000000000000e+04 0.000000000000000000e+00
2.295000000000000000e+04 0.000000000000000000e+00
2.414000000000000000e+04 0.000000000000000000e+00
2.540000000000000000e+04 0.000000000000000000e+00
2.672000000000000000e+04 0.000000000000000000e+00
2.811000000000000000e+04 0.000000000000000000e+00
2.958000000000000000e+04 0.000000000000000000e+00
3.112000000000000000e+04 0.000000000000000000e+00
3.274000000000000000e+04 0.000000000000000000e+00
3.444000000000000000e+04 0.000000000000000000e+00
3.623000000000000000e+04 0.000000000000000000e+00
3.812000000000000000e+04 0.000000000000000000e+00
4.011000000000000000e+04 0.000000000000000000e+00
4.219000000000000000e+04 0.000000000000000000e+00
4.439000000000000000e+04 0.000000000000000000e+00
4.670000000000000000e+04 0.000000000000000000e+00
4.913000000000000000e+04 0.000000000000000000e+00
5.169000000000000000e+04 0.000000000000000000e+00
5.438000000000000000e+04 0.000000000000000000e+00
5.722000000000000000e+04 0.000000000000000000e+00
6.019000000000000000e+04 0.000000000000000000e+00
6.333000000000000000e+04 0.000000000000000000e+00
6.663000000000000000e+04 0.000000000000000000e+00
7.010000000000000000e+04 0.000000000000000000e+00
7.375000000000000000e+04 0.000000000000000000e+00
7.759000000000000000e+04 0.000000000000000000e+00
8.163000000000000000e+04 0.000000000000000000e+00
8.588000000000000000e+04 0.000000000000000000e+00
9.035000000000000000e+04 0.000000000000000000e+00
9.505000000000000000e+04 0.000000000000000000e+00
1.000000000000000000e+05 0.000000000000000000e+00
