1.000000000000000021e-03 1.000078187353124406e+02
1.051999999999999984e-03 9.458316169852196253e+01
1.106999999999999911e-03 9.036466495945927591e+01
1.163999999999999887e-03 8.504840593781021596e+01
1.224999999999999960e-03 8.094214434560149130e+01
1.288999999999999998e-03 7.585668162583249341e+01
1.356000000000000000e-03 7.233188364770458634e+01
1.427000000000000100e-03 6.739859576479003067e+01
1.500999999999999947e-03 6.408719842103884901e+01
1.579000000000000108e-03 5.999469232447853528e+01
1.661000000000000150e-03 5.688969463317145880e+01
1.747999999999999988e-03 5.337722952062958370e+01
1.839000000000000140e-03 5.062035639803222864e+01
1.935000000000000088e-03 4.790953924082025139e+01
2.034999999999999917e-03 4.532592795790529294e+01
2.141000000000000108e-03 4.341910400311923013e+01
2.252999999999999794e-03 4.116294473980757829e+01
2.370000000000000145e-03 3.960832541125408568e+01
2.492999999999999990e-03 3.791759850403850152e+01
2.623000000000000331e-03 3.673624322351396643e+01
2.759999999999999867e-03 3.560561760662529451e+01
2.903999999999999897e-03 3.463095938045760391e+01
3.054999999999999990e-03 3.382091051982191487e+01
3.213999999999999843e-03 3.315917616109683763e+01
3.380999999999999891e-03 3.267002836252036957e+01
3.556999999999999832e-03 3.231176781316219149e+01
3.742000000000000100e-03 3.198578803980527141e+01
3.936999999999999528e-03 3.185713307216658308e+01
4.142000000000000716e-03 3.179485267766932566e+01
4.357999999999999895e-03 3.174530380439491850e+01
4.585000000000000533e-03 3.191090505813129141e+01
4.824000000000000163e-03 3.187235113215073312e+01
5.074999999999999650e-03 3.223783979081700579e+01
5.338999999999999996e-03 3.225073873968208460e+01
5.616999999999999597e-03 3.265672336921971208e+01
5.908999999999999322e-03 3.283282364205928161e+01
6.217000000000000304e-03 3.319036049470513916e+01
6.540999999999999939e-03 3.340375699707711021e+01
6.880999999999999964e-03 3.378589971397745018e+01
7.239999999999999908e-03 3.409433690476156897e+01
7.617000000000000506e-03 3.445855577231869660e+01
8.012999999999999290e-03 3.478415848060645033e+01
8.429999999999999993e-03 3.509726253051117340e+01
8.868999999999998413e-03 3.544423596082143746e+01
9.330999999999999017e-03 3.567144667794883617e+01
9.816999999999999338e-03 3.603341149064512194e+01
1.032999999999999891e-02 3.626255976032349793e+01
1.086999999999999945e-02 3.653991474833495801e+01
1.143000000000000092e-02 3.679560455487592208e+01
1.203000000000000076e-02 3.704216161911630678e+01
1.264999999999999979e-02 3.725895448772028118e+01
1.330999999999999892e-02 3.736158724444388923e+01
1.400999999999999988e-02 3.754055029192086579e+01
1.473000000000000004e-02 3.762756026756505889e+01
1.549999999999999989e-02 3.765598117787941135e+01
1.631000000000000158e-02 3.777605514981914325e+01
1.715999999999999817e-02 3.771749757266894676e+01
1.805000000000000007e-02 3.773746901840198120e+01
1.898999999999999994e-02 3.766786436921977099e+01
1.997999999999999776e-02 3.758663946625371466e+01
2.101999999999999702e-02 3.747152033002510052e+01
2.212000000000000077e-02 3.733971810369491351e+01
2.326999999999999902e-02 3.716175912784915170e+01
2.447999999999999829e-02 3.700760082291546382e+01
2.574999999999999858e-02 3.678223386970313413e+01
2.708999999999999950e-02 3.654875681766422701e+01
2.850000000000000103e-02 3.620742451443075538e+01
2.998999999999999930e-02 3.598363134855790690e+01
3.155000000000000165e-02 3.560255860861270349e+01
3.318999999999999728e-02 3.525137930318973645e+01
3.491999999999999965e-02 3.484701441242069109e+01
3.673999999999999488e-02 3.439037933876187481e+01
3.864999999999999686e-02 3.395728714048081542e+01
4.066000000000000170e-02 3.345342151586457646e+01
4.277999999999999858e-02 3.295173298003092555e+01
4.500999999999999446e-02 3.239432395546932497e+01
4.734999999999999626e-02 3.182301788101857909e+01
4.982000000000000317e-02 3.128681025916618808e+01
5.240999999999999825e-02 3.072003070725433815e+01
5.513999999999999457e-02 3.009550478327396661e+01
5.800999999999999907e-02 2.956172375198045899e+01
6.102999999999999398e-02 2.893256555597823620e+01
6.421000000000000318e-02 2.837562131389199038e+01
6.755999999999999506e-02 2.771884157924862535e+01
7.106999999999999429e-02 2.713385856256074646e+01
7.477000000000000313e-02 2.648554581132463426e+01
7.867000000000000381e-02 2.588386602116626634e+01
8.276000000000000023e-02 2.523408366657930557e+01
8.707000000000000850e-02 2.457909951468691290e+01
9.160999999999999699e-02 2.391044184303430242e+01
9.637999999999999345e-02 2.322413641166421883e+01
1.014000000000000040e-01 2.255587886172880729e+01
1.067000000000000032e-01 2.185713871094235827e+01
1.122000000000000081e-01 2.121312219231865015e+01
1.180999999999999966e-01 2.052117541611197993e+01
1.242000000000000048e-01 1.993777618534476659e+01
1.307000000000000106e-01 1.930434023356011863e+01
1.375000000000000111e-01 1.874264384964835983e+01
1.446999999999999953e-01 1.817276142550768014e+01
1.522000000000000020e-01 1.765120078955676064e+01
1.600999999999999923e-01 1.713185193153906027e+01
1.683999999999999941e-01 1.665305990139148662e+01
1.771999999999999964e-01 1.617999777144853368e+01
1.864000000000000101e-01 1.572133209996445480e+01
1.960999999999999965e-01 1.528224752241939299e+01
2.064000000000000001e-01 1.485733587291964142e+01
2.170999999999999874e-01 1.440936501305928985e+01
2.283999999999999919e-01 1.398818813565249997e+01
2.403000000000000136e-01 1.355200976845751981e+01
2.528000000000000247e-01 1.312984786388120817e+01
2.660000000000000142e-01 1.273009317017926989e+01
2.798000000000000487e-01 1.235482123755864947e+01
2.943999999999999950e-01 1.201910213575538933e+01
3.096999999999999753e-01 1.173033351490318665e+01
3.259000000000000230e-01 1.148080619148046999e+01
3.427999999999999936e-01 1.127685241916782211e+01
3.606999999999999651e-01 1.111030569758949760e+01
3.795000000000000040e-01 1.098309719924029970e+01
3.991999999999999993e-01 1.087743216546780189e+01
4.200000000000000400e-01 1.082020787305260257e+01
4.419000000000000150e-01 1.076254724363876036e+01
4.649000000000000354e-01 1.074814418066531729e+01
4.891000000000000347e-01 1.071731224997765963e+01
5.144999999999999574e-01 1.071212872716603570e+01
5.413000000000000034e-01 1.067291035511595609e+01
5.695000000000000062e-01 1.062694406462643038e+01
5.992000000000000659e-01 1.056979162279813522e+01
6.304000000000000714e-01 1.049555884434158592e+01
6.632000000000000117e-01 1.045209100305017813e+01
6.976999999999999869e-01 1.040642895925773992e+01
7.340999999999999748e-01 1.042710591518447316e+01
7.722999999999999865e-01 1.047118532520846834e+01
8.125000000000000000e-01 1.058517855550033104e+01
8.548000000000000043e-01 1.073013874371734921e+01
8.992999999999999883e-01 1.091640694137432455e+01
9.460999999999999410e-01 1.114298559779650510e+01
9.954000000000000625e-01 1.138359708537646497e+01
1.046999999999999931e+00 1.166115755424670652e+01
1.101999999999999869e+00 1.194056966591795366e+01
1.159000000000000030e+00 1.223712359207207712e+01
1.219000000000000083e+00 1.251611341696158064e+01
1.283000000000000140e+00 1.278581086667671407e+01
1.350000000000000089e+00 1.301669040688520873e+01
1.419999999999999929e+00 1.317551562797255471e+01
1.493999999999999995e+00 1.331833307307790193e+01
1.572000000000000064e+00 1.339428892405601523e+01
1.654000000000000137e+00 1.347888603341753999e+01
1.739999999999999991e+00 1.356580096628571042e+01
1.830000000000000071e+00 1.367814482489683137e+01
1.925999999999999934e+00 1.386887798935242344e+01
2.025999999999999801e+00 1.408133201977164006e+01
2.131000000000000227e+00 1.439535664203899046e+01
2.241999999999999993e+00 1.469792129408754633e+01
2.358999999999999986e+00 1.508738946212800158e+01
2.481999999999999762e+00 1.547040179641383872e+01
2.611000000000000210e+00 1.588278983055547400e+01
2.746999999999999886e+00 1.632680068788314642e+01
2.890000000000000124e+00 1.673181652043867729e+01
3.040999999999999925e+00 1.719044838499782202e+01
3.198999999999999844e+00 1.753934889286294307e+01
3.366000000000000103e+00 1.792557068276051169e+01
3.540999999999999925e+00 1.813305930404576571e+01
3.725000000000000089e+00 1.830515542164011222e+01
3.918999999999999595e+00 1.836064707196128154e+01
4.123000000000000220e+00 1.833668324402766459e+01
4.338000000000000078e+00 1.831811915363907772e+01
4.564000000000000057e+00 1.825835578696775485e+01
4.801000000000000156e+00 1.828347978339195379e+01
5.051000000000000156e+00 1.833132142495672667e+01
5.314000000000000057e+00 1.844168742455680388e+01
5.590999999999999304e+00 1.856864186244107628e+01
5.881999999999999673e+00 1.859735136535852362e+01
6.187999999999999723e+00 1.859428145473930982e+01
6.511000000000000121e+00 1.820639343734180926e+01
6.850000000000000533e+00 1.780178911905849404e+01
7.205999999999999517e+00 1.670179589598076575e+01
7.581999999999999851e+00 1.557958395273288765e+01
7.976000000000000867e+00 1.391309548039169464e+01
8.391999999999999460e+00 1.216312666926191177e+01
8.829000000000000625e+00 1.031368097615118629e+01
9.288000000000000256e+00 8.422362277616011639e+00
9.772000000000000242e+00 6.764095800559398519e+00
1.027999999999999936e+01 5.225838973247353358e+00
1.082000000000000028e+01 3.959144396107295627e+00
1.137999999999999901e+01 2.968607699553833523e+00
1.196999999999999886e+01 2.148551139748367866e+00
1.259999999999999964e+01 1.606467573734200460e+00
1.325000000000000000e+01 1.136634964613623788e+00
1.393999999999999950e+01 8.688267940092206931e-01
1.466999999999999993e+01 6.108400666077197227e-01
1.542999999999999972e+01 4.609681599524815265e-01
1.623000000000000043e+01 3.103600217729990396e-01
1.708000000000000185e+01 2.198677400795983061e-01
1.796999999999999886e+01 1.297555583658911715e-01
1.889999999999999858e+01 8.508613174173786098e-02
1.989000000000000057e+01 4.711962604981102115e-02
2.092000000000000171e+01 2.798519425851217837e-02
2.200999999999999801e+01 1.591580446278338667e-02
2.316000000000000014e+01 8.698369470126320752e-03
2.437000000000000099e+01 4.988974090090781376e-03
2.562999999999999901e+01 2.470422048525783548e-03
2.697000000000000242e+01 1.338626267601251583e-03
2.837000000000000099e+01 4.935870412364547644e-04
2.985000000000000142e+01 2.781614981152705159e-04
3.139999999999999858e+01 9.334947140966694821e-05
3.303999999999999915e+01 5.271432383715258645e-05
3.475999999999999801e+01 1.319121853197191821e-05
3.657000000000000028e+01 7.621528724239214186e-06
3.846999999999999886e+01 1.847137028831829262e-06
4.048000000000000398e+01 8.691526033580021709e-07
4.259000000000000341e+01 2.413904845922464178e-07
4.479999999999999716e+01 7.531927681886261298e-08
4.714000000000000057e+01 2.408766085094806375e-08
4.959000000000000341e+01 4.825213449701421291e-09
5.217000000000000171e+01 1.750812713964985371e-09
5.489000000000000057e+01 2.139463864288187430e-10
5.775000000000000000e+01 8.592464701230135155e-11
6.075000000000000000e+01 6.045368450427815179e-12
6.392000000000000171e+01 2.680087844403487134e-12
6.723999999999999488e+01 1.326277550201754954e-13
7.075000000000000000e+01 6.328011160999086815e-14
7.442999999999999261e+01 1.358173570121668864e-15
7.829999999999999716e+01 6.977506161439488290e-16
8.237999999999999545e+01 1.162600302464660436e-17
8.667000000000000171e+01 6.304786210557646460e-18
9.117999999999999261e+01 7.123829465604018471e-19
9.593000000000000682e+01 1.861178653466987304e-20
1.009000000000000057e+02 3.939522885401726703e-21
1.062000000000000028e+02 4.985243335702129985e-23
1.116999999999999886e+02 1.423587397624151377e-23
1.175000000000000000e+02 6.020329290583244319e-26
1.236000000000000085e+02 2.114481193967644244e-26
1.300999999999999943e+02 3.084471800684689742e-29
1.369000000000000057e+02 1.227651417442660928e-29
1.440000000000000000e+02 6.232888280151110826e-33
1.515000000000000000e+02 2.782379085687029334e-33
1.593999999999999773e+02 5.754513975708593829e-37
1.676999999999999886e+02 2.796250678248185709e-37
1.764000000000000057e+02 1.557738349131375572e-41
1.855999999999999943e+02 8.113191454701093662e-42
1.952000000000000171e+02 3.244485560734113997e-43
2.054000000000000057e+02 6.612005971895051598e-47
2.160999999999999943e+02 9.727354574142538176e-48
2.273999999999999773e+02 1.439392915303600966e-52
2.391999999999999886e+02 3.396509066272538746e-53
2.516999999999999886e+02 7.329639813421473842e-59
2.647999999999999545e+02 2.245972420005145594e-59
2.785000000000000000e+02 7.221918567286018274e-66
2.930000000000000000e+02 2.669028716995363488e-66
3.083000000000000114e+02 9.254664497120298033e-74
3.244000000000000341e+02 3.864800335266553025e-74
3.411999999999999886e+02 1.704591464234318917e-82
3.590000000000000000e+02 7.885841079794230851e-83
3.776999999999999886e+02 2.725568297784072406e-92
3.973999999999999773e+02 1.362357497476853030e-92
4.181000000000000227e+02 3.819456219877918711e-103
4.398000000000000114e+02 2.042271175161990536e-103
4.626999999999999886e+02 1.668233487520991096e-104
4.868000000000000114e+02 1.574532237843243972e-115
5.122000000000000455e+02 2.856732187503332615e-116
5.387999999999999545e+02 4.965957868276674587e-129
5.668999999999999773e+02 1.311860491367409549e-129
5.964000000000000909e+02 4.878345496529698753e-144
6.275000000000000000e+02 1.615976957751183361e-144
6.601000000000000227e+02 8.599804186212488975e-161
6.945000000000000000e+02 3.340746718682623899e-161
7.307000000000000455e+02 1.650333972387181339e-179
7.687000000000000455e+02 7.211268813221441224e-180
8.087999999999999545e+02 2.290539302198066014e-200
8.508999999999999773e+02 1.093792008212819255e-200
8.952000000000000455e+02 1.327679667436332773e-223
9.417999999999999545e+02 6.817426562272786230e-224
9.908000000000000682e+02 2.539372990410805221e-226
1.042000000000000000e+03 1.079566987039405219e-249
1.097000000000000000e+03 1.249043512258677379e-250
1.154000000000000000e+03 1.595944185547655970e-278
1.214000000000000000e+03 3.416419465589788944e-279
1.277000000000000000e+03 1.071877339462524224e-310
1.344000000000000000e+03 3.070686295782218865e-311
1.414000000000000000e+03 0.000000000000000000e+00
1.487000000000000000e+03 0.000000000000000000e+00
1.565000000000000000e+03 0.000000000000000000e+00
1.646000000000000000e+03 0.000000000000000000e+00
1.732000000000000000e+03 0.000000000000000000e+00
1.822000000000000000e+03 0.000000000000000000e+00
1.917000000000000000e+03 0.000000000000000000e+00
2.017000000000000000e+03 0.000000000000000000e+00
2.122000000000000000e+03 0.000000000000000000e+00
2.232000000000000000e+03 0.000000000000000000e+00
2.348000000000000000e+03 0.000000000000000000e+00
2.470000000000000000e+03 0.000000000000000000e+00
2.599000000000000000e+03 0.000000000000000000e+00
2.734000000000000000e+03 0.000000000000000000e+00
2.877000000000000000e+03 0.000000000000000000e+00
3.027000000000000000e+03 0.000000000000000000e+00
3.184000000000000000e+03 0.000000000000000000e+00
3.350000000000000000e+03 0.000000000000000000e+00
3.524000000000000000e+03 0.000000000000000000e+00
3.708000000000000000e+03 0.000000000000000000e+00
3.901000000000000000e+03 0.000000000000000000e+00
4.104000000000000000e+03 0.000000000000000000e+00
4.318000000000000000e+03 0.000000000000000000e+00
4.543000000000000000e+03 0.000000000000000000e+00
4.779000000000000000e+03 0.000000000000000000e+00
5.028000000000000000e+03 0.000000000000000000e+00
5.290000000000000000e+03 0.000000000000000000e+00
5.565000000000000000e+03 0.000000000000000000e+00
5.855000000000000000e+03 0.000000000000000000e+00
6.160000000000000000e+03 0.000000000000000000e+00
6.481000000000000000e+03 0.000000000000000000e+00
6.818000000000000000e+03 0.000000000000000000e+00
7.173000000000000000e+03 0.000000000000000000e+00
7.547000000000000000e+03 0.000000000000000000e+00
7.940000000000000000e+03 0.000000000000000000e+00
8.353000000000000000e+03 0.000000000000000000e+00
8.788000000000000000e+03 0.000000000000000000e+00
9.246000000000000000e+03 0.000000000000000000e+00
9.727000000000000000e+03 0.000000000000000000e+00
1.023000000000000000e+04 0.000000000000000000e+00
1.077000000000000000e+04 0.000000000000000000e+00
1.133000000000000000e+04 0.000000000000000000e+00
1.192000000000000000e+04 0.000000000000000000e+00
1.254000000000000000e+04 0.000000000000000000e+00
1.319000000000000000e+04 0.000000000000000000e+00
1.388000000000000000e+04 0.000000000000000000e+00
1.460000000000000000e+04 0.000000000000000000e+00
1.536000000000000000e+04 0.000000000000000000e+00
1.616000000000000000e+04 0.000000000000000000e+00
1.700000000000000000e+04 0.000000000000000000e+00
1.789000000000000000e+04 0.000000000000000000e+00
1.882000000000000000e+04 0.000000000000000000e+00
1.980000000000000000e+04 0.000000000000000000e+00
2.083000000000000000e+04 0.000000000000000000e+00
2.191000000000000000e+04 0.000000000000000000e+00
2.305000000000000000e+04 0.000000000000000000e+00
2.425000000000000000e+04 0.000000000000000000e+00
2.552000000000000000e+04 0.000000000000000000e+00
2.684000000000000000e+04 0.000000000000000000e+00
2.824000000000000000e+04 0.000000000000000000e+00
2.971000000000000000e+04 0.000000000000000000e+00
3.126000000000000000e+04 0.000000000000000000e+00
3.289000000000000000e+04 0.000000000000000000e+00
3.460000000000000000e+04 0.000000000000000000e+00
3.640000000000000000e+04 0.000000000000000000e+00
3.830000000000000000e+04 0.000000000000000000e+00
4.029000000000000000e+04 0.000000000000000000e+00
4.239000000000000000e+04 0.000000000000000000e+00
4.460000000000000000e+04 0.000000000000000000e+00
4.692000000000000000e+04 0.000000000000000000e+00
4.936000000000000000e+04 0.000000000000000000e+00
5.193000000000000000e+04 0.000000000000000000e+00
5.464000000000000000e+04 0.000000000000000000e+00
5.748000000000000000e+04 0.000000000000000000e+00
6.047000000000000000e+04 0.000000000000000000e+00
6.362000000000000000e+04 0.000000000000000000e+00
6.693000000000000000e+04 0.000000000000000000e+00
7.042000000000000000e+04 0.000000000000000000e+00
7.409000000000000000e+04 0.000000000000000000e+00
7.794000000000000000e+04 0.000000000000000000e+00
8.200000000000000000e+04 0.000000000000000000e+00
8.627000000000000000e+04 0.000000000000000000e+00
9.076000000000000000e+04 0.000000000000000000e+00
9.549000000000000000e+04 0.000000000000000000e+00
1.005000000000000000e+05 0.000000000000000000e+00
1.057000000000000000e+05 0.000000000000000000e+00
1.112000000000000000e+05 0.000000000000000000e+00
1.170000000000000000e+05 0.000000000000000000e+00
1.231000000000000000e+05 0.000000000000000000e+00
1.295000000000000000e+05 0.000000000000000000e+00
1.362000000000000000e+05 0.000000000000000000e+00
1.433000000000000000e+05 0.000000000000000000e+00
1.508000000000000000e+05 0.000000000000000000e+00
1.586000000000000000e+05 0.000000000000000000e+00
1.669000000000000000e+05 0.000000000000000000e+00
1.756000000000000000e+05 0.000000000000000000e+00
1.847000000000000000e+05 0.000000000000000000e+00
1.943000000000000000e+05 0.000000000000000000e+00
2.045000000000000000e+05 0.000000000000000000e+00
2.151000000000000000e+05 0.000000000000000000e+00
2.263000000000000000e+05 0.000000000000000000e+00
2.381000000000000000e+05 0.000000000000000000e+00
2.505000000000000000e+05 0.000000000000000000e+00
2.635000000000000000e+05 0.000000000000000000e+00
2.773000000000000000e+05 0.000000000000000000e+00
2.917000000000000000e+05 0.000000000000000000e+00
3.069000000000000000e+05 0.000000000000000000e+00
3.229000000000000000e+05 0.000000000000000000e+00
3.397000000000000000e+05 0.000000000000000000e+00
3.574000000000000000e+05 0.000000000000000000e+00
3.760000000000000000e+05 0.000000000000000000e+00
3.955000000000000000e+05 0.000000000000000000e+00
4.161000000000000000e+05 0.000000000000000000e+00
4.378000000000000000e+05 0.000000000000000000e+00
4.606000000000000000e+05 0.000000000000000000e+00
4.846000000000000000e+05 0.000000000000000000e+00
5.098000000000000000e+05 0.000000000000000000e+00
5.364000000000000000e+05 0.000000000000000000e+00
5.643000000000000000e+05 0.000000000000000000e+00
5.937000000000000000e+05 0.000000000000000000e+00
6.246000000000000000e+05 0.000000000000000000e+00
6.571000000000000000e+05 0.000000000000000000e+00
6.913000000000000000e+05 0.000000000000000000e+00
7.273000000000000000e+05 0.000000000000000000e+00
7.652000000000000000e+05 0.000000000000000000e+00
8.050000000000000000e+05 0.000000000000000000e+00
8.469000000000000000e+05 0.000000000000000000e+00
8.910000000000000000e+05 0.000000000000000000e+00
9.374000000000000000e+05 0.000000000000000000e+00
9.863000000000000000e+05 0.000000000000000000e+00
1.038000000000000000e+06 0.000000000000000000e+00
1.092000000000000000e+06 0.000000000000000000e+00
1.148000000000000000e+06 0.000000000000000000e+00
1.208000000000000000e+06 0.000000000000000000e+00
1.271000000000000000e+06 0.000000000000000000e+00
1.337000000000000000e+06 0.000000000000000000e+00
1.407000000000000000e+06 0.000000000000000000e+00
1.480000000000000000e+06 0.000000000000000000e+00
1.557000000000000000e+06 0.000000000000000000e+00
1.638000000000000000e+06 0.000000000000000000e+00
1.724000000000000000e+06 0.000000000000000000e+00
1.814000000000000000e+06 0.000000000000000000e+00
1.908000000000000000e+06 0.000000000000000000e+00
2.007000000000000000e+06 0.000000000000000000e+00
2.112000000000000000e+06 0.000000000000000000e+00
2.222000000000000000e+06 0.000000000000000000e+00
2.337000000000000000e+06 0.000000000000000000e+00
2.459000000000000000e+06 0.000000000000000000e+00
2.587000000000000000e+06 0.000000000000000000e+00
2.722000000000000000e+06 0.000000000000000000e+00
2.864000000000000000e+06 0.000000000000000000e+00
3.013000000000000000e+06 0.000000000000000000e+00
3.170000000000000000e+06 0.000000000000000000e+00
3.335000000000000000e+06 0.000000000000000000e+00
3.508000000000000000e+06 0.000000000000000000e+00
3.691000000000000000e+06 0.000000000000000000e+00
3.883000000000000000e+06 0.000000000000000000e+00
4.085000000000000000e+06 0.000000000000000000e+00
4.298000000000000000e+06 0.000000000000000000e+00
4.522000000000000000e+06 0.000000000000000000e+00
4.757000000000000000e+06 0.000000000000000000e+00
5.005000000000000000e+06 0.000000000000000000e+00
5.266000000000000000e+06 0.000000000000000000e+00
5.540000000000000000e+06 0.000000000000000000e+00
5.828000000000000000e+06 0.000000000000000000e+00
6.132000000000000000e+06 0.000000000000000000e+00
6.451000000000000000e+06 0.000000000000000000e+00
6.787000000000000000e+06 0.000000000000000000e+00
7.140000000000000000e+06 0.000000000000000000e+00
7.512000000000000000e+06 0.000000000000000000e+00
7.903000000000000000e+06 0.000000000000000000e+00
8.315000000000000000e+06 0.000000000000000000e+00
8.748000000000000000e+06 0.000000000000000000e+00
9.203000000000000000e+06 0.000000000000000000e+00
9.682000000000000000e+06 0.000000000000000000e+00
1.019000000000000000e+07 0.000000000000000000e+00
1.072000000000000000e+07 0.000000000000000000e+00
1.127000000000000000e+07 0.000000000000000000e+00
1.186000000000000000e+07 0.000000000000000000e+00
1.248000000000000000e+07 0.000000000000000000e+00
1.313000000000000000e+07 0.000000000000000000e+00
1.381000000000000000e+07 0.000000000000000000e+00
1.453000000000000000e+07 0.000000000000000000e+00
1.529000000000000000e+07 0.000000000000000000e+00
1.608000000000000000e+07 0.000000000000000000e+00
1.692000000000000000e+07 0.000000000000000000e+00
1.780000000000000000e+07 0.000000000000000000e+00
1.873000000000000000e+07 0.000000000000000000e+00
1.971000000000000000e+07 0.000000000000000000e+00
2.073000000000000000e+07 0.000000000000000000e+00
2.181000000000000000e+07 0.000000000000000000e+00
2.295000000000000000e+07 0.000000000000000000e+00
2.414000000000000000e+07 0.000000000000000000e+00
2.540000000000000000e+07 0.000000000000000000e+00
2.672000000000000000e+07 0.000000000000000000e+00
2.811000000000000000e+07 0.000000000000000000e+00
2.958000000000000000e+07 0.000000000000000000e+00
3.112000000000000000e+07 0.000000000000000000e+00
3.274000000000000000e+07 0.000000000000000000e+00
3.444000000000000000e+07 0.000000000000000000e+00
3.623000000000000000e+07 0.000000000000000000e+00
3.812000000000000000e+07 0.000000000000000000e+00
4.011000000000000000e+07 0.000000000000000000e+00
4.219000000000000000e+07 0.000000000000000000e+00
4.439000000000000000e+07 0.000000000000000000e+00
4.670000000000000000e+07 0.000000000000000000e+00
4.913000000000000000e+07 0.000000000000000000e+00
5.169000000000000000e+07 0.000000000000000000e+00
5.438000000000000000e+07 0.000000000000000000e+00
5.722000000000000000e+07 0.000000000000000000e+00
6.019000000000000000e+07 0.000000000000000000e+00
6.333000000000000000e+07 0.000000000000000000e+00
6.663000000000000000e+07 0.000000000000000000e+00
7.010000000000000000e+07 0.000000000000000000e+00
7.375000000000000000e+07 0.000000000000000000e+00
7.759000000000000000e+07 0.000000000000000000e+00
8.163000000000000000e+07 0.000000000000000000e+00
8.588000000000000000e+07 0.000000000000000000e+00
9.035000000000000000e+07 0.000000000000000000e+00
9.505000000000000000e+07 0.000000000000000000e+00
1.000000000000000000e+08 0.000000000000000000e+00
