1.221799999999999287e+01 1.848804706875699200e+00
1.321799999999999287e+01 1.454189252314758374e+00
1.421799999999999287e+01 1.148586438759408468e+00
1.521799999999999287e+01 9.090442915416276914e-01
1.621799999999999287e+01 7.194114160147007109e-01
1.721799999999999287e+01 5.683171075473607559e-01
1.821799999999999287e+01 4.508359622961279345e-01
1.921799999999999287e+01 3.586198326013168569e-01
2.021799999999999287e+01 2.757752258473357143e-01
2.121799999999999287e+01 2.045320735622023489e-01
2.221799999999999287e+01 1.537539398750891739e-01
2.321799999999999287e+01 1.121557702762298048e-01
2.421799999999999287e+01 7.912018676751736423e-02
2.521799999999999287e+01 5.659508552088617084e-02
2.621799999999999287e+01 4.040103951247667885e-02
2.721799999999999287e+01 2.872609094188671025e-02
2.821799999999999287e+01 2.067388554865004849e-02
2.921799999999999287e+01 1.479508819687194027e-02
3.021799999999999287e+01 1.050758248654463413e-02
3.121799999999999287e+01 7.544992134028208168e-03
3.221799999999998931e+01 5.202804002822316275e-03
3.321799999999998931e+01 3.427281861677722134e-03
3.421799999999998931e+01 2.285452976379530928e-03
3.521799999999998931e+01 1.541708711885370238e-03
3.621799999999998931e+01 1.051386883102252857e-03
3.721799999999998931e+01 7.195920409881025786e-04
3.821799999999998931e+01 4.936873717065160764e-04
3.921799999999998931e+01 3.419775515817307927e-04
4.021799999999998931e+01 2.390642810696303659e-04
4.121799999999998931e+01 1.644997430376223143e-04
4.221799999999998931e+01 1.110965254795199316e-04
4.321799999999998931e+01 7.571581732402164332e-05
4.421799999999998931e+01 5.205284925070365786e-05
4.521799999999998931e+01 3.608335762304647849e-05
4.621799999999998931e+01 2.436711763127758130e-05
4.721799999999998931e+01 1.596400337037430059e-05
4.821799999999998931e+01 1.055102111655221489e-05
4.921799999999998931e+01 7.032452746058729359e-06
5.021799999999998931e+01 4.725336386402498151e-06
5.121799999999998931e+01 3.199887604634133743e-06
5.221799999999998931e+01 2.142512365248671180e-06
5.321799999999998931e+01 1.414877818581665996e-06
5.421799999999998931e+01 9.415487199432653356e-07
5.521799999999998931e+01 6.312103690564960527e-07
5.621799999999998931e+01 4.261854238594033342e-07
5.721799999999998931e+01 2.897396169741256178e-07
5.821799999999998931e+01 1.982892954602360610e-07
5.921799999999998931e+01 1.326602022996788171e-07
6.021799999999998931e+01 8.643926610034501150e-08
6.121799999999998931e+01 5.671841139999636124e-08
6.221799999999998931e+01 3.746982263213469332e-08
6.321799999999998931e+01 2.491669796828979669e-08
6.421799999999998931e+01 1.667483939271356171e-08
6.521799999999998931e+01 1.122820421440731270e-08
6.621799999999998931e+01 7.418190141595204789e-09
6.721799999999998931e+01 4.792447894033380477e-09
6.821799999999998931e+01 3.116028014428269708e-09
6.921799999999998931e+01 2.038680803814083567e-09
7.021799999999998931e+01 1.341911583543282312e-09
7.121799999999998931e+01 8.884878144631667990e-10
7.221799999999998931e+01 5.916449324519254382e-10
7.321799999999998931e+01 3.961731343604891368e-10
7.421799999999998931e+01 2.532520870598269758e-10
7.521799999999998931e+01 1.533798891029263923e-10
7.621799999999998931e+01 9.350706998256670060e-11
7.721799999999998931e+01 5.737291353063399718e-11
7.821799999999998931e+01 3.542292541700624630e-11
7.921799999999998931e+01 2.200434031210201394e-11
8.021799999999998931e+01 1.375031373743033905e-11
8.121799999999998931e+01 8.642383854018540328e-12
8.221799999999998931e+01 5.462731763191609725e-12
8.321799999999998931e+01 3.434174645647388900e-12
8.421799999999998931e+01 2.143365983080959729e-12
8.521799999999998931e+01 1.345163167289833466e-12
8.621799999999998931e+01 8.487942285269330155e-13
8.721799999999998931e+01 5.384244230896059499e-13
8.821799999999998931e+01 3.433127008493587080e-13
8.921799999999998931e+01 2.200125388544518986e-13
9.021799999999998931e+01 1.416931229895756507e-13
9.121799999999998931e+01 9.169524761870901691e-14
9.221799999999998931e+01 5.962056252691044259e-14
9.321799999999998931e+01 3.914892501134787794e-14
9.421799999999998931e+01 2.597660573581509512e-14
9.521799999999998931e+01 1.731080244386796955e-14
9.621799999999998931e+01 1.158471285937212030e-14
9.721799999999998931e+01 7.784825254883954610e-15
9.821799999999998931e+01 5.252564373202209171e-15
9.921799999999998931e+01 3.558093259534237987e-15
1.002179999999999893e+02 2.419648438895963198e-15
1.012179999999999893e+02 1.651744259667067681e-15
1.022179999999999893e+02 1.131765654663008720e-15
1.032179999999999893e+02 7.783266507606820833e-16
