4.999999999999999237e-03 1.541817299266199370e-01
9.999999999999998473e-03 8.185546964582927562e-03
1.499999999999999771e-02 7.470743035324495240e-04
1.999999999999999695e-02 9.099237905391627864e-05
2.499999999999999445e-02 1.371210158863053198e-05
2.999999999999999195e-02 2.444454018978327625e-06
3.499999999999999639e-02 4.823803276512231007e-07
3.999999999999999389e-02 1.022239210281532913e-07
4.499999999999999140e-02 2.292769309644392905e-08
4.999999999999998890e-02 5.375694017444005489e-09
5.499999999999998640e-02 1.310278445400381213e-09
5.999999999999999084e-02 3.218353574459087426e-10
6.499999999999998834e-02 8.209880170781746029e-11
6.999999999999999278e-02 2.748715417808380975e-11
7.499999999999999722e-02 7.954544339744014007e-12
7.999999999999998779e-02 2.012173804728516246e-12
8.499999999999999223e-02 5.116387870454562116e-13
8.999999999999999667e-02 1.415374122899341578e-13
