1.000000000000000021e-03 9.211410421260134740e+01
1.051999999999999984e-03 8.782272215120102032e+01
1.106999999999999911e-03 8.318689005645251200e+01
1.163999999999999887e-03 7.958441982174451823e+01
1.224999999999999960e-03 7.534504527641041705e+01
1.288999999999999998e-03 7.210432658622966073e+01
1.356000000000000000e-03 6.840930098085939903e+01
1.427000000000000100e-03 6.567305886620931688e+01
1.500999999999999947e-03 6.264134409264978842e+01
1.579000000000000108e-03 6.030578546304830923e+01
1.661000000000000150e-03 5.777222050257499575e+01
1.747999999999999988e-03 5.576748062383541082e+01
1.839000000000000140e-03 5.385345773651425816e+01
1.935000000000000088e-03 5.222186332661128461e+01
2.034999999999999917e-03 5.077736780540706718e+01
2.141000000000000108e-03 4.947881430580732598e+01
2.252999999999999794e-03 4.849954654249630437e+01
2.370000000000000145e-03 4.751012612430324822e+01
2.492999999999999990e-03 4.692759484031466855e+01
2.623000000000000331e-03 4.624115862123692722e+01
2.759999999999999867e-03 4.586225016428065970e+01
2.903999999999999897e-03 4.542277276473785008e+01
3.054999999999999990e-03 4.529070926784954310e+01
3.213999999999999843e-03 4.507235647076042540e+01
3.380999999999999891e-03 4.506155557998654615e+01
3.556999999999999832e-03 4.500858248099549996e+01
3.742000000000000100e-03 4.510130908761669843e+01
3.936999999999999528e-03 4.522999167839159185e+01
4.142000000000000716e-03 4.539881526078810481e+01
4.357999999999999895e-03 4.562900372949911798e+01
4.585000000000000533e-03 4.577583548554277115e+01
4.824000000000000163e-03 4.613410305101336917e+01
5.074999999999999650e-03 4.628103625271828037e+01
5.338999999999999996e-03 4.665091856798257197e+01
5.616999999999999597e-03 4.687255165727588491e+01
5.908999999999999322e-03 4.717196709015738065e+01
6.217000000000000304e-03 4.742504374107253540e+01
6.540999999999999939e-03 4.774867787231947602e+01
6.880999999999999964e-03 4.798175399797779050e+01
7.239999999999999908e-03 4.820440411988089124e+01
7.617000000000000506e-03 4.843462022542146883e+01
8.012999999999999290e-03 4.860357384852567009e+01
8.429999999999999993e-03 4.875320106363061257e+01
8.868999999999998413e-03 4.887282713129575740e+01
9.330999999999999017e-03 4.899112110830674283e+01
9.816999999999999338e-03 4.899313614799935124e+01
1.032999999999999891e-02 4.905489073433422220e+01
1.086999999999999945e-02 4.900932649887168679e+01
1.143000000000000092e-02 4.897161674218247640e+01
1.203000000000000076e-02 4.888255252754551350e+01
1.264999999999999979e-02 4.876722547157771714e+01
1.330999999999999892e-02 4.864598478638112056e+01
1.400999999999999988e-02 4.845385989257381709e+01
1.473000000000000004e-02 4.824030600867642704e+01
1.549999999999999989e-02 4.796542196737527775e+01
1.631000000000000158e-02 4.769794181440080649e+01
1.715999999999999817e-02 4.737260422014101380e+01
1.805000000000000007e-02 4.699888756962756986e+01
1.898999999999999994e-02 4.658651338730713576e+01
1.997999999999999776e-02 4.613742645854594571e+01
2.101999999999999702e-02 4.564526675649035070e+01
2.212000000000000077e-02 4.512782158202531946e+01
2.326999999999999902e-02 4.457551602925101975e+01
2.447999999999999829e-02 4.397052978521794842e+01
2.574999999999999858e-02 4.334695901985426048e+01
2.708999999999999950e-02 4.270308914918352627e+01
2.850000000000000103e-02 4.206200151450929070e+01
2.998999999999999930e-02 4.133441298819070653e+01
3.155000000000000165e-02 4.066780715083446296e+01
3.318999999999999728e-02 3.992695285680820660e+01
3.491999999999999965e-02 3.921986963279066174e+01
3.673999999999999488e-02 3.844503783132534380e+01
3.864999999999999686e-02 3.770077950645385556e+01
4.066000000000000170e-02 3.690449160082775393e+01
4.277999999999999858e-02 3.612638400343433887e+01
4.500999999999999446e-02 3.530009616185010657e+01
4.734999999999999626e-02 3.447051941981020207e+01
4.982000000000000317e-02 3.362119815226689923e+01
5.240999999999999825e-02 3.273679253842944092e+01
5.513999999999999457e-02 3.188106574567745355e+01
5.800999999999999907e-02 3.097404575635679791e+01
6.102999999999999398e-02 3.012397572937329215e+01
6.421000000000000318e-02 2.920950695622427062e+01
6.755999999999999506e-02 2.839046850395219579e+01
7.106999999999999429e-02 2.752803203826058365e+01
7.477000000000000313e-02 2.672557082515332283e+01
7.867000000000000381e-02 2.590462708412837500e+01
8.276000000000000023e-02 2.512734551042530384e+01
8.707000000000000850e-02 2.435715569840629868e+01
9.160999999999999699e-02 2.361141552712522440e+01
9.637999999999999345e-02 2.288288469903898914e+01
1.014000000000000040e-01 2.215608765891040122e+01
1.067000000000000032e-01 2.145644186475851001e+01
1.122000000000000081e-01 2.074862397153259863e+01
1.180999999999999966e-01 2.006198608008418915e+01
1.242000000000000048e-01 1.935980341003332228e+01
1.307000000000000106e-01 1.868888469958382714e+01
1.375000000000000111e-01 1.800284369463215128e+01
1.446999999999999953e-01 1.736130318436578079e+01
1.522000000000000020e-01 1.674101983666189497e+01
1.600999999999999923e-01 1.616501532491388815e+01
1.683999999999999941e-01 1.563541716040694851e+01
1.771999999999999964e-01 1.513461800541357505e+01
1.864000000000000101e-01 1.469972952929656884e+01
1.960999999999999965e-01 1.428331575336176584e+01
2.064000000000000001e-01 1.392407749130058647e+01
2.170999999999999874e-01 1.358150872906252715e+01
2.283999999999999919e-01 1.329639143299686488e+01
2.403000000000000136e-01 1.301065733997459972e+01
2.528000000000000247e-01 1.277090471348840772e+01
2.660000000000000142e-01 1.252366928210427766e+01
2.798000000000000487e-01 1.229674049465213415e+01
2.943999999999999950e-01 1.206654492470863360e+01
3.096999999999999753e-01 1.182758867672572300e+01
3.259000000000000230e-01 1.160310559994888635e+01
3.427999999999999936e-01 1.136597182880299428e+01
3.606999999999999651e-01 1.117081841274514531e+01
3.795000000000000040e-01 1.098324821937216100e+01
3.991999999999999993e-01 1.085843801798152164e+01
4.200000000000000400e-01 1.076968337151505040e+01
4.419000000000000150e-01 1.073358059031110301e+01
4.649000000000000354e-01 1.074991540275107305e+01
4.891000000000000347e-01 1.079383545782226506e+01
5.144999999999999574e-01 1.089616016923600839e+01
5.413000000000000034e-01 1.100134680629649431e+01
5.695000000000000062e-01 1.116224201506878266e+01
5.992000000000000659e-01 1.130592289926571326e+01
6.304000000000000714e-01 1.148839618283315644e+01
6.632000000000000117e-01 1.163558986827003849e+01
6.976999999999999869e-01 1.178434959935039927e+01
7.340999999999999748e-01 1.189493672084330633e+01
7.722999999999999865e-01 1.197015698573086695e+01
8.125000000000000000e-01 1.202708439340055513e+01
8.548000000000000043e-01 1.204422868911844091e+01
8.992999999999999883e-01 1.207934125451752649e+01
9.460999999999999410e-01 1.211936080355452461e+01
9.954000000000000625e-01 1.219941203935197649e+01
1.046999999999999931e+00 1.233279378357313405e+01
1.101999999999999869e+00 1.250326546330962074e+01
1.159000000000000030e+00 1.273771607874624934e+01
1.219000000000000083e+00 1.298237821510319634e+01
1.283000000000000140e+00 1.328996503505913118e+01
1.350000000000000089e+00 1.358902846476177828e+01
1.419999999999999929e+00 1.391742228576893048e+01
1.493999999999999995e+00 1.423779674686017671e+01
1.572000000000000064e+00 1.453783554016317403e+01
1.654000000000000137e+00 1.481942278494382137e+01
1.739999999999999991e+00 1.501878051564739991e+01
1.830000000000000071e+00 1.517978503343515406e+01
1.925999999999999934e+00 1.522325715699143345e+01
2.025999999999999801e+00 1.521687606438784890e+01
2.131000000000000227e+00 1.512187818384918003e+01
2.241999999999999993e+00 1.498398999666433085e+01
2.358999999999999986e+00 1.486152213479270756e+01
2.481999999999999762e+00 1.471482127925652961e+01
2.611000000000000210e+00 1.466644513568118668e+01
2.746999999999999886e+00 1.460690340677984800e+01
2.890000000000000124e+00 1.463882050355299214e+01
3.040999999999999925e+00 1.466468129019788158e+01
3.198999999999999844e+00 1.472075146025108339e+01
3.366000000000000103e+00 1.479013739111209702e+01
3.540999999999999925e+00 1.480231923809293093e+01
3.725000000000000089e+00 1.485877129895483861e+01
3.918999999999999595e+00 1.478634572192373753e+01
4.123000000000000220e+00 1.472666746460198617e+01
4.338000000000000078e+00 1.449523532797858216e+01
4.564000000000000057e+00 1.417349618291615165e+01
4.801000000000000156e+00 1.367438425022262471e+01
5.051000000000000156e+00 1.298504180892362925e+01
5.314000000000000057e+00 1.216788593516389838e+01
5.590999999999999304e+00 1.115206355093164881e+01
5.881999999999999673e+00 1.011034376268149337e+01
6.187999999999999723e+00 9.013449086728993365e+00
6.511000000000000121e+00 7.969755244700049701e+00
6.850000000000000533e+00 7.023027405653429867e+00
7.205999999999999517e+00 6.175422448964052791e+00
7.581999999999999851e+00 5.446580682850719057e+00
7.976000000000000867e+00 4.797267684196842907e+00
8.391999999999999460e+00 4.239558000557970274e+00
8.829000000000000625e+00 3.712065375686016466e+00
9.288000000000000256e+00 3.225133067920779695e+00
9.772000000000000242e+00 2.736237176023497142e+00
1.027999999999999936e+01 2.277309514403594193e+00
1.082000000000000028e+01 1.827806966280331125e+00
1.137999999999999901e+01 1.431397477396471274e+00
1.196999999999999886e+01 1.099395991407915218e+00
1.259999999999999964e+01 8.008511018109434332e-01
1.325000000000000000e+01 6.015480197249463146e-01
1.393999999999999950e+01 4.168159176542385325e-01
1.466999999999999993e+01 3.150738493305880183e-01
1.542999999999999972e+01 2.175622500107423640e-01
1.623000000000000043e+01 1.677943342060119747e-01
1.708000000000000185e+01 1.193600701847488121e-01
1.796999999999999886e+01 8.833948731886587247e-02
1.889999999999999858e+01 6.073783437955349029e-02
1.989000000000000057e+01 4.137403480819412671e-02
2.092000000000000171e+01 2.578616894124485803e-02
2.200999999999999801e+01 1.552703860413667813e-02
2.316000000000000014e+01 9.244704766056877077e-03
2.437000000000000099e+01 4.936094483790287590e-03
2.562999999999999901e+01 3.060343819773755913e-03
2.697000000000000242e+01 1.570896899837803673e-03
2.837000000000000099e+01 9.494018273292076371e-04
2.985000000000000142e+01 4.136237215777507914e-04
3.139999999999999858e+01 2.429483310708996369e-04
3.303999999999999915e+01 8.204812266527153342e-05
3.475999999999999801e+01 4.916246470220439826e-05
3.657000000000000028e+01 1.683563116388698058e-05
3.846999999999999886e+01 8.881743047418487642e-06
4.048000000000000398e+01 3.074106899727776284e-06
4.259000000000000341e+01 1.227634381233369434e-06
4.479999999999999716e+01 4.526617712239218915e-07
4.714000000000000057e+01 1.317069333382088188e-07
4.959000000000000341e+01 5.172929703672538146e-08
5.217000000000000171e+01 1.075167787791143627e-08
5.489000000000000057e+01 4.502147232136658471e-09
5.775000000000000000e+01 6.420920854476807823e-10
6.075000000000000000e+01 2.868488234090385859e-10
6.392000000000000171e+01 2.669893961867155124e-11
6.723999999999999488e+01 1.264590140605844738e-11
7.075000000000000000e+01 7.319720124457931245e-13
7.442999999999999261e+01 3.651323836945534161e-13
7.829999999999999716e+01 1.281551031601031053e-14
8.237999999999999545e+01 6.781150882790691688e-15
8.667000000000000171e+01 9.399309271757565744e-16
9.117999999999999261e+01 8.413870178314203807e-17
9.593000000000000682e+01 1.815858234344990459e-17
1.009000000000000057e+02 4.904116162411579739e-19
1.062000000000000028e+02 1.405904322943271038e-19
1.116999999999999886e+02 2.117805333778806681e-21
1.175000000000000000e+02 7.243031510242326486e-22
1.236000000000000085e+02 3.726422874916256587e-24
1.300999999999999943e+02 1.448178747929019892e-24
1.369000000000000057e+02 3.493479293789559895e-27
1.440000000000000000e+02 1.514631787279030877e-27
1.515000000000000000e+02 1.682815147553754824e-30
1.593999999999999773e+02 7.873024203724297050e-31
1.676999999999999886e+02 2.660637891325240546e-34
1.764000000000000057e+02 1.339992016812467471e-34
1.855999999999999943e+02 6.268170875819445945e-36
1.952000000000000171e+02 1.045541942149755608e-38
2.054000000000000057e+02 1.596162421521684000e-39
2.160999999999999943e+02 2.580618313581174504e-43
2.273999999999999773e+02 6.049952646231788322e-44
2.391999999999999886e+02 1.701075096458067360e-48
2.516999999999999886e+02 5.188928329197063942e-49
2.647999999999999545e+02 2.837376348322454128e-54
2.785000000000000000e+02 1.027123769715626281e-54
2.930000000000000000e+02 1.048918395467610409e-60
3.083000000000000114e+02 4.270401831516972843e-61
3.244000000000000341e+02 6.491110763702987425e-68
3.411999999999999886e+02 2.908170316452655802e-68
3.590000000000000000e+02 5.527147875260444560e-76
3.776999999999999886e+02 2.758501163757414043e-76
3.973999999999999773e+02 0.000000000000000000e+00
4.181000000000000227e+02 3.961491153691306397e-85
4.398000000000000114e+02 3.532117293749040744e-86
4.626999999999999886e+02 4.356336423637611576e-95
4.868000000000000114e+02 8.149957294799133533e-96
5.122000000000000455e+02 0.000000000000000000e+00
5.387999999999999545e+02 9.074776909017371222e-107
5.668999999999999773e+02 0.000000000000000000e+00
5.964000000000000909e+02 5.189273165898086486e-119
6.275000000000000000e+02 0.000000000000000000e+00
6.601000000000000227e+02 1.056630548605240148e-132
6.945000000000000000e+02 0.000000000000000000e+00
7.307000000000000455e+02 0.000000000000000000e+00
7.687000000000000455e+02 0.000000000000000000e+00
8.087999999999999545e+02 0.000000000000000000e+00
8.508999999999999773e+02 0.000000000000000000e+00
8.952000000000000455e+02 0.000000000000000000e+00
9.417999999999999545e+02 0.000000000000000000e+00
9.908000000000000682e+02 0.000000000000000000e+00
1.042000000000000000e+03 0.000000000000000000e+00
1.097000000000000000e+03 0.000000000000000000e+00
1.154000000000000000e+03 0.000000000000000000e+00
1.214000000000000000e+03 0.000000000000000000e+00
1.277000000000000000e+03 0.000000000000000000e+00
1.344000000000000000e+03 0.000000000000000000e+00
1.414000000000000000e+03 0.000000000000000000e+00
1.487000000000000000e+03 0.000000000000000000e+00
1.565000000000000000e+03 0.000000000000000000e+00
1.646000000000000000e+03 0.000000000000000000e+00
1.732000000000000000e+03 0.000000000000000000e+00
1.822000000000000000e+03 0.000000000000000000e+00
1.917000000000000000e+03 0.000000000000000000e+00
2.017000000000000000e+03 0.000000000000000000e+00
2.122000000000000000e+03 0.000000000000000000e+00
2.232000000000000000e+03 0.000000000000000000e+00
2.348000000000000000e+03 0.000000000000000000e+00
2.470000000000000000e+03 0.000000000000000000e+00
2.599000000000000000e+03 0.000000000000000000e+00
2.734000000000000000e+03 0.000000000000000000e+00
2.877000000000000000e+03 0.000000000000000000e+00
3.027000000000000000e+03 0.000000000000000000e+00
3.184000000000000000e+03 0.000000000000000000e+00
3.350000000000000000e+03 0.000000000000000000e+00
3.524000000000000000e+03 0.000000000000000000e+00
3.708000000000000000e+03 0.000000000000000000e+00
3.901000000000000000e+03 0.000000000000000000e+00
4.104000000000000000e+03 0.000000000000000000e+00
4.318000000000000000e+03 0.000000000000000000e+00
4.543000000000000000e+03 0.000000000000000000e+00
4.779000000000000000e+03 0.000000000000000000e+00
5.028000000000000000e+03 0.000000000000000000e+00
5.290000000000000000e+03 0.000000000000000000e+00
5.565000000000000000e+03 0.000000000000000000e+00
5.855000000000000000e+03 0.000000000000000000e+00
6.160000000000000000e+03 0.000000000000000000e+00
6.481000000000000000e+03 0.000000000000000000e+00
6.818000000000000000e+03 0.000000000000000000e+00
7.173000000000000000e+03 0.000000000000000000e+00
7.547000000000000000e+03 0.000000000000000000e+00
7.940000000000000000e+03 0.000000000000000000e+00
8.353000000000000000e+03 0.000000000000000000e+00
8.788000000000000000e+03 0.000000000000000000e+00
9.246000000000000000e+03 0.000000000000000000e+00
9.727000000000000000e+03 0.000000000000000000e+00
1.023000000000000000e+04 0.000000000000000000e+00
1.077000000000000000e+04 0.000000000000000000e+00
1.133000000000000000e+04 0.000000000000000000e+00
1.192000000000000000e+04 0.000000000000000000e+00
1.254000000000000000e+04 0.000000000000000000e+00
1.319000000000000000e+04 0.000000000000000000e+00
1.388000000000000000e+04 0.000000000000000000e+00
1.460000000000000000e+04 0.000000000000000000e+00
1.536000000000000000e+04 0.000000000000000000e+00
1.616000000000000000e+04 0.000000000000000000e+00
1.700000000000000000e+04 0.000000000000000000e+00
1.789000000000000000e+04 0.000000000000000000e+00
1.882000000000000000e+04 0.000000000000000000e+00
1.980000000000000000e+04 0.000000000000000000e+00
2.083000000000000000e+04 0.000000000000000000e+00
2.191000000000000000e+04 0.000000000000000000e+00
2.305000000000000000e+04 0.000000000000000000e+00
2.425000000000000000e+04 0.000000000000000000e+00
2.552000000000000000e+04 0.000000000000000000e+00
2.684000000000000000e+04 0.000000000000000000e+00
2.824000000000000000e+04 0.000000000000000000e+00
2.971000000000000000e+04 0.000000000000000000e+00
3.126000000000000000e+04 0.000000000000000000e+00
3.289000000000000000e+04 0.000000000000000000e+00
3.460000000000000000e+04 0.000000000000000000e+00
3.640000000000000000e+04 0.000000000000000000e+00
3.830000000000000000e+04 0.000000000000000000e+00
4.029000000000000000e+04 0.000000000000000000e+00
4.239000000000000000e+04 0.000000000000000000e+00
4.460000000000000000e+04 0.000000000000000000e+00
4.692000000000000000e+04 0.000000000000000000e+00
4.936000000000000000e+04 0.000000000000000000e+00
5.193000000000000000e+04 0.000000000000000000e+00
5.464000000000000000e+04 0.000000000000000000e+00
5.748000000000000000e+04 0.000000000000000000e+00
6.047000000000000000e+04 0.000000000000000000e+00
6.362000000000000000e+04 0.000000000000000000e+00
6.693000000000000000e+04 0.000000000000000000e+00
7.042000000000000000e+04 0.000000000000000000e+00
7.409000000000000000e+04 0.000000000000000000e+00
7.794000000000000000e+04 0.000000000000000000e+00
8.200000000000000000e+04 0.000000000000000000e+00
8.627000000000000000e+04 0.000000000000000000e+00
9.076000000000000000e+04 0.000000000000000000e+00
9.549000000000000000e+04 0.000000000000000000e+00
1.005000000000000000e+05 0.000000000000000000e+00
1.057000000000000000e+05 0.000000000000000000e+00
1.112000000000000000e+05 0.000000000000000000e+00
1.170000000000000000e+05 0.000000000000000000e+00
1.231000000000000000e+05 0.000000000000000000e+00
1.295000000000000000e+05 0.000000000000000000e+00
1.362000000000000000e+05 0.000000000000000000e+00
1.433000000000000000e+05 0.000000000000000000e+00
1.508000000000000000e+05 0.000000000000000000e+00
1.586000000000000000e+05 0.000000000000000000e+00
1.669000000000000000e+05 0.000000000000000000e+00
1.756000000000000000e+05 0.000000000000000000e+00
1.847000000000000000e+05 0.000000000000000000e+00
1.943000000000000000e+05 0.000000000000000000e+00
2.045000000000000000e+05 0.000000000000000000e+00
2.151000000000000000e+05 0.000000000000000000e+00
2.263000000000000000e+05 0.000000000000000000e+00
2.381000000000000000e+05 0.000000000000000000e+00
2.505000000000000000e+05 0.000000000000000000e+00
2.635000000000000000e+05 0.000000000000000000e+00
2.773000000000000000e+05 0.000000000000000000e+00
2.917000000000000000e+05 0.000000000000000000e+00
3.069000000000000000e+05 0.000000000000000000e+00
3.229000000000000000e+05 0.000000000000000000e+00
3.397000000000000000e+05 0.000000000000000000e+00
3.574000000000000000e+05 0.000000000000000000e+00
3.760000000000000000e+05 0.000000000000000000e+00
3.955000000000000000e+05 0.000000000000000000e+00
4.161000000000000000e+05 0.000000000000000000e+00
4.378000000000000000e+05 0.000000000000000000e+00
4.606000000000000000e+05 0.000000000000000000e+00
4.846000000000000000e+05 0.000000000000000000e+00
5.098000000000000000e+05 0.000000000000000000e+00
5.364000000000000000e+05 0.000000000000000000e+00
5.643000000000000000e+05 0.000000000000000000e+00
5.937000000000000000e+05 0.000000000000000000e+00
6.246000000000000000e+05 0.000000000000000000e+00
6.571000000000000000e+05 0.000000000000000000e+00
6.913000000000000000e+05 0.000000000000000000e+00
7.273000000000000000e+05 0.000000000000000000e+00
7.652000000000000000e+05 0.000000000000000000e+00
8.050000000000000000e+05 0.000000000000000000e+00
8.469000000000000000e+05 0.000000000000000000e+00
8.910000000000000000e+05 0.000000000000000000e+00
9.374000000000000000e+05 0.000000000000000000e+00
9.863000000000000000e+05 0.000000000000000000e+00
1.038000000000000000e+06 0.000000000000000000e+00
1.092000000000000000e+06 0.000000000000000000e+00
1.148000000000000000e+06 0.000000000000000000e+00
1.208000000000000000e+06 0.000000000000000000e+00
1.271000000000000000e+06 0.000000000000000000e+00
1.337000000000000000e+06 0.000000000000000000e+00
1.407000000000000000e+06 0.000000000000000000e+00
1.480000000000000000e+06 0.000000000000000000e+00
1.557000000000000000e+06 0.000000000000000000e+00
1.638000000000000000e+06 0.000000000000000000e+00
1.724000000000000000e+06 0.000000000000000000e+00
1.814000000000000000e+06 0.000000000000000000e+00
1.908000000000000000e+06 0.000000000000000000e+00
2.007000000000000000e+06 0.000000000000000000e+00
2.112000000000000000e+06 0.000000000000000000e+00
2.222000000000000000e+06 0.000000000000000000e+00
2.337000000000000000e+06 0.000000000000000000e+00
2.459000000000000000e+06 0.000000000000000000e+00
2.587000000000000000e+06 0.000000000000000000e+00
2.722000000000000000e+06 0.000000000000000000e+00
2.864000000000000000e+06 0.000000000000000000e+00
3.013000000000000000e+06 0.000000000000000000e+00
3.170000000000000000e+06 0.000000000000000000e+00
3.335000000000000000e+06 0.000000000000000000e+00
3.508000000000000000e+06 0.000000000000000000e+00
3.691000000000000000e+06 0.000000000000000000e+00
3.883000000000000000e+06 0.000000000000000000e+00
4.085000000000000000e+06 0.000000000000000000e+00
4.298000000000000000e+06 0.000000000000000000e+00
4.522000000000000000e+06 0.000000000000000000e+00
4.757000000000000000e+06 0.000000000000000000e+00
5.005000000000000000e+06 0.000000000000000000e+00
5.266000000000000000e+06 0.000000000000000000e+00
5.540000000000000000e+06 0.000000000000000000e+00
5.828000000000000000e+06 0.000000000000000000e+00
6.132000000000000000e+06 0.000000000000000000e+00
6.451000000000000000e+06 0.000000000000000000e+00
6.787000000000000000e+06 0.000000000000000000e+00
7.140000000000000000e+06 0.000000000000000000e+00
7.512000000000000000e+06 0.000000000000000000e+00
7.903000000000000000e+06 0.000000000000000000e+00
8.315000000000000000e+06 0.000000000000000000e+00
8.748000000000000000e+06 0.000000000000000000e+00
9.203000000000000000e+06 0.000000000000000000e+00
9.682000000000000000e+06 0.000000000000000000e+00
1.019000000000000000e+07 0.000000000000000000e+00
1.072000000000000000e+07 0.000000000000000000e+00
1.127000000000000000e+07 0.000000000000000000e+00
1.186000000000000000e+07 0.000000000000000000e+00
1.248000000000000000e+07 0.000000000000000000e+00
1.313000000000000000e+07 0.000000000000000000e+00
1.381000000000000000e+07 0.000000000000000000e+00
1.453000000000000000e+07 0.000000000000000000e+00
1.529000000000000000e+07 0.000000000000000000e+00
1.608000000000000000e+07 0.000000000000000000e+00
1.692000000000000000e+07 0.000000000000000000e+00
1.780000000000000000e+07 0.000000000000000000e+00
1.873000000000000000e+07 0.000000000000000000e+00
1.971000000000000000e+07 0.000000000000000000e+00
2.073000000000000000e+07 0.000000000000000000e+00
2.181000000000000000e+07 0.000000000000000000e+00
2.295000000000000000e+07 0.000000000000000000e+00
2.414000000000000000e+07 0.000000000000000000e+00
2.540000000000000000e+07 0.000000000000000000e+00
2.672000000000000000e+07 0.000000000000000000e+00
2.811000000000000000e+07 0.000000000000000000e+00
2.958000000000000000e+07 0.000000000000000000e+00
3.112000000000000000e+07 0.000000000000000000e+00
3.274000000000000000e+07 0.000000000000000000e+00
3.444000000000000000e+07 0.000000000000000000e+00
3.623000000000000000e+07 0.000000000000000000e+00
3.812000000000000000e+07 0.000000000000000000e+00
4.011000000000000000e+07 0.000000000000000000e+00
4.219000000000000000e+07 0.000000000000000000e+00
4.439000000000000000e+07 0.000000000000000000e+00
4.670000000000000000e+07 0.000000000000000000e+00
4.913000000000000000e+07 0.000000000000000000e+00
5.169000000000000000e+07 0.000000000000000000e+00
5.438000000000000000e+07 0.000000000000000000e+00
5.722000000000000000e+07 0.000000000000000000e+00
6.019000000000000000e+07 0.000000000000000000e+00
6.333000000000000000e+07 0.000000000000000000e+00
6.663000000000000000e+07 0.000000000000000000e+00
7.010000000000000000e+07 0.000000000000000000e+00
7.375000000000000000e+07 0.000000000000000000e+00
7.759000000000000000e+07 0.000000000000000000e+00
8.163000000000000000e+07 0.000000000000000000e+00
8.588000000000000000e+07 0.000000000000000000e+00
9.035000000000000000e+07 0.000000000000000000e+00
9.505000000000000000e+07 0.000000000000000000e+00
1.000000000000000000e+08 0.000000000000000000e+00
