1.903427155601598031e+01 1.887694952733306184e-03
2.003427155601598031e+01 1.100118402517397424e-03
2.103427155601598031e+01 7.017276435826773568e-04
2.203427155601598031e+01 4.069885645303474909e-04
2.303427155601598031e+01 2.111531378442449728e-04
2.403427155601598031e+01 1.438507752442912341e-04
2.503427155601598031e+01 8.061293012454705102e-05
2.603427155601598031e+01 4.838427469226345892e-05
2.703427155601598031e+01 2.956454756889924341e-05
2.803427155601598031e+01 1.700503988632548838e-05
2.903427155601598031e+01 1.018127004989270869e-05
3.003427155601598031e+01 6.111417829193177544e-06
3.103427155601598031e+01 3.626555101928680789e-06
3.203427155601598031e+01 2.058326917733381847e-06
3.303427155601598031e+01 1.110817006382991541e-06
3.403427155601598031e+01 5.913920667854366919e-07
3.503427155601598031e+01 3.763748476721012491e-07
3.603427155601598031e+01 2.317669388448690959e-07
3.703427155601598031e+01 1.122124559798290343e-07
3.803427155601598031e+01 6.133104691595456549e-08
3.903427155601598031e+01 4.111338059716076989e-08
4.003427155601598031e+01 2.307236327206202584e-08
4.103427155601598031e+01 1.555389852502892089e-08
4.203427155601598031e+01 9.427008909368682525e-09
4.303427155601598031e+01 3.940539025040374914e-09
4.403427155601598031e+01 2.068525725960961745e-09
4.503427155601598031e+01 7.978485405287064475e-10
4.603427155601598031e+01 3.398358227036174242e-10
4.703427155601598031e+01 2.442226323405054662e-10
4.803427155601598031e+01 1.780717575374807769e-10
4.903427155601598031e+01 1.090506264448199290e-10
5.003427155601598031e+01 4.187636160408741123e-11
5.103427155601598031e+01 1.068262596091014976e-11
5.203427155601598031e+01 8.220482541098453342e-12
5.303427155601598031e+01 6.478547970757518409e-12
5.403427155601598031e+01 4.639018929269636058e-12
5.503427155601598031e+01 2.708213876366645800e-12
5.603427155601598031e+01 1.114871033961166513e-12
5.703427155601598031e+01 6.117655646152979183e-13
5.803427155601598031e+01 3.913799724671541126e-13
5.903427155601598031e+01 2.486195208889249100e-13
6.003427155601598031e+01 1.494791645803558139e-13
6.103427155601598031e+01 9.431010204996755877e-14
6.203427155601598031e+01 6.081603378215247088e-14
6.303427155601598031e+01 3.096081928521902072e-14
6.403427155601598031e+01 1.957569117589256513e-14
6.503427155601598031e+01 1.078205826347397406e-14
6.603427155601598031e+01 3.048312721992970628e-15
6.703427155601598031e+01 1.568883304531167107e-15
6.803427155601598031e+01 1.114539299189161716e-15
6.903427155601598031e+01 6.903410157213038499e-16
7.003427155601598031e+01 4.761809356010406259e-16
7.103427155601598031e+01 3.025760980508372049e-16
7.203427155601598031e+01 1.412917288095844476e-16
7.303427155601598031e+01 8.390642858795324676e-17
7.403427155601598031e+01 5.000020753271480603e-17
7.503427155601598031e+01 1.832221710354240537e-17
7.603427155601598031e+01 9.708394443408883080e-18
7.703427155601598031e+01 7.206992492421556629e-18
7.803427155601598031e+01 4.767639470573787961e-18
7.903427155601598031e+01 3.135984070776433845e-18
8.003427155601598031e+01 1.753476482609948711e-18
8.103427155601598031e+01 4.280521298650275755e-19
8.203427155601598031e+01 7.000992930683648385e-20
8.303427155601598031e+01 5.774243077717300225e-20
8.403427155601598031e+01 4.557658134262261447e-20
8.503427155601598031e+01 3.570247691550438581e-20
8.603427155601598031e+01 2.678023943113246046e-20
