1.900000000000000000e+01 1.495287479425966466e-02
2.000000000000000000e+01 1.026438831387657333e-02
2.100000000000000000e+01 6.939342540189506227e-03
2.200000000000000000e+01 4.601000984478619341e-03
2.300000000000000000e+01 3.105798192791098949e-03
2.400000000000000000e+01 2.060528389124617783e-03
2.500000000000000000e+01 1.337671743969486623e-03
2.600000000000000000e+01 8.829988539313409672e-04
2.700000000000000000e+01 5.762996181917418893e-04
2.800000000000000000e+01 3.704484359974867047e-04
2.900000000000000000e+01 2.417932909276354918e-04
3.000000000000000000e+01 1.566077466932884314e-04
3.100000000000000000e+01 1.003164405188753175e-04
3.200000000000000000e+01 6.516160089531437718e-05
3.300000000000000000e+01 4.165971936457562729e-05
3.400000000000000000e+01 2.610321758675036898e-05
3.500000000000000000e+01 1.657626301615916734e-05
3.600000000000000000e+01 1.066031191828769014e-05
3.700000000000000000e+01 6.938188761345623440e-06
3.800000000000000000e+01 4.431761781529514841e-06
3.900000000000000000e+01 2.766054155765303910e-06
4.000000000000000000e+01 1.746923069500630873e-06
4.100000000000000000e+01 1.115744502669233144e-06
4.200000000000000000e+01 7.014342691915018435e-07
4.300000000000000000e+01 4.322798686731198261e-07
4.400000000000000000e+01 2.693582255057007366e-07
4.500000000000000000e+01 1.696169712201008000e-07
4.600000000000000000e+01 1.078903971017178898e-07
4.700000000000000000e+01 6.743160537900547563e-08
4.800000000000000000e+01 4.123529657864682572e-08
4.900000000000000000e+01 2.547074147268182316e-08
5.000000000000000000e+01 1.588567855897142891e-08
5.100000000000000000e+01 9.999928198437249510e-09
5.200000000000000000e+01 6.351256754114142468e-09
5.300000000000000000e+01 3.957897933104285417e-09
5.400000000000000000e+01 2.409519613131551828e-09
5.500000000000000000e+01 1.480203315175314622e-09
5.600000000000000000e+01 9.172691924973484194e-10
5.700000000000000000e+01 5.732231009426727766e-10
5.800000000000000000e+01 3.611401880371581792e-10
5.900000000000000000e+01 2.293155289322284593e-10
6.000000000000000000e+01 1.429593011311490664e-10
6.100000000000000000e+01 8.714333206147353631e-11
6.200000000000000000e+01 5.354613662742593368e-11
6.300000000000000000e+01 3.315766216526043008e-11
6.400000000000000000e+01 2.068693646458494456e-11
6.500000000000000000e+01 1.300063557307465281e-11
6.600000000000000000e+01 8.227981311322149127e-12
6.700000000000000000e+01 5.156689024513271817e-12
6.800000000000000000e+01 3.191832460828975962e-12
6.900000000000000000e+01 1.989446112443872026e-12
7.000000000000000000e+01 1.248419942829824792e-12
7.100000000000000000e+01 7.885745948882178576e-13
7.200000000000000000e+01 5.013015335276666260e-13
7.300000000000000000e+01 3.206663025900162661e-13
7.400000000000000000e+01 2.063633736543305440e-13
7.500000000000000000e+01 1.312107039370808861e-13
7.600000000000000000e+01 8.219898173044100290e-14
7.700000000000000000e+01 5.180886662138397866e-14
7.800000000000000000e+01 3.284841497499050441e-14
7.900000000000000000e+01 2.094749951277696608e-14
8.000000000000000000e+01 1.343366843373559236e-14
8.100000000000000000e+01 8.662460709592362262e-15
8.200000000000000000e+01 5.615829508742504119e-15
8.300000000000000000e+01 3.659792062795083951e-15
8.400000000000000000e+01 2.340627600994041231e-15
8.500000000000000000e+01 1.463816635914693099e-15
8.600000000000000000e+01 9.204783298377088542e-16
8.700000000000000000e+01 5.819134241525615359e-16
8.800000000000000000e+01 3.698012283563799930e-16
8.900000000000000000e+01 2.362068667743322949e-16
9.000000000000000000e+01 1.516287715106594238e-16
9.100000000000000000e+01 9.781106797680063201e-17
9.200000000000000000e+01 6.339654459998930369e-17
9.300000000000000000e+01 4.128286032764119777e-17
9.400000000000000000e+01 2.639000262679903220e-17
9.500000000000000000e+01 1.650303599679769319e-17
9.600000000000000000e+01 1.037083562847533911e-17
9.700000000000000000e+01 6.548551794854967742e-18
9.800000000000000000e+01 4.154472237942949576e-18
9.900000000000000000e+01 2.647794596369113127e-18
1.000000000000000000e+02 1.695159448694137798e-18
1.010000000000000000e+02 1.090073639511029379e-18
1.020000000000000000e+02 7.040159038514014492e-19
1.030000000000000000e+02 4.566188974978344926e-19
1.040000000000000000e+02 2.973956117983902376e-19
