1.300000000000000000e+01 1.133181684608266897e-02
1.400000000000000000e+01 7.668882416707067419e-03
1.500000000000000000e+01 4.925205719830402958e-03
1.600000000000000000e+01 2.974426042015465826e-03
1.700000000000000000e+01 1.799265820066001413e-03
1.800000000000000000e+01 1.083339676651962763e-03
1.900000000000000000e+01 6.668935067925414175e-04
2.000000000000000000e+01 4.183915493784439409e-04
2.100000000000000000e+01 2.514956457136580700e-04
2.200000000000000000e+01 1.433948790055467656e-04
2.300000000000000000e+01 8.379036526920258915e-05
2.400000000000000000e+01 4.988225173588870702e-05
2.500000000000000000e+01 3.018444919840773303e-05
2.600000000000000000e+01 1.862266658943571062e-05
2.700000000000000000e+01 1.123391061920487081e-05
2.800000000000000000e+01 6.581583957304878443e-06
2.900000000000000000e+01 3.927932402104691287e-06
3.000000000000000000e+01 2.313436274854887304e-06
3.100000000000000000e+01 1.337099814132484677e-06
3.200000000000000000e+01 7.862012425262986721e-07
3.300000000000000000e+01 4.351361946663087024e-07
3.400000000000000000e+01 2.233907271279585483e-07
3.500000000000000000e+01 1.168977175436850624e-07
3.600000000000000000e+01 6.228514871888081865e-08
3.700000000000000000e+01 3.375786636473459788e-08
3.800000000000000000e+01 1.788103220320532168e-08
3.900000000000000000e+01 9.176397417224320551e-09
4.000000000000000000e+01 4.788681791927937526e-09
4.100000000000000000e+01 2.539031286697369556e-09
4.200000000000000000e+01 1.358490108885365030e-09
4.300000000000000000e+01 7.320676053866262011e-10
4.400000000000000000e+01 4.000951708385081114e-10
4.500000000000000000e+01 2.216256352164254825e-10
4.600000000000000000e+01 1.243558637561678231e-10
4.700000000000000000e+01 6.827615697193586252e-11
4.800000000000000000e+01 3.642151368398847823e-11
4.900000000000000000e+01 1.968017437913670908e-11
5.000000000000000000e+01 1.076608791910654799e-11
5.100000000000000000e+01 5.959833980958951712e-12
5.200000000000000000e+01 3.337022243538794026e-12
5.300000000000000000e+01 1.872802609447860404e-12
5.400000000000000000e+01 1.051377748679335695e-12
5.500000000000000000e+01 5.964755791113330815e-13
5.600000000000000000e+01 3.418456999179252899e-13
5.700000000000000000e+01 1.978409718307283674e-13
5.800000000000000000e+01 1.155857103763226417e-13
5.900000000000000000e+01 6.814821343515996445e-14
6.000000000000000000e+01 3.785533903998608026e-14
6.100000000000000000e+01 1.954268654414630999e-14
6.200000000000000000e+01 1.019720576390095018e-14
6.300000000000000000e+01 5.376135485016970619e-15
6.400000000000000000e+01 2.862929106594977278e-15
6.500000000000000000e+01 1.539459004439206429e-15
6.600000000000000000e+01 8.356313151579683038e-16
6.700000000000000000e+01 4.493872699570090428e-16
6.800000000000000000e+01 2.384501297159151008e-16
6.900000000000000000e+01 1.276936690122601018e-16
7.000000000000000000e+01 6.899565944767074623e-17
7.100000000000000000e+01 3.760496770364866690e-17
7.200000000000000000e+01 2.066972689151426538e-17
7.300000000000000000e+01 1.145485703788379851e-17
7.400000000000000000e+01 6.399019964251201780e-18
7.500000000000000000e+01 3.467631514756598083e-18
7.600000000000000000e+01 1.807989982816904073e-18
7.700000000000000000e+01 9.506870677446216790e-19
7.800000000000000000e+01 5.040378173251068284e-19
7.900000000000000000e+01 2.693901481556761379e-19
8.000000000000000000e+01 1.451128415826490227e-19
8.100000000000000000e+01 7.876826563953763404e-20
8.200000000000000000e+01 4.307614772525700221e-20
8.300000000000000000e+01 2.372926847026744462e-20
8.400000000000000000e+01 1.270048437676073789e-20
8.500000000000000000e+01 6.552484777521416626e-21
8.600000000000000000e+01 3.406733294424606188e-21
8.700000000000000000e+01 1.784594511002863690e-21
8.800000000000000000e+01 9.417504446210400705e-22
8.900000000000000000e+01 5.005587447260590129e-22
9.000000000000000000e+01 2.679339135769389629e-22
9.100000000000000000e+01 1.444064239744280895e-22
9.200000000000000000e+01 7.835496164756886055e-23
9.300000000000000000e+01 4.279615275914073912e-23
9.400000000000000000e+01 2.320189669862733029e-23
9.500000000000000000e+01 1.244779897491667593e-23
9.600000000000000000e+01 6.721740242908925433e-24
9.700000000000000000e+01 3.652857474103368026e-24
9.800000000000000000e+01 1.997510721222381593e-24
9.900000000000000000e+01 1.098996125751950724e-24
1.000000000000000000e+02 6.082761121266982233e-25
1.010000000000000000e+02 3.386502541171177371e-25
1.020000000000000000e+02 1.896260940492084192e-25
1.030000000000000000e+02 1.067805875337667175e-25
1.040000000000000000e+02 6.046261024533370196e-26
1.050000000000000000e+02 3.442199787920061752e-26
1.060000000000000000e+02 1.870842739342092309e-26
1.070000000000000000e+02 9.599464101023075695e-27
1.080000000000000000e+02 4.956130410848498073e-27
1.090000000000000000e+02 2.574394700424608053e-27
1.100000000000000000e+02 1.345228933023110648e-27
1.110000000000000000e+02 7.070647960432768251e-28
1.120000000000000000e+02 3.737822905388350900e-28
1.130000000000000000e+02 1.987149171897927474e-28
1.140000000000000000e+02 1.062310269934064989e-28
1.150000000000000000e+02 5.710044530413303511e-29
1.160000000000000000e+02 3.085701747851046419e-29
1.170000000000000000e+02 1.676312235788813602e-29
1.180000000000000000e+02 9.153845872797564879e-30
1.190000000000000000e+02 4.340672146668475122e-30
1.200000000000000000e+02 1.716056658332407621e-30
1.210000000000000000e+02 6.836616945908855401e-31
1.220000000000000000e+02 2.744296842319624173e-31
1.230000000000000000e+02 1.109807628749125498e-31
1.240000000000000000e+02 4.521046454611426573e-32
1.250000000000000000e+02 1.855043054748520435e-32
1.260000000000000000e+02 7.665546277794338432e-33
1.270000000000000000e+02 3.189758654980351249e-33
1.280000000000000000e+02 1.336444055953520127e-33
1.290000000000000000e+02 5.637359579300347211e-34
1.300000000000000000e+02 2.393798023648486083e-34
1.310000000000000000e+02 1.023156200370143429e-34
