9.999999999999999547e-07 1.568456572728396568e+05
1.052000000000000050e-06 1.518947650744482235e+05
1.106999999999999947e-06 1.460352939877282770e+05
1.163999999999999994e-06 1.416934116385749076e+05
1.224999999999999918e-06 1.369120161028885341e+05
1.289000000000000068e-06 1.330277242495331739e+05
1.356000000000000019e-06 1.292940343287795840e+05
1.427000000000000059e-06 1.260848305431943445e+05
1.500999999999999901e-06 1.232511419401462481e+05
1.579000000000000044e-06 1.208022385721276078e+05
1.661000000000000064e-06 1.187913901956577465e+05
1.748000000000000035e-06 1.170185120131485310e+05
1.839000000000000096e-06 1.156845875674497220e+05
1.935000000000000108e-06 1.145293520202320069e+05
2.034999999999999998e-06 1.138480340322063857e+05
2.140999999999999915e-06 1.132283938958873769e+05
2.252999999999999859e-06 1.130582086162646883e+05
2.370000000000000179e-06 1.129221080667732749e+05
2.493000000000000102e-06 1.131758034204668511e+05
2.623000000000000128e-06 1.134740790938244609e+05
2.759999999999999833e-06 1.139886109455532714e+05
2.904000000000000063e-06 1.146809900009110861e+05
3.054999999999999973e-06 1.153536191292941949e+05
3.214000000000000060e-06 1.163389656901606941e+05
3.380999999999999901e-06 1.171622166953834676e+05
3.556999999999999995e-06 1.182882626682145637e+05
3.741999999999999917e-06 1.192261700019450946e+05
3.936999999999999745e-06 1.204172007775991951e+05
4.142000000000000323e-06 1.214531539865469676e+05
4.357999999999999610e-06 1.226312263157131092e+05
4.585000000000000147e-06 1.237206271144844941e+05
4.823999999999999892e-06 1.248516024594343035e+05
5.074999999999999691e-06 1.259393386617999786e+05
5.339000000000000043e-06 1.269607722955585632e+05
5.616999999999999753e-06 1.280194162599046977e+05
5.908999999999999668e-06 1.289089065474263480e+05
6.216999999999999938e-06 1.299213483096529089e+05
6.540999999999999716e-06 1.306928243990753836e+05
6.880999999999999848e-06 1.315511377688622451e+05
7.240000000000000138e-06 1.322226113826209039e+05
7.617000000000000086e-06 1.329068316009899136e+05
8.012999999999999344e-06 1.334385847473703034e+05
8.430000000000000603e-06 1.338958347277442808e+05
8.868999999999999280e-06 1.342821271089621878e+05
9.330999999999999261e-06 1.345512171121810388e+05
9.816999999999999351e-06 1.347099302242178528e+05
1.032999999999999935e-05 1.348450154493390583e+05
1.086999999999999926e-05 1.347801774613491434e+05
1.143000000000000068e-05 1.347221263755302061e+05
1.203000000000000002e-05 1.344538251629139704e+05
1.264999999999999916e-05 1.341899268431659730e+05
1.330999999999999962e-05 1.337143752695785661e+05
1.400999999999999969e-05 1.332356390612805262e+05
1.472999999999999958e-05 1.325677258356186794e+05
1.550000000000000068e-05 1.319153660499229154e+05
1.631000000000000139e-05 1.310129899736907828e+05
1.715999999999999833e-05 1.301601428796684777e+05
1.805000000000000167e-05 1.290917591834052437e+05
1.898999999999999945e-05 1.280397924381795456e+05
1.997999999999999844e-05 1.267764577779372048e+05
2.101999999999999865e-05 1.255164120057347609e+05
2.212000000000000167e-05 1.241114570675894356e+05
2.326999999999999913e-05 1.226567603270823311e+05
2.447999999999999940e-05 1.211142356233536557e+05
2.574999999999999910e-05 1.195250548989458330e+05
2.708999999999999982e-05 1.178090261455870786e+05
2.850000000000000157e-05 1.160787965921184368e+05
2.998999999999999916e-05 1.142284041425950709e+05
3.155000000000000117e-05 1.123726174591731833e+05
3.318999999999999902e-05 1.104522252183622040e+05
3.491999999999999770e-05 1.084546546207993088e+05
3.673999999999999722e-05 1.064803544518998242e+05
3.864999999999999756e-05 1.043846364492645516e+05
4.066000000000000034e-05 1.023528609548183304e+05
4.278000000000000037e-05 1.001833118337912456e+05
4.500999999999999766e-05 9.810940343664507964e+04
4.734999999999999897e-05 9.591697780803294154e+04
4.982000000000000073e-05 9.380051525883076829e+04
5.241000000000000134e-05 9.161348289391577418e+04
5.513999999999999723e-05 8.946279108083603205e+04
5.801000000000000194e-05 8.731162526233596145e+04
6.102999999999999674e-05 8.515032706165901618e+04
6.420999999999999679e-05 8.304548163754557027e+04
6.755999999999999690e-05 8.089278333305435081e+04
7.106999999999999548e-05 7.885151229374874674e+04
7.477000000000000410e-05 7.676035282986689708e+04
7.867000000000000403e-05 7.477730582332436461e+04
8.276000000000000045e-05 7.277266219393385109e+04
8.707000000000000492e-05 7.086361728731064068e+04
9.160999999999999872e-05 6.895869544673080964e+04
9.637999999999999541e-05 6.714636789188068360e+04
1.013999999999999982e-04 6.535305207247647922e+04
1.067000000000000050e-04 6.365738590558585565e+04
1.122000000000000032e-04 6.199275821171764983e+04
1.180999999999999975e-04 6.042499117876384116e+04
1.242000000000000103e-04 5.888472545887758315e+04
1.307000000000000056e-04 5.747114578082197113e+04
1.375000000000000083e-04 5.606208306506110966e+04
1.446999999999999936e-04 5.478652095612293488e+04
1.522000000000000132e-04 5.355729279424755077e+04
1.600999999999999884e-04 5.241634982068105455e+04
1.684000000000000004e-04 5.137252133734634117e+04
1.771999999999999975e-04 5.035494753412154387e+04
1.864000000000000043e-04 4.949768194666997442e+04
1.960999999999999961e-04 4.863027952902022662e+04
2.064000000000000025e-04 4.793002873671358248e+04
2.170999999999999916e-04 4.723923689792401274e+04
2.283999999999999952e-04 4.667898021633033204e+04
2.403000000000000134e-04 4.618321409883072192e+04
2.528000000000000191e-04 4.574177460325275024e+04
2.660000000000000146e-04 4.544466243063564616e+04
2.798000000000000248e-04 4.512187551014815108e+04
2.944000000000000002e-04 4.499846888988198043e+04
3.096999999999999927e-04 4.482130845713360031e+04
3.259000000000000070e-04 4.482862691884792002e+04
3.427999999999999841e-04 4.482530668597616022e+04
3.606999999999999855e-04 4.492605653227597213e+04
3.795000000000000088e-04 4.510915441485798510e+04
3.991999999999999997e-04 4.528258942282065982e+04
4.200000000000000174e-04 4.563472648352736724e+04
4.419000000000000076e-04 4.589585164824686217e+04
4.649000000000000246e-04 4.637145237805037323e+04
4.891000000000000165e-04 4.675386458231212600e+04
5.144999999999999834e-04 4.729311420444802206e+04
5.412999999999999843e-04 4.782713136987003236e+04
5.695000000000000192e-04 4.839311596905289480e+04
5.992000000000000364e-04 4.907379921352832025e+04
6.304000000000000358e-04 4.966088533842614561e+04
6.631999999999999658e-04 5.044351791863917606e+04
6.976999999999999912e-04 5.108220964301386994e+04
7.341000000000000086e-04 5.190142239061438886e+04
7.722999999999999613e-04 5.263100451682812127e+04
8.124999999999999627e-04 5.342304531345280702e+04
8.547999999999999609e-04 5.425638669555961678e+04
8.993000000000000126e-04 5.499478681681383750e+04
9.460999999999999575e-04 5.590043066658206226e+04
9.954000000000000174e-04 5.660450920983372635e+04
1.046999999999999971e-03 5.750457387667591684e+04
1.101999999999999898e-03 5.822732574878104788e+04
1.159000000000000091e-03 5.904048998432799272e+04
1.219000000000000031e-03 5.979824494741826493e+04
1.283000000000000069e-03 6.047915160704185109e+04
1.350000000000000071e-03 6.126775827556827426e+04
1.420000000000000038e-03 6.179660742926892999e+04
1.494000000000000102e-03 6.253611051260565728e+04
1.572000000000000047e-03 6.297184583637637843e+04
1.654000000000000088e-03 6.355701685849621572e+04
1.740000000000000010e-03 6.394117971146309719e+04
1.830000000000000029e-03 6.427963189851487550e+04
1.925999999999999978e-03 6.462301214801053720e+04
2.026000000000000023e-03 6.468758829623702331e+04
2.131000000000000082e-03 6.492103567035040760e+04
2.242000000000000069e-03 6.474450738218524202e+04
2.358999999999999986e-03 6.475339419289035868e+04
2.481999999999999831e-03 6.439932783382041089e+04
2.611000000000000040e-03 6.406900736588396103e+04
2.746999999999999876e-03 6.357631984348932747e+04
2.890000000000000208e-03 6.284079041806881287e+04
3.040999999999999866e-03 6.217189709524442151e+04
3.199000000000000021e-03 6.105267755616576324e+04
3.366000000000000068e-03 6.010682486220513238e+04
3.540999999999999877e-03 5.868751189030000387e+04
3.725000000000000012e-03 5.733767911329771596e+04
3.918999999999999741e-03 5.569202057967025758e+04
4.122999999999999929e-03 5.384137542027235031e+04
4.337999999999999842e-03 5.196653617572184157e+04
4.564000000000000348e-03 4.959507146694762196e+04
4.800999999999999712e-03 4.740511547420269198e+04
5.050999999999999934e-03 4.456491685456809500e+04
5.314000000000000147e-03 4.187730809586207761e+04
5.590999999999999616e-03 3.864767451327200979e+04
5.882000000000000076e-03 3.536525577603183046e+04
6.187999999999999924e-03 3.185898381788779079e+04
6.511000000000000294e-03 2.806483450211281888e+04
6.850000000000000186e-03 2.445070262955252110e+04
7.205999999999999732e-03 2.058503707512127585e+04
7.582000000000000198e-03 1.713647873311596777e+04
7.976000000000000451e-03 1.379789509060477212e+04
8.392000000000000154e-03 1.084913535593267079e+04
8.829000000000000042e-03 8.444139428552716709e+03
9.287999999999999381e-03 6.246691035541469319e+03
9.771999999999999437e-03 4.772301600878772661e+03
1.027999999999999921e-02 3.348509723891843350e+03
1.081999999999999976e-02 2.545345973518477876e+03
1.137999999999999949e-02 1.783539967403131186e+03
1.196999999999999974e-02 1.336392909655531639e+03
1.260000000000000009e-02 9.410121689278437316e+02
1.324999999999999963e-02 6.838193909342408006e+02
1.393999999999999927e-02 4.727482026231334657e+02
1.467000000000000075e-02 3.194282264193436731e+02
1.542999999999999927e-02 2.050068663207520103e+02
1.623000000000000137e-02 1.226779559418703656e+02
1.708000000000000143e-02 7.556506925649216555e+01
1.796999999999999986e-02 3.968785701097768737e+01
1.890000000000000013e-02 2.494825795752507958e+01
1.989000000000000143e-02 1.220182484705843251e+01
2.092000000000000109e-02 7.703504749029447041e+00
2.200999999999999832e-02 3.406508533017835738e+00
2.316000000000000003e-02 2.078636157772391080e+00
2.436999999999999930e-02 7.406274415869656957e-01
2.563000000000000000e-02 4.302405242931077178e-01
2.697000000000000092e-02 1.655524458631034979e-01
2.836999999999999938e-02 7.881740776624020228e-02
2.985000000000000153e-02 3.131437813998177305e-02
3.139999999999999736e-02 1.158505017825615067e-02
3.303999999999999992e-02 4.737538804295807378e-03
3.475999999999999923e-02 1.255893392300042174e-03
3.656999999999999834e-02 5.525954468239779004e-04
3.846999999999999725e-02 1.124451735787640043e-04
4.048000000000000209e-02 5.175253098090400921e-05
4.259000000000000286e-02 6.780338517808498849e-06
4.479999999999999954e-02 3.337127243332757770e-06
4.714000000000000135e-02 3.130469022087151113e-07
4.959000000000000213e-02 1.615696733898746164e-07
5.217000000000000109e-02 8.571936634752334345e-09
5.489000000000000129e-02 4.597059162446730175e-09
5.775000000000000272e-02 5.707917065228365054e-10
6.074999999999999845e-02 1.105997886689048159e-10
6.392000000000000459e-02 2.228865946605978081e-11
6.723999999999999422e-02 1.279748673920243864e-12
7.074999999999999345e-02 3.535885420863580127e-13
7.442999999999999616e-02 1.039150100019674187e-14
7.829999999999999460e-02 3.533666134248157176e-15
8.237999999999999490e-02 4.190963634061452050e-17
8.666999999999999704e-02 1.648021605099359693e-17
9.117999999999999716e-02 8.634499521675290228e-20
9.593000000000000138e-02 3.798843433030568011e-20
1.009000000000000036e-01 1.082430889247323971e-22
1.062000000000000027e-01 5.166342243842188144e-23
1.116999999999999937e-01 5.571473878510029036e-26
1.174999999999999933e-01 2.873311652382843316e-26
1.236000000000000015e-01 5.620878032033753209e-28
1.300999999999999934e-01 6.474523735574349062e-30
1.368999999999999939e-01 7.968975875178178420e-31
1.439999999999999891e-01 6.508896903692534674e-34
1.514999999999999958e-01 1.425030310652461143e-34
1.593999999999999861e-01 1.872615149403211318e-38
1.676999999999999880e-01 5.498218695099870693e-39
1.764000000000000012e-01 1.568698154581925993e-43
1.855999999999999872e-01 5.596409492543287352e-44
1.952000000000000124e-01 3.594806067380641913e-49
2.053999999999999992e-01 1.473960017738418750e-49
2.160999999999999865e-01 1.922363147537360874e-55
2.273999999999999910e-01 8.711376788653163938e-56
2.391999999999999960e-01 2.049959914354827059e-62
2.516999999999999793e-01 1.008855760062497787e-62
2.647999999999999798e-01 3.018625611457561470e-70
2.785000000000000253e-01 1.581748396594147465e-70
2.929999999999999827e-01 9.740411255078798648e-72
3.083000000000000185e-01 3.140019719157336787e-79
3.244000000000000217e-01 5.115501908114728007e-80
3.412000000000000033e-01 6.257678113263135488e-89
3.589999999999999858e-01 1.568048425574420992e-89
3.776999999999999802e-01 1.052521797417299458e-99
3.973999999999999755e-01 3.361705281216825408e-100
4.181000000000000272e-01 9.188017021818643261e-112
4.398000000000000242e-01 3.491520849049784088e-112
4.627000000000000002e-01 3.112328121878757422e-125
4.868000000000000105e-01 1.332930211531983012e-125
5.121999999999999886e-01 3.875289080454475740e-140
5.387999999999999456e-01 1.811416694598825303e-140
5.668999999999999595e-01 8.718781481667708696e-176
5.964000000000000412e-01 3.898343124051225198e-157
6.274999999999999467e-01 3.853068409012318167e-177
6.601000000000000201e-01 1.059833007951927518e-175
6.945000000000000062e-01 1.083353517140719121e-176
7.307000000000000162e-01 5.761953646876868397e-220
7.687000000000000499e-01 3.543112930577647420e-197
8.087999999999999634e-01 1.205836321686740020e-245
8.508999999999999897e-01 4.044999630415211511e-220
8.951999999999999957e-01 -5.048445010242946983e-236
9.417999999999999705e-01 1.022485553597170523e-245
9.908000000000000140e-01 1.304992448754074050e-261
1.042000000000000037e+00 2.345224324153756345e-274
1.096999999999999975e+00 0.000000000000000000e+00
1.153999999999999915e+00 3.133961647564941939e-306
1.213999999999999968e+00 0.000000000000000000e+00
1.276999999999999913e+00 0.000000000000000000e+00
1.344000000000000083e+00 0.000000000000000000e+00
1.413999999999999924e+00 0.000000000000000000e+00
1.487000000000000099e+00 0.000000000000000000e+00
1.564999999999999947e+00 0.000000000000000000e+00
1.645999999999999908e+00 0.000000000000000000e+00
1.731999999999999984e+00 0.000000000000000000e+00
1.822000000000000064e+00 0.000000000000000000e+00
1.917000000000000037e+00 0.000000000000000000e+00
2.016999999999999904e+00 0.000000000000000000e+00
2.121999999999999886e+00 0.000000000000000000e+00
2.232000000000000206e+00 0.000000000000000000e+00
2.347999999999999865e+00 0.000000000000000000e+00
2.470000000000000195e+00 0.000000000000000000e+00
2.599000000000000199e+00 0.000000000000000000e+00
2.733999999999999986e+00 0.000000000000000000e+00
2.876999999999999780e+00 0.000000000000000000e+00
3.027000000000000135e+00 0.000000000000000000e+00
3.184000000000000163e+00 0.000000000000000000e+00
3.350000000000000089e+00 0.000000000000000000e+00
3.524000000000000021e+00 0.000000000000000000e+00
3.708000000000000185e+00 0.000000000000000000e+00
3.900999999999999801e+00 0.000000000000000000e+00
4.104000000000000092e+00 0.000000000000000000e+00
4.317999999999999616e+00 0.000000000000000000e+00
4.543000000000000149e+00 0.000000000000000000e+00
4.778999999999999915e+00 0.000000000000000000e+00
5.027999999999999581e+00 0.000000000000000000e+00
5.290000000000000036e+00 0.000000000000000000e+00
5.565000000000000391e+00 0.000000000000000000e+00
5.855000000000000426e+00 0.000000000000000000e+00
6.160000000000000142e+00 0.000000000000000000e+00
6.480999999999999872e+00 0.000000000000000000e+00
6.817999999999999616e+00 0.000000000000000000e+00
7.173000000000000043e+00 0.000000000000000000e+00
7.546999999999999709e+00 0.000000000000000000e+00
7.940000000000000391e+00 0.000000000000000000e+00
8.352999999999999758e+00 0.000000000000000000e+00
8.788000000000000256e+00 0.000000000000000000e+00
9.246000000000000441e+00 0.000000000000000000e+00
9.727000000000000313e+00 0.000000000000000000e+00
1.023000000000000043e+01 0.000000000000000000e+00
1.076999999999999957e+01 0.000000000000000000e+00
1.133000000000000007e+01 0.000000000000000000e+00
1.191999999999999993e+01 0.000000000000000000e+00
1.253999999999999915e+01 0.000000000000000000e+00
1.318999999999999950e+01 0.000000000000000000e+00
1.388000000000000078e+01 0.000000000000000000e+00
1.459999999999999964e+01 0.000000000000000000e+00
1.535999999999999943e+01 0.000000000000000000e+00
1.616000000000000014e+01 0.000000000000000000e+00
1.700000000000000000e+01 0.000000000000000000e+00
1.789000000000000057e+01 0.000000000000000000e+00
1.882000000000000028e+01 0.000000000000000000e+00
1.980000000000000071e+01 0.000000000000000000e+00
2.082999999999999829e+01 0.000000000000000000e+00
2.191000000000000014e+01 0.000000000000000000e+00
2.305000000000000071e+01 0.000000000000000000e+00
2.425000000000000000e+01 0.000000000000000000e+00
2.551999999999999957e+01 0.000000000000000000e+00
2.683999999999999986e+01 0.000000000000000000e+00
2.823999999999999844e+01 0.000000000000000000e+00
2.971000000000000085e+01 0.000000000000000000e+00
3.126000000000000156e+01 0.000000000000000000e+00
3.289000000000000057e+01 0.000000000000000000e+00
3.460000000000000142e+01 0.000000000000000000e+00
3.639999999999999858e+01 0.000000000000000000e+00
3.829999999999999716e+01 0.000000000000000000e+00
4.028999999999999915e+01 0.000000000000000000e+00
4.239000000000000057e+01 0.000000000000000000e+00
4.460000000000000142e+01 0.000000000000000000e+00
4.692000000000000171e+01 0.000000000000000000e+00
4.935999999999999943e+01 0.000000000000000000e+00
5.192999999999999972e+01 0.000000000000000000e+00
5.464000000000000057e+01 0.000000000000000000e+00
5.747999999999999687e+01 0.000000000000000000e+00
6.046999999999999886e+01 0.000000000000000000e+00
6.361999999999999744e+01 0.000000000000000000e+00
6.693000000000000682e+01 0.000000000000000000e+00
7.042000000000000171e+01 0.000000000000000000e+00
7.409000000000000341e+01 0.000000000000000000e+00
7.793999999999999773e+01 0.000000000000000000e+00
8.200000000000000000e+01 0.000000000000000000e+00
8.626999999999999602e+01 0.000000000000000000e+00
9.076000000000000512e+01 0.000000000000000000e+00
9.548999999999999488e+01 0.000000000000000000e+00
1.005000000000000000e+02 0.000000000000000000e+00
1.057000000000000028e+02 0.000000000000000000e+00
1.112000000000000028e+02 0.000000000000000000e+00
1.170000000000000000e+02 0.000000000000000000e+00
1.230999999999999943e+02 0.000000000000000000e+00
1.295000000000000000e+02 0.000000000000000000e+00
1.361999999999999886e+02 0.000000000000000000e+00
1.433000000000000114e+02 0.000000000000000000e+00
1.508000000000000114e+02 0.000000000000000000e+00
1.585999999999999943e+02 0.000000000000000000e+00
1.669000000000000057e+02 0.000000000000000000e+00
1.755999999999999943e+02 0.000000000000000000e+00
1.846999999999999886e+02 0.000000000000000000e+00
1.943000000000000114e+02 0.000000000000000000e+00
2.045000000000000000e+02 0.000000000000000000e+00
2.150999999999999943e+02 0.000000000000000000e+00
2.263000000000000114e+02 0.000000000000000000e+00
2.380999999999999943e+02 0.000000000000000000e+00
2.505000000000000000e+02 0.000000000000000000e+00
2.635000000000000000e+02 0.000000000000000000e+00
2.773000000000000114e+02 0.000000000000000000e+00
2.916999999999999886e+02 0.000000000000000000e+00
3.068999999999999773e+02 0.000000000000000000e+00
3.228999999999999773e+02 0.000000000000000000e+00
3.396999999999999886e+02 0.000000000000000000e+00
3.573999999999999773e+02 0.000000000000000000e+00
3.760000000000000000e+02 0.000000000000000000e+00
3.955000000000000000e+02 0.000000000000000000e+00
4.161000000000000227e+02 0.000000000000000000e+00
4.378000000000000114e+02 0.000000000000000000e+00
4.606000000000000227e+02 0.000000000000000000e+00
4.846000000000000227e+02 0.000000000000000000e+00
5.098000000000000114e+02 0.000000000000000000e+00
5.363999999999999773e+02 0.000000000000000000e+00
5.642999999999999545e+02 0.000000000000000000e+00
5.937000000000000455e+02 0.000000000000000000e+00
6.246000000000000227e+02 0.000000000000000000e+00
6.571000000000000227e+02 0.000000000000000000e+00
6.912999999999999545e+02 0.000000000000000000e+00
7.272999999999999545e+02 0.000000000000000000e+00
7.652000000000000455e+02 0.000000000000000000e+00
8.050000000000000000e+02 0.000000000000000000e+00
8.468999999999999773e+02 0.000000000000000000e+00
8.910000000000000000e+02 0.000000000000000000e+00
9.373999999999999773e+02 0.000000000000000000e+00
9.862999999999999545e+02 0.000000000000000000e+00
1.038000000000000000e+03 0.000000000000000000e+00
1.092000000000000000e+03 0.000000000000000000e+00
1.148000000000000000e+03 0.000000000000000000e+00
1.208000000000000000e+03 0.000000000000000000e+00
1.271000000000000000e+03 0.000000000000000000e+00
1.337000000000000000e+03 0.000000000000000000e+00
1.407000000000000000e+03 0.000000000000000000e+00
1.480000000000000000e+03 0.000000000000000000e+00
1.557000000000000000e+03 0.000000000000000000e+00
1.638000000000000000e+03 0.000000000000000000e+00
1.724000000000000000e+03 0.000000000000000000e+00
1.814000000000000000e+03 0.000000000000000000e+00
1.908000000000000000e+03 0.000000000000000000e+00
2.007000000000000000e+03 0.000000000000000000e+00
2.112000000000000000e+03 0.000000000000000000e+00
2.222000000000000000e+03 0.000000000000000000e+00
2.337000000000000000e+03 0.000000000000000000e+00
2.459000000000000000e+03 0.000000000000000000e+00
2.587000000000000000e+03 0.000000000000000000e+00
2.722000000000000000e+03 0.000000000000000000e+00
2.864000000000000000e+03 0.000000000000000000e+00
3.013000000000000000e+03 0.000000000000000000e+00
3.170000000000000000e+03 0.000000000000000000e+00
3.335000000000000000e+03 0.000000000000000000e+00
3.508000000000000000e+03 0.000000000000000000e+00
3.691000000000000000e+03 0.000000000000000000e+00
3.883000000000000000e+03 0.000000000000000000e+00
4.085000000000000000e+03 0.000000000000000000e+00
4.298000000000000000e+03 0.000000000000000000e+00
4.522000000000000000e+03 0.000000000000000000e+00
4.757000000000000000e+03 0.000000000000000000e+00
5.005000000000000000e+03 0.000000000000000000e+00
5.266000000000000000e+03 0.000000000000000000e+00
5.540000000000000000e+03 0.000000000000000000e+00
5.828000000000000000e+03 0.000000000000000000e+00
6.132000000000000000e+03 0.000000000000000000e+00
6.451000000000000000e+03 0.000000000000000000e+00
6.787000000000000000e+03 0.000000000000000000e+00
7.140000000000000000e+03 0.000000000000000000e+00
7.512000000000000000e+03 0.000000000000000000e+00
7.903000000000000000e+03 0.000000000000000000e+00
8.315000000000000000e+03 0.000000000000000000e+00
8.748000000000000000e+03 0.000000000000000000e+00
9.203000000000000000e+03 0.000000000000000000e+00
9.682000000000000000e+03 0.000000000000000000e+00
1.019000000000000000e+04 0.000000000000000000e+00
1.072000000000000000e+04 0.000000000000000000e+00
1.127000000000000000e+04 0.000000000000000000e+00
1.186000000000000000e+04 0.000000000000000000e+00
1.248000000000000000e+04 0.000000000000000000e+00
1.313000000000000000e+04 0.000000000000000000e+00
1.381000000000000000e+04 0.000000000000000000e+00
1.453000000000000000e+04 0.000000000000000000e+00
1.529000000000000000e+04 0.000000000000000000e+00
1.608000000000000000e+04 0.000000000000000000e+00
1.692000000000000000e+04 0.000000000000000000e+00
1.780000000000000000e+04 0.000000000000000000e+00
1.873000000000000000e+04 0.000000000000000000e+00
1.971000000000000000e+04 0.000000000000000000e+00
2.073000000000000000e+04 0.000000000000000000e+00
2.181000000000000000e+04 0.000000000000000000e+00
2.295000000000000000e+04 0.000000000000000000e+00
2.414000000000000000e+04 0.000000000000000000e+00
2.540000000000000000e+04 0.000000000000000000e+00
2.672000000000000000e+04 0.000000000000000000e+00
2.811000000000000000e+04 0.000000000000000000e+00
2.958000000000000000e+04 0.000000000000000000e+00
3.112000000000000000e+04 0.000000000000000000e+00
3.274000000000000000e+04 0.000000000000000000e+00
3.444000000000000000e+04 0.000000000000000000e+00
3.623000000000000000e+04 0.000000000000000000e+00
3.812000000000000000e+04 0.000000000000000000e+00
4.011000000000000000e+04 0.000000000000000000e+00
4.219000000000000000e+04 0.000000000000000000e+00
4.439000000000000000e+04 0.000000000000000000e+00
4.670000000000000000e+04 0.000000000000000000e+00
4.913000000000000000e+04 0.000000000000000000e+00
5.169000000000000000e+04 0.000000000000000000e+00
5.438000000000000000e+04 0.000000000000000000e+00
5.722000000000000000e+04 0.000000000000000000e+00
6.019000000000000000e+04 0.000000000000000000e+00
6.333000000000000000e+04 0.000000000000000000e+00
6.663000000000000000e+04 0.000000000000000000e+00
7.010000000000000000e+04 0.000000000000000000e+00
7.375000000000000000e+04 0.000000000000000000e+00
7.759000000000000000e+04 0.000000000000000000e+00
8.163000000000000000e+04 0.000000000000000000e+00
8.588000000000000000e+04 0.000000000000000000e+00
9.035000000000000000e+04 0.000000000000000000e+00
9.505000000000000000e+04 0.000000000000000000e+00
1.000000000000000000e+05 0.000000000000000000e+00
