1.473707518796992133e+01 7.621409335674278000e+15
1.573707518796992133e+01 5.867235095946568000e+15
1.673707518796992133e+01 4.495316114998431500e+15
1.773707518796992133e+01 3.457058513946696000e+15
1.873707518796992133e+01 2.644681794871823500e+15
1.973707518796992133e+01 2.015967894850562500e+15
2.073707518796992133e+01 1.531504480857626000e+15
2.173707518796992133e+01 1.157173357131496750e+15
2.273707518796992133e+01 8.684338023043643750e+14
2.373707518796992133e+01 6.479158959667668750e+14
2.473707518796992133e+01 4.804404153117666250e+14
2.573707518796992133e+01 3.546190066671483750e+14
2.673707518796992133e+01 2.607920798030742188e+14
2.773707518796992133e+01 1.908270302007754375e+14
2.873707518796992133e+01 1.400564129486802500e+14
2.973707518796992133e+01 1.026634065611709375e+14
3.073707518796992133e+01 7.519192624953640625e+13
3.173707518796992133e+01 5.492778292900757812e+13
3.273707518796992133e+01 4.014722285712792188e+13
3.373707518796992133e+01 2.924169106789397266e+13
3.473707518796992133e+01 2.126490233678055859e+13
3.573707518796992133e+01 1.541172138667719531e+13
3.673707518796992133e+01 1.113408731657310547e+13
3.773707518796992133e+01 8.019141077888118164e+12
3.873707518796992133e+01 5.757695303097233398e+12
3.973707518796992133e+01 4.123677636461882812e+12
4.073707518796992133e+01 2.950985418337747559e+12
4.173707518796992133e+01 2.106608482951061523e+12
4.273707518796992133e+01 1.502595262922151611e+12
4.373707518796992133e+01 1.071130960604924561e+12
4.473707518796992133e+01 7.626425435463111572e+11
4.573707518796992133e+01 5.425996979294776611e+11
4.673707518796992133e+01 3.859800682666514893e+11
4.773707518796992133e+01 2.742781749774390869e+11
4.873707518796992133e+01 1.948795047637198486e+11
4.973707518796992133e+01 1.383665573197734070e+11
5.073707518796992133e+01 9.825658025856967163e+10
5.173707518796992133e+01 6.979274650711514282e+10
5.273707518796992133e+01 4.956324499385627747e+10
5.373707518796992133e+01 3.523262526871417236e+10
5.473707518796992133e+01 2.505319234619546890e+10
5.573707518796992133e+01 1.783281887849396133e+10
5.673707518796992133e+01 1.270246714872978783e+10
5.773707518796992133e+01 9.045081255360723495e+09
5.873707518796992133e+01 6.445529057579205513e+09
5.973707518796992133e+01 4.599193049542328835e+09
6.073707518796992133e+01 3.283075388185634136e+09
6.173707518796992133e+01 2.341620782684938908e+09
6.273707518796992133e+01 1.670149148629947662e+09
6.373707518796992133e+01 1.190310812313654661e+09
6.473707518796992133e+01 8.486997688337167501e+08
6.573707518796992133e+01 6.045740456617009640e+08
6.673707518796992133e+01 4.303137933819546103e+08
6.773707518796992133e+01 3.062575123245922923e+08
6.873707518796992133e+01 2.178290537057894468e+08
6.973707518796992133e+01 1.550361227531186342e+08
7.073707518796992133e+01 1.102816846364574134e+08
7.173707518796992133e+01 7.833730628326383233e+07
7.273707518796992133e+01 5.562926801050098240e+07
7.373707518796992133e+01 3.950996717620754242e+07
7.473707518796992133e+01 2.808157668411630392e+07
7.573707518796992133e+01 1.993183935186297446e+07
7.673707518796992133e+01 1.413622632906606980e+07
7.773707518796992133e+01 1.004445453384296782e+07
7.873707518796992133e+01 7.124325252641788684e+06
7.973707518796992133e+01 5.055349251315283589e+06
8.073707518796992133e+01 3.580679183029837906e+06
8.173707518796992133e+01 2.538442830188714899e+06
8.273707518796992133e+01 1.801076548340520356e+06
8.373707518796992133e+01 1.275105733753703535e+06
8.473707518796992133e+01 9.022143872315557674e+05
8.573707518796992133e+01 6.379610784801531117e+05
8.673707518796992133e+01 4.514482288167457446e+05
