1.221799999999999287e+01 3.789007167889231250e+14
1.321799999999999287e+01 2.737087069528127812e+14
1.421799999999999287e+01 2.026029929601085938e+14
1.521799999999999287e+01 1.532090185364702812e+14
1.621799999999999287e+01 1.149676143434877031e+14
1.721799999999999287e+01 8.538999644500565625e+13
1.821799999999999287e+01 6.299325702243740625e+13
1.921799999999999287e+01 4.603953972485586719e+13
2.021799999999999287e+01 3.291646801621765625e+13
2.121799999999999287e+01 2.294106118279193750e+13
2.221799999999999287e+01 1.625154377143973828e+13
2.321799999999999287e+01 1.137269688936558984e+13
2.421799999999999287e+01 7.837165101232202148e+12
2.521799999999999287e+01 5.481326074026030273e+12
2.621799999999999287e+01 3.815297737531213379e+12
2.721799999999999287e+01 2.636474998394045898e+12
2.821799999999999287e+01 1.845956600310428467e+12
2.921799999999999287e+01 1.278073876748255127e+12
3.021799999999999287e+01 8.725858818633388672e+11
3.121799999999999287e+01 6.030901278234283447e+11
3.221799999999998931e+01 4.109891499814053955e+11
3.321799999999998931e+01 2.752913200620802002e+11
3.421799999999998931e+01 1.865743919767919006e+11
3.521799999999998931e+01 1.278552362952758179e+11
3.621799999999998931e+01 8.853718980634109497e+10
3.721799999999998931e+01 6.058680135908650970e+10
3.821799999999998931e+01 4.086148968505442810e+10
3.921799999999998931e+01 2.783686793112730408e+10
4.021799999999998931e+01 1.914602606468490982e+10
4.121799999999998931e+01 1.294970792604966354e+10
4.221799999999998931e+01 8.585708182374606133e+09
4.321799999999998931e+01 5.746842627552406311e+09
4.421799999999998931e+01 3.881789020289967060e+09
4.521799999999998931e+01 2.644897753297020912e+09
4.621799999999998931e+01 1.778190054440134287e+09
4.721799999999998931e+01 1.176322571577706814e+09
4.821799999999998931e+01 7.848779540660567284e+08
4.921799999999998931e+01 5.280237659392870069e+08
5.021799999999998931e+01 3.580451021299937367e+08
5.121799999999998931e+01 2.446361322149516940e+08
5.221799999999998931e+01 1.615419887499402761e+08
5.321799999999998931e+01 1.025403992836699635e+08
5.421799999999998931e+01 6.563729678430046141e+07
5.521799999999998931e+01 4.235650569599383324e+07
5.621799999999998931e+01 2.754723745549745113e+07
5.721799999999998931e+01 1.805118803939972073e+07
5.821799999999998931e+01 1.191491062871628627e+07
5.921799999999998931e+01 7.590327979103005491e+06
6.021799999999998931e+01 4.637950140775042586e+06
6.121799999999998931e+01 2.856874531201038975e+06
6.221799999999998931e+01 1.773548598203964066e+06
6.321799999999998931e+01 1.109365083717635600e+06
6.421799999999998931e+01 6.990094273156117415e+05
6.521799999999998931e+01 4.435791257707238547e+05
6.621799999999998931e+01 2.841318275887033669e+05
6.721799999999998931e+01 1.837340492662653560e+05
6.821799999999998931e+01 1.195743132281976868e+05
6.921799999999998931e+01 7.830404857555803028e+04
7.021799999999998931e+01 5.158835040933088021e+04
7.121799999999998931e+01 3.418742927267682535e+04
7.221799999999998931e+01 2.278546920460569527e+04
7.321799999999998931e+01 1.527068367657820636e+04
7.421799999999998931e+01 1.019154500042023392e+04
7.521799999999998931e+01 6.764193905785012248e+03
7.621799999999998931e+01 4.513671989296187348e+03
7.721799999999998931e+01 3.027758478368956276e+03
7.821799999999998931e+01 2.041415657171721477e+03
7.921799999999998931e+01 1.383262288973041223e+03
8.021799999999998931e+01 9.418603664459141100e+02
8.121799999999998931e+01 6.443552920818133316e+02
8.221799999999998931e+01 4.428647092306797504e+02
8.321799999999998931e+01 2.914884714352780861e+02
8.421799999999998931e+01 1.825334071519744157e+02
8.521799999999998931e+01 1.149346568052363295e+02
8.621799999999998931e+01 7.275985884991445118e+01
8.721799999999998931e+01 4.630323574884076976e+01
8.821799999999998931e+01 2.961813821067836727e+01
8.921799999999998931e+01 1.904062081126848938e+01
9.021799999999998931e+01 1.230079177912229582e+01
9.121799999999998931e+01 7.984852807296826782e+00
9.221799999999998931e+01 5.207597873269810052e+00
9.321799999999998931e+01 3.379235984080611654e+00
9.421799999999998931e+01 2.178617117269357806e+00
9.521799999999998931e+01 1.411064980455770668e+00
9.621799999999998931e+01 9.180685911822394907e-01
9.721799999999998931e+01 5.999635271870591424e-01
9.821799999999998931e+01 3.937830337833381211e-01
9.921799999999998931e+01 2.595575075305890378e-01
1.002179999999999893e+02 1.717978739100831931e-01
1.012179999999999893e+02 1.141757348146772433e-01
1.022179999999999893e+02 7.618456330538288246e-02
1.032179999999999893e+02 5.103446807455921247e-02
