4.999999999999999237e-03 3.969579714445658000e+15
9.999999999999998473e-03 1.317884869814040000e+15
1.499999999999999771e-02 5.707008550696482500e+14
1.999999999999999695e-02 2.827880129838351875e+14
2.499999999999999445e-02 1.525205631128727500e+14
2.999999999999999195e-02 8.760224362371003125e+13
3.499999999999999639e-02 5.296190031548607812e+13
3.999999999999999389e-02 3.342305881618817188e+13
4.499999999999999140e-02 2.185101675811594141e+13
4.999999999999998890e-02 1.468971734796578516e+13
5.499999999999998640e-02 1.008793723676305469e+13
5.999999999999999084e-02 7.038620095423013672e+12
6.499999999999998834e-02 4.970102479296461914e+12
6.999999999999999278e-02 3.542126545785143555e+12
7.499999999999999722e-02 2.544186601013346191e+12
7.999999999999998779e-02 1.840279447196988525e+12
8.499999999999999223e-02 1.340317918533012939e+12
8.999999999999999667e-02 9.829892934860849609e+11
