4.999999999999999237e-03 1.387140385887601562e+13
6.999999999999999278e-03 3.316882370566512695e+12
8.999999999999999320e-03 9.330385692016268311e+11
1.099999999999999936e-02 2.972537087598422852e+11
1.299999999999999940e-02 1.043555872250967865e+11
1.499999999999999944e-02 3.942948908662615967e+10
1.700000000000000122e-02 1.578358849913843918e+10
1.899999999999999953e-02 6.633952378798295975e+09
2.099999999999999784e-02 2.911478205652764320e+09
2.299999999999999961e-02 1.327204208823873520e+09
2.500000000000000139e-02 6.246266166799888611e+08
2.699999999999999623e-02 3.019075002449659109e+08
2.899999999999999800e-02 1.492628650326929986e+08
3.099999999999999978e-02 7.522754394833433628e+07
3.300000000000000155e-02 3.852448286373063922e+07
3.499999999999999639e-02 2.000078869575310498e+07
3.699999999999999817e-02 1.051248953580043837e+07
3.899999999999999994e-02 5.589684660445354879e+06
4.100000000000000172e-02 3.003993298192764167e+06
4.299999999999999656e-02 1.631466402317462256e+06
4.499999999999999833e-02 8.954009047666791594e+05
4.700000000000000011e-02 4.960559169944894966e+05
4.899999999999999495e-02 2.770718833739426918e+05
5.099999999999999672e-02 1.558126661312538199e+05
5.299999999999999850e-02 8.806806422716331144e+04
5.500000000000000028e-02 4.999536098909699649e+04
5.700000000000000205e-02 2.849613426667438398e+04
5.899999999999999689e-02 1.629650627883387460e+04
6.099999999999999867e-02 9.342629163298421190e+03
6.300000000000000044e-02 5.364466838045492295e+03
6.500000000000000222e-02 3.083167107080891128e+03
6.700000000000000400e-02 1.773522543751672401e+03
6.900000000000000577e-02 1.021309954611886042e+03
7.100000000000000755e-02 5.889312125460447760e+02
7.300000000000000933e-02 3.399794577907454141e+02
7.500000000000001110e-02 1.962796125084149139e+02
7.700000000000001288e-02 1.131295189779258976e+02
7.900000000000000078e-02 6.495767974276679979e+01
8.100000000000000255e-02 3.709802462419941804e+01
8.300000000000000433e-02 2.105229310963013134e+01
8.500000000000000611e-02 1.184382227644529806e+01
8.700000000000000788e-02 6.600504325061326227e+00
8.900000000000000966e-02 3.644744174329297870e+00
9.100000000000001144e-02 1.999684525848262506e+00
9.299999999999999933e-02 1.088384839011085292e+00
9.500000000000000111e-02 5.905073621540830597e-01
9.700000000000000289e-02 3.239193373837788714e-01
