1.473707518796992133e+01 4.997535131846876000e+15
1.573707518796992133e+01 3.765424425617991000e+15
1.673707518796992133e+01 2.825352081583741000e+15
1.773707518796992133e+01 2.126944658362093000e+15
1.873707518796992133e+01 1.587530259187085000e+15
1.973707518796992133e+01 1.176661686316566500e+15
2.073707518796992133e+01 8.668446575993031250e+14
2.173707518796992133e+01 6.338978654001427500e+14
2.273707518796992133e+01 4.600240368465565000e+14
2.373707518796992133e+01 3.319437306922105000e+14
2.473707518796992133e+01 2.382866576389592812e+14
2.573707518796992133e+01 1.704894463826612500e+14
2.673707518796992133e+01 1.216996482329262031e+14
2.773707518796992133e+01 8.650285548656709375e+13
2.873707518796992133e+01 6.171889894915295312e+13
2.973707518796992133e+01 4.397640489554442188e+13
3.073707518796992133e+01 3.130252479825353125e+13
3.173707518796992133e+01 2.220840212986790625e+13
3.273707518796992133e+01 1.576689498645277344e+13
3.373707518796992133e+01 1.115772214159584961e+13
3.473707518796992133e+01 7.890728458509666016e+12
3.573707518796992133e+01 5.569492769255097656e+12
3.673707518796992133e+01 3.926110734282069824e+12
3.773707518796992133e+01 2.765791219606050293e+12
3.873707518796992133e+01 1.946607153851950684e+12
3.973707518796992133e+01 1.370006269799238281e+12
4.073707518796992133e+01 9.652201737281668701e+11
4.173707518796992133e+01 6.796703153590479736e+11
4.273707518796992133e+01 4.789756536375435791e+11
4.373707518796992133e+01 3.377222958509093018e+11
4.473707518796992133e+01 2.380480746861656494e+11
4.573707518796992133e+01 1.678292557916706543e+11
4.673707518796992133e+01 1.183304265558125610e+11
4.773707518796992133e+01 8.335352342200680542e+10
4.873707518796992133e+01 5.868357733645973206e+10
4.973707518796992133e+01 4.128663837057035065e+10
5.073707518796992133e+01 2.902003726845154572e+10
5.173707518796992133e+01 2.039101151528886032e+10
5.273707518796992133e+01 1.430861967711444092e+10
5.373707518796992133e+01 1.003860803280110931e+10
5.473707518796992133e+01 7.036488800636718750e+09
5.573707518796992133e+01 4.929958976623211861e+09
5.673707518796992133e+01 3.451485118576805592e+09
5.773707518796992133e+01 2.413148848318202972e+09
5.873707518796992133e+01 1.686112493114605904e+09
5.973707518796992133e+01 1.178431068214795113e+09
6.073707518796992133e+01 8.232059343884832859e+08
6.173707518796992133e+01 5.739326455307580233e+08
6.273707518796992133e+01 3.998638690529690385e+08
6.373707518796992133e+01 2.781662497231242061e+08
6.473707518796992133e+01 1.935387845220676363e+08
6.573707518796992133e+01 1.344693884548231363e+08
6.673707518796992133e+01 9.329571469974063337e+07
6.773707518796992133e+01 6.473492129538861662e+07
6.873707518796992133e+01 4.487028409831568599e+07
6.973707518796992133e+01 3.112028575944524631e+07
7.073707518796992133e+01 2.157738837481535226e+07
7.173707518796992133e+01 1.494270561454223096e+07
7.273707518796992133e+01 1.034574192719323374e+07
7.373707518796992133e+01 7.165220929307242855e+06
7.473707518796992133e+01 4.967673255699107423e+06
7.573707518796992133e+01 3.439048883406360168e+06
7.673707518796992133e+01 2.381935890765247867e+06
7.773707518796992133e+01 1.653643909148639766e+06
7.873707518796992133e+01 1.145410141165076522e+06
7.973707518796992133e+01 7.952134605877732392e+05
8.073707518796992133e+01 5.515029119155379012e+05
8.173707518796992133e+01 3.826818482914033812e+05
8.273707518796992133e+01 2.662345780096541275e+05
8.373707518796992133e+01 1.849808140305101988e+05
8.473707518796992133e+01 1.286324722584991541e+05
8.573707518796992133e+01 8.935282274462132773e+04
8.673707518796992133e+01 6.220273031025470846e+04
