1.000000000000000021e-03 6.227235206973763871e+24
1.051999999999999984e-03 5.963162729763406824e+24
1.106999999999999911e-03 5.701511168229883762e+24
1.163999999999999887e-03 5.449744369806251926e+24
1.224999999999999960e-03 5.199274746035838166e+24
1.288999999999999998e-03 4.954550467143013365e+24
1.356000000000000000e-03 4.717591993148718075e+24
1.427000000000000100e-03 4.485304366882855699e+24
1.500999999999999947e-03 4.261043819738004734e+24
1.579000000000000108e-03 4.043519680061150874e+24
1.661000000000000150e-03 3.832915671932556691e+24
1.747999999999999988e-03 3.627974776931590804e+24
1.839000000000000140e-03 3.431271315512806655e+24
1.935000000000000088e-03 3.241465325557968525e+24
2.034999999999999917e-03 3.060335086250659274e+24
2.141000000000000108e-03 2.885036799639682988e+24
2.252999999999999794e-03 2.716552399293336963e+24
2.370000000000000145e-03 2.555479654109197160e+24
2.492999999999999990e-03 2.401875509157402027e+24
2.623000000000000331e-03 2.254901828056794605e+24
2.759999999999999867e-03 2.114159215346796345e+24
2.903999999999999897e-03 1.980244366301543805e+24
3.054999999999999990e-03 1.853744470511790800e+24
3.213999999999999843e-03 1.733353445963364938e+24
3.380999999999999891e-03 1.619444073992186638e+24
3.556999999999999832e-03 1.511392361977286800e+24
3.742000000000000100e-03 1.409239854557748158e+24
3.936999999999999528e-03 1.312623592190079761e+24
4.142000000000000716e-03 1.221418877240132722e+24
4.357999999999999895e-03 1.135372084124424836e+24
4.585000000000000533e-03 1.054471785446635186e+24
4.824000000000000163e-03 9.783851142372364607e+23
5.074999999999999650e-03 9.070550131509999530e+23
5.338999999999999996e-03 8.401980165829859633e+23
5.616999999999999597e-03 7.774274701293620686e+23
5.908999999999999322e-03 7.187126797372980210e+23
6.217000000000000304e-03 6.637821561941141876e+23
6.540999999999999939e-03 6.124103246092616482e+23
6.880999999999999964e-03 5.645040113250088675e+23
7.239999999999999908e-03 5.197596565629440392e+23
7.617000000000000506e-03 4.782422399412709297e+23
8.012999999999999290e-03 4.396587310697952617e+23
8.429999999999999993e-03 4.036940114032679767e+23
8.868999999999998413e-03 3.702671665579133449e+23
9.330999999999999017e-03 3.394354162653016841e+23
9.816999999999999338e-03 3.108474159799513582e+23
1.032999999999999891e-02 2.842569839213204189e+23
1.086999999999999945e-02 2.596136845700349265e+23
1.143000000000000092e-02 2.372063586530698734e+23
1.203000000000000076e-02 2.161630789479407194e+23
1.264999999999999979e-02 1.970543060019418707e+23
1.330999999999999892e-02 1.792646245335896435e+23
1.400999999999999988e-02 1.627992540319915453e+23
1.473000000000000004e-02 1.480556744398433629e+23
1.549999999999999989e-02 1.343023442555234178e+23
1.631000000000000158e-02 1.216852416306426298e+23
1.715999999999999817e-02 1.101198867828102314e+23
1.805000000000000007e-02 9.957685469654162185e+22
1.898999999999999994e-02 8.992710205181970612e+22
1.997999999999999776e-02 8.111515988261385273e+22
2.101999999999999702e-02 7.310719235320475917e+22
2.212000000000000077e-02 6.579703842565151890e+22
2.326999999999999902e-02 5.918259124415793149e+22
2.447999999999999829e-02 5.317562262632703984e+22
2.574999999999999858e-02 4.772630003311125201e+22
2.708999999999999950e-02 4.275201692179344916e+22
2.850000000000000103e-02 3.828180529147455472e+22
2.998999999999999930e-02 3.422385347068364954e+22
3.155000000000000165e-02 3.057369846318188043e+22
3.318999999999999728e-02 2.729374342714764349e+22
3.491999999999999965e-02 2.433229713364357847e+22
3.673999999999999488e-02 2.166568846060062507e+22
3.864999999999999686e-02 1.929198285545613872e+22
4.066000000000000170e-02 1.715092265745773285e+22
4.277999999999999858e-02 1.522766620559127714e+22
4.500999999999999446e-02 1.352028545488245280e+22
4.734999999999999626e-02 1.198925336423381231e+22
4.982000000000000317e-02 1.062207964055715866e+22
5.240999999999999825e-02 9.408440441164393349e+21
5.513999999999999457e-02 8.327435733543425147e+21
5.800999999999999907e-02 7.370386018825138078e+21
6.102999999999999398e-02 6.522593198375770784e+21
6.421000000000000318e-02 5.770562569546045063e+21
6.755999999999999506e-02 5.102015144702762811e+21
7.106999999999999429e-02 4.514496106851246014e+21
7.477000000000000313e-02 3.995353965487789179e+21
7.867000000000000381e-02 3.539093234557625827e+21
8.276000000000000023e-02 3.133718979664008970e+21
8.707000000000000850e-02 2.778777436330080600e+21
9.160999999999999699e-02 2.470414921222159073e+21
9.637999999999999345e-02 2.197446807114173645e+21
1.014000000000000040e-01 1.956365910723846996e+21
1.067000000000000032e-01 1.744455098385849385e+21
1.122000000000000081e-01 1.562262646910122721e+21
1.180999999999999966e-01 1.397986746733976879e+21
1.242000000000000048e-01 1.257014076981738209e+21
1.307000000000000106e-01 1.132404203529469166e+21
1.375000000000000111e-01 1.023850987095474700e+21
1.446999999999999953e-01 9.276567540870715802e+20
1.522000000000000020e-01 8.437903299375214100e+20
1.600999999999999923e-01 7.695832151192987238e+20
1.683999999999999941e-01 7.037309120206844723e+20
1.771999999999999964e-01 6.446527384575741788e+20
1.864000000000000101e-01 5.925301155008998277e+20
1.960999999999999965e-01 5.449662021765297603e+20
2.064000000000000001e-01 5.020704625424429220e+20
2.170999999999999874e-01 4.638362645414747177e+20
2.283999999999999919e-01 4.284282917596145254e+20
2.403000000000000136e-01 3.959516583872074875e+20
2.528000000000000247e-01 3.658055914652061532e+20
2.660000000000000142e-01 3.374189688754658345e+20
2.798000000000000487e-01 3.107625731932287795e+20
2.943999999999999950e-01 2.855607916756756726e+20
3.096999999999999753e-01 2.614763826396076442e+20
3.259000000000000230e-01 2.386642938370842952e+20
3.427999999999999936e-01 2.171475601939755827e+20
3.606999999999999651e-01 1.966237332779415634e+20
3.795000000000000040e-01 1.773039649745109975e+20
3.991999999999999993e-01 1.591305429753655460e+20
4.200000000000000400e-01 1.420716579519621530e+20
4.419000000000000150e-01 1.263193830765720863e+20
4.649000000000000354e-01 1.119135281467639071e+20
4.891000000000000347e-01 9.932233788039820083e+19
5.144999999999999574e-01 8.789082391271604224e+19
5.413000000000000034e-01 7.773592681263292416e+19
5.695000000000000062e-01 6.873743496981813658e+19
5.992000000000000659e-01 6.051200151281969562e+19
6.304000000000000714e-01 5.350392456176824320e+19
6.632000000000000117e-01 4.692663037074520474e+19
6.976999999999999869e-01 4.124558437697603174e+19
7.340999999999999748e-01 3.608105392011690803e+19
7.722999999999999865e-01 3.156223695724313395e+19
8.125000000000000000e-01 2.759210217257576038e+19
8.548000000000000043e-01 2.396353402908641690e+19
8.992999999999999883e-01 2.086340960113552998e+19
9.460999999999999410e-01 1.811802882218990182e+19
9.954000000000000625e-01 1.566425370780547482e+19
1.046999999999999931e+00 1.359704089393183334e+19
1.101999999999999869e+00 1.166720954031789466e+19
1.159000000000000030e+00 1.010886828125727539e+19
1.219000000000000083e+00 8.655150079212832768e+18
1.283000000000000140e+00 7.476119441472222208e+18
1.350000000000000089e+00 6.380929825313050624e+18
1.419999999999999929e+00 5.502996908423835648e+18
1.493999999999999995e+00 4.702823163023082496e+18
1.572000000000000064e+00 4.034556990603161088e+18
1.654000000000000137e+00 3.447186111578604544e+18
1.739999999999999991e+00 2.948029346507822592e+18
1.830000000000000071e+00 2.522794274927539200e+18
1.925999999999999934e+00 2.148171096385286656e+18
2.025999999999999801e+00 1.836079672134582528e+18
2.131000000000000227e+00 1.563858475916614400e+18
2.241999999999999993e+00 1.333737318876625152e+18
2.358999999999999986e+00 1.133568645400551936e+18
2.481999999999999762e+00 9.663437094695727360e+17
2.611000000000000210e+00 8.228582719289332480e+17
2.746999999999999886e+00 7.003773125676711680e+17
2.890000000000000124e+00 5.964551278752949760e+17
3.040999999999999925e+00 5.071633244758603520e+17
3.198999999999999844e+00 4.340125715664462720e+17
3.366000000000000103e+00 3.690352802785701120e+17
3.540999999999999925e+00 3.152720377738592000e+17
3.725000000000000089e+00 2.682885561508970560e+17
3.918999999999999595e+00 2.288745914815742720e+17
4.123000000000000220e+00 1.946029208130726720e+17
4.338000000000000078e+00 1.657192505363822400e+17
4.564000000000000057e+00 1.407639904773592640e+17
4.801000000000000156e+00 1.196842539579295840e+17
5.051000000000000156e+00 1.015018224692473760e+17
5.314000000000000057e+00 8.600668310044998400e+16
5.590999999999999304e+00 7.285353836589140800e+16
5.881999999999999673e+00 6.143383029988560000e+16
6.187999999999999723e+00 5.186743982651512800e+16
6.511000000000000121e+00 4.347998644809853600e+16
6.850000000000000533e+00 3.657173247383009600e+16
7.205999999999999517e+00 3.048696308465230800e+16
7.581999999999999851e+00 2.550948576149174800e+16
7.976000000000000867e+00 2.108959278844530400e+16
8.391999999999999460e+00 1.745120923557135200e+16
8.829000000000000625e+00 1.423636070042833400e+16
9.288000000000000256e+00 1.157572974763807000e+16
9.772000000000000242e+00 9.268386348492304000e+15
1.027999999999999936e+01 7.370754724202606000e+15
1.082000000000000028e+01 5.751510476286871000e+15
1.137999999999999901e+01 4.445502893426881500e+15
1.196999999999999886e+01 3.386066796236964500e+15
1.259999999999999964e+01 2.521389386462426500e+15
1.325000000000000000e+01 1.872500168836906000e+15
1.393999999999999950e+01 1.352395350740287000e+15
1.466999999999999993e+01 9.808846257120191250e+14
1.542999999999999972e+01 6.886333753894535000e+14
1.623000000000000043e+01 4.992242880873066250e+14
1.708000000000000185e+01 3.438445654738834375e+14
1.796999999999999886e+01 2.449969014164844375e+14
1.889999999999999858e+01 1.666696695611533438e+14
1.989000000000000057e+01 1.142659162358678125e+14
2.092000000000000171e+01 7.505437954637820312e+13
2.200999999999999801e+01 4.855584321130664844e+13
2.316000000000000014e+01 2.990272914039608984e+13
2.437000000000000099e+01 1.785752829045367578e+13
2.562999999999999901e+01 1.053236229040151367e+13
2.697000000000000242e+01 5.814520867935571289e+12
2.837000000000000099e+01 3.352179429941459473e+12
2.985000000000000142e+01 1.734491749378951904e+12
3.139999999999999858e+01 9.745540199759530029e+11
3.303999999999999915e+01 4.595903096986068726e+11
3.475999999999999801e+01 2.462726165826579590e+11
3.657000000000000028e+01 1.010584482904933167e+11
3.846999999999999886e+01 5.390901423487554169e+10
4.048000000000000398e+01 2.111170418499568939e+10
4.259000000000000341e+01 9.896512310153701782e+09
4.479999999999999716e+01 3.930021052433211803e+09
4.714000000000000057e+01 1.571282861030710459e+09
4.959000000000000341e+01 5.909228236761561632e+08
5.217000000000000171e+01 1.854045678298688829e+08
5.489000000000000057e+01 7.139391018650043011e+07
5.775000000000000000e+01 1.869131565817823634e+07
6.075000000000000000e+01 7.064634168136586435e+06
6.392000000000000171e+01 1.280862597286467440e+06
6.723999999999999488e+01 4.973470490856094984e+05
7.075000000000000000e+01 7.243396857906032528e+04
7.442999999999999261e+01 2.823002022901835517e+04
7.829999999999999716e+01 2.665509861713860118e+03
8.237999999999999545e+01 1.097002473729395433e+03
8.667000000000000171e+01 1.236044610813497258e+02
9.117999999999999261e+01 2.994909489598482821e+01
9.593000000000000682e+01 5.162419854726201685e+00
1.009000000000000057e+02 5.525881916681593120e-01
1.062000000000000028e+02 1.231009058062329242e-01
1.116999999999999886e+02 5.387116038758585704e-03
1.175000000000000000e+02 1.436548219934559011e-03
1.236000000000000085e+02 3.846079802811928883e-05
1.300999999999999943e+02 1.134886732448452777e-05
1.369000000000000057e+02 1.010202205547470545e-07
1.440000000000000000e+02 3.287896350485211516e-08
1.515000000000000000e+02 2.167275783923602717e-10
1.593999999999999773e+02 7.499320565291366455e-11
1.676999999999999886e+02 1.767737411331111671e-13
1.764000000000000057e+02 6.444317121251696138e-14
1.855999999999999943e+02 7.985508750438345544e-17
1.952000000000000171e+02 3.312889651372791961e-17
2.054000000000000057e+02 3.071503519157938534e-18
2.160999999999999943e+02 5.100771579127795472e-21
2.273999999999999773e+02 8.764254065025838829e-22
2.391999999999999886e+02 3.300366102225535085e-25
2.516999999999999886e+02 7.585262018076472121e-26
2.647999999999999545e+02 7.262395246712096498e-30
2.785000000000000000e+02 1.995815706238428923e-30
2.930000000000000000e+02 4.274921011701113801e-35
3.083000000000000114e+02 1.299316375047766623e-35
3.244000000000000341e+02 5.934779046584165758e-41
3.411999999999999886e+02 1.991158277205489421e-41
3.590000000000000000e+02 1.702374456530235813e-47
3.776999999999999886e+02 6.038593937008282099e-48
3.973999999999999773e+02 7.922328643060198588e-55
4.181000000000000227e+02 3.007783978111287489e-55
4.398000000000000114e+02 9.077972543173230996e-57
4.626999999999999886e+02 2.698383439053040864e-63
4.868000000000000114e+02 3.484290640583848750e-64
5.122000000000000455e+02 2.513944711636859932e-72
5.387999999999999545e+02 4.990828582070132982e-73
5.668999999999999773e+02 2.366133975454354287e-82
5.964000000000000909e+02 5.860683971105430237e-83
6.275000000000000000e+02 1.363433437690106528e-93
6.601000000000000227e+02 3.914562930057474846e-94
6.945000000000000000e+02 4.068384061063173755e-106
7.307000000000000455e+02 1.287259637259116788e-106
7.687000000000000455e+02 3.774078599239064292e-120
8.087999999999999545e+02 1.285425398535804375e-120
8.508999999999999773e+02 1.152136120212875066e-135
8.952000000000000455e+02 3.968285891802922669e-136
9.417999999999999545e+02 -3.976935540729455037e-136
9.908000000000000682e+02 -1.233135292686863671e-135
1.042000000000000000e+03 -2.106086660381407565e-135
1.097000000000000000e+03 -3.043827387397031421e-135
1.154000000000000000e+03 -4.015667777213220301e-135
1.214000000000000000e+03 -5.038657661230266951e-135
1.277000000000000000e+03 -6.112797039448157319e-135
1.344000000000000000e+03 -7.255135743267191787e-135
1.414000000000000000e+03 -8.448623941287074862e-135
1.487000000000000000e+03 -9.693261633507815095e-135
1.565000000000000000e+03 -1.102314848272996438e-134
1.646000000000000000e+03 -1.240418482615297448e-134
1.732000000000000000e+03 -1.387047032657740708e-134
1.822000000000000000e+03 -1.540495515260297522e-134
1.917000000000000000e+03 -1.702468913562996096e-134
2.017000000000000000e+03 -1.872967227565835942e-134
2.122000000000000000e+03 -2.051990457268818525e-134
2.232000000000000000e+03 -2.239538602671944335e-134
2.348000000000000000e+03 -2.437316646915238644e-134
2.470000000000000000e+03 -2.645324589998703652e-134
2.599000000000000000e+03 -2.865267415062368296e-134
2.734000000000000000e+03 -3.095440138966203151e-134
2.877000000000000000e+03 -3.339252727990264627e-134
3.027000000000000000e+03 -3.595000198994526228e-134
3.184000000000000000e+03 -3.862682551978985023e-134
3.350000000000000000e+03 -4.145709753223698888e-134
3.524000000000000000e+03 -4.442376819588642306e-134
3.708000000000000000e+03 -4.756093717353870223e-134
3.901000000000000000e+03 -5.085155463379353210e-134
4.104000000000000000e+03 -5.431267040805118739e-134
4.318000000000000000e+03 -5.796133432771198193e-134
4.543000000000000000e+03 -6.179754639277588640e-134
4.779000000000000000e+03 -6.582130660324293013e-134
5.028000000000000000e+03 -7.006671462191365277e-134
5.290000000000000000e+03 -7.453377044878807388e-134
5.565000000000000000e+03 -7.922247408386619346e-134
5.855000000000000000e+03 -8.416692518994857074e-134
6.160000000000000000e+03 -8.936712376703521548e-134
6.481000000000000000e+03 -9.484011964652638286e-134
6.818000000000000000e+03 -1.005859128284221022e-133
7.173000000000000000e+03 -1.066386029755229621e-133
7.547000000000000000e+03 -1.130152399192292078e-133
7.940000000000000000e+03 -1.197158236595408395e-133
8.353000000000000000e+03 -1.267574040278581220e-133
8.788000000000000000e+03 -1.341740806869816635e-133
9.246000000000000000e+03 -1.419829034683117680e-133
9.727000000000000000e+03 -1.501838723718484550e-133
1.023000000000000000e+04 -1.587599375661913423e-133
1.077000000000000000e+04 -1.679668465223447365e-133
1.133000000000000000e+04 -1.775147521065037815e-133
1.192000000000000000e+04 -1.875741526326714006e-133
1.254000000000000000e+04 -1.981450481008475155e-133
1.319000000000000000e+04 -2.092274385110321263e-133
1.388000000000000000e+04 -2.209918221772281951e-133
1.460000000000000000e+04 -2.332677007854326425e-133
1.536000000000000000e+04 -2.462255726496485089e-133
1.616000000000000000e+04 -2.598654377698757161e-133
1.700000000000000000e+04 -2.741872961461143814e-133
1.789000000000000000e+04 -2.893616460923672325e-133
1.882000000000000000e+04 -3.052179892946313462e-133
1.980000000000000000e+04 -3.219268240669098413e-133
2.083000000000000000e+04 -3.394881504092022092e-133
2.191000000000000000e+04 -3.579019683215091540e-133
2.305000000000000000e+04 -3.773387761178328559e-133
2.425000000000000000e+04 -3.977985737981737840e-133
2.552000000000000000e+04 -4.194518596765345878e-133
2.684000000000000000e+04 -4.419576371249094993e-133
2.824000000000000000e+04 -4.658274010853071705e-133
2.971000000000000000e+04 -4.908906532437247957e-133
3.126000000000000000e+04 -5.173178919141650243e-133
3.289000000000000000e+04 -5.451091170966279346e-133
3.460000000000000000e+04 -5.742643287911138393e-133
3.640000000000000000e+04 -6.049540253116249186e-133
3.830000000000000000e+04 -6.373487049721647606e-133
4.029000000000000000e+04 -6.712778694587300900e-133
4.239000000000000000e+04 -7.070825153993266751e-133
4.460000000000000000e+04 -7.447626427939545159e-133
4.692000000000000000e+04 -7.843182516426134558e-133
4.936000000000000000e+04 -8.259198402593065356e-133
5.193000000000000000e+04 -8.697379069580366391e-133
5.464000000000000000e+04 -9.159429500528064941e-133
5.748000000000000000e+04 -9.643644712296129037e-133
6.047000000000000000e+04 -1.015343467116462262e-132
6.362000000000000000e+04 -1.069050436027356983e-132
6.693000000000000000e+04 -1.125485377962297224e-132
7.042000000000000000e+04 -1.184989289549288753e-132
7.409000000000000000e+04 -1.247562170788331256e-132
7.794000000000000000e+04 -1.313204021679424422e-132
8.200000000000000000e+04 -1.382426337164577684e-132
8.627000000000000000e+04 -1.455229117243790730e-132
9.076000000000000000e+04 -1.531782860231066444e-132
9.549000000000000000e+04 -1.612428562754409499e-132
1.005000000000000000e+05 -1.697848218069832995e-132
1.057000000000000000e+05 -1.786507341351309881e-132
1.112000000000000000e+05 -1.880281414052872350e-132
1.170000000000000000e+05 -1.979170436174520092e-132
1.231000000000000000e+05 -2.083174407716252478e-132
1.295000000000000000e+05 -2.192293328678070136e-132
1.362000000000000000e+05 -2.306527199059973690e-132
1.433000000000000000e+05 -2.427581002001990418e-132
1.508000000000000000e+05 -2.555454737504121571e-132
1.586000000000000000e+05 -2.688443422426335805e-132
1.669000000000000000e+05 -2.829957023048693617e-132
1.756000000000000000e+05 -2.978290556231165541e-132
1.847000000000000000e+05 -3.133444021973749701e-132
1.943000000000000000e+05 -3.297122403416477751e-132
2.045000000000000000e+05 -3.471030683699374467e-132
2.151000000000000000e+05 -3.651758896542385921e-132
2.263000000000000000e+05 -3.842717008225566665e-132
2.381000000000000000e+05 -4.043905018748918577e-132
2.505000000000000000e+05 -4.255322928112441658e-132
2.635000000000000000e+05 -4.476970736316134029e-132
2.773000000000000000e+05 -4.712258409640054624e-132
2.917000000000000000e+05 -4.957775981804143884e-132
3.069000000000000000e+05 -5.216933419088460117e-132
3.229000000000000000e+05 -5.489730721493007702e-132
3.397000000000000000e+05 -5.776167889017779758e-132
3.574000000000000000e+05 -6.077949904802807313e-132
3.760000000000000000e+05 -6.395076768848092246e-132
3.955000000000000000e+05 -6.727548481153629552e-132
4.161000000000000000e+05 -7.078775007999482542e-132
4.378000000000000000e+05 -7.448756349385647464e-132
4.606000000000000000e+05 -7.837492505312121813e-132
4.846000000000000000e+05 -8.246688458918939750e-132
5.098000000000000000e+05 -8.676344210206098771e-132
5.364000000000000000e+05 -9.129869725453650927e-132
5.643000000000000000e+05 -9.605560021521575825e-132
5.937000000000000000e+05 -1.010682506468993052e-131
6.246000000000000000e+05 -1.063366485495870500e-131
6.571000000000000000e+05 -1.118778437546793843e-131
6.913000000000000000e+05 -1.177088860935765621e-131
7.273000000000000000e+05 -1.238468253976787874e-131
7.652000000000000000e+05 -1.303087114983864892e-131
8.050000000000000000e+05 -1.370945443956995176e-131
8.469000000000000000e+05 -1.442384237524185556e-131
8.910000000000000000e+05 -1.517573993999438072e-131
9.374000000000000000e+05 -1.596685211696756264e-131
9.863000000000000000e+05 -1.680058887244144964e-131
1.038000000000000000e+06 -1.768206515583613542e-131
1.092000000000000000e+06 -1.860275605145148047e-131
1.148000000000000000e+06 -1.955754660986738106e-131
1.208000000000000000e+06 -2.058053649388442528e-131
1.271000000000000000e+06 -2.165467587210231908e-131
1.337000000000000000e+06 -2.277996474452106496e-131
1.407000000000000000e+06 -2.397345294254095196e-131
1.480000000000000000e+06 -2.521809063476168605e-131
1.557000000000000000e+06 -2.653092765258356125e-131
1.638000000000000000e+06 -2.791196399600656256e-131
1.724000000000000000e+06 -2.937824949643099402e-131
1.814000000000000000e+06 -3.091273432245655159e-131
1.908000000000000000e+06 -3.251541847408326028e-131
2.007000000000000000e+06 -3.420335178271138411e-131
2.112000000000000000e+06 -3.599358407974121212e-131
2.222000000000000000e+06 -3.786906553377245526e-131
2.337000000000000000e+06 -3.982979614480512355e-131
2.459000000000000000e+06 -4.190987557563979505e-131
2.587000000000000000e+06 -4.409225399487614570e-131
2.722000000000000000e+06 -4.639398123391447955e-131
2.864000000000000000e+06 -4.881505729275483162e-131
3.013000000000000000e+06 -5.135548217139715188e-131
3.170000000000000000e+06 -5.403230570124175437e-131
3.335000000000000000e+06 -5.684552788228860907e-131
3.508000000000000000e+06 -5.979514871453776603e-131
3.691000000000000000e+06 -6.291526786078976328e-131
3.883000000000000000e+06 -6.618883548964428675e-131
4.085000000000000000e+06 -6.963290143250164050e-131
4.298000000000000000e+06 -7.326451552076215860e-131
4.522000000000000000e+06 -7.708367775442579101e-131
4.757000000000000000e+06 -8.109038813349254773e-131
5.005000000000000000e+06 -8.531874632076299682e-131
5.266000000000000000e+06 -8.976875231623711826e-131
5.540000000000000000e+06 -9.444040611991499214e-131
5.828000000000000000e+06 -9.935075756319675232e-131
6.132000000000000000e+06 -1.045339063088831170e-130
6.451000000000000000e+06 -1.099728025255737522e-130
6.787000000000000000e+06 -1.157015458760692058e-130
7.140000000000000000e+06 -1.217201363603694779e-130
7.512000000000000000e+06 -1.280626736412751365e-130
7.903000000000000000e+06 -1.347291577187861816e-130
8.315000000000000000e+06 -1.417536882557032014e-130
8.748000000000000000e+06 -1.491362652520261958e-130
9.203000000000000000e+06 -1.568939385391554188e-130
9.682000000000000000e+06 -1.650608077798915185e-130
1.019000000000000000e+07 -1.737221221312358250e-130
1.072000000000000000e+07 -1.827585327733863602e-130
1.127000000000000000e+07 -1.921359400435425558e-130
1.186000000000000000e+07 -2.021953405697101527e-130
1.248000000000000000e+07 -2.127662360378863305e-130
1.313000000000000000e+07 -2.238486264480709290e-130
1.381000000000000000e+07 -2.354425118002641085e-130
1.453000000000000000e+07 -2.477183904084686091e-130
1.529000000000000000e+07 -2.606762622726845108e-130
1.608000000000000000e+07 -2.741456290789088733e-130
1.692000000000000000e+07 -2.884674874551475374e-130
1.780000000000000000e+07 -3.034713390873974025e-130
1.873000000000000000e+07 -3.193276822896616491e-130
1.971000000000000000e+07 -3.360365170619399571e-130
2.073000000000000000e+07 -3.534273450902297463e-130
2.181000000000000000e+07 -3.718411630025364571e-130
2.295000000000000000e+07 -3.912779707988602897e-130
2.414000000000000000e+07 -4.115672701651983437e-130
2.540000000000000000e+07 -4.330500577295561796e-130
2.672000000000000000e+07 -4.555558351779312575e-130
2.811000000000000000e+07 -4.792551008243261173e-130
2.958000000000000000e+07 -5.043183529827436192e-130
3.112000000000000000e+07 -5.305750933391811433e-130
3.274000000000000000e+07 -5.581958202076413096e-130
3.444000000000000000e+07 -5.871805335881241181e-130
3.623000000000000000e+07 -6.176997317946326694e-130
3.812000000000000000e+07 -6.499239131411695034e-130
4.011000000000000000e+07 -6.838530776277347803e-130
4.219000000000000000e+07 -7.193167269403254796e-130
4.439000000000000000e+07 -7.568263560209505826e-130
4.670000000000000000e+07 -7.962114665556069088e-130
4.913000000000000000e+07 -8.376425568582969180e-130
5.169000000000000000e+07 -8.812901252430238710e-130
5.438000000000000000e+07 -9.271541717097884083e-130
5.722000000000000000e+07 -9.755756928865949693e-130
6.019000000000000000e+07 -1.026213692145438794e-129
6.333000000000000000e+07 -1.079750162742330524e-129
6.663000000000000000e+07 -1.136014606363267698e-129
7.010000000000000000e+07 -1.195177521322253257e-129
7.375000000000000000e+07 -1.257409405933290462e-129
7.759000000000000000e+07 -1.322880758510381612e-129
8.163000000000000000e+07 -1.391762077367528687e-129
8.588000000000000000e+07 -1.464223860818736229e-129
9.035000000000000000e+07 -1.540436607178005736e-129
9.505000000000000000e+07 -1.620570814759340630e-129
1.000000000000000000e+08 -1.704967480190747112e-129
