1.000000000000000021e-03 6.449021841288099831e+24
1.051999999999999984e-03 6.175089607978036635e+24
1.106999999999999911e-03 5.904992356100087476e+24
1.163999999999999887e-03 5.644578841428315892e+24
1.224999999999999960e-03 5.384770523586826997e+24
1.288999999999999998e-03 5.131488627053023625e+24
1.356000000000000000e-03 4.885992559901899846e+24
1.427000000000000100e-03 4.645787173834876686e+24
1.500999999999999947e-03 4.414176476449828558e+24
1.579000000000000108e-03 4.188581380574269372e+24
1.661000000000000150e-03 3.970203140093904526e+24
1.747999999999999988e-03 3.757848937855725393e+24
1.839000000000000140e-03 3.554169477073164497e+24
1.935000000000000088e-03 3.357752981786164864e+24
2.034999999999999917e-03 3.170006440469525376e+24
2.141000000000000108e-03 2.988392805187965875e+24
2.252999999999999794e-03 2.813810594665695854e+24
2.370000000000000145e-03 2.647079505736217594e+24
2.492999999999999990e-03 2.487939498133173878e+24
2.623000000000000331e-03 2.335615497782774500e+24
2.759999999999999867e-03 2.189838836639186299e+24
2.903999999999999897e-03 2.051205930443413228e+24
3.054999999999999990e-03 1.920226712656487926e+24
3.213999999999999843e-03 1.795571228337661861e+24
3.380999999999999891e-03 1.677477236527883518e+24
3.556999999999999832e-03 1.565433820117396688e+24
3.742000000000000100e-03 1.459677008017644874e+24
3.936999999999999528e-03 1.359406421945569960e+24
4.142000000000000716e-03 1.264914097350718301e+24
4.357999999999999895e-03 1.175912658898822925e+24
4.585000000000000533e-03 1.091978560699670404e+24
4.824000000000000163e-03 1.013125192149474931e+24
5.074999999999999650e-03 9.392190722502653410e+23
5.338999999999999996e-03 8.698856790706993842e+23
5.616999999999999597e-03 8.048245736039075556e+23
5.908999999999999322e-03 7.440243596734921315e+23
6.217000000000000304e-03 6.871444242415231844e+23
6.540999999999999939e-03 6.339997376880865045e+23
6.880999999999999964e-03 5.844529825444982539e+23
7.239999999999999908e-03 5.381438356003172332e+23
7.617000000000000506e-03 4.951510930261139469e+23
8.012999999999999290e-03 4.552390227094551501e+23
8.429999999999999993e-03 4.180071157722781005e+23
8.868999999999998413e-03 3.833821004968114478e+23
9.330999999999999017e-03 3.514520851054052780e+23
9.816999999999999338e-03 3.218034256928897793e+23
1.032999999999999891e-02 2.942777769318922972e+23
1.086999999999999945e-02 2.688107264776302798e+23
1.143000000000000092e-02 2.456049751111806799e+23
1.203000000000000076e-02 2.237666743262617346e+23
1.264999999999999979e-02 2.039740889766478542e+23
1.330999999999999892e-02 1.855972954303060865e+23
1.400999999999999988e-02 1.685611176172915597e+23
1.473000000000000004e-02 1.532770980697924331e+23
1.549999999999999989e-02 1.390165229773551934e+23
1.631000000000000158e-02 1.259398967551682675e+23
1.715999999999999817e-02 1.139830399042306410e+23
1.805000000000000007e-02 1.031092294440153881e+23
1.898999999999999994e-02 9.309031704433822112e+22
1.997999999999999776e-02 8.396482650411806333e+22
2.101999999999999702e-02 7.568466237390941114e+22
2.212000000000000077e-02 6.810909836816148333e+22
2.326999999999999902e-02 6.127049235190776647e+22
2.447999999999999829e-02 5.504034622891282661e+22
2.574999999999999858e-02 4.940909821958798967e+22
2.708999999999999950e-02 4.427463743484043303e+22
2.850000000000000103e-02 3.964632365988433415e+22
2.998999999999999930e-02 3.545659863611275110e+22
3.155000000000000165e-02 3.168270864414962352e+22
3.318999999999999728e-02 2.828511433223987161e+22
3.491999999999999965e-02 2.520941150641216658e+22
3.673999999999999488e-02 2.244232452245307785e+22
3.864999999999999686e-02 1.997680528151683478e+22
4.066000000000000170e-02 1.776720344969763199e+22
4.277999999999999858e-02 1.577762766189535586e+22
4.500999999999999446e-02 1.400460140979098013e+22
4.734999999999999626e-02 1.241684963893091448e+22
4.982000000000000317e-02 1.100471446236473537e+22
5.240999999999999825e-02 9.754496783072870007e+21
5.513999999999999457e-02 8.634772538747331281e+21
5.800999999999999907e-02 7.641269467039966167e+21
6.102999999999999398e-02 6.761474853605821383e+21
6.421000000000000318e-02 5.982616735557161583e+21
6.755999999999999506e-02 5.290016373228357812e+21
7.106999999999999429e-02 4.682529758289086382e+21
7.477000000000000313e-02 4.143579948238944862e+21
7.867000000000000381e-02 3.670182359912656404e+21
8.276000000000000023e-02 3.251415024315939684e+21
8.707000000000000850e-02 2.883906031960623940e+21
9.160999999999999699e-02 2.564339871047308280e+21
9.637999999999999345e-02 2.280078404469464236e+21
1.014000000000000040e-01 2.030677829348543955e+21
1.067000000000000032e-01 1.811120794759825457e+21
1.122000000000000081e-01 1.621558735917261259e+21
1.180999999999999966e-01 1.452763468114562646e+21
1.242000000000000048e-01 1.306241762950259409e+21
1.307000000000000106e-01 1.176642964096209781e+21
1.375000000000000111e-01 1.063486549275451589e+21
1.446999999999999953e-01 9.634970597898789847e+20
1.522000000000000020e-01 8.765387031888520806e+20
1.600999999999999923e-01 7.999235304177154130e+20
1.683999999999999941e-01 7.310651091911426703e+20
1.771999999999999964e-01 6.697151803946483057e+20
1.864000000000000101e-01 6.154069709983255101e+20
1.960999999999999965e-01 5.665376116266912973e+20
2.064000000000000001e-01 5.220250843481399624e+20
2.170999999999999874e-01 4.821276420457520824e+20
2.283999999999999919e-01 4.452983788621553992e+20
2.403000000000000136e-01 4.113257728865975009e+20
2.528000000000000247e-01 3.799669219245229343e+20
2.660000000000000142e-01 3.501136911459515105e+20
2.798000000000000487e-01 3.222561432359883899e+20
2.943999999999999950e-01 2.960114706452776223e+20
3.096999999999999753e-01 2.712080437321432760e+20
3.259000000000000230e-01 2.475460708834713600e+20
3.427999999999999936e-01 2.252880241515090412e+20
3.606999999999999651e-01 2.038699768542892196e+20
3.795000000000000040e-01 1.838392280274177229e+20
3.991999999999999993e-01 1.651413995929257574e+20
4.200000000000000400e-01 1.474058991205971886e+20
4.419000000000000150e-01 1.311530572014671135e+20
4.649000000000000354e-01 1.163179193554365809e+20
4.891000000000000347e-01 1.029560972871836140e+20
5.144999999999999574e-01 9.115969732713647309e+19
5.413000000000000034e-01 8.052128285235843891e+19
5.695000000000000062e-01 7.119915891277515162e+19
5.992000000000000659e-01 6.281170958032740352e+19
6.304000000000000714e-01 5.527998617535604326e+19
6.632000000000000117e-01 4.872155354889599386e+19
6.976999999999999869e-01 4.265543664768240845e+19
7.340999999999999748e-01 3.751602870429851648e+19
7.722999999999999865e-01 3.270533483795537920e+19
8.125000000000000000e-01 2.863098748897482342e+19
8.548000000000000043e-01 2.496844871619639296e+19
8.992999999999999883e-01 2.165786788371330253e+19
9.460999999999999410e-01 1.887507242578930483e+19
9.954000000000000625e-01 1.629213528483877478e+19
1.046999999999999931e+00 1.413791473660292915e+19
1.101999999999999869e+00 1.216454942656418611e+19
1.159000000000000030e+00 1.050406523309189120e+19
1.219000000000000083e+00 9.055262016393943040e+18
1.283000000000000140e+00 7.766229428327900160e+18
1.350000000000000089e+00 6.673194390609907712e+18
1.419999999999999929e+00 5.705917274862903296e+18
1.493999999999999995e+00 4.901264246372643840e+18
1.572000000000000064e+00 4.174846049651597312e+18
1.654000000000000137e+00 3.583224763430577152e+18
1.739999999999999991e+00 3.050876710333713920e+18
1.830000000000000071e+00 2.617771166619028480e+18
1.925999999999999934e+00 2.226016286234872320e+18
2.025999999999999801e+00 1.904797436626839296e+18
2.131000000000000227e+00 1.628201915256549376e+18
2.241999999999999993e+00 1.388964962423753728e+18
2.358999999999999986e+00 1.186354072739527680e+18
2.481999999999999762e+00 1.010505254313194624e+18
2.611000000000000210e+00 8.632246697153198080e+17
2.746999999999999886e+00 7.356736026363752960e+17
2.890000000000000124e+00 6.281299732201322240e+17
3.040999999999999925e+00 5.349481877960117760e+17
3.198999999999999844e+00 4.563382365173325440e+17
3.366000000000000103e+00 3.884780804001013120e+17
3.540999999999999925e+00 3.306337596305043840e+17
3.725000000000000089e+00 2.818191279838531840e+17
3.918999999999999595e+00 2.395115286979732800e+17
4.123000000000000220e+00 2.041626711430542720e+17
4.338000000000000078e+00 1.731141187675602880e+17
4.564000000000000057e+00 1.478253131653064640e+17
4.801000000000000156e+00 1.253448619755368480e+17
5.051000000000000156e+00 1.068495266279351200e+17
5.314000000000000057e+00 9.051874914150232000e+16
5.590999999999999304e+00 7.702436205029548800e+16
5.881999999999999673e+00 6.513419444742405600e+16
6.187999999999999723e+00 5.519905899134877600e+16
6.511000000000000121e+00 4.660189235838812000e+16
6.850000000000000533e+00 3.936380176304460800e+16
7.205999999999999517e+00 3.320935126870036400e+16
7.581999999999999851e+00 2.789970929364021600e+16
7.976000000000000867e+00 2.343616579687690000e+16
8.391999999999999460e+00 1.955690686712936800e+16
8.829000000000000625e+00 1.630307636594353200e+16
9.288000000000000256e+00 1.344695710084112800e+16
9.772000000000000242e+00 1.107442304695133800e+16
1.027999999999999936e+01 8.972382194115177000e+15
1.082000000000000028e+01 7.255977015714166000e+15
1.137999999999999901e+01 5.750917561359009000e+15
1.196999999999999886e+01 4.540970683838617000e+15
1.259999999999999964e+01 3.479014708857377500e+15
1.325000000000000000e+01 2.664434845831432500e+15
1.393999999999999950e+01 1.986989356938642750e+15
1.466999999999999993e+01 1.469180203524902250e+15
1.542999999999999972e+01 1.069919250194584875e+15
1.623000000000000043e+01 7.689938792681440000e+14
1.708000000000000185e+01 5.488572302320035625e+14
1.796999999999999886e+01 3.847875427703190625e+14
1.889999999999999858e+01 2.735314816481003438e+14
1.989000000000000057e+01 1.871480730719242812e+14
2.092000000000000171e+01 1.313121435304377969e+14
2.200999999999999801e+01 8.663983103146368750e+13
2.316000000000000014e+01 5.802504068000312500e+13
2.437000000000000099e+01 3.550740806675289062e+13
2.562999999999999901e+01 2.263333269773660938e+13
2.697000000000000242e+01 1.285087849742991602e+13
2.837000000000000099e+01 7.622337015617267578e+12
2.985000000000000142e+01 4.172640403188299805e+12
3.139999999999999858e+01 2.339773102752129883e+12
3.303999999999999915e+01 1.287007446471582275e+12
3.475999999999999801e+01 6.706945248433654785e+11
3.657000000000000028e+01 3.419880288787828369e+11
3.846999999999999886e+01 1.527258884333263855e+11
4.048000000000000398e+01 7.487245580448660278e+10
4.259000000000000341e+01 2.906233557656063843e+10
4.479999999999999716e+01 1.415666926723647881e+10
4.714000000000000057e+01 4.799557832463698387e+09
4.959000000000000341e+01 2.230159345053333282e+09
5.217000000000000171e+01 5.933167792532392740e+08
5.489000000000000057e+01 2.888110539452421069e+08
5.775000000000000000e+01 8.097475818563446403e+07
6.075000000000000000e+01 3.036998505118833482e+07
6.392000000000000171e+01 8.692358572872053832e+06
6.723999999999999488e+01 2.300475314439478796e+06
7.075000000000000000e+01 7.055708897311650217e+05
7.442999999999999261e+01 1.348013684194367670e+05
7.829999999999999716e+01 4.302781974078284838e+04
8.237999999999999545e+01 5.107242529900290720e+03
8.667000000000000171e+01 1.739869292179112790e+03
9.117999999999999261e+01 1.459812260129339165e+02
9.593000000000000682e+01 5.093861108308188079e+01
1.009000000000000057e+02 2.250538571612301642e+00
1.062000000000000028e+02 8.269832034273627563e-01
1.116999999999999886e+02 2.827629266357467933e-02
1.175000000000000000e+02 1.117866319769708280e-02
1.236000000000000085e+02 6.299697458447289398e-04
1.300999999999999943e+02 5.973130517217855782e-05
1.369000000000000057e+02 8.513376657539399912e-06
1.440000000000000000e+02 2.962926843949673970e-07
1.515000000000000000e+02 6.132475015426812009e-08
1.593999999999999773e+02 5.577213063368923414e-10
1.676999999999999886e+02 1.423282488107224434e-10
1.764000000000000057e+02 5.668375248370912829e-13
1.855999999999999943e+02 1.653848398694291668e-13
1.952000000000000171e+02 2.834754373320983583e-16
2.054000000000000057e+02 9.102407523297960744e-17
2.160999999999999943e+02 4.821001665750076584e-20
2.273999999999999773e+02 1.660794351534893569e-20
2.391999999999999886e+02 3.823355057637183050e-24
2.516999999999999886e+02 1.394838377254832170e-24
2.647999999999999545e+02 9.481221380940548672e-29
2.785000000000000000e+02 3.893652980357328758e-29
2.930000000000000000e+02 3.116695948505827536e-30
3.083000000000000114e+02 2.895658619725733491e-34
3.244000000000000341e+02 4.787901476311041987e-35
3.411999999999999886e+02 5.497494587323856543e-40
3.590000000000000000e+02 1.225955496801735623e-40
3.776999999999999886e+02 2.311937526435624072e-46
3.973999999999999773e+02 6.208033963853947796e-47
4.181000000000000227e+02 1.679589597125454440e-53
4.398000000000000114e+02 5.117790295525108294e-54
4.626999999999999886e+02 1.633693596804085391e-61
4.868000000000000114e+02 5.440066465578741943e-62
5.122000000000000455e+02 2.559234878374505334e-70
5.387999999999999545e+02 9.062133472084244931e-71
5.668999999999999773e+02 2.893700700464796337e-80
5.964000000000000909e+02 1.090247816166197747e-80
6.275000000000000000e+02 1.063323054236643466e-82
6.601000000000000227e+02 1.095328858612682431e-91
6.945000000000000000e+02 1.268754484476021147e-92
7.307000000000000455e+02 6.142589927681299700e-104
7.687000000000000455e+02 1.163526402607172768e-104
8.087999999999999545e+02 1.456592324398288180e-117
8.508999999999999773e+02 3.536330344698247617e-118
8.952000000000000455e+02 -2.733839104817147639e-118
9.417999999999999545e+02 -9.329547825977810529e-118
9.908000000000000682e+02 -1.626494970015964069e-117
1.042000000000000000e+03 -2.351173696461086042e-117
1.097000000000000000e+03 -3.129637172134554514e-117
1.154000000000000000e+03 -3.936408410559784393e-117
1.214000000000000000e+03 -4.785641293112665365e-117
1.277000000000000000e+03 -5.677335819793181228e-117
1.344000000000000000e+03 -6.625645871977228360e-117
1.414000000000000000e+03 -7.616417568288915313e-117
1.487000000000000000e+03 -8.649650908728250542e-117
1.565000000000000000e+03 -9.753653656046987352e-117
1.646000000000000000e+03 -1.090011804749337103e-116
1.732000000000000000e+03 -1.211735184581915770e-116
1.822000000000000000e+03 -1.339120116964847634e-116
1.917000000000000000e+03 -1.473581990035719092e-116
2.017000000000000000e+03 -1.615120803794532400e-116
2.122000000000000000e+03 -1.763736558241285866e-116
2.232000000000000000e+03 -1.919429253375980053e-116
2.348000000000000000e+03 -2.083614277336202487e-116
2.470000000000000000e+03 -2.256291630121953730e-116
2.599000000000000000e+03 -2.438876699870821871e-116
2.734000000000000000e+03 -2.629954098445219103e-116
2.877000000000000000e+03 -2.832354602120320476e-116
3.027000000000000000e+03 -3.044662822758541001e-116
3.184000000000000000e+03 -3.266878760359876170e-116
3.350000000000000000e+03 -3.501833191199506102e-116
3.524000000000000000e+03 -3.748110727139839048e-116
3.708000000000000000e+03 -4.008542144456055128e-116
3.901000000000000000e+03 -4.281712055010562591e-116
4.104000000000000000e+03 -4.569035846940953189e-116
4.318000000000000000e+03 -4.871928908384811908e-116
4.543000000000000000e+03 -5.190391239342141005e-116
4.779000000000000000e+03 -5.524422839812938788e-116
5.028000000000000000e+03 -5.876854486072380869e-116
5.290000000000000000e+03 -6.247686178120471757e-116
5.565000000000000000e+03 -6.636917915957208071e-116
5.855000000000000000e+03 -7.047380475857764296e-116
6.160000000000000000e+03 -7.479073857822141559e-116
6.481000000000000000e+03 -7.933413449987932738e-116
6.818000000000000000e+03 -8.410399252355131071e-116
7.173000000000000000e+03 -8.912862041198913297e-116
7.547000000000000000e+03 -9.442217204656873421e-116
7.940000000000000000e+03 -9.998464742729009190e-116
8.353000000000000000e+03 -1.058302004355290559e-115
8.788000000000000000e+03 -1.119871388340373937e-115
9.246000000000000000e+03 -1.184696165041910452e-115
9.727000000000000000e+03 -1.252776334459899203e-115
1.023000000000000000e+04 -1.323970357780581691e-115
1.077000000000000000e+04 -1.400401317210340810e-115
1.133000000000000000e+04 -1.479663052915275991e-115
1.192000000000000000e+04 -1.563170953032975381e-115
1.254000000000000000e+04 -1.650925017563439429e-115
1.319000000000000000e+04 -1.742925246506667008e-115
1.388000000000000000e+04 -1.840587028000248517e-115
1.460000000000000000e+04 -1.942494973906592655e-115
1.536000000000000000e+04 -2.050064472363290724e-115
1.616000000000000000e+04 -2.163295523370340919e-115
1.700000000000000000e+04 -2.282188126927744143e-115
1.789000000000000000e+04 -2.408157671173086735e-115
1.882000000000000000e+04 -2.539788767968782356e-115
1.980000000000000000e+04 -2.678496805452419149e-115
2.083000000000000000e+04 -2.824281783623996214e-115
2.191000000000000000e+04 -2.977143702483514000e-115
2.305000000000000000e+04 -3.138497950168561553e-115
2.425000000000000000e+04 -3.308344526679136170e-115
2.552000000000000000e+04 -3.488098820152827346e-115
2.684000000000000000e+04 -3.674930054314459695e-115
2.824000000000000000e+04 -3.873084393576797649e-115
2.971000000000000000e+04 -4.081146449802253064e-115
3.126000000000000000e+04 -4.300531611128412282e-115
3.289000000000000000e+04 -4.531239877555278458e-115
3.460000000000000000e+04 -4.773271249082846182e-115
3.640000000000000000e+04 -5.028041113848710361e-115
3.830000000000000000e+04 -5.296964859990454180e-115
4.029000000000000000e+04 -5.578627099370490847e-115
4.239000000000000000e+04 -5.875858608263999357e-115
4.460000000000000000e+04 -6.188659386670973396e-115
4.692000000000000000e+04 -6.517029434591420179e-115
4.936000000000000000e+04 -6.862384140162920187e-115
5.193000000000000000e+04 -7.226138891523071931e-115
5.464000000000000000e+04 -7.609709076809453188e-115
5.748000000000000000e+04 -8.011679307884482575e-115
6.047000000000000000e+04 -8.434880361023333677e-115
6.362000000000000000e+04 -8.880727624363591482e-115
6.693000000000000000e+04 -9.349221097905263203e-115
7.042000000000000000e+04 -9.843191557923518817e-115
7.409000000000000000e+04 -1.036263900441836013e-114
7.794000000000000000e+04 -1.090756343738978894e-114
8.200000000000000000e+04 -1.148221102125056923e-114
8.627000000000000000e+04 -1.208658175600069740e-114
9.076000000000000000e+04 -1.272209102977776925e-114
9.549000000000000000e+04 -1.339156961885695296e-114
1.005000000000000000e+05 -1.410067907578860471e-114
1.057000000000000000e+05 -1.483668090733442895e-114
1.112000000000000000e+05 -1.561514438300789662e-114
1.170000000000000000e+05 -1.643606950280900952e-114
1.231000000000000000e+05 -1.729945626673777126e-114
1.295000000000000000e+05 -1.820530467479417282e-114
1.362000000000000000e+05 -1.915361472697821060e-114
1.433000000000000000e+05 -2.015854030466578858e-114
1.508000000000000000e+05 -2.122008140785688511e-114
1.586000000000000000e+05 -2.232408415517561787e-114
1.669000000000000000e+05 -2.349885630937376956e-114
1.756000000000000000e+05 -2.473024398907543260e-114
1.847000000000000000e+05 -2.601824719428062502e-114
1.943000000000000000e+05 -2.737701980636522916e-114
2.045000000000000000e+05 -2.882071570670511656e-114
2.151000000000000000e+05 -3.032102713254854055e-114
2.263000000000000000e+05 -3.190626184664724779e-114
2.381000000000000000e+05 -3.357641984900123107e-114
2.505000000000000000e+05 -3.533150113961050481e-114
2.635000000000000000e+05 -3.717150571847507262e-114
2.773000000000000000e+05 -3.912474134834669198e-114
2.917000000000000000e+05 -4.116290026647358377e-114
3.069000000000000000e+05 -4.331429023560754875e-114
3.229000000000000000e+05 -4.557891125574855085e-114
3.397000000000000000e+05 -4.795676332689660450e-114
3.574000000000000000e+05 -5.046200033042757401e-114
3.760000000000000000e+05 -5.309462226634150266e-114
3.955000000000000000e+05 -5.585462913463833995e-114
4.161000000000000000e+05 -5.877032869806988664e-114
4.378000000000000000e+05 -6.184172095663611389e-114
4.606000000000000000e+05 -6.506880591033704332e-114
4.846000000000000000e+05 -6.846573744054856090e-114
5.098000000000000000e+05 -7.203251554727063777e-114
5.364000000000000000e+05 -7.579744799325506025e-114
5.643000000000000000e+05 -7.974638089712593519e-114
5.937000000000000000e+05 -8.390762202163502005e-114
6.246000000000000000e+05 -8.828117136678234370e-114
6.571000000000000000e+05 -9.288118281394372717e-114
6.913000000000000000e+05 -9.772181024449512132e-114
7.273000000000000000e+05 -1.028172075398123905e-113
7.652000000000000000e+05 -1.081815285812713989e-113
8.050000000000000000e+05 -1.138147733688721179e-113
8.469000000000000000e+05 -1.197452496653663768e-113
8.910000000000000000e+05 -1.259871113521300546e-113
9.374000000000000000e+05 -1.325545123105389578e-113
9.863000000000000000e+05 -1.394757603033448295e-113
1.038000000000000000e+06 -1.467933169746755078e-113
1.092000000000000000e+06 -1.544364129176513827e-113
1.148000000000000000e+06 -1.623625864881448323e-113
1.208000000000000000e+06 -1.708549153136736623e-113
1.271000000000000000e+06 -1.797718605804789122e-113
1.337000000000000000e+06 -1.891134222885604954e-113
1.407000000000000000e+06 -1.990211392516774012e-113
1.480000000000000000e+06 -2.093534726560707269e-113
1.557000000000000000e+06 -2.202519613154992887e-113
1.638000000000000000e+06 -2.317166052299631731e-113
1.724000000000000000e+06 -2.438889432132210234e-113
1.814000000000000000e+06 -2.566274364515141674e-113
1.908000000000000000e+06 -2.699320849448424898e-113
2.007000000000000000e+06 -2.839444275069650088e-113
2.112000000000000000e+06 -2.988060029516403099e-113
2.222000000000000000e+06 -3.143752724651097498e-113
2.337000000000000000e+06 -3.306522360473732132e-113
2.459000000000000000e+06 -3.479199713259482749e-113
2.587000000000000000e+06 -3.660369394870763494e-113
2.722000000000000000e+06 -3.851446793445160221e-113
2.864000000000000000e+06 -4.052431908982674086e-113
3.013000000000000000e+06 -4.263324741483305663e-113
3.170000000000000000e+06 -4.485540679084642540e-113
3.335000000000000000e+06 -4.719079721786682985e-113
3.508000000000000000e+06 -4.963941869589428152e-113
3.691000000000000000e+06 -5.222957898768054943e-113
3.883000000000000000e+06 -5.494712421184977503e-113
4.085000000000000000e+06 -5.780620824977778225e-113
4.298000000000000000e+06 -6.082098498284048732e-113
4.522000000000000000e+06 -6.399145441103789026e-113
4.757000000000000000e+06 -6.731761653436996798e-113
5.005000000000000000e+06 -7.082777911558854144e-113
5.266000000000000000e+06 -7.452194215469354137e-113
5.540000000000000000e+06 -7.840010565168502550e-113
5.828000000000000000e+06 -8.247642348793881774e-113
6.132000000000000000e+06 -8.677920342620673904e-113
6.451000000000000000e+06 -9.129429158511283854e-113
6.787000000000000000e+06 -9.604999572740897180e-113
7.140000000000000000e+06 -1.010463158530950927e-112
7.512000000000000000e+06 -1.063115597249228951e-112
7.903000000000000000e+06 -1.118457273428924485e-112
8.315000000000000000e+06 -1.176771264697555390e-112
8.748000000000000000e+06 -1.238057571055121436e-112
9.203000000000000000e+06 -1.302457731315381208e-112
9.682000000000000000e+06 -1.370254823105852340e-112
1.019000000000000000e+07 -1.442156540495329603e-112
1.072000000000000000e+07 -1.517172111787499670e-112
1.127000000000000000e+07 -1.595018459354846986e-112
1.186000000000000000e+07 -1.678526359472546258e-112
1.248000000000000000e+07 -1.766280424003010709e-112
1.313000000000000000e+07 -1.858280652946238494e-112
1.381000000000000000e+07 -1.954527046302230766e-112
1.453000000000000000e+07 -2.056434992208577072e-112
1.529000000000000000e+07 -2.164004490665273489e-112
1.608000000000000000e+07 -2.275820153534736009e-112
1.692000000000000000e+07 -2.394712757092138417e-112
1.780000000000000000e+07 -2.519266913199893936e-112
1.873000000000000000e+07 -2.650898009995589806e-112
1.971000000000000000e+07 -2.789606047479226026e-112
2.073000000000000000e+07 -2.933975637513214896e-112
2.181000000000000000e+07 -3.086837556372732739e-112
2.295000000000000000e+07 -3.248191804057779096e-112
2.414000000000000000e+07 -3.416622992430766264e-112
2.540000000000000000e+07 -3.594961897766870107e-112
2.672000000000000000e+07 -3.781793131928503386e-112
2.811000000000000000e+07 -3.978532083053252879e-112
2.958000000000000000e+07 -4.186594139278707209e-112
3.112000000000000000e+07 -4.404563912467280522e-112
3.274000000000000000e+07 -4.633856790756555441e-112
3.444000000000000000e+07 -4.874472774146537505e-112
3.623000000000000000e+07 -5.127827250774811185e-112
3.812000000000000000e+07 -5.395335608778967411e-112
4.011000000000000000e+07 -5.676997848159004338e-112
4.219000000000000000e+07 -5.971398580777337497e-112
4.439000000000000000e+07 -6.282783971046722140e-112
4.670000000000000000e+07 -6.609738630829581187e-112
4.913000000000000000e+07 -6.953677948263494489e-112
5.169000000000000000e+07 -7.316017311486054825e-112
5.438000000000000000e+07 -7.696756720497262195e-112
5.722000000000000000e+07 -8.098726951572292001e-112
6.019000000000000000e+07 -8.519097228435966071e-112
6.333000000000000000e+07 -8.963529103638634285e-112
6.663000000000000000e+07 -9.430607189042718637e-112
7.010000000000000000e+07 -9.921746872785796210e-112
7.375000000000000000e+07 -1.043836354300546255e-111
7.759000000000000000e+07 -1.098187258783930583e-111
8.163000000000000000e+07 -1.155368939542490865e-111
8.588000000000000000e+07 -1.215522935389986474e-111
9.035000000000000000e+07 -1.278790785140175301e-111
9.505000000000000000e+07 -1.345314027606817456e-111
1.000000000000000000e+08 -1.415375740417429462e-111
