1.900000000000000000e+01 1.681372158103029424e-01
2.000000000000000000e+01 1.317235516362407211e-01
2.100000000000000000e+01 1.006020700343193686e-01
2.200000000000000000e+01 7.473164279930331888e-02
2.300000000000000000e+01 5.623811064717298969e-02
2.400000000000000000e+01 4.155046284592780331e-02
2.500000000000000000e+01 3.006372855998790464e-02
2.600000000000000000e+01 2.202564447276840476e-02
2.700000000000000000e+01 1.599153390708844130e-02
2.800000000000000000e+01 1.148143075923696230e-02
2.900000000000000000e+01 8.338252216723450808e-03
3.000000000000000000e+01 5.991410668078141384e-03
3.100000000000000000e+01 4.249970780542334375e-03
3.200000000000000000e+01 3.047286202276068036e-03
3.300000000000000000e+01 2.154066211846736821e-03
3.400000000000000000e+01 1.497242969899016110e-03
3.500000000000000000e+01 1.051593215653693443e-03
3.600000000000000000e+01 7.458879287684801835e-04
3.700000000000000000e+01 5.339962967386360651e-04
3.800000000000000000e+01 3.775535724691611410e-04
3.900000000000000000e+01 2.630194772929342578e-04
4.000000000000000000e+01 1.848964813637006218e-04
4.100000000000000000e+01 1.311017679769861807e-04
4.200000000000000000e+01 9.182053572434834476e-05
4.300000000000000000e+01 6.337470621333704318e-05
4.400000000000000000e+01 4.411206882959044483e-05
4.500000000000000000e+01 3.095287215787858264e-05
4.600000000000000000e+01 2.188738868591382002e-05
4.700000000000000000e+01 1.524688390518605167e-05
4.800000000000000000e+01 1.043661769035637785e-05
4.900000000000000000e+01 7.199507928791842206e-06
5.000000000000000000e+01 5.003516797419026651e-06
5.100000000000000000e+01 3.502277239136181333e-06
5.200000000000000000e+01 2.468361342586500124e-06
5.300000000000000000e+01 1.707789078274025282e-06
5.400000000000000000e+01 1.156563910940785330e-06
5.500000000000000000e+01 7.888356071069586229e-07
5.600000000000000000e+01 5.417196424637861483e-07
5.700000000000000000e+01 3.744806902293903563e-07
5.800000000000000000e+01 2.605265672039228695e-07
5.900000000000000000e+01 1.823678885718024549e-07
6.000000000000000000e+01 1.254502860534144074e-07
6.100000000000000000e+01 8.456945763535087511e-08
6.200000000000000000e+01 5.737474835397876284e-08
6.300000000000000000e+01 3.916566154800798556e-08
6.400000000000000000e+01 2.689575626031277898e-08
6.500000000000000000e+01 1.857700710662799522e-08
6.600000000000000000e+01 1.290342910058985680e-08
6.700000000000000000e+01 8.817469810851787100e-09
6.800000000000000000e+01 5.911961939052465313e-09
6.900000000000000000e+01 3.986924167553689321e-09
7.000000000000000000e+01 2.703902009348525990e-09
7.100000000000000000e+01 1.843832770965434303e-09
7.200000000000000000e+01 1.264048041887076857e-09
7.300000000000000000e+01 8.710712608745667916e-10
7.400000000000000000e+01 6.032967771457706991e-10
7.500000000000000000e+01 4.112355941682244410e-10
7.600000000000000000e+01 2.751726241597822468e-10
7.700000000000000000e+01 1.850920962776448001e-10
7.800000000000000000e+01 1.251354640461642382e-10
7.900000000000000000e+01 8.502111748561230123e-11
8.000000000000000000e+01 5.804611526601323513e-11
8.100000000000000000e+01 3.981690934742362224e-11
8.200000000000000000e+01 2.743847407478174694e-11
8.300000000000000000e+01 1.899337683831679096e-11
8.400000000000000000e+01 1.299325870748601278e-11
8.500000000000000000e+01 8.766516747462505363e-12
8.600000000000000000e+01 5.941891834525063192e-12
8.700000000000000000e+01 4.045436043497213640e-12
8.800000000000000000e+01 2.766334241063797415e-12
8.900000000000000000e+01 1.899765359621643548e-12
9.000000000000000000e+01 1.310116710660703117e-12
9.100000000000000000e+01 9.071827651898017801e-13
9.200000000000000000e+01 6.306897251226074673e-13
9.300000000000000000e+01 4.401852701380098359e-13
9.400000000000000000e+01 3.042468729541921648e-13
9.500000000000000000e+01 2.079051417957670149e-13
9.600000000000000000e+01 1.426356338412305746e-13
9.700000000000000000e+01 9.823787631787823891e-14
9.800000000000000000e+01 6.791778777227337245e-14
9.900000000000000000e+01 4.713117807267211283e-14
1.000000000000000000e+02 3.282621592061181242e-14
1.010000000000000000e+02 2.294508340251627171e-14
1.020000000000000000e+02 1.609474900014759987e-14
1.030000000000000000e+02 1.132856423588193510e-14
1.040000000000000000e+02 8.000789314050394204e-15
