9.999999999999999547e-07 1.407995687951341388e+05
1.052000000000000050e-06 1.332075365158388740e+05
1.106999999999999947e-06 1.283788202634014597e+05
1.163999999999999994e-06 1.206909058458297804e+05
1.224999999999999918e-06 1.157490803048356029e+05
1.289000000000000068e-06 1.084078868140371342e+05
1.356000000000000019e-06 1.036477053119662596e+05
1.427000000000000059e-06 9.675907552363316063e+04
1.500999999999999901e-06 9.213226759950917040e+04
1.579000000000000044e-06 8.631657733289587486e+04
1.661000000000000064e-06 8.157939981929628993e+04
1.748000000000000035e-06 7.681713893958072003e+04
1.839000000000000096e-06 7.228791515625423926e+04
1.935000000000000108e-06 6.832745913526615186e+04
2.034999999999999998e-06 6.438865839731760207e+04
2.140999999999999915e-06 6.119758692635723855e+04
2.252999999999999859e-06 5.796835772399221605e+04
2.370000000000000179e-06 5.522584292489048676e+04
2.493000000000000102e-06 5.262778559039023094e+04
2.623000000000000128e-06 5.048606252206749923e+04
2.759999999999999833e-06 4.847009819848928601e+04
2.904000000000000063e-06 4.679520624699704058e+04
3.054999999999999973e-06 4.532659025354475307e+04
3.214000000000000060e-06 4.409924779060293804e+04
3.380999999999999901e-06 4.311699589514109539e+04
3.556999999999999995e-06 4.223495486567173793e+04
3.741999999999999917e-06 4.172000376530161884e+04
3.936999999999999745e-06 4.103370711144811503e+04
4.142000000000000323e-06 4.093559872283258301e+04
4.357999999999999610e-06 4.047991519128234359e+04
4.585000000000000147e-06 4.060641831162040035e+04
4.823999999999999892e-06 4.043630174910502683e+04
5.074999999999999691e-06 4.064690645670633239e+04
5.339000000000000043e-06 4.067180922214854218e+04
5.616999999999999753e-06 4.095547977419340168e+04
5.908999999999999668e-06 4.114017504790471867e+04
6.216999999999999938e-06 4.151086866362934234e+04
6.540999999999999716e-06 4.182462459484559076e+04
6.880999999999999848e-06 4.219713530697369424e+04
7.240000000000000138e-06 4.263925525511113665e+04
7.617000000000000086e-06 4.292900481022249005e+04
8.012999999999999344e-06 4.345917124168743612e+04
8.430000000000000603e-06 4.373010009034350514e+04
8.868999999999999280e-06 4.424167629062965716e+04
9.330999999999999261e-06 4.455939727811333432e+04
9.816999999999999351e-06 4.508453458156994020e+04
1.032999999999999935e-05 4.539185237341986067e+04
1.086999999999999926e-05 4.581060079028915789e+04
1.143000000000000068e-05 4.613869202399319329e+04
1.203000000000000002e-05 4.649602980075127562e+04
1.264999999999999916e-05 4.672426779998080747e+04
1.330999999999999962e-05 4.709560685872165777e+04
1.400999999999999969e-05 4.724390049877531419e+04
1.472999999999999958e-05 4.752492935816400859e+04
1.550000000000000068e-05 4.763650749894603359e+04
1.631000000000000139e-05 4.780319286664693936e+04
1.715999999999999833e-05 4.784450878532904608e+04
1.805000000000000167e-05 4.791037051836674800e+04
1.898999999999999945e-05 4.788480826355276804e+04
1.997999999999999844e-05 4.788721257469580451e+04
2.101999999999999865e-05 4.776645224847337522e+04
2.212000000000000167e-05 4.769116279135025979e+04
2.326999999999999913e-05 4.748808491470199078e+04
2.447999999999999940e-05 4.738508969659756985e+04
2.574999999999999910e-05 4.710819259455698921e+04
2.708999999999999982e-05 4.689497361278571771e+04
2.850000000000000157e-05 4.657532007213556790e+04
2.998999999999999916e-05 4.623899617891412345e+04
3.155000000000000117e-05 4.590718098706269666e+04
3.318999999999999902e-05 4.549692659922431631e+04
3.491999999999999770e-05 4.508235343103796185e+04
3.673999999999999722e-05 4.458057168066706799e+04
3.864999999999999756e-05 4.405890433097015193e+04
4.066000000000000034e-05 4.350666780454000400e+04
4.278000000000000037e-05 4.290242282665205130e+04
4.500999999999999766e-05 4.222925035946871503e+04
4.734999999999999897e-05 4.160147755814564152e+04
4.982000000000000073e-05 4.087640912908587052e+04
5.241000000000000134e-05 4.020089396966041386e+04
5.513999999999999723e-05 3.941123510676642763e+04
5.801000000000000194e-05 3.871675307769997744e+04
6.102999999999999674e-05 3.792699994384881575e+04
6.420999999999999679e-05 3.719442194097089669e+04
6.755999999999999690e-05 3.641144136433675885e+04
7.106999999999999548e-05 3.562513587608909438e+04
7.477000000000000410e-05 3.484761320999661984e+04
7.867000000000000403e-05 3.403410447241525253e+04
8.276000000000000045e-05 3.325089176577122998e+04
8.707000000000000492e-05 3.239063886806282972e+04
9.160999999999999872e-05 3.159031728809699780e+04
9.637999999999999541e-05 3.069028324819705085e+04
1.013999999999999982e-04 2.989035696836772695e+04
1.067000000000000050e-04 2.895340512012717954e+04
1.122000000000000032e-04 2.813316573624770899e+04
1.180999999999999975e-04 2.720664193564531888e+04
1.242000000000000103e-04 2.638590398032658413e+04
1.307000000000000056e-04 2.549827414605892045e+04
1.375000000000000083e-04 2.470892681849245855e+04
1.446999999999999936e-04 2.389278341462538810e+04
1.522000000000000132e-04 2.314631552885926067e+04
1.600999999999999884e-04 2.240839325748907868e+04
1.684000000000000004e-04 2.171509650502782461e+04
1.771999999999999975e-04 2.102805176826752358e+04
1.864000000000000043e-04 2.038689740615829578e+04
1.960999999999999961e-04 1.975732694675480889e+04
2.064000000000000025e-04 1.915009927327825062e+04
2.170999999999999916e-04 1.855841516607466474e+04
2.283999999999999952e-04 1.798246281233851914e+04
2.403000000000000134e-04 1.740983169389338218e+04
2.528000000000000191e-04 1.684623964263701055e+04
2.660000000000000146e-04 1.628433099014946856e+04
2.798000000000000248e-04 1.573637970468938147e+04
2.944000000000000002e-04 1.521378701095256110e+04
3.096999999999999927e-04 1.471700808775951737e+04
3.259000000000000070e-04 1.426394628079352697e+04
3.427999999999999841e-04 1.386671539484319146e+04
3.606999999999999855e-04 1.351082634245729787e+04
3.795000000000000088e-04 1.322223773091496514e+04
3.991999999999999997e-04 1.296915696145933543e+04
4.200000000000000174e-04 1.276813811809467552e+04
4.419000000000000076e-04 1.260299201827636898e+04
4.649000000000000246e-04 1.247738448533595874e+04
4.891000000000000165e-04 1.237648840035052672e+04
5.144999999999999834e-04 1.229745633373306191e+04
5.412999999999999843e-04 1.223760426246890165e+04
5.695000000000000192e-04 1.216913009897499433e+04
5.992000000000000364e-04 1.211566089022816595e+04
6.304000000000000358e-04 1.202020487500991294e+04
6.631999999999999658e-04 1.194796037037223869e+04
6.976999999999999912e-04 1.183533747187325207e+04
7.341000000000000086e-04 1.176361059279829351e+04
7.722999999999999613e-04 1.169091418517424427e+04
8.124999999999999627e-04 1.167073527175056734e+04
8.547999999999999609e-04 1.169907672081526107e+04
8.993000000000000126e-04 1.177373505760461921e+04
9.460999999999999575e-04 1.192396421865834418e+04
9.954000000000000174e-04 1.209581947513975683e+04
1.046999999999999971e-03 1.233524215417420965e+04
1.101999999999999898e-03 1.258911483154689813e+04
1.159000000000000091e-03 1.288207371179909023e+04
1.219000000000000031e-03 1.318449256591713674e+04
1.283000000000000069e-03 1.349480635051556055e+04
1.350000000000000071e-03 1.380714691913740899e+04
1.420000000000000038e-03 1.408163074022938054e+04
1.494000000000000102e-03 1.434291060386694699e+04
1.572000000000000047e-03 1.453069825008963380e+04
1.654000000000000088e-03 1.468914004926846428e+04
1.740000000000000010e-03 1.479516114397561250e+04
1.830000000000000029e-03 1.487520692117705039e+04
1.925999999999999978e-03 1.498217698781593936e+04
2.026000000000000023e-03 1.508204461629063735e+04
2.131000000000000082e-03 1.527268900372471035e+04
2.242000000000000069e-03 1.548765996498020650e+04
2.358999999999999986e-03 1.580106345247621539e+04
2.481999999999999831e-03 1.615174389955823062e+04
2.611000000000000040e-03 1.654401504701832528e+04
2.746999999999999876e-03 1.699885315734247342e+04
2.890000000000000208e-03 1.743000494921279824e+04
3.040999999999999866e-03 1.794544126991936719e+04
3.199000000000000021e-03 1.838668585227934818e+04
3.366000000000000068e-03 1.888036297535365156e+04
3.540999999999999877e-03 1.929033029292224091e+04
3.725000000000000012e-03 1.967552237771836008e+04
3.918999999999999741e-03 1.997158126197454112e+04
4.122999999999999929e-03 2.014369483224104624e+04
4.337999999999999842e-03 2.026190901131671853e+04
4.564000000000000348e-03 2.024398611433460246e+04
4.800999999999999712e-03 2.022957693845004906e+04
5.050999999999999934e-03 2.018291143041027681e+04
5.314000000000000147e-03 2.016787762270378153e+04
5.590999999999999616e-03 2.024704697005142589e+04
5.882000000000000076e-03 2.029815594611256529e+04
6.187999999999999924e-03 2.051566628804548236e+04
6.511000000000000294e-03 2.048738475864768770e+04
6.850000000000000186e-03 2.056571384928692714e+04
7.205999999999999732e-03 2.018017364566699689e+04
7.582000000000000198e-03 1.973502324014828264e+04
7.976000000000000451e-03 1.871603412364660471e+04
8.392000000000000154e-03 1.744218491401647407e+04
8.829000000000000042e-03 1.578407756635192163e+04
9.287999999999999381e-03 1.383541459728581140e+04
9.771999999999999437e-03 1.183249830122557796e+04
1.027999999999999921e-02 9.749598481860410175e+03
1.081999999999999976e-02 7.794040772814461889e+03
1.137999999999999949e-02 6.126587745395298043e+03
1.196999999999999974e-02 4.576803049761483635e+03
1.260000000000000009e-02 3.504912487802645046e+03
1.324999999999999963e-02 2.473756480796319465e+03
1.393999999999999927e-02 1.905535306199815750e+03
1.467000000000000075e-02 1.321460164126793643e+03
1.542999999999999927e-02 1.019586497259452585e+03
1.623000000000000137e-02 7.339723594073764161e+02
1.708000000000000143e-02 5.440382234134114015e+02
1.796999999999999986e-02 3.800794913986778170e+02
1.890000000000000013e-02 2.630886100355806434e+02
1.989000000000000143e-02 1.671501408628304546e+02
2.092000000000000109e-02 1.016981695629186646e+02
2.200999999999999832e-02 6.204466156229814544e+01
2.316000000000000003e-02 3.289188108606289518e+01
2.436999999999999930e-02 2.047062611265124588e+01
2.563000000000000000e-02 1.031280010837750893e+01
2.697000000000000092e-02 6.417184673691584962e+00
2.836999999999999938e-02 2.883193961416779860e+00
2.985000000000000153e-02 1.737946528472930297e+00
3.139999999999999736e-02 5.647910863294176576e-01
3.303999999999999992e-02 3.507108599637430713e-01
3.475999999999999923e-02 1.304962000959495050e-01
3.656999999999999834e-02 6.642864500967915475e-02
3.846999999999999725e-02 2.422176126163838941e-02
4.048000000000000209e-02 9.050044954083628218e-03
4.259000000000000286e-02 3.587456531855962201e-03
4.479999999999999954e-02 1.057537853986430069e-03
4.714000000000000135e-02 4.361410822441105805e-04
4.959000000000000213e-02 8.369901871850414954e-05
5.217000000000000109e-02 3.767920857057454454e-05
5.489000000000000129e-02 5.618124084040459544e-06
5.775000000000000272e-02 2.656220463367743467e-06
6.074999999999999845e-02 2.271439742897109939e-07
6.392000000000000459e-02 1.143747460681451591e-07
6.723999999999999422e-02 6.799009775708244041e-09
7.074999999999999345e-02 3.612868222565712517e-09
7.442999999999999616e-02 2.801216769445009015e-10
7.829999999999999460e-02 7.341086814300720285e-11
8.237999999999999490e-02 1.242233021396591890e-11
8.666999999999999704e-02 8.649262661799766938e-13
9.117999999999999716e-02 2.160966264364815323e-13
9.593000000000000138e-02 6.689665538391070566e-15
1.009000000000000036e-01 2.133382124370419558e-15
1.062000000000000027e-01 2.183192757326198970e-17
1.116999999999999937e-01 8.200748105692976412e-18
1.174999999999999933e-01 4.908606032534990366e-20
1.236000000000000015e-01 2.092962514392456879e-20
1.300999999999999934e-01 5.429598342702281684e-23
1.368999999999999939e-01 2.514328385271776264e-23
1.439999999999999891e-01 2.714911846177542795e-26
1.514999999999999958e-01 1.363769851952946320e-26
1.593999999999999861e-01 5.047221065826757292e-30
1.676999999999999880e-01 2.699162759590746551e-30
1.764000000000000012e-01 2.379765444424322509e-31
1.855999999999999872e-01 2.466224214783748450e-34
1.952000000000000124e-01 4.747604618910415003e-35
2.053999999999999992e-01 6.689730917174206284e-39
2.160999999999999865e-01 1.803675659124780776e-39
2.273999999999999910e-01 4.990621711432940291e-44
2.391999999999999960e-01 1.680162642254718947e-44
2.516999999999999793e-01 9.941476254058763226e-50
2.647999999999999798e-01 3.884101688414883144e-50
2.785000000000000253e-01 4.611581115626597054e-56
2.929999999999999827e-01 2.030909812755525980e-56
3.083000000000000185e-01 3.960201835702418148e-63
3.244000000000000217e-01 1.895981774337750256e-63
3.412000000000000033e-01 4.404204544711984880e-71
3.589999999999999858e-01 2.270296619034840696e-71
3.776999999999999802e-01 2.848990012591244604e-73
3.973999999999999755e-01 4.170609236402912485e-80
4.181000000000000272e-01 5.301266030645338005e-81
4.398000000000000242e-01 5.905283536506183154e-90
4.627000000000000002e-01 1.309287640954589199e-90
4.868000000000000105e-01 7.179997465194723514e-101
5.121999999999999886e-01 2.118202228434930800e-101
5.387999999999999456e-01 4.668327548749871056e-113
5.668999999999999595e-01 1.670511361992968429e-113
5.964000000000000412e-01 1.324343346030773334e-126
6.274999999999999467e-01 5.429803701923942610e-127
6.601000000000000201e-01 9.376275374016000837e-142
6.945000000000000062e-01 4.270152898857272590e-142
7.307000000000000162e-01 1.345256279082267185e-158
7.687000000000000499e-01 6.654417151923752284e-159
8.087999999999999634e-01 1.936796136566221023e-177
8.508999999999999897e-01 1.022316334909936136e-177
8.951999999999999957e-01 6.004571584289072407e-179
9.417999999999999705e-01 1.334407261429746002e-198
9.908000000000000140e-01 2.214616436809050776e-199
1.042000000000000037e+00 6.094803568871299111e-222
1.096999999999999975e+00 1.493753805792942686e-222
1.153999999999999915e+00 5.545925802681321212e-248
1.213999999999999968e+00 1.774057220140017999e-248
1.276999999999999913e+00 5.921204679877408242e-277
1.344000000000000083e+00 2.218216952260207081e-277
1.413999999999999924e+00 2.658425611643935512e-309
1.487000000000000099e+00 1.145398458435978435e-309
1.564999999999999947e+00 0.000000000000000000e+00
1.645999999999999908e+00 0.000000000000000000e+00
1.731999999999999984e+00 0.000000000000000000e+00
1.822000000000000064e+00 0.000000000000000000e+00
1.917000000000000037e+00 0.000000000000000000e+00
2.016999999999999904e+00 0.000000000000000000e+00
2.121999999999999886e+00 0.000000000000000000e+00
2.232000000000000206e+00 0.000000000000000000e+00
2.347999999999999865e+00 0.000000000000000000e+00
2.470000000000000195e+00 0.000000000000000000e+00
2.599000000000000199e+00 0.000000000000000000e+00
2.733999999999999986e+00 0.000000000000000000e+00
2.876999999999999780e+00 0.000000000000000000e+00
3.027000000000000135e+00 0.000000000000000000e+00
3.184000000000000163e+00 0.000000000000000000e+00
3.350000000000000089e+00 0.000000000000000000e+00
3.524000000000000021e+00 0.000000000000000000e+00
3.708000000000000185e+00 0.000000000000000000e+00
3.900999999999999801e+00 0.000000000000000000e+00
4.104000000000000092e+00 0.000000000000000000e+00
4.317999999999999616e+00 0.000000000000000000e+00
4.543000000000000149e+00 0.000000000000000000e+00
4.778999999999999915e+00 0.000000000000000000e+00
5.027999999999999581e+00 0.000000000000000000e+00
5.290000000000000036e+00 0.000000000000000000e+00
5.565000000000000391e+00 0.000000000000000000e+00
5.855000000000000426e+00 0.000000000000000000e+00
6.160000000000000142e+00 0.000000000000000000e+00
6.480999999999999872e+00 0.000000000000000000e+00
6.817999999999999616e+00 0.000000000000000000e+00
7.173000000000000043e+00 0.000000000000000000e+00
7.546999999999999709e+00 0.000000000000000000e+00
7.940000000000000391e+00 0.000000000000000000e+00
8.352999999999999758e+00 0.000000000000000000e+00
8.788000000000000256e+00 0.000000000000000000e+00
9.246000000000000441e+00 0.000000000000000000e+00
9.727000000000000313e+00 0.000000000000000000e+00
1.023000000000000043e+01 0.000000000000000000e+00
1.076999999999999957e+01 0.000000000000000000e+00
1.133000000000000007e+01 0.000000000000000000e+00
1.191999999999999993e+01 0.000000000000000000e+00
1.253999999999999915e+01 0.000000000000000000e+00
1.318999999999999950e+01 0.000000000000000000e+00
1.388000000000000078e+01 0.000000000000000000e+00
1.459999999999999964e+01 0.000000000000000000e+00
1.535999999999999943e+01 0.000000000000000000e+00
1.616000000000000014e+01 0.000000000000000000e+00
1.700000000000000000e+01 0.000000000000000000e+00
1.789000000000000057e+01 0.000000000000000000e+00
1.882000000000000028e+01 0.000000000000000000e+00
1.980000000000000071e+01 0.000000000000000000e+00
2.082999999999999829e+01 0.000000000000000000e+00
2.191000000000000014e+01 0.000000000000000000e+00
2.305000000000000071e+01 0.000000000000000000e+00
2.425000000000000000e+01 0.000000000000000000e+00
2.551999999999999957e+01 0.000000000000000000e+00
2.683999999999999986e+01 0.000000000000000000e+00
2.823999999999999844e+01 0.000000000000000000e+00
2.971000000000000085e+01 0.000000000000000000e+00
3.126000000000000156e+01 0.000000000000000000e+00
3.289000000000000057e+01 0.000000000000000000e+00
3.460000000000000142e+01 0.000000000000000000e+00
3.639999999999999858e+01 0.000000000000000000e+00
3.829999999999999716e+01 0.000000000000000000e+00
4.028999999999999915e+01 0.000000000000000000e+00
4.239000000000000057e+01 0.000000000000000000e+00
4.460000000000000142e+01 0.000000000000000000e+00
4.692000000000000171e+01 0.000000000000000000e+00
4.935999999999999943e+01 0.000000000000000000e+00
5.192999999999999972e+01 0.000000000000000000e+00
5.464000000000000057e+01 0.000000000000000000e+00
5.747999999999999687e+01 0.000000000000000000e+00
6.046999999999999886e+01 0.000000000000000000e+00
6.361999999999999744e+01 0.000000000000000000e+00
6.693000000000000682e+01 0.000000000000000000e+00
7.042000000000000171e+01 0.000000000000000000e+00
7.409000000000000341e+01 0.000000000000000000e+00
7.793999999999999773e+01 0.000000000000000000e+00
8.200000000000000000e+01 0.000000000000000000e+00
8.626999999999999602e+01 0.000000000000000000e+00
9.076000000000000512e+01 0.000000000000000000e+00
9.548999999999999488e+01 0.000000000000000000e+00
1.005000000000000000e+02 0.000000000000000000e+00
1.057000000000000028e+02 0.000000000000000000e+00
1.112000000000000028e+02 0.000000000000000000e+00
1.170000000000000000e+02 0.000000000000000000e+00
1.230999999999999943e+02 0.000000000000000000e+00
1.295000000000000000e+02 0.000000000000000000e+00
1.361999999999999886e+02 0.000000000000000000e+00
1.433000000000000114e+02 0.000000000000000000e+00
1.508000000000000114e+02 0.000000000000000000e+00
1.585999999999999943e+02 0.000000000000000000e+00
1.669000000000000057e+02 0.000000000000000000e+00
1.755999999999999943e+02 0.000000000000000000e+00
1.846999999999999886e+02 0.000000000000000000e+00
1.943000000000000114e+02 0.000000000000000000e+00
2.045000000000000000e+02 0.000000000000000000e+00
2.150999999999999943e+02 0.000000000000000000e+00
2.263000000000000114e+02 0.000000000000000000e+00
2.380999999999999943e+02 0.000000000000000000e+00
2.505000000000000000e+02 0.000000000000000000e+00
2.635000000000000000e+02 0.000000000000000000e+00
2.773000000000000114e+02 0.000000000000000000e+00
2.916999999999999886e+02 0.000000000000000000e+00
3.068999999999999773e+02 0.000000000000000000e+00
3.228999999999999773e+02 0.000000000000000000e+00
3.396999999999999886e+02 0.000000000000000000e+00
3.573999999999999773e+02 0.000000000000000000e+00
3.760000000000000000e+02 0.000000000000000000e+00
3.955000000000000000e+02 0.000000000000000000e+00
4.161000000000000227e+02 0.000000000000000000e+00
4.378000000000000114e+02 0.000000000000000000e+00
4.606000000000000227e+02 0.000000000000000000e+00
4.846000000000000227e+02 0.000000000000000000e+00
5.098000000000000114e+02 0.000000000000000000e+00
5.363999999999999773e+02 0.000000000000000000e+00
5.642999999999999545e+02 0.000000000000000000e+00
5.937000000000000455e+02 0.000000000000000000e+00
6.246000000000000227e+02 0.000000000000000000e+00
6.571000000000000227e+02 0.000000000000000000e+00
6.912999999999999545e+02 0.000000000000000000e+00
7.272999999999999545e+02 0.000000000000000000e+00
7.652000000000000455e+02 0.000000000000000000e+00
8.050000000000000000e+02 0.000000000000000000e+00
8.468999999999999773e+02 0.000000000000000000e+00
8.910000000000000000e+02 0.000000000000000000e+00
9.373999999999999773e+02 0.000000000000000000e+00
9.862999999999999545e+02 0.000000000000000000e+00
1.038000000000000000e+03 0.000000000000000000e+00
1.092000000000000000e+03 0.000000000000000000e+00
1.148000000000000000e+03 0.000000000000000000e+00
1.208000000000000000e+03 0.000000000000000000e+00
1.271000000000000000e+03 0.000000000000000000e+00
1.337000000000000000e+03 0.000000000000000000e+00
1.407000000000000000e+03 0.000000000000000000e+00
1.480000000000000000e+03 0.000000000000000000e+00
1.557000000000000000e+03 0.000000000000000000e+00
1.638000000000000000e+03 0.000000000000000000e+00
1.724000000000000000e+03 0.000000000000000000e+00
1.814000000000000000e+03 0.000000000000000000e+00
1.908000000000000000e+03 0.000000000000000000e+00
2.007000000000000000e+03 0.000000000000000000e+00
2.112000000000000000e+03 0.000000000000000000e+00
2.222000000000000000e+03 0.000000000000000000e+00
2.337000000000000000e+03 0.000000000000000000e+00
2.459000000000000000e+03 0.000000000000000000e+00
2.587000000000000000e+03 0.000000000000000000e+00
2.722000000000000000e+03 0.000000000000000000e+00
2.864000000000000000e+03 0.000000000000000000e+00
3.013000000000000000e+03 0.000000000000000000e+00
3.170000000000000000e+03 0.000000000000000000e+00
3.335000000000000000e+03 0.000000000000000000e+00
3.508000000000000000e+03 0.000000000000000000e+00
3.691000000000000000e+03 0.000000000000000000e+00
3.883000000000000000e+03 0.000000000000000000e+00
4.085000000000000000e+03 0.000000000000000000e+00
4.298000000000000000e+03 0.000000000000000000e+00
4.522000000000000000e+03 0.000000000000000000e+00
4.757000000000000000e+03 0.000000000000000000e+00
5.005000000000000000e+03 0.000000000000000000e+00
5.266000000000000000e+03 0.000000000000000000e+00
5.540000000000000000e+03 0.000000000000000000e+00
5.828000000000000000e+03 0.000000000000000000e+00
6.132000000000000000e+03 0.000000000000000000e+00
6.451000000000000000e+03 0.000000000000000000e+00
6.787000000000000000e+03 0.000000000000000000e+00
7.140000000000000000e+03 0.000000000000000000e+00
7.512000000000000000e+03 0.000000000000000000e+00
7.903000000000000000e+03 0.000000000000000000e+00
8.315000000000000000e+03 0.000000000000000000e+00
8.748000000000000000e+03 0.000000000000000000e+00
9.203000000000000000e+03 0.000000000000000000e+00
9.682000000000000000e+03 0.000000000000000000e+00
1.019000000000000000e+04 0.000000000000000000e+00
1.072000000000000000e+04 0.000000000000000000e+00
1.127000000000000000e+04 0.000000000000000000e+00
1.186000000000000000e+04 0.000000000000000000e+00
1.248000000000000000e+04 0.000000000000000000e+00
1.313000000000000000e+04 0.000000000000000000e+00
1.381000000000000000e+04 0.000000000000000000e+00
1.453000000000000000e+04 0.000000000000000000e+00
1.529000000000000000e+04 0.000000000000000000e+00
1.608000000000000000e+04 0.000000000000000000e+00
1.692000000000000000e+04 0.000000000000000000e+00
1.780000000000000000e+04 0.000000000000000000e+00
1.873000000000000000e+04 0.000000000000000000e+00
1.971000000000000000e+04 0.000000000000000000e+00
2.073000000000000000e+04 0.000000000000000000e+00
2.181000000000000000e+04 0.000000000000000000e+00
2.295000000000000000e+04 0.000000000000000000e+00
2.414000000000000000e+04 0.000000000000000000e+00
2.540000000000000000e+04 0.000000000000000000e+00
2.672000000000000000e+04 0.000000000000000000e+00
2.811000000000000000e+04 0.000000000000000000e+00
2.958000000000000000e+04 0.000000000000000000e+00
3.112000000000000000e+04 0.000000000000000000e+00
3.274000000000000000e+04 0.000000000000000000e+00
3.444000000000000000e+04 0.000000000000000000e+00
3.623000000000000000e+04 0.000000000000000000e+00
3.812000000000000000e+04 0.000000000000000000e+00
4.011000000000000000e+04 0.000000000000000000e+00
4.219000000000000000e+04 0.000000000000000000e+00
4.439000000000000000e+04 0.000000000000000000e+00
4.670000000000000000e+04 0.000000000000000000e+00
4.913000000000000000e+04 0.000000000000000000e+00
5.169000000000000000e+04 0.000000000000000000e+00
5.438000000000000000e+04 0.000000000000000000e+00
5.722000000000000000e+04 0.000000000000000000e+00
6.019000000000000000e+04 0.000000000000000000e+00
6.333000000000000000e+04 0.000000000000000000e+00
6.663000000000000000e+04 0.000000000000000000e+00
7.010000000000000000e+04 0.000000000000000000e+00
7.375000000000000000e+04 0.000000000000000000e+00
7.759000000000000000e+04 0.000000000000000000e+00
8.163000000000000000e+04 0.000000000000000000e+00
8.588000000000000000e+04 0.000000000000000000e+00
9.035000000000000000e+04 0.000000000000000000e+00
9.505000000000000000e+04 0.000000000000000000e+00
1.000000000000000000e+05 0.000000000000000000e+00
