1.903427155601598031e+01 8.475810974403799491e+00
2.003427155601598031e+01 7.026120765662062340e+00
2.103427155601598031e+01 5.818690753468379384e+00
2.203427155601598031e+01 4.825235031726735180e+00
2.303427155601598031e+01 4.009914988384116086e+00
2.403427155601598031e+01 3.330101037878449688e+00
2.503427155601598031e+01 2.762384234073408162e+00
2.603427155601598031e+01 2.280768401953373825e+00
2.703427155601598031e+01 1.870325738451912745e+00
2.803427155601598031e+01 1.523277989945748701e+00
2.903427155601598031e+01 1.230627811770128588e+00
3.003427155601598031e+01 9.858298328596537541e-01
3.103427155601598031e+01 7.838613676732044677e-01
3.203427155601598031e+01 6.206716255108947200e-01
3.303427155601598031e+01 4.879711781307512486e-01
3.403427155601598031e+01 3.822292646876049305e-01
3.503427155601598031e+01 2.988262957547014875e-01
3.603427155601598031e+01 2.325491893361553430e-01
3.703427155601598031e+01 1.814162465473547758e-01
3.803427155601598031e+01 1.408271068127162906e-01
3.903427155601598031e+01 1.094245896932746903e-01
4.003427155601598031e+01 8.530627805549376164e-02
4.103427155601598031e+01 6.586840678927605164e-02
4.203427155601598031e+01 5.105961712287709897e-02
4.303427155601598031e+01 3.971195865200750907e-02
4.403427155601598031e+01 3.057387180654670689e-02
4.503427155601598031e+01 2.360272517151452282e-02
4.603427155601598031e+01 1.813997789711715297e-02
4.703427155601598031e+01 1.390225621437377046e-02
4.803427155601598031e+01 1.062599986947860599e-02
4.903427155601598031e+01 8.099743574965647536e-03
5.003427155601598031e+01 6.170225380216026734e-03
5.103427155601598031e+01 4.690828900854984544e-03
5.203427155601598031e+01 3.560867130820184225e-03
5.303427155601598031e+01 2.700080193667535235e-03
5.403427155601598031e+01 2.044829096583195612e-03
5.503427155601598031e+01 1.547825265260910745e-03
5.603427155601598031e+01 1.170508061987400898e-03
5.703427155601598031e+01 8.833746114753146398e-04
5.803427155601598031e+01 6.665534931862247825e-04
5.903427155601598031e+01 5.015367787163704837e-04
6.003427155601598031e+01 3.779459501184747553e-04
6.103427155601598031e+01 2.838713510215561619e-04
6.203427155601598031e+01 2.132857795276605088e-04
6.303427155601598031e+01 1.607063672835368521e-04
6.403427155601598031e+01 1.204777863851619227e-04
6.503427155601598031e+01 9.058896952099599123e-05
6.603427155601598031e+01 6.831972986668229065e-05
6.703427155601598031e+01 5.130182197148009320e-05
6.803427155601598031e+01 3.862645440139273985e-05
6.903427155601598031e+01 2.916969529331590790e-05
7.003427155601598031e+01 2.192648988236692067e-05
7.103427155601598031e+01 1.651815960209757002e-05
7.203427155601598031e+01 1.248096810990037046e-05
7.303427155601598031e+01 9.383346787368677876e-06
7.403427155601598031e+01 7.066338893464854175e-06
7.503427155601598031e+01 5.337774386352704520e-06
7.603427155601598031e+01 4.013966555447421371e-06
7.703427155601598031e+01 3.022497352588216944e-06
7.803427155601598031e+01 2.282745807836150281e-06
7.903427155601598031e+01 1.714314737739290179e-06
8.003427155601598031e+01 1.288039199152180260e-06
8.103427155601598031e+01 9.707989923229669202e-07
8.203427155601598031e+01 7.288512713990551910e-07
8.303427155601598031e+01 5.475226902061343474e-07
8.403427155601598031e+01 4.125932943169859358e-07
8.503427155601598031e+01 3.097842563598957681e-07
8.603427155601598031e+01 2.326311891033668297e-07
