1.603007518796992770e+01 1.075421900606450265e+02
1.703007518796992770e+01 9.149040540995106596e+01
1.803007518796992770e+01 7.650459359594373154e+01
1.903007518796992770e+01 6.382231076035433404e+01
2.003007518796992770e+01 5.288924631574128199e+01
2.103007518796992770e+01 4.381332151654684282e+01
2.203007518796992770e+01 3.635730200706125714e+01
2.303007518796992770e+01 3.020818910155268711e+01
2.403007518796992770e+01 2.508990846798049645e+01
2.503007518796992770e+01 2.080335414215457845e+01
2.603007518796992770e+01 1.716752723826555282e+01
2.703007518796992770e+01 1.408242044587791142e+01
2.803007518796992770e+01 1.146357200385304864e+01
2.903007518796992770e+01 9.224232307233723560e+00
3.003007518796992770e+01 7.408758812788776460e+00
3.103007518796992770e+01 5.904016256364445603e+00
3.203007518796992770e+01 4.675163598281649513e+00
3.303007518796992770e+01 3.675631906206838551e+00
3.403007518796992770e+01 2.883876546795282270e+00
3.503007518796992770e+01 2.252673204267332085e+00
3.603007518796992770e+01 1.757319059007864448e+00
3.703007518796992770e+01 1.368605449853390610e+00
3.803007518796992770e+01 1.065088907626695836e+00
3.903007518796992770e+01 8.282862915944471105e-01
4.003007518796992770e+01 6.436098894164223871e-01
4.103007518796992770e+01 4.994705950580420328e-01
4.203007518796992770e+01 3.873077476167580135e-01
4.303007518796992770e+01 2.996021536281997522e-01
4.403007518796992770e+01 2.313688461222773440e-01
4.503007518796992770e+01 1.781437782962814187e-01
4.603007518796992770e+01 1.368199172252569096e-01
4.703007518796992770e+01 1.047912712775149191e-01
4.803007518796992770e+01 8.005956377594249107e-02
4.903007518796992770e+01 6.106122437507204015e-02
5.003007518796992770e+01 4.646917422978782963e-02
5.103007518796992770e+01 3.534003424963524931e-02
5.203007518796992770e+01 2.682684648640211098e-02
5.303007518796992770e+01 2.033534842591680145e-02
5.403007518796992770e+01 1.540614871962547525e-02
5.503007518796992770e+01 1.166268101380034741e-02
5.603007518796992770e+01 8.814510511866699427e-03
5.703007518796992770e+01 6.656611169664339647e-03
5.803007518796992770e+01 5.019844508418693299e-03
5.903007518796992770e+01 3.782448663809033235e-03
6.003007518796992770e+01 2.847602354173539314e-03
6.103007518796992770e+01 2.143312047516920168e-03
6.203007518796992770e+01 1.612193344822980545e-03
6.303007518796992770e+01 1.211763198658475987e-03
6.403007518796992770e+01 9.111166723492161333e-04
6.503007518796992770e+01 6.849808108501040382e-04
6.603007518796992770e+01 5.153781716721848611e-04
6.703007518796992770e+01 3.879524894896096000e-04
6.803007518796992770e+01 2.920684785553045244e-04
6.903007518796992770e+01 2.199115096548310221e-04
7.003007518796992770e+01 1.655681108086930837e-04
7.103007518796992770e+01 1.247894766827426633e-04
7.203007518796992770e+01 9.411423881774208533e-05
7.303007518796992770e+01 7.094770498168133236e-05
7.403007518796992770e+01 5.345445918208437119e-05
7.503007518796992770e+01 4.025720606994875444e-05
7.603007518796992770e+01 3.032219501974555990e-05
7.703007518796992770e+01 2.284937894931561624e-05
7.803007518796992770e+01 1.720011501126011641e-05
7.903007518796992770e+01 1.295878770702618169e-05
8.003007518796992770e+01 9.745032940107183902e-06
8.103007518796992770e+01 7.329298918665180860e-06
8.203007518796992770e+01 5.508692845406584781e-06
8.303007518796992770e+01 4.142332288705495803e-06
8.403007518796992770e+01 3.112476595740385324e-06
8.503007518796992770e+01 2.338800530842940900e-06
8.603007518796992770e+01 1.755407436150460617e-06
8.703007518796992770e+01 1.316714549942400572e-06
8.803007518796992770e+01 9.872090502056014243e-07
