1.900000000000000000e+01 9.980123338297572033e+00
2.000000000000000000e+01 9.301822453863699991e+00
2.100000000000000000e+01 8.495828954220073115e+00
2.200000000000000000e+01 7.607150987868242176e+00
2.300000000000000000e+01 6.844276457184311546e+00
2.400000000000000000e+01 6.111790525946678265e+00
2.500000000000000000e+01 5.415882129129100164e+00
2.600000000000000000e+01 4.821605804738328338e+00
2.700000000000000000e+01 4.288811612166809617e+00
2.800000000000000000e+01 3.810563673459287148e+00
2.900000000000000000e+01 3.399491704380804169e+00
3.000000000000000000e+01 3.014857556975186093e+00
3.100000000000000000e+01 2.657362601943181968e+00
3.200000000000000000e+01 2.351524537000519111e+00
3.300000000000000000e+01 2.045757289178236071e+00
3.400000000000000000e+01 1.749025159439411947e+00
3.500000000000000000e+01 1.502050344698914186e+00
3.600000000000000000e+01 1.295421526570516679e+00
3.700000000000000000e+01 1.121699224462624933e+00
3.800000000000000000e+01 9.552932722288554057e-01
3.900000000000000000e+01 7.996957520011673815e-01
4.000000000000000000e+01 6.724267406290672655e-01
4.100000000000000000e+01 5.678098233342396828e-01
4.200000000000000000e+01 4.760240705983252996e-01
4.300000000000000000e+01 3.960033143823689650e-01
4.400000000000000000e+01 3.308162912170800052e-01
4.500000000000000000e+01 2.774675558290276012e-01
4.600000000000000000e+01 2.336141572885697681e-01
4.700000000000000000e+01 1.952286801722371845e-01
4.800000000000000000e+01 1.618515222844681689e-01
4.900000000000000000e+01 1.346954767921130780e-01
5.000000000000000000e+01 1.125085925673265097e-01
5.100000000000000000e+01 9.430878608755689785e-02
5.200000000000000000e+01 7.932194375299243816e-02
5.300000000000000000e+01 6.583918481890124741e-02
5.400000000000000000e+01 5.388796860527004379e-02
5.500000000000000000e+01 4.426719363684036845e-02
5.600000000000000000e+01 3.649206089894612565e-02
5.700000000000000000e+01 3.018473789216712111e-02
5.800000000000000000e+01 2.504945119935676062e-02
5.900000000000000000e+01 2.085367347158223472e-02
6.000000000000000000e+01 1.715753703001031763e-02
6.100000000000000000e+01 1.394058472963657924e-02
6.200000000000000000e+01 1.136481540141805364e-02
6.300000000000000000e+01 9.295074746705449600e-03
6.400000000000000000e+01 7.626203988962856721e-03
6.500000000000000000e+01 6.276057903725665299e-03
6.600000000000000000e+01 5.180221542771147950e-03
6.700000000000000000e+01 4.230648996855500103e-03
6.800000000000000000e+01 3.416124452548500827e-03
6.900000000000000000e+01 2.766987183233344996e-03
7.000000000000000000e+01 2.247961520786607992e-03
7.100000000000000000e+01 1.831647837198477043e-03
7.200000000000000000e+01 1.496687447845074410e-03
7.300000000000000000e+01 1.226372488146153369e-03
7.400000000000000000e+01 1.007588751903733520e-03
7.500000000000000000e+01 8.177492894332577360e-04
7.600000000000000000e+01 6.550154459622649491e-04
7.700000000000000000e+01 5.261809429135079139e-04
7.800000000000000000e+01 4.238759374390640815e-04
7.900000000000000000e+01 3.423982803967214094e-04
8.000000000000000000e+01 2.773216646955582753e-04
8.100000000000000000e+01 2.251991701753302448e-04
8.200000000000000000e+01 1.833381893160692896e-04
8.300000000000000000e+01 1.496289587670841825e-04
8.400000000000000000e+01 1.205468259800276682e-04
8.500000000000000000e+01 9.577572629877726166e-05
8.600000000000000000e+01 7.629873307458230006e-05
8.700000000000000000e+01 6.094171350206362288e-05
8.800000000000000000e+01 4.880020355231041057e-05
8.900000000000000000e+01 3.917538659703035232e-05
9.000000000000000000e+01 3.152575623419451523e-05
9.100000000000000000e+01 2.543050448617867424e-05
9.200000000000000000e+01 2.056170459634709308e-05
9.300000000000000000e+01 1.666311139735829358e-05
9.400000000000000000e+01 1.332912490144889655e-05
9.500000000000000000e+01 1.051373719547572097e-05
9.600000000000000000e+01 8.313548888939897825e-06
9.700000000000000000e+01 6.589728101929334864e-06
9.800000000000000000e+01 5.235748313666686858e-06
9.900000000000000000e+01 4.169648322067654658e-06
1.000000000000000000e+02 3.328199046645924341e-06
1.010000000000000000e+02 2.662494723850409585e-06
1.020000000000000000e+02 2.134611259858965248e-06
1.030000000000000000e+02 1.715066419709827531e-06
1.040000000000000000e+02 1.380884210285672753e-06
