1.774127155601597394e+01 8.838569470732482447e-01
1.874127155601597394e+01 6.778051568214025213e-01
1.974127155601597394e+01 5.104324495775505177e-01
2.074127155601597394e+01 3.781728619322776153e-01
2.174127155601597394e+01 2.773460538139698173e-01
2.274127155601597394e+01 2.005261813294056394e-01
2.374127155601597394e+01 1.438422094824814979e-01
2.474127155601597394e+01 1.025343488477569731e-01
2.574127155601597394e+01 7.275810972286053668e-02
2.674127155601597394e+01 5.156308697154865506e-02
2.774127155601597394e+01 3.647784851152723051e-02
2.874127155601597394e+01 2.575851295914136779e-02
2.974127155601597394e+01 1.813988185462933611e-02
3.074127155601597394e+01 1.276713742753818152e-02
3.174127155601597394e+01 8.940146702078283908e-03
3.274127155601597394e+01 6.241008995224244307e-03
3.374127155601597394e+01 4.349720075590549941e-03
3.474127155601597394e+01 3.011376965465943373e-03
3.574127155601597394e+01 2.092395748063878135e-03
3.674127155601597394e+01 1.442497221144221041e-03
3.774127155601597394e+01 9.954383901950251273e-04
3.874127155601597394e+01 6.907337213549604804e-04
3.974127155601597394e+01 4.731304525157313664e-04
4.074127155601597394e+01 3.260370235506461836e-04
4.174127155601597394e+01 2.259835984727741266e-04
4.274127155601597394e+01 1.548800910572076803e-04
4.374127155601597394e+01 1.066525625583691862e-04
4.474127155601597394e+01 7.323640440349982465e-05
4.574127155601597394e+01 5.019727869999908763e-05
4.674127155601597394e+01 3.434301099550317977e-05
4.774127155601597394e+01 2.344662437489729992e-05
4.874127155601597394e+01 1.599949229632750347e-05
4.974127155601597394e+01 1.089851815246118204e-05
5.074127155601597394e+01 7.411015135037079098e-06
5.174127155601597394e+01 5.037419073353104621e-06
5.274127155601597394e+01 3.420138284132253231e-06
5.374127155601597394e+01 2.319798965986093904e-06
5.474127155601597394e+01 1.572718427828523188e-06
5.574127155601597394e+01 1.063823487062596002e-06
5.674127155601597394e+01 7.196087188858164994e-07
5.774127155601597394e+01 4.850362819011092411e-07
5.874127155601597394e+01 3.276125009885579877e-07
5.974127155601597394e+01 2.202978927056453974e-07
6.074127155601597394e+01 1.481929414761801184e-07
6.174127155601597394e+01 1.000551559817906462e-07
6.274127155601597394e+01 6.690404411966104810e-08
6.374127155601597394e+01 4.490675246054448589e-08
6.474127155601597394e+01 3.025566314855377469e-08
6.574127155601597394e+01 2.017798409074281033e-08
6.674127155601597394e+01 1.349848908523007795e-08
6.774127155601597394e+01 9.067173704005772838e-09
6.874127155601597394e+01 6.036796569257138768e-09
6.974127155601597394e+01 4.029791573152533961e-09
7.074127155601597394e+01 2.701551918641206036e-09
7.174127155601597394e+01 1.795905747170480386e-09
7.274127155601597394e+01 1.196288519157948785e-09
7.374127155601597394e+01 8.004566310660731918e-10
7.474127155601597394e+01 5.319869512631982668e-10
7.574127155601597394e+01 3.541777942987861335e-10
7.674127155601597394e+01 2.368834361029874048e-10
7.774127155601597394e+01 1.575647155947598025e-10
7.874127155601597394e+01 1.049564144267401287e-10
7.974127155601597394e+01 7.024524488945947785e-11
8.074127155601597394e+01 4.691859865461293592e-11
8.174127155601597394e+01 3.140398942024406149e-11
8.274127155601597394e+01 2.111554204721213384e-11
8.374127155601597394e+01 1.415452516008225154e-11
8.474127155601597394e+01 9.498290765138233945e-12
