4.999999999999999237e-03 2.278349096827497061e-02
9.999999999999998473e-03 7.826731096252142941e-04
1.499999999999999771e-02 5.202025388593436387e-05
1.999999999999999695e-02 5.048947799446587448e-06
2.499999999999999445e-02 6.034904738600961885e-07
2.999999999999999195e-02 8.230841184803433233e-08
3.499999999999999639e-02 1.239441061831975451e-08
3.999999999999999389e-02 2.093825194156492698e-09
4.499999999999999140e-02 3.527695668387431841e-10
4.999999999999998890e-02 6.678639834891281942e-11
5.499999999999998640e-02 1.122289336628664582e-11
5.999999999999999084e-02 2.417953663926770139e-12
6.499999999999998834e-02 4.141423239683078865e-13
6.999999999999999278e-02 7.422218377190996590e-14
7.499999999999999722e-02 1.422964868751224651e-14
7.999999999999998779e-02 1.752511465651977057e-15
8.499999999999999223e-02 1.320695712650836345e-16
8.999999999999999667e-02 4.562793273443991537e-18
