1.900000000000000000e+01 3.558734782865500268e-01
2.000000000000000000e+01 2.919429435047533605e-01
2.100000000000000000e+01 2.335092515892689680e-01
2.200000000000000000e+01 1.818419944815521383e-01
2.300000000000000000e+01 1.431587388872991307e-01
2.400000000000000000e+01 1.101541511437924142e-01
2.500000000000000000e+01 8.267253415081185497e-02
2.600000000000000000e+01 6.273739947675234518e-02
2.700000000000000000e+01 4.714122094012603709e-02
2.800000000000000000e+01 3.501189929000162598e-02
2.900000000000000000e+01 2.627207906542722987e-02
3.000000000000000000e+01 1.956144809401825363e-02
3.100000000000000000e+01 1.442838849994721069e-02
3.200000000000000000e+01 1.074417752464212374e-02
3.300000000000000000e+01 7.884384344299732311e-03
3.400000000000000000e+01 5.689416026894815459e-03
3.500000000000000000e+01 4.144035538641040531e-03
3.600000000000000000e+01 3.045153684438890208e-03
3.700000000000000000e+01 2.256406767052238863e-03
3.800000000000000000e+01 1.649429918145602515e-03
3.900000000000000000e+01 1.187080855702021039e-03
4.000000000000000000e+01 8.613975764424161184e-04
4.100000000000000000e+01 6.299832825503403049e-04
4.200000000000000000e+01 4.560216182875704780e-04
4.300000000000000000e+01 3.261288115346319401e-04
4.400000000000000000e+01 2.350209767240264290e-04
4.500000000000000000e+01 1.706044001643453262e-04
4.600000000000000000e+01 1.247102189815645610e-04
4.700000000000000000e+01 8.982909832361507486e-05
4.800000000000000000e+01 6.362131071397782796e-05
4.900000000000000000e+01 4.537844270815377147e-05
5.000000000000000000e+01 3.258631718705534409e-05
5.100000000000000000e+01 2.355289185953687284e-05
5.200000000000000000e+01 1.713040711329283220e-05
5.300000000000000000e+01 1.223815111468708549e-05
5.400000000000000000e+01 8.566820100825793110e-06
5.500000000000000000e+01 6.035914699746426769e-06
5.600000000000000000e+01 4.279423608935681020e-06
5.700000000000000000e+01 3.052464689110543431e-06
5.800000000000000000e+01 2.190022646118075105e-06
5.900000000000000000e+01 1.580131265088714351e-06
6.000000000000000000e+01 1.121267993524226792e-06
6.100000000000000000e+01 7.806750959096365913e-07
6.200000000000000000e+01 5.467263422240983865e-07
6.300000000000000000e+01 3.850593988895221002e-07
6.400000000000000000e+01 2.726883501248200312e-07
6.500000000000000000e+01 1.941391822175704849e-07
6.600000000000000000e+01 1.389304792374751144e-07
6.700000000000000000e+01 9.794359436597701238e-08
6.800000000000000000e+01 6.787116183861578343e-08
6.900000000000000000e+01 4.728302740297644672e-08
7.000000000000000000e+01 3.311081727248606120e-08
7.100000000000000000e+01 2.330321514148727442e-08
7.200000000000000000e+01 1.648095738495974232e-08
7.300000000000000000e+01 1.171147246774742210e-08
7.400000000000000000e+01 8.360788341658862000e-09
7.500000000000000000e+01 5.874751201998522721e-09
7.600000000000000000e+01 4.053590066881110496e-09
7.700000000000000000e+01 2.810507890156861523e-09
7.800000000000000000e+01 1.957810478463671195e-09
7.900000000000000000e+01 1.370079020124261622e-09
8.000000000000000000e+01 9.630745892417500433e-10
8.100000000000000000e+01 6.799322368879980554e-10
8.200000000000000000e+01 4.820771613353329847e-10
8.300000000000000000e+01 3.432165219574485115e-10
8.400000000000000000e+01 2.410886871908910187e-10
8.500000000000000000e+01 1.667525785270508140e-10
8.600000000000000000e+01 1.158327488457333549e-10
8.700000000000000000e+01 8.079981548323160945e-11
8.800000000000000000e+01 5.659370986074332112e-11
8.900000000000000000e+01 3.979831935648204095e-11
9.000000000000000000e+01 2.809709343285326257e-11
9.100000000000000000e+01 1.991226899594509294e-11
9.200000000000000000e+01 1.416467505670409869e-11
9.300000000000000000e+01 1.011309250274403063e-11
9.400000000000000000e+01 7.161094686702932330e-12
9.500000000000000000e+01 5.022352379474857342e-12
9.600000000000000000e+01 3.535419081616889306e-12
9.700000000000000000e+01 2.497741187472323878e-12
9.800000000000000000e+01 1.770902510735302750e-12
9.900000000000000000e+01 1.259944465345809816e-12
1.000000000000000000e+02 8.994716219074916085e-13
1.010000000000000000e+02 6.442783285616723020e-13
1.020000000000000000e+02 4.630001367549665656e-13
1.030000000000000000e+02 3.337971527714771465e-13
1.040000000000000000e+02 2.414077570326827945e-13
