1.000000000000000021e-03 1.171212724885848218e+02
1.051999999999999984e-03 1.112064416880470930e+02
1.106999999999999911e-03 1.084159872526525135e+02
1.163999999999999887e-03 1.017946714358055118e+02
1.224999999999999960e-03 9.886809715262103282e+01
1.288999999999999998e-03 9.148736132124021481e+01
1.356000000000000000e-03 8.833264956484812558e+01
1.427000000000000100e-03 8.140997625446334496e+01
1.500999999999999947e-03 7.749971717415714068e+01
1.579000000000000108e-03 7.129721678205308422e+01
1.661000000000000150e-03 6.691127248791197246e+01
1.747999999999999988e-03 6.160097028622131177e+01
1.839000000000000140e-03 5.678362922844264915e+01
1.935000000000000088e-03 5.251922939403932844e+01
2.034999999999999917e-03 4.777728668095954845e+01
2.141000000000000108e-03 4.411452875534521212e+01
2.252999999999999794e-03 3.988702939248054236e+01
2.370000000000000145e-03 3.671398368664448952e+01
2.492999999999999990e-03 3.318240926455143835e+01
2.623000000000000331e-03 3.046883912804316097e+01
2.759999999999999867e-03 2.747283193430997628e+01
2.903999999999999897e-03 2.512876051300874636e+01
3.054999999999999990e-03 2.290351445886834725e+01
3.213999999999999843e-03 2.094555846107633457e+01
3.380999999999999891e-03 1.917159108829038061e+01
3.556999999999999832e-03 1.765812447988140832e+01
3.742000000000000100e-03 1.654064944350603383e+01
3.936999999999999528e-03 1.520305334237070483e+01
4.142000000000000716e-03 1.461982893352221247e+01
4.357999999999999895e-03 1.353680222318420334e+01
4.585000000000000533e-03 1.326718894722171882e+01
4.824000000000000163e-03 1.254019586364340100e+01
5.074999999999999650e-03 1.250817155710254802e+01
5.338999999999999996e-03 1.211067086621778799e+01
5.616999999999999597e-03 1.212687263989799824e+01
5.908999999999999322e-03 1.194119444764817928e+01
6.217000000000000304e-03 1.211551384155241529e+01
6.540999999999999939e-03 1.217813223072143991e+01
6.880999999999999964e-03 1.245686543166366533e+01
7.239999999999999908e-03 1.269701295117420514e+01
7.617000000000000506e-03 1.298066516892863120e+01
8.012999999999999290e-03 1.346310147110048483e+01
8.429999999999999993e-03 1.366765076006441326e+01
8.868999999999998413e-03 1.430029994449856368e+01
9.330999999999999017e-03 1.456404937522816390e+01
9.816999999999999338e-03 1.520219538370194279e+01
1.032999999999999891e-02 1.561568905322474521e+01
1.086999999999999945e-02 1.627495215194458922e+01
1.143000000000000092e-02 1.671756270038319059e+01
1.203000000000000076e-02 1.727305484945231484e+01
1.264999999999999979e-02 1.781552064568462868e+01
1.330999999999999892e-02 1.836851989829487763e+01
1.400999999999999988e-02 1.881509360627180172e+01
1.473000000000000004e-02 1.945752506518436675e+01
1.549999999999999989e-02 1.988759976775292770e+01
1.631000000000000158e-02 2.045150206211824440e+01
1.715999999999999817e-02 2.088365774504388739e+01
1.805000000000000007e-02 2.135488636912746330e+01
1.898999999999999994e-02 2.177320988633106325e+01
1.997999999999999776e-02 2.224090629854436330e+01
2.101999999999999702e-02 2.259353925688159848e+01
2.212000000000000077e-02 2.305611975472965014e+01
2.326999999999999902e-02 2.336685660101521478e+01
2.447999999999999829e-02 2.376319958925065023e+01
2.574999999999999858e-02 2.396756996961288166e+01
2.708999999999999950e-02 2.436716972098315281e+01
2.850000000000000103e-02 2.451946360067530861e+01
2.998999999999999930e-02 2.477362254963340149e+01
3.155000000000000165e-02 2.495899258971418533e+01
3.318999999999999728e-02 2.509859690498322493e+01
3.491999999999999965e-02 2.523356670165693316e+01
3.673999999999999488e-02 2.532938184843974838e+01
3.864999999999999686e-02 2.540331654232552339e+01
4.066000000000000170e-02 2.539326252472870493e+01
4.277999999999999858e-02 2.538050385060529734e+01
4.500999999999999446e-02 2.533457255027552435e+01
4.734999999999999626e-02 2.528264323765780475e+01
4.982000000000000317e-02 2.510042014500015028e+01
5.240999999999999825e-02 2.504694194728151757e+01
5.513999999999999457e-02 2.478140265542295140e+01
5.800999999999999907e-02 2.467150692771500431e+01
6.102999999999999398e-02 2.435071554756764911e+01
6.421000000000000318e-02 2.413857249457164755e+01
6.755999999999999506e-02 2.380444601358657053e+01
7.106999999999999429e-02 2.351287846108836987e+01
7.477000000000000313e-02 2.315362280863800848e+01
7.867000000000000381e-02 2.278559789906359967e+01
8.276000000000000023e-02 2.239816841958332461e+01
8.707000000000000850e-02 2.194401508537623613e+01
9.160999999999999699e-02 2.152873951134845498e+01
9.637999999999999345e-02 2.101135735193460263e+01
1.014000000000000040e-01 2.058484848652009447e+01
1.067000000000000032e-01 1.998205673045770681e+01
1.122000000000000081e-01 1.956250877672269439e+01
1.180999999999999966e-01 1.893637951131449526e+01
1.242000000000000048e-01 1.845630600124337306e+01
1.307000000000000106e-01 1.783040263131429271e+01
1.375000000000000111e-01 1.730538495758329987e+01
1.446999999999999953e-01 1.669376954452448203e+01
1.522000000000000020e-01 1.614262981514394468e+01
1.600999999999999923e-01 1.554425619646228185e+01
1.683999999999999941e-01 1.495006353044276715e+01
1.771999999999999964e-01 1.437334136909109716e+01
1.864000000000000101e-01 1.377640998432011266e+01
1.960999999999999965e-01 1.319767152577528968e+01
2.064000000000000001e-01 1.260753156443540668e+01
2.170999999999999874e-01 1.204207501793715274e+01
2.283999999999999919e-01 1.146324435255087515e+01
2.403000000000000136e-01 1.091021935049162295e+01
2.528000000000000247e-01 1.036236211322839118e+01
2.660000000000000142e-01 9.815134497471097674e+00
2.798000000000000487e-01 9.302887372651571951e+00
2.943999999999999950e-01 8.776421792639252928e+00
3.096999999999999753e-01 8.291763023690188916e+00
3.259000000000000230e-01 7.801458935888264890e+00
3.427999999999999936e-01 7.343820458969331888e+00
3.606999999999999651e-01 6.887555444956594108e+00
3.795000000000000040e-01 6.465117523272301270e+00
3.991999999999999993e-01 6.052579201975223810e+00
4.200000000000000400e-01 5.654933668103246269e+00
4.419000000000000150e-01 5.286800333344843672e+00
4.649000000000000354e-01 4.921593580134869583e+00
4.891000000000000347e-01 4.596622481544055283e+00
5.144999999999999574e-01 4.265172967146858340e+00
5.413000000000000034e-01 3.981459873293351936e+00
5.695000000000000062e-01 3.689463102847213793e+00
5.992000000000000659e-01 3.445087402551770595e+00
6.304000000000000714e-01 3.190936784632303791e+00
6.632000000000000117e-01 2.984436861000794305e+00
6.976999999999999869e-01 2.772561324761588786e+00
7.340999999999999748e-01 2.602532186361831368e+00
7.722999999999999865e-01 2.431753524433562852e+00
8.125000000000000000e-01 2.298498696666916086e+00
8.548000000000000043e-01 2.168898903452582072e+00
8.992999999999999883e-01 2.068554340686831416e+00
9.460999999999999410e-01 1.980061506036445707e+00
9.954000000000000625e-01 1.912101049081705861e+00
1.046999999999999931e+00 1.863770478774939177e+00
1.101999999999999869e+00 1.830666463782413711e+00
1.159000000000000030e+00 1.818130697027126486e+00
1.219000000000000083e+00 1.820237594348596666e+00
1.283000000000000140e+00 1.845992530859680958e+00
1.350000000000000089e+00 1.884991704007556335e+00
1.419999999999999929e+00 1.947573265130025044e+00
1.493999999999999995e+00 2.023617284758357560e+00
1.572000000000000064e+00 2.125376383937239044e+00
1.654000000000000137e+00 2.241849987436600689e+00
1.739999999999999991e+00 2.382763583770321603e+00
1.830000000000000071e+00 2.540422841717259850e+00
1.925999999999999934e+00 2.725220681522573685e+00
2.025999999999999801e+00 2.929829419150379977e+00
2.131000000000000227e+00 3.157706223468847107e+00
2.241999999999999993e+00 3.413546162767971293e+00
2.358999999999999986e+00 3.693217291750800158e+00
2.481999999999999762e+00 4.005020124660892300e+00
2.611000000000000210e+00 4.339080894584628645e+00
2.746999999999999886e+00 4.711999580278207311e+00
2.890000000000000124e+00 5.108407559565529610e+00
3.040999999999999925e+00 5.551234443843390487e+00
3.198999999999999844e+00 6.018286300703947767e+00
3.366000000000000103e+00 6.534061302168796992e+00
3.540999999999999925e+00 7.080718300608560334e+00
3.725000000000000089e+00 7.675070022313482454e+00
3.918999999999999595e+00 8.311159077961981723e+00
4.123000000000000220e+00 8.994721200677375350e+00
4.338000000000000078e+00 9.726913412957895133e+00
4.564000000000000057e+00 1.050465727062826460e+01
4.801000000000000156e+00 1.133034624081316899e+01
5.051000000000000156e+00 1.220006354026346962e+01
5.314000000000000057e+00 1.310991054063566352e+01
5.590999999999999304e+00 1.405822084365967228e+01
5.881999999999999673e+00 1.499747053498616367e+01
6.187999999999999723e+00 1.598032391999534418e+01
6.511000000000000121e+00 1.682311480843394946e+01
6.850000000000000533e+00 1.770788385267616505e+01
7.205999999999999517e+00 1.825286900963986270e+01
7.581999999999999851e+00 1.878350323777764075e+01
7.976000000000000867e+00 1.877504985453562369e+01
8.391999999999999460e+00 1.858907860070279128e+01
8.829000000000000625e+00 1.784025860038639877e+01
9.288000000000000256e+00 1.672861423414740401e+01
9.772000000000000242e+00 1.525286805839759374e+01
1.027999999999999936e+01 1.339724409359901358e+01
1.082000000000000028e+01 1.144872101462574498e+01
1.137999999999999901e+01 9.468175429926668940e+00
1.196999999999999886e+01 7.528708994253832110e+00
1.259999999999999964e+01 5.945036123865998334e+00
1.325000000000000000e+01 4.389518980443241958e+00
1.393999999999999950e+01 3.398184967274724855e+00
1.466999999999999993e+01 2.349374420681490605e+00
1.542999999999999972e+01 1.827675180103647490e+00
1.623000000000000043e+01 1.288607222334496427e+00
1.708000000000000185e+01 9.831548658238520311e-01
1.796999999999999886e+01 7.138389559672679852e-01
1.889999999999999858e+01 5.279557837051409575e-01
1.989000000000000057e+01 3.693274341947234141e-01
2.092000000000000171e+01 2.514352332979494786e-01
2.200999999999999801e+01 1.612319309615668217e-01
2.316000000000000014e+01 9.415231634753275236e-02
2.437000000000000099e+01 5.837912907576990607e-02
2.562999999999999901e+01 3.000978083904550300e-02
2.697000000000000242e+01 1.924339363504362979e-02
2.837000000000000099e+01 9.533401806730347830e-03
2.985000000000000142e+01 6.024420998865267357e-03
3.139999999999999858e+01 2.513250958540836407e-03
3.303999999999999915e+01 1.556483802563110152e-03
3.475999999999999801e+01 5.530452746711362602e-04
3.657000000000000028e+01 3.119442572584261303e-04
3.846999999999999886e+01 1.223978499823664739e-04
4.048000000000000398e+01 5.638180723348256714e-05
4.259000000000000341e+01 2.222050787562057105e-05
4.479999999999999716e+01 7.684246249675267797e-06
4.714000000000000057e+01 3.189667344180871869e-06
4.959000000000000341e+01 8.081170624671611127e-07
5.217000000000000171e+01 3.587321463330331180e-07
5.489000000000000057e+01 6.590557319200325222e-08
5.775000000000000000e+01 3.083781870737205335e-08
6.075000000000000000e+01 3.782780007767331873e-09
6.392000000000000171e+01 1.878313069294527978e-09
6.723999999999999488e+01 1.612375753914804467e-10
7.075000000000000000e+01 8.412135804391770522e-11
7.442999999999999261e+01 4.183893356106704263e-12
7.829999999999999716e+01 2.302020264230949415e-12
8.237999999999999545e+01 3.180172606719049736e-13
8.667000000000000171e+01 4.358951318141658237e-14
9.117999999999999261e+01 9.607827646876946413e-15
9.593000000000000682e+01 5.012173128572409642e-16
1.009000000000000057e+02 1.471059387556279356e-16
1.062000000000000028e+02 3.028684171309068482e-18
1.116999999999999886e+02 1.070260514597808288e-18
1.175000000000000000e+02 1.221486887190371396e-20
1.236000000000000085e+02 4.968509431454986082e-21
1.300999999999999943e+02 2.119503591238725310e-23
1.369000000000000057e+02 9.448372501817469572e-24
1.440000000000000000e+02 1.938430279610124445e-26
1.515000000000000000e+02 9.445389017434558736e-27
1.593999999999999773e+02 9.167360526832756127e-30
1.676999999999999886e+02 4.780348328549151973e-30
1.764000000000000057e+02 1.819304586283390720e-31
1.855999999999999943e+02 7.797417069443143523e-34
1.952000000000000171e+02 1.193159912495355601e-34
2.054000000000000057e+02 5.777396555431789310e-38
2.160999999999999943e+02 1.371802087525451628e-38
2.273999999999999773e+02 1.378708450698318651e-42
2.391999999999999886e+02 4.273115666098264754e-43
2.516999999999999886e+02 8.796964972430378811e-48
2.647999999999999545e+02 3.238423123427502562e-48
2.785000000000000000e+02 1.420271613540749139e-53
2.930000000000000000e+02 5.983377929922019490e-54
3.083000000000000114e+02 4.983023679804268516e-60
3.244000000000000341e+02 2.302955626902347607e-60
3.411999999999999886e+02 2.920710258797366724e-67
3.590000000000000000e+02 1.463439407172905954e-67
3.776999999999999886e+02 2.504965741774788278e-75
3.973999999999999773e+02 1.336435702381034115e-75
4.181000000000000227e+02 1.085911712401117507e-76
4.398000000000000114e+02 1.780402368971661712e-84
4.626999999999999886e+02 3.297177607092527983e-85
4.868000000000000114e+02 1.869056204236208077e-94
5.122000000000000455e+02 4.953712961610022661e-95
5.387999999999999545e+02 1.374850079678800635e-105
5.668999999999999773e+02 4.576584408667839427e-106
5.964000000000000909e+02 5.917741273498042880e-118
6.275000000000000000e+02 2.301092965030856149e-118
6.601000000000000227e+02 9.542110355739916348e-132
6.945000000000000000e+02 4.172886717775165038e-132
7.307000000000000455e+02 3.629279736266714933e-147
7.687000000000000455e+02 1.738286858344827593e-147
8.087999999999999545e+02 2.426326737871246572e-164
8.508999999999999773e+02 1.247334344459051521e-164
8.952000000000000455e+02 6.733562982797281989e-167
9.417999999999999545e+02 1.111976883395037096e-183
9.908000000000000682e+02 1.379212417654890814e-184
1.042000000000000000e+03 5.025437538869392587e-205
1.097000000000000000e+03 1.061172982436896423e-205
1.154000000000000000e+03 9.249809520927983606e-229
1.214000000000000000e+03 2.699646161230840709e-229
1.277000000000000000e+03 3.836144060864859816e-255
1.344000000000000000e+03 1.346708564823803657e-255
1.414000000000000000e+03 1.262929097963224387e-284
1.487000000000000000e+03 5.189972670851116080e-285
1.565000000000000000e+03 1.515517218744919141e-317
1.646000000000000000e+03 6.895679159662736430e-318
1.732000000000000000e+03 0.000000000000000000e+00
1.822000000000000000e+03 0.000000000000000000e+00
1.917000000000000000e+03 0.000000000000000000e+00
2.017000000000000000e+03 0.000000000000000000e+00
2.122000000000000000e+03 0.000000000000000000e+00
2.232000000000000000e+03 0.000000000000000000e+00
2.348000000000000000e+03 0.000000000000000000e+00
2.470000000000000000e+03 0.000000000000000000e+00
2.599000000000000000e+03 0.000000000000000000e+00
2.734000000000000000e+03 0.000000000000000000e+00
2.877000000000000000e+03 0.000000000000000000e+00
3.027000000000000000e+03 0.000000000000000000e+00
3.184000000000000000e+03 0.000000000000000000e+00
3.350000000000000000e+03 0.000000000000000000e+00
3.524000000000000000e+03 0.000000000000000000e+00
3.708000000000000000e+03 0.000000000000000000e+00
3.901000000000000000e+03 0.000000000000000000e+00
4.104000000000000000e+03 0.000000000000000000e+00
4.318000000000000000e+03 0.000000000000000000e+00
4.543000000000000000e+03 0.000000000000000000e+00
4.779000000000000000e+03 0.000000000000000000e+00
5.028000000000000000e+03 0.000000000000000000e+00
5.290000000000000000e+03 0.000000000000000000e+00
5.565000000000000000e+03 0.000000000000000000e+00
5.855000000000000000e+03 0.000000000000000000e+00
6.160000000000000000e+03 0.000000000000000000e+00
6.481000000000000000e+03 0.000000000000000000e+00
6.818000000000000000e+03 0.000000000000000000e+00
7.173000000000000000e+03 0.000000000000000000e+00
7.547000000000000000e+03 0.000000000000000000e+00
7.940000000000000000e+03 0.000000000000000000e+00
8.353000000000000000e+03 0.000000000000000000e+00
8.788000000000000000e+03 0.000000000000000000e+00
9.246000000000000000e+03 0.000000000000000000e+00
9.727000000000000000e+03 0.000000000000000000e+00
1.023000000000000000e+04 0.000000000000000000e+00
1.077000000000000000e+04 0.000000000000000000e+00
1.133000000000000000e+04 0.000000000000000000e+00
1.192000000000000000e+04 0.000000000000000000e+00
1.254000000000000000e+04 0.000000000000000000e+00
1.319000000000000000e+04 0.000000000000000000e+00
1.388000000000000000e+04 0.000000000000000000e+00
1.460000000000000000e+04 0.000000000000000000e+00
1.536000000000000000e+04 0.000000000000000000e+00
1.616000000000000000e+04 0.000000000000000000e+00
1.700000000000000000e+04 0.000000000000000000e+00
1.789000000000000000e+04 0.000000000000000000e+00
1.882000000000000000e+04 0.000000000000000000e+00
1.980000000000000000e+04 0.000000000000000000e+00
2.083000000000000000e+04 0.000000000000000000e+00
2.191000000000000000e+04 0.000000000000000000e+00
2.305000000000000000e+04 0.000000000000000000e+00
2.425000000000000000e+04 0.000000000000000000e+00
2.552000000000000000e+04 0.000000000000000000e+00
2.684000000000000000e+04 0.000000000000000000e+00
2.824000000000000000e+04 0.000000000000000000e+00
2.971000000000000000e+04 0.000000000000000000e+00
3.126000000000000000e+04 0.000000000000000000e+00
3.289000000000000000e+04 0.000000000000000000e+00
3.460000000000000000e+04 0.000000000000000000e+00
3.640000000000000000e+04 0.000000000000000000e+00
3.830000000000000000e+04 0.000000000000000000e+00
4.029000000000000000e+04 0.000000000000000000e+00
4.239000000000000000e+04 0.000000000000000000e+00
4.460000000000000000e+04 0.000000000000000000e+00
4.692000000000000000e+04 0.000000000000000000e+00
4.936000000000000000e+04 0.000000000000000000e+00
5.193000000000000000e+04 0.000000000000000000e+00
5.464000000000000000e+04 0.000000000000000000e+00
5.748000000000000000e+04 0.000000000000000000e+00
6.047000000000000000e+04 0.000000000000000000e+00
6.362000000000000000e+04 0.000000000000000000e+00
6.693000000000000000e+04 0.000000000000000000e+00
7.042000000000000000e+04 0.000000000000000000e+00
7.409000000000000000e+04 0.000000000000000000e+00
7.794000000000000000e+04 0.000000000000000000e+00
8.200000000000000000e+04 0.000000000000000000e+00
8.627000000000000000e+04 0.000000000000000000e+00
9.076000000000000000e+04 0.000000000000000000e+00
9.549000000000000000e+04 0.000000000000000000e+00
1.005000000000000000e+05 0.000000000000000000e+00
1.057000000000000000e+05 0.000000000000000000e+00
1.112000000000000000e+05 0.000000000000000000e+00
1.170000000000000000e+05 0.000000000000000000e+00
1.231000000000000000e+05 0.000000000000000000e+00
1.295000000000000000e+05 0.000000000000000000e+00
1.362000000000000000e+05 0.000000000000000000e+00
1.433000000000000000e+05 0.000000000000000000e+00
1.508000000000000000e+05 0.000000000000000000e+00
1.586000000000000000e+05 0.000000000000000000e+00
1.669000000000000000e+05 0.000000000000000000e+00
1.756000000000000000e+05 0.000000000000000000e+00
1.847000000000000000e+05 0.000000000000000000e+00
1.943000000000000000e+05 0.000000000000000000e+00
2.045000000000000000e+05 0.000000000000000000e+00
2.151000000000000000e+05 0.000000000000000000e+00
2.263000000000000000e+05 0.000000000000000000e+00
2.381000000000000000e+05 0.000000000000000000e+00
2.505000000000000000e+05 0.000000000000000000e+00
2.635000000000000000e+05 0.000000000000000000e+00
2.773000000000000000e+05 0.000000000000000000e+00
2.917000000000000000e+05 0.000000000000000000e+00
3.069000000000000000e+05 0.000000000000000000e+00
3.229000000000000000e+05 0.000000000000000000e+00
3.397000000000000000e+05 0.000000000000000000e+00
3.574000000000000000e+05 0.000000000000000000e+00
3.760000000000000000e+05 0.000000000000000000e+00
3.955000000000000000e+05 0.000000000000000000e+00
4.161000000000000000e+05 0.000000000000000000e+00
4.378000000000000000e+05 0.000000000000000000e+00
4.606000000000000000e+05 0.000000000000000000e+00
4.846000000000000000e+05 0.000000000000000000e+00
5.098000000000000000e+05 0.000000000000000000e+00
5.364000000000000000e+05 0.000000000000000000e+00
5.643000000000000000e+05 0.000000000000000000e+00
5.937000000000000000e+05 0.000000000000000000e+00
6.246000000000000000e+05 0.000000000000000000e+00
6.571000000000000000e+05 0.000000000000000000e+00
6.913000000000000000e+05 0.000000000000000000e+00
7.273000000000000000e+05 0.000000000000000000e+00
7.652000000000000000e+05 0.000000000000000000e+00
8.050000000000000000e+05 0.000000000000000000e+00
8.469000000000000000e+05 0.000000000000000000e+00
8.910000000000000000e+05 0.000000000000000000e+00
9.374000000000000000e+05 0.000000000000000000e+00
9.863000000000000000e+05 0.000000000000000000e+00
1.038000000000000000e+06 0.000000000000000000e+00
1.092000000000000000e+06 0.000000000000000000e+00
1.148000000000000000e+06 0.000000000000000000e+00
1.208000000000000000e+06 0.000000000000000000e+00
1.271000000000000000e+06 0.000000000000000000e+00
1.337000000000000000e+06 0.000000000000000000e+00
1.407000000000000000e+06 0.000000000000000000e+00
1.480000000000000000e+06 0.000000000000000000e+00
1.557000000000000000e+06 0.000000000000000000e+00
1.638000000000000000e+06 0.000000000000000000e+00
1.724000000000000000e+06 0.000000000000000000e+00
1.814000000000000000e+06 0.000000000000000000e+00
1.908000000000000000e+06 0.000000000000000000e+00
2.007000000000000000e+06 0.000000000000000000e+00
2.112000000000000000e+06 0.000000000000000000e+00
2.222000000000000000e+06 0.000000000000000000e+00
2.337000000000000000e+06 0.000000000000000000e+00
2.459000000000000000e+06 0.000000000000000000e+00
2.587000000000000000e+06 0.000000000000000000e+00
2.722000000000000000e+06 0.000000000000000000e+00
2.864000000000000000e+06 0.000000000000000000e+00
3.013000000000000000e+06 0.000000000000000000e+00
3.170000000000000000e+06 0.000000000000000000e+00
3.335000000000000000e+06 0.000000000000000000e+00
3.508000000000000000e+06 0.000000000000000000e+00
3.691000000000000000e+06 0.000000000000000000e+00
3.883000000000000000e+06 0.000000000000000000e+00
4.085000000000000000e+06 0.000000000000000000e+00
4.298000000000000000e+06 0.000000000000000000e+00
4.522000000000000000e+06 0.000000000000000000e+00
4.757000000000000000e+06 0.000000000000000000e+00
5.005000000000000000e+06 0.000000000000000000e+00
5.266000000000000000e+06 0.000000000000000000e+00
5.540000000000000000e+06 0.000000000000000000e+00
5.828000000000000000e+06 0.000000000000000000e+00
6.132000000000000000e+06 0.000000000000000000e+00
6.451000000000000000e+06 0.000000000000000000e+00
6.787000000000000000e+06 0.000000000000000000e+00
7.140000000000000000e+06 0.000000000000000000e+00
7.512000000000000000e+06 0.000000000000000000e+00
7.903000000000000000e+06 0.000000000000000000e+00
8.315000000000000000e+06 0.000000000000000000e+00
8.748000000000000000e+06 0.000000000000000000e+00
9.203000000000000000e+06 0.000000000000000000e+00
9.682000000000000000e+06 0.000000000000000000e+00
1.019000000000000000e+07 0.000000000000000000e+00
1.072000000000000000e+07 0.000000000000000000e+00
1.127000000000000000e+07 0.000000000000000000e+00
1.186000000000000000e+07 0.000000000000000000e+00
1.248000000000000000e+07 0.000000000000000000e+00
1.313000000000000000e+07 0.000000000000000000e+00
1.381000000000000000e+07 0.000000000000000000e+00
1.453000000000000000e+07 0.000000000000000000e+00
1.529000000000000000e+07 0.000000000000000000e+00
1.608000000000000000e+07 0.000000000000000000e+00
1.692000000000000000e+07 0.000000000000000000e+00
1.780000000000000000e+07 0.000000000000000000e+00
1.873000000000000000e+07 0.000000000000000000e+00
1.971000000000000000e+07 0.000000000000000000e+00
2.073000000000000000e+07 0.000000000000000000e+00
2.181000000000000000e+07 0.000000000000000000e+00
2.295000000000000000e+07 0.000000000000000000e+00
2.414000000000000000e+07 0.000000000000000000e+00
2.540000000000000000e+07 0.000000000000000000e+00
2.672000000000000000e+07 0.000000000000000000e+00
2.811000000000000000e+07 0.000000000000000000e+00
2.958000000000000000e+07 0.000000000000000000e+00
3.112000000000000000e+07 0.000000000000000000e+00
3.274000000000000000e+07 0.000000000000000000e+00
3.444000000000000000e+07 0.000000000000000000e+00
3.623000000000000000e+07 0.000000000000000000e+00
3.812000000000000000e+07 0.000000000000000000e+00
4.011000000000000000e+07 0.000000000000000000e+00
4.219000000000000000e+07 0.000000000000000000e+00
4.439000000000000000e+07 0.000000000000000000e+00
4.670000000000000000e+07 0.000000000000000000e+00
4.913000000000000000e+07 0.000000000000000000e+00
5.169000000000000000e+07 0.000000000000000000e+00
5.438000000000000000e+07 0.000000000000000000e+00
5.722000000000000000e+07 0.000000000000000000e+00
6.019000000000000000e+07 0.000000000000000000e+00
6.333000000000000000e+07 0.000000000000000000e+00
6.663000000000000000e+07 0.000000000000000000e+00
7.010000000000000000e+07 0.000000000000000000e+00
7.375000000000000000e+07 0.000000000000000000e+00
7.759000000000000000e+07 0.000000000000000000e+00
8.163000000000000000e+07 0.000000000000000000e+00
8.588000000000000000e+07 0.000000000000000000e+00
9.035000000000000000e+07 0.000000000000000000e+00
9.505000000000000000e+07 0.000000000000000000e+00
1.000000000000000000e+08 0.000000000000000000e+00
