1.000000000000000021e-03 1.847407219090089541e+02
1.051999999999999984e-03 1.758238450704211573e+02
1.106999999999999911e-03 1.695322685235519771e+02
1.163999999999999887e-03 1.603585025969118760e+02
1.224999999999999960e-03 1.544057021519635100e+02
1.288999999999999998e-03 1.447756664448248785e+02
1.356000000000000000e-03 1.390809520249269724e+02
1.427000000000000100e-03 1.301534953931636664e+02
1.500999999999999947e-03 1.242703397396204963e+02
1.579000000000000108e-03 1.163722278044213141e+02
1.661000000000000150e-03 1.104247262334680215e+02
1.747999999999999988e-03 1.037003298498270567e+02
1.839000000000000140e-03 9.776538797748949605e+01
1.935000000000000088e-03 9.236955901221574550e+01
2.034999999999999917e-03 8.687657954134979832e+01
2.141000000000000108e-03 8.238437524067680329e+01
2.252999999999999794e-03 7.761719248449422537e+01
2.370000000000000145e-03 7.386934699859058640e+01
2.492999999999999990e-03 7.004744119430996818e+01
2.623000000000000331e-03 6.698074784972652651e+01
2.759999999999999867e-03 6.383137975100953554e+01
2.903999999999999897e-03 6.129225675418905439e+01
3.054999999999999990e-03 5.903717150020437998e+01
3.213999999999999843e-03 5.707513031005461812e+01
3.380999999999999891e-03 5.535673190464537186e+01
3.556999999999999832e-03 5.396130445909860640e+01
3.742000000000000100e-03 5.291480966659703711e+01
3.936999999999999528e-03 5.182540492280534750e+01
4.142000000000000716e-03 5.133185027726962346e+01
4.357999999999999895e-03 5.053873154616360353e+01
4.585000000000000533e-03 5.043454488981530659e+01
4.824000000000000163e-03 4.996097524900739018e+01
5.074999999999999650e-03 5.012756783007674954e+01
5.338999999999999996e-03 5.001863840826572272e+01
5.616999999999999597e-03 5.023488125633328139e+01
5.908999999999999322e-03 5.027591443137615101e+01
6.217000000000000304e-03 5.067273653548799928e+01
6.540999999999999939e-03 5.092798470278756184e+01
6.880999999999999964e-03 5.139216356689210841e+01
7.239999999999999908e-03 5.179344502196930478e+01
7.617000000000000506e-03 5.224139766246022276e+01
8.012999999999999290e-03 5.278740654380677455e+01
8.429999999999999993e-03 5.311573989830857556e+01
8.868999999999998413e-03 5.376894552929349658e+01
9.330999999999999017e-03 5.407605248160602684e+01
9.816999999999999338e-03 5.470949574282147410e+01
1.032999999999999891e-02 5.509056639224726837e+01
1.086999999999999945e-02 5.571841483813545182e+01
1.143000000000000092e-02 5.609154705550805886e+01
1.203000000000000076e-02 5.654231944231176499e+01
1.264999999999999979e-02 5.694031754468419138e+01
1.330999999999999892e-02 5.735212244853455132e+01
1.400999999999999988e-02 5.760716700986760941e+01
1.473000000000000004e-02 5.802728281996519399e+01
1.549999999999999989e-02 5.821033548112525580e+01
1.631000000000000158e-02 5.849442925252074588e+01
1.715999999999999817e-02 5.861002995783249503e+01
1.805000000000000007e-02 5.874808720886430535e+01
1.898999999999999994e-02 5.879632967372467078e+01
1.997999999999999776e-02 5.884214011450387716e+01
2.101999999999999702e-02 5.875076286759644262e+01
2.212000000000000077e-02 5.874347382424789288e+01
2.326999999999999902e-02 5.858664661949091368e+01
2.447999999999999829e-02 5.844680628250986842e+01
2.574999999999999858e-02 5.815540815204545311e+01
2.708999999999999950e-02 5.799716945815133329e+01
2.850000000000000103e-02 5.762287664051820713e+01
2.998999999999999930e-02 5.729395315016317625e+01
3.155000000000000165e-02 5.691509618262738002e+01
3.318999999999999728e-02 5.645181597044886956e+01
3.491999999999999965e-02 5.599881698748956182e+01
3.673999999999999488e-02 5.546806258087314490e+01
3.864999999999999686e-02 5.492361584558616983e+01
4.066000000000000170e-02 5.427142449442568761e+01
4.277999999999999858e-02 5.358433048100813068e+01
4.500999999999999446e-02 5.287712804438791636e+01
4.734999999999999626e-02 5.211739647547896936e+01
4.982000000000000317e-02 5.125924707550383630e+01
5.240999999999999825e-02 5.046563169587988540e+01
5.513999999999999457e-02 4.952774992043329405e+01
5.800999999999999907e-02 4.869954392069614357e+01
6.102999999999999398e-02 4.771264976280458114e+01
6.421000000000000318e-02 4.681607751107159743e+01
6.755999999999999506e-02 4.583666293734871999e+01
7.106999999999999429e-02 4.490338959626296855e+01
7.477000000000000313e-02 4.392839677143295773e+01
7.867000000000000381e-02 4.295336244564525430e+01
8.276000000000000023e-02 4.196495003599237350e+01
8.707000000000000850e-02 4.094045882294751948e+01
9.160999999999999699e-02 3.994223936550493192e+01
9.637999999999999345e-02 3.887777768471278250e+01
1.014000000000000040e-01 3.788321759132131206e+01
1.067000000000000032e-01 3.673951954833417233e+01
1.122000000000000081e-01 3.575986298425050336e+01
1.180999999999999966e-01 3.459643763323044396e+01
1.242000000000000048e-01 3.357565063133193917e+01
1.307000000000000106e-01 3.243178788994248407e+01
1.375000000000000111e-01 3.141049219435955209e+01
1.446999999999999953e-01 3.032648846781565766e+01
1.522000000000000020e-01 2.935843353617730855e+01
1.600999999999999923e-01 2.836448576020947243e+01
1.683999999999999941e-01 2.743055679889867449e+01
1.771999999999999964e-01 2.652625490063993396e+01
1.864000000000000101e-01 2.566108897607680461e+01
1.960999999999999965e-01 2.481964104239101232e+01
2.064000000000000001e-01 2.400938867213015726e+01
2.170999999999999874e-01 2.323298462954526400e+01
2.283999999999999919e-01 2.247067720912785305e+01
2.403000000000000136e-01 2.174004738773349032e+01
2.528000000000000247e-01 2.101825435105050843e+01
2.660000000000000142e-01 2.030335639951530879e+01
2.798000000000000487e-01 1.960752903185162310e+01
2.943999999999999950e-01 1.891368576118683364e+01
3.096999999999999753e-01 1.824271291552803831e+01
3.259000000000000230e-01 1.759952156785125510e+01
3.427999999999999936e-01 1.699956521844466906e+01
3.606999999999999651e-01 1.644237818914509219e+01
3.795000000000000040e-01 1.596501987764634123e+01
3.991999999999999993e-01 1.553067799853821995e+01
4.200000000000000400e-01 1.517041149353446272e+01
4.419000000000000150e-01 1.485243268551030837e+01
4.649000000000000354e-01 1.459851347408773670e+01
4.891000000000000347e-01 1.438229569187707213e+01
5.144999999999999574e-01 1.420426546968060499e+01
5.413000000000000034e-01 1.406447257792036609e+01
5.695000000000000062e-01 1.394014544509395748e+01
5.992000000000000659e-01 1.384673136463428378e+01
6.304000000000000714e-01 1.373262031014255058e+01
6.632000000000000117e-01 1.364420968094206899e+01
6.976999999999999869e-01 1.350741272025916473e+01
7.340999999999999748e-01 1.340253537512024629e+01
7.722999999999999865e-01 1.325630731473796686e+01
8.125000000000000000e-01 1.315614903021992887e+01
8.548000000000000043e-01 1.306786328690691690e+01
8.992999999999999883e-01 1.303374174956481113e+01
9.460999999999999410e-01 1.307134795880156197e+01
9.954000000000000625e-01 1.315015020412234747e+01
1.046999999999999931e+00 1.331860911970493966e+01
1.101999999999999869e+00 1.350956691044429547e+01
1.159000000000000030e+00 1.377396656112969175e+01
1.219000000000000083e+00 1.405233496651785075e+01
1.283000000000000140e+00 1.437112839798813546e+01
1.350000000000000089e+00 1.470307973134666923e+01
1.419999999999999929e+00 1.503130301351453646e+01
1.493999999999999995e+00 1.536744910411585430e+01
1.572000000000000064e+00 1.565603351086940442e+01
1.654000000000000137e+00 1.592590297834325952e+01
1.739999999999999991e+00 1.611768362132281140e+01
1.830000000000000071e+00 1.627309607331532604e+01
1.925999999999999934e+00 1.638693703886939446e+01
2.025999999999999801e+00 1.646295391350111004e+01
2.131000000000000227e+00 1.658107547191679387e+01
2.241999999999999993e+00 1.669948553008889292e+01
2.358999999999999986e+00 1.692481411491035459e+01
2.481999999999999762e+00 1.718632511338027413e+01
2.611000000000000210e+00 1.753824997417492426e+01
2.746999999999999886e+00 1.794682930068326243e+01
2.890000000000000124e+00 1.838274773525357375e+01
3.040999999999999925e+00 1.890776273416455311e+01
3.198999999999999844e+00 1.938285754297305985e+01
3.366000000000000103e+00 1.994273614721747734e+01
3.540999999999999925e+00 2.043262867643149150e+01
3.725000000000000089e+00 2.096023252094844480e+01
3.918999999999999595e+00 2.141276111021054973e+01
4.123000000000000220e+00 2.180087013748060087e+01
4.338000000000000078e+00 2.211326961034175298e+01
4.564000000000000057e+00 2.226948184647909201e+01
4.801000000000000156e+00 2.238472854641813825e+01
5.051000000000000156e+00 2.235076671426093498e+01
5.314000000000000057e+00 2.231744949725048599e+01
5.590999999999999304e+00 2.227790001265000086e+01
5.881999999999999673e+00 2.225651647791278265e+01
6.187999999999999723e+00 2.238756133770645462e+01
6.511000000000000121e+00 2.243652879468316641e+01
6.850000000000000533e+00 2.267160514480367794e+01
7.205999999999999517e+00 2.261632281210277995e+01
7.581999999999999851e+00 2.264778087919876626e+01
7.976000000000000867e+00 2.216767596314163313e+01
8.391999999999999460e+00 2.154056956881848706e+01
8.829000000000000625e+00 2.034692829080601939e+01
9.288000000000000256e+00 1.881708932980570737e+01
9.772000000000000242e+00 1.693882950001114551e+01
1.027999999999999936e+01 1.471278685492800165e+01
1.082000000000000028e+01 1.246244456447003301e+01
1.137999999999999901e+01 1.020533572699028113e+01
1.196999999999999886e+01 8.086064487336354745e+00
1.259999999999999964e+01 6.327327698431999714e+00
1.325000000000000000e+01 4.681498146817109074e+00
1.393999999999999950e+01 3.603033421953524940e+00
1.466999999999999993e+01 2.503838300187603672e+00
1.542999999999999972e+01 1.939267718590596656e+00
1.623000000000000043e+01 1.370424482810974176e+00
1.708000000000000185e+01 1.040051402427021543e+00
1.796999999999999886e+01 7.522603406347905253e-01
1.889999999999999858e+01 5.524998554882933899e-01
1.989000000000000057e+01 3.836745061182852412e-01
2.092000000000000171e+01 2.602755113255278419e-01
2.200999999999999801e+01 1.658086756495318892e-01
2.316000000000000014e+01 9.704883188842367003e-02
2.437000000000000099e+01 5.982749878107553737e-02
2.562999999999999901e+01 3.091126321065594887e-02
2.697000000000000242e+01 1.962496129577124063e-02
2.837000000000000099e+01 9.764973616635258188e-03
2.985000000000000142e+01 6.108094067616439901e-03
3.139999999999999858e+01 2.559820102671060433e-03
3.303999999999999915e+01 1.574814471761751961e-03
3.475999999999999801e+01 5.614565689592652259e-04
3.657000000000000028e+01 3.152468129704072853e-04
3.846999999999999886e+01 1.235462510366818248e-04
4.048000000000000398e+01 5.685160426547996714e-05
4.259000000000000341e+01 2.234133887745995601e-05
4.479999999999999716e+01 7.736758259311129256e-06
4.714000000000000057e+01 3.199547719207254580e-06
4.959000000000000341e+01 8.126083305073569584e-07
5.217000000000000171e+01 3.593010104507561588e-07
5.489000000000000057e+01 6.617806527492803126e-08
5.775000000000000000e+01 3.086209282553559339e-08
6.075000000000000000e+01 3.794966129302122300e-09
6.392000000000000171e+01 1.878944915178741945e-09
6.723999999999999488e+01 1.615730541505113895e-10
7.075000000000000000e+01 8.416762273536852998e-11
7.442999999999999261e+01 4.190288744893028899e-12
7.829999999999999716e+01 2.303409879316920014e-12
8.237999999999999545e+01 3.180912889873284953e-13
8.667000000000000171e+01 4.361062967638657852e-14
9.117999999999999261e+01 9.608278610338806548e-15
9.593000000000000682e+01 5.013712068024138312e-16
1.009000000000000057e+02 1.471077619106914662e-16
1.062000000000000028e+02 3.029391963329150523e-18
1.116999999999999886e+02 1.070263696197592369e-18
1.175000000000000000e+02 1.221624374134200384e-20
1.236000000000000085e+02 4.968512359058584818e-21
1.300999999999999943e+02 2.119639569720850864e-23
1.369000000000000057e+02 9.448373882051178858e-24
1.440000000000000000e+02 1.938499412170343248e-26
1.515000000000000000e+02 9.445415154640310156e-27
1.593999999999999773e+02 9.167474041986446677e-30
1.676999999999999886e+02 4.780365351828912851e-30
1.764000000000000057e+02 1.819304671126049772e-31
1.855999999999999943e+02 7.797436765957598048e-34
1.952000000000000171e+02 1.193159914546681775e-34
2.054000000000000057e+02 5.777402715335133020e-38
2.160999999999999943e+02 1.371802087656646007e-38
2.273999999999999773e+02 1.378708916360109111e-42
2.391999999999999886e+02 4.273115666119445708e-43
2.516999999999999886e+02 8.796965827569290301e-48
2.647999999999999545e+02 3.238423123428248230e-48
2.785000000000000000e+02 1.420271646865333330e-53
2.930000000000000000e+02 5.983377929922063537e-54
3.083000000000000114e+02 4.983023700853757890e-60
3.244000000000000341e+02 2.302955626902347883e-60
3.411999999999999886e+02 2.920710260742272115e-67
3.590000000000000000e+02 1.463439407329539460e-67
3.776999999999999886e+02 2.504965742035066941e-75
3.973999999999999773e+02 1.336435702428345749e-75
4.181000000000000227e+02 1.085911712401117507e-76
4.398000000000000114e+02 1.780402368978806983e-84
4.626999999999999886e+02 3.297177607092527983e-85
4.868000000000000114e+02 1.869056204236867528e-94
5.122000000000000455e+02 4.953712961610022661e-95
5.387999999999999545e+02 1.374850079678833746e-105
5.668999999999999773e+02 4.576584408667839427e-106
5.964000000000000909e+02 5.917741273498049043e-118
6.275000000000000000e+02 2.301092965030856149e-118
6.601000000000000227e+02 9.542110355739916348e-132
6.945000000000000000e+02 4.172886717775165038e-132
7.307000000000000455e+02 3.629279736266714933e-147
7.687000000000000455e+02 1.738286858344827593e-147
8.087999999999999545e+02 2.426326737871246572e-164
8.508999999999999773e+02 1.247334344459051521e-164
8.952000000000000455e+02 6.733562982797281989e-167
9.417999999999999545e+02 1.111976883395037096e-183
9.908000000000000682e+02 1.379212417654890814e-184
1.042000000000000000e+03 5.025437538869392587e-205
1.097000000000000000e+03 1.061172982436896423e-205
1.154000000000000000e+03 9.249809520927983606e-229
1.214000000000000000e+03 2.699646161230840709e-229
1.277000000000000000e+03 3.836144060864859816e-255
1.344000000000000000e+03 1.346708564823803657e-255
1.414000000000000000e+03 1.262929097963224387e-284
1.487000000000000000e+03 5.189972670851116080e-285
1.565000000000000000e+03 1.515517218744919141e-317
1.646000000000000000e+03 6.895679159662736430e-318
1.732000000000000000e+03 0.000000000000000000e+00
1.822000000000000000e+03 0.000000000000000000e+00
1.917000000000000000e+03 0.000000000000000000e+00
2.017000000000000000e+03 0.000000000000000000e+00
2.122000000000000000e+03 0.000000000000000000e+00
2.232000000000000000e+03 0.000000000000000000e+00
2.348000000000000000e+03 0.000000000000000000e+00
2.470000000000000000e+03 0.000000000000000000e+00
2.599000000000000000e+03 0.000000000000000000e+00
2.734000000000000000e+03 0.000000000000000000e+00
2.877000000000000000e+03 0.000000000000000000e+00
3.027000000000000000e+03 0.000000000000000000e+00
3.184000000000000000e+03 0.000000000000000000e+00
3.350000000000000000e+03 0.000000000000000000e+00
3.524000000000000000e+03 0.000000000000000000e+00
3.708000000000000000e+03 0.000000000000000000e+00
3.901000000000000000e+03 0.000000000000000000e+00
4.104000000000000000e+03 0.000000000000000000e+00
4.318000000000000000e+03 0.000000000000000000e+00
4.543000000000000000e+03 0.000000000000000000e+00
4.779000000000000000e+03 0.000000000000000000e+00
5.028000000000000000e+03 0.000000000000000000e+00
5.290000000000000000e+03 0.000000000000000000e+00
5.565000000000000000e+03 0.000000000000000000e+00
5.855000000000000000e+03 0.000000000000000000e+00
6.160000000000000000e+03 0.000000000000000000e+00
6.481000000000000000e+03 0.000000000000000000e+00
6.818000000000000000e+03 0.000000000000000000e+00
7.173000000000000000e+03 0.000000000000000000e+00
7.547000000000000000e+03 0.000000000000000000e+00
7.940000000000000000e+03 0.000000000000000000e+00
8.353000000000000000e+03 0.000000000000000000e+00
8.788000000000000000e+03 0.000000000000000000e+00
9.246000000000000000e+03 0.000000000000000000e+00
9.727000000000000000e+03 0.000000000000000000e+00
1.023000000000000000e+04 0.000000000000000000e+00
1.077000000000000000e+04 0.000000000000000000e+00
1.133000000000000000e+04 0.000000000000000000e+00
1.192000000000000000e+04 0.000000000000000000e+00
1.254000000000000000e+04 0.000000000000000000e+00
1.319000000000000000e+04 0.000000000000000000e+00
1.388000000000000000e+04 0.000000000000000000e+00
1.460000000000000000e+04 0.000000000000000000e+00
1.536000000000000000e+04 0.000000000000000000e+00
1.616000000000000000e+04 0.000000000000000000e+00
1.700000000000000000e+04 0.000000000000000000e+00
1.789000000000000000e+04 0.000000000000000000e+00
1.882000000000000000e+04 0.000000000000000000e+00
1.980000000000000000e+04 0.000000000000000000e+00
2.083000000000000000e+04 0.000000000000000000e+00
2.191000000000000000e+04 0.000000000000000000e+00
2.305000000000000000e+04 0.000000000000000000e+00
2.425000000000000000e+04 0.000000000000000000e+00
2.552000000000000000e+04 0.000000000000000000e+00
2.684000000000000000e+04 0.000000000000000000e+00
2.824000000000000000e+04 0.000000000000000000e+00
2.971000000000000000e+04 0.000000000000000000e+00
3.126000000000000000e+04 0.000000000000000000e+00
3.289000000000000000e+04 0.000000000000000000e+00
3.460000000000000000e+04 0.000000000000000000e+00
3.640000000000000000e+04 0.000000000000000000e+00
3.830000000000000000e+04 0.000000000000000000e+00
4.029000000000000000e+04 0.000000000000000000e+00
4.239000000000000000e+04 0.000000000000000000e+00
4.460000000000000000e+04 0.000000000000000000e+00
4.692000000000000000e+04 0.000000000000000000e+00
4.936000000000000000e+04 0.000000000000000000e+00
5.193000000000000000e+04 0.000000000000000000e+00
5.464000000000000000e+04 0.000000000000000000e+00
5.748000000000000000e+04 0.000000000000000000e+00
6.047000000000000000e+04 0.000000000000000000e+00
6.362000000000000000e+04 0.000000000000000000e+00
6.693000000000000000e+04 0.000000000000000000e+00
7.042000000000000000e+04 0.000000000000000000e+00
7.409000000000000000e+04 0.000000000000000000e+00
7.794000000000000000e+04 0.000000000000000000e+00
8.200000000000000000e+04 0.000000000000000000e+00
8.627000000000000000e+04 0.000000000000000000e+00
9.076000000000000000e+04 0.000000000000000000e+00
9.549000000000000000e+04 0.000000000000000000e+00
1.005000000000000000e+05 0.000000000000000000e+00
1.057000000000000000e+05 0.000000000000000000e+00
1.112000000000000000e+05 0.000000000000000000e+00
1.170000000000000000e+05 0.000000000000000000e+00
1.231000000000000000e+05 0.000000000000000000e+00
1.295000000000000000e+05 0.000000000000000000e+00
1.362000000000000000e+05 0.000000000000000000e+00
1.433000000000000000e+05 0.000000000000000000e+00
1.508000000000000000e+05 0.000000000000000000e+00
1.586000000000000000e+05 0.000000000000000000e+00
1.669000000000000000e+05 0.000000000000000000e+00
1.756000000000000000e+05 0.000000000000000000e+00
1.847000000000000000e+05 0.000000000000000000e+00
1.943000000000000000e+05 0.000000000000000000e+00
2.045000000000000000e+05 0.000000000000000000e+00
2.151000000000000000e+05 0.000000000000000000e+00
2.263000000000000000e+05 0.000000000000000000e+00
2.381000000000000000e+05 0.000000000000000000e+00
2.505000000000000000e+05 0.000000000000000000e+00
2.635000000000000000e+05 0.000000000000000000e+00
2.773000000000000000e+05 0.000000000000000000e+00
2.917000000000000000e+05 0.000000000000000000e+00
3.069000000000000000e+05 0.000000000000000000e+00
3.229000000000000000e+05 0.000000000000000000e+00
3.397000000000000000e+05 0.000000000000000000e+00
3.574000000000000000e+05 0.000000000000000000e+00
3.760000000000000000e+05 0.000000000000000000e+00
3.955000000000000000e+05 0.000000000000000000e+00
4.161000000000000000e+05 0.000000000000000000e+00
4.378000000000000000e+05 0.000000000000000000e+00
4.606000000000000000e+05 0.000000000000000000e+00
4.846000000000000000e+05 0.000000000000000000e+00
5.098000000000000000e+05 0.000000000000000000e+00
5.364000000000000000e+05 0.000000000000000000e+00
5.643000000000000000e+05 0.000000000000000000e+00
5.937000000000000000e+05 0.000000000000000000e+00
6.246000000000000000e+05 0.000000000000000000e+00
6.571000000000000000e+05 0.000000000000000000e+00
6.913000000000000000e+05 0.000000000000000000e+00
7.273000000000000000e+05 0.000000000000000000e+00
7.652000000000000000e+05 0.000000000000000000e+00
8.050000000000000000e+05 0.000000000000000000e+00
8.469000000000000000e+05 0.000000000000000000e+00
8.910000000000000000e+05 0.000000000000000000e+00
9.374000000000000000e+05 0.000000000000000000e+00
9.863000000000000000e+05 0.000000000000000000e+00
1.038000000000000000e+06 0.000000000000000000e+00
1.092000000000000000e+06 0.000000000000000000e+00
1.148000000000000000e+06 0.000000000000000000e+00
1.208000000000000000e+06 0.000000000000000000e+00
1.271000000000000000e+06 0.000000000000000000e+00
1.337000000000000000e+06 0.000000000000000000e+00
1.407000000000000000e+06 0.000000000000000000e+00
1.480000000000000000e+06 0.000000000000000000e+00
1.557000000000000000e+06 0.000000000000000000e+00
1.638000000000000000e+06 0.000000000000000000e+00
1.724000000000000000e+06 0.000000000000000000e+00
1.814000000000000000e+06 0.000000000000000000e+00
1.908000000000000000e+06 0.000000000000000000e+00
2.007000000000000000e+06 0.000000000000000000e+00
2.112000000000000000e+06 0.000000000000000000e+00
2.222000000000000000e+06 0.000000000000000000e+00
2.337000000000000000e+06 0.000000000000000000e+00
2.459000000000000000e+06 0.000000000000000000e+00
2.587000000000000000e+06 0.000000000000000000e+00
2.722000000000000000e+06 0.000000000000000000e+00
2.864000000000000000e+06 0.000000000000000000e+00
3.013000000000000000e+06 0.000000000000000000e+00
3.170000000000000000e+06 0.000000000000000000e+00
3.335000000000000000e+06 0.000000000000000000e+00
3.508000000000000000e+06 0.000000000000000000e+00
3.691000000000000000e+06 0.000000000000000000e+00
3.883000000000000000e+06 0.000000000000000000e+00
4.085000000000000000e+06 0.000000000000000000e+00
4.298000000000000000e+06 0.000000000000000000e+00
4.522000000000000000e+06 0.000000000000000000e+00
4.757000000000000000e+06 0.000000000000000000e+00
5.005000000000000000e+06 0.000000000000000000e+00
5.266000000000000000e+06 0.000000000000000000e+00
5.540000000000000000e+06 0.000000000000000000e+00
5.828000000000000000e+06 0.000000000000000000e+00
6.132000000000000000e+06 0.000000000000000000e+00
6.451000000000000000e+06 0.000000000000000000e+00
6.787000000000000000e+06 0.000000000000000000e+00
7.140000000000000000e+06 0.000000000000000000e+00
7.512000000000000000e+06 0.000000000000000000e+00
7.903000000000000000e+06 0.000000000000000000e+00
8.315000000000000000e+06 0.000000000000000000e+00
8.748000000000000000e+06 0.000000000000000000e+00
9.203000000000000000e+06 0.000000000000000000e+00
9.682000000000000000e+06 0.000000000000000000e+00
1.019000000000000000e+07 0.000000000000000000e+00
1.072000000000000000e+07 0.000000000000000000e+00
1.127000000000000000e+07 0.000000000000000000e+00
1.186000000000000000e+07 0.000000000000000000e+00
1.248000000000000000e+07 0.000000000000000000e+00
1.313000000000000000e+07 0.000000000000000000e+00
1.381000000000000000e+07 0.000000000000000000e+00
1.453000000000000000e+07 0.000000000000000000e+00
1.529000000000000000e+07 0.000000000000000000e+00
1.608000000000000000e+07 0.000000000000000000e+00
1.692000000000000000e+07 0.000000000000000000e+00
1.780000000000000000e+07 0.000000000000000000e+00
1.873000000000000000e+07 0.000000000000000000e+00
1.971000000000000000e+07 0.000000000000000000e+00
2.073000000000000000e+07 0.000000000000000000e+00
2.181000000000000000e+07 0.000000000000000000e+00
2.295000000000000000e+07 0.000000000000000000e+00
2.414000000000000000e+07 0.000000000000000000e+00
2.540000000000000000e+07 0.000000000000000000e+00
2.672000000000000000e+07 0.000000000000000000e+00
2.811000000000000000e+07 0.000000000000000000e+00
2.958000000000000000e+07 0.000000000000000000e+00
3.112000000000000000e+07 0.000000000000000000e+00
3.274000000000000000e+07 0.000000000000000000e+00
3.444000000000000000e+07 0.000000000000000000e+00
3.623000000000000000e+07 0.000000000000000000e+00
3.812000000000000000e+07 0.000000000000000000e+00
4.011000000000000000e+07 0.000000000000000000e+00
4.219000000000000000e+07 0.000000000000000000e+00
4.439000000000000000e+07 0.000000000000000000e+00
4.670000000000000000e+07 0.000000000000000000e+00
4.913000000000000000e+07 0.000000000000000000e+00
5.169000000000000000e+07 0.000000000000000000e+00
5.438000000000000000e+07 0.000000000000000000e+00
5.722000000000000000e+07 0.000000000000000000e+00
6.019000000000000000e+07 0.000000000000000000e+00
6.333000000000000000e+07 0.000000000000000000e+00
6.663000000000000000e+07 0.000000000000000000e+00
7.010000000000000000e+07 0.000000000000000000e+00
7.375000000000000000e+07 0.000000000000000000e+00
7.759000000000000000e+07 0.000000000000000000e+00
8.163000000000000000e+07 0.000000000000000000e+00
8.588000000000000000e+07 0.000000000000000000e+00
9.035000000000000000e+07 0.000000000000000000e+00
9.505000000000000000e+07 0.000000000000000000e+00
1.000000000000000000e+08 0.000000000000000000e+00
