1.000000000000000021e-03 6.761944942042413231e+01
1.051999999999999984e-03 6.461740338237406434e+01
1.106999999999999911e-03 6.111628127089946361e+01
1.163999999999999887e-03 5.856383116110636422e+01
1.224999999999999960e-03 5.553760499934247719e+01
1.288999999999999998e-03 5.328830512358466365e+01
1.356000000000000000e-03 5.074830246007884682e+01
1.427000000000000100e-03 4.874351913870032149e+01
1.500999999999999947e-03 4.677062256546335561e+01
1.579000000000000108e-03 4.507501102236822987e+01
1.661000000000000150e-03 4.351345374555604906e+01
1.747999999999999988e-03 4.209935956360574494e+01
1.839000000000000140e-03 4.098175874904684690e+01
1.935000000000000088e-03 3.985032961817641706e+01
2.034999999999999917e-03 3.909929286039024987e+01
2.141000000000000108e-03 3.826984648533159117e+01
2.252999999999999794e-03 3.773016309201368301e+01
2.370000000000000145e-03 3.715536331194609687e+01
2.492999999999999990e-03 3.686503192975852983e+01
2.623000000000000331e-03 3.651190872168336909e+01
2.759999999999999867e-03 3.635854781669955571e+01
2.903999999999999897e-03 3.616349624118031159e+01
3.054999999999999990e-03 3.613365704133603629e+01
3.213999999999999843e-03 3.612957184897828711e+01
3.380999999999999891e-03 3.618514081635498769e+01
3.556999999999999832e-03 3.630317997921719808e+01
3.742000000000000100e-03 3.637416022309100327e+01
3.936999999999999528e-03 3.662235158043463912e+01
4.142000000000000716e-03 3.671202134374740922e+01
4.357999999999999895e-03 3.700192932297940018e+01
4.585000000000000533e-03 3.716735594259358777e+01
4.824000000000000163e-03 3.742077938536398563e+01
5.074999999999999650e-03 3.761939627297419975e+01
5.338999999999999996e-03 3.790796754204793473e+01
5.616999999999999597e-03 3.810800861643528492e+01
5.908999999999999322e-03 3.833471998372797174e+01
6.217000000000000304e-03 3.855722269393558577e+01
6.540999999999999939e-03 3.874985247206612371e+01
6.880999999999999964e-03 3.893529813522844307e+01
7.239999999999999908e-03 3.909643207079510319e+01
7.617000000000000506e-03 3.926073249353159156e+01
8.012999999999999290e-03 3.932430507270628794e+01
8.429999999999999993e-03 3.944808913824416408e+01
8.868999999999998413e-03 3.946864558479493468e+01
9.330999999999999017e-03 3.951200310637786117e+01
9.816999999999999338e-03 3.950730035911953308e+01
1.032999999999999891e-02 3.947487733902252671e+01
1.086999999999999945e-02 3.944346268619086260e+01
1.143000000000000092e-02 3.937398435512486827e+01
1.203000000000000076e-02 3.926926459285945015e+01
1.264999999999999979e-02 3.912479689899956270e+01
1.330999999999999892e-02 3.898360255023967369e+01
1.400999999999999988e-02 3.879207340359580769e+01
1.473000000000000004e-02 3.856975775478082369e+01
1.549999999999999989e-02 3.832273571337232454e+01
1.631000000000000158e-02 3.804292719040250148e+01
1.715999999999999817e-02 3.772637221278860409e+01
1.805000000000000007e-02 3.739320083973684206e+01
1.898999999999999994e-02 3.702311978739361109e+01
1.997999999999999776e-02 3.660123381595951741e+01
2.101999999999999702e-02 3.615722361071484414e+01
2.212000000000000077e-02 3.568735406951824274e+01
2.326999999999999902e-02 3.521979001847569890e+01
2.447999999999999829e-02 3.468360669325922174e+01
2.574999999999999858e-02 3.418783818243257144e+01
2.708999999999999950e-02 3.362999973716817692e+01
2.850000000000000103e-02 3.310341303984289851e+01
2.998999999999999930e-02 3.252033060052977476e+01
3.155000000000000165e-02 3.195610359291319469e+01
3.318999999999999728e-02 3.135321906546564463e+01
3.491999999999999965e-02 3.076525028583262866e+01
3.673999999999999488e-02 3.013868073243339651e+01
3.864999999999999686e-02 2.952029930326064644e+01
4.066000000000000170e-02 2.887816196969698268e+01
4.277999999999999858e-02 2.820382663040283333e+01
4.500999999999999446e-02 2.754255549411239201e+01
4.734999999999999626e-02 2.683475323782116462e+01
4.982000000000000317e-02 2.615882693050368601e+01
5.240999999999999825e-02 2.541868974859836783e+01
5.513999999999999457e-02 2.474634726501034265e+01
5.800999999999999907e-02 2.402803699298113926e+01
6.102999999999999398e-02 2.336193421523693203e+01
6.421000000000000318e-02 2.267750501649994987e+01
6.755999999999999506e-02 2.203221692376214946e+01
7.106999999999999429e-02 2.139051113517459868e+01
7.477000000000000313e-02 2.077477396279494926e+01
7.867000000000000381e-02 2.016776454658165463e+01
8.276000000000000023e-02 1.956678161640904889e+01
8.707000000000000850e-02 1.899644373757128335e+01
9.160999999999999699e-02 1.841349985415647694e+01
9.637999999999999345e-02 1.786642033277817987e+01
1.014000000000000040e-01 1.729836910480121759e+01
1.067000000000000032e-01 1.675746281787646552e+01
1.122000000000000081e-01 1.619735420752780897e+01
1.180999999999999966e-01 1.566005812191594870e+01
1.242000000000000048e-01 1.511934463008856611e+01
1.307000000000000106e-01 1.460138525862819137e+01
1.375000000000000111e-01 1.410510723677625222e+01
1.446999999999999953e-01 1.363271892329117563e+01
1.522000000000000020e-01 1.321580372103336387e+01
1.600999999999999923e-01 1.282022956374719058e+01
1.683999999999999941e-01 1.248049326845590734e+01
1.771999999999999964e-01 1.215291353154883680e+01
1.864000000000000101e-01 1.188467899175669196e+01
1.960999999999999965e-01 1.162196951661572264e+01
2.064000000000000001e-01 1.140185710769475058e+01
2.170999999999999874e-01 1.119090961160811126e+01
2.283999999999999919e-01 1.100743285657697790e+01
2.403000000000000136e-01 1.082982803724186738e+01
2.528000000000000247e-01 1.065589223782211725e+01
2.660000000000000142e-01 1.048822190204421112e+01
2.798000000000000487e-01 1.030464165920005115e+01
2.943999999999999950e-01 1.013726396854758072e+01
3.096999999999999753e-01 9.950949891837849393e+00
3.259000000000000230e-01 9.798062631962990210e+00
3.427999999999999936e-01 9.655744759475336281e+00
3.606999999999999651e-01 9.554822744188498973e+00
3.795000000000000040e-01 9.499902354374039959e+00
3.991999999999999993e-01 9.478098796562996142e+00
4.200000000000000400e-01 9.515477825431215564e+00
4.419000000000000150e-01 9.565632352165465591e+00
4.649000000000000354e-01 9.676919893952867113e+00
4.891000000000000347e-01 9.785673210333015959e+00
5.144999999999999574e-01 9.939092502533746654e+00
5.413000000000000034e-01 1.008301270462701460e+01
5.695000000000000062e-01 1.025068234224674413e+01
5.992000000000000659e-01 1.040164396208251318e+01
6.304000000000000714e-01 1.054168352551024768e+01
6.632000000000000117e-01 1.065977281994127424e+01
6.976999999999999869e-01 1.073485139549757506e+01
7.340999999999999748e-01 1.080000318875841536e+01
7.722999999999999865e-01 1.082455379030440312e+01
8.125000000000000000e-01 1.085765033355301235e+01
8.548000000000000043e-01 1.089896438345433438e+01
8.992999999999999883e-01 1.096518740887798060e+01
9.460999999999999410e-01 1.109128645276511627e+01
9.954000000000000625e-01 1.123804915504064184e+01
1.046999999999999931e+00 1.145483864093000115e+01
1.101999999999999869e+00 1.167890044666188132e+01
1.159000000000000030e+00 1.195583586410256594e+01
1.219000000000000083e+00 1.223209737216925319e+01
1.283000000000000140e+00 1.252513586712845495e+01
1.350000000000000089e+00 1.281808802733911357e+01
1.419999999999999929e+00 1.308372974838451164e+01
1.493999999999999995e+00 1.334383181935749718e+01
1.572000000000000064e+00 1.353065712693216582e+01
1.654000000000000137e+00 1.368405299090665928e+01
1.739999999999999991e+00 1.373492003755248980e+01
1.830000000000000071e+00 1.373267323159806708e+01
1.925999999999999934e+00 1.366171635734682077e+01
2.025999999999999801e+00 1.353312449435073006e+01
2.131000000000000227e+00 1.342336924844794765e+01
2.241999999999999993e+00 1.328593936732092118e+01
2.358999999999999986e+00 1.323159682315955443e+01
2.481999999999999762e+00 1.318130498871938272e+01
2.611000000000000210e+00 1.319916907959029473e+01
2.746999999999999886e+00 1.323482972040505601e+01
2.890000000000000124e+00 1.327434017568804414e+01
3.040999999999999925e+00 1.335652829032116173e+01
3.198999999999999844e+00 1.336457124226911120e+01
3.366000000000000103e+00 1.340867484504867946e+01
3.540999999999999925e+00 1.335191037582293205e+01
3.725000000000000089e+00 1.328516249863496235e+01
3.918999999999999595e+00 1.310160203224856801e+01
4.123000000000000220e+00 1.280614893680322552e+01
4.338000000000000078e+00 1.238635619738385785e+01
4.564000000000000057e+00 1.176482457585082742e+01
4.801000000000000156e+00 1.105438230560496926e+01
5.051000000000000156e+00 1.015070317399746536e+01
5.314000000000000057e+00 9.207538956614822467e+00
5.590999999999999304e+00 8.219679168990328577e+00
5.881999999999999673e+00 7.259045942926618977e+00
6.187999999999999723e+00 6.407237417711110439e+00
6.511000000000000121e+00 5.613413986249216947e+00
6.850000000000000533e+00 4.963721292127512896e+00
7.205999999999999517e+00 4.363453802462917253e+00
7.581999999999999851e+00 3.864277641421125509e+00
7.976000000000000867e+00 3.392626108606009439e+00
8.391999999999999460e+00 2.951490968115695779e+00
8.829000000000000625e+00 2.506669690419620622e+00
9.288000000000000256e+00 2.088475095658303360e+00
9.772000000000000242e+00 1.685961441613551770e+00
1.027999999999999936e+01 1.315542761328988064e+00
1.082000000000000028e+01 1.013723549844288030e+00
1.137999999999999901e+01 7.371602970636121910e-01
1.196999999999999886e+01 5.573554930825226350e-01
1.259999999999999964e+01 3.822915745660013798e-01
1.325000000000000000e+01 2.919791663738671161e-01
1.393999999999999950e+01 2.048484546788000848e-01
1.466999999999999993e+01 1.544638795061130665e-01
1.542999999999999972e+01 1.115925384869491666e-01
1.623000000000000043e+01 8.181726047647774891e-02
1.708000000000000185e+01 5.689653660316951189e-02
1.796999999999999886e+01 3.842138466752254011e-02
1.889999999999999858e+01 2.454407178315243243e-02
1.989000000000000057e+01 1.434707192356182714e-02
2.092000000000000171e+01 8.840278027578363229e-03
2.200999999999999801e+01 4.576744687965067504e-03
2.316000000000000014e+01 2.896515540890917673e-03
2.437000000000000099e+01 1.448369705305631305e-03
2.562999999999999901e+01 9.014823716104458651e-04
2.697000000000000242e+01 3.815676607276108356e-04
2.837000000000000099e+01 2.315718099049103584e-04
2.985000000000000142e+01 8.367306875117254406e-05
3.139999999999999858e+01 4.656914413022402582e-05
3.303999999999999915e+01 1.833066919864180869e-05
3.475999999999999801e+01 8.411294288128965714e-06
3.657000000000000028e+01 3.302555711981155009e-06
3.846999999999999886e+01 1.148401054315350894e-06
4.048000000000000398e+01 4.697970319973999976e-07
4.259000000000000341e+01 1.208310018393849632e-07
4.479999999999999716e+01 5.251200963586145963e-08
4.714000000000000057e+01 9.880375026382710792e-09
4.959000000000000341e+01 4.491268040195845657e-09
5.217000000000000171e+01 5.688641177230408021e-10
5.489000000000000057e+01 2.724920829247790397e-10
5.775000000000000000e+01 2.427411816354003999e-11
6.075000000000000000e+01 1.218612153479042719e-11
6.392000000000000171e+01 6.318458842139668833e-13
6.723999999999999488e+01 3.354787590309428384e-13
7.075000000000000000e+01 4.626469145082475972e-14
7.442999999999999261e+01 6.395388786324635704e-15
7.829999999999999716e+01 1.389615085970598665e-15
8.237999999999999545e+01 7.402831542352171953e-17
8.667000000000000171e+01 2.111649496999614483e-17
9.117999999999999261e+01 4.509634618601347083e-19
9.593000000000000682e+01 1.538939451728669375e-19
1.009000000000000057e+02 1.823155063530638814e-21
1.062000000000000028e+02 7.077920200820407854e-22
1.116999999999999886e+02 3.181599784081219135e-24
1.175000000000000000e+02 1.374869438289887323e-24
1.236000000000000085e+02 2.927603598735578441e-27
1.300999999999999943e+02 1.359784821255538866e-27
1.369000000000000057e+02 1.380233709286274589e-30
1.440000000000000000e+02 6.913256021880299247e-31
1.515000000000000000e+02 2.613720575142060299e-32
1.593999999999999773e+02 1.135151536905500602e-34
1.676999999999999886e+02 1.702327976087716626e-35
1.764000000000000057e+02 8.484265905199620145e-39
1.855999999999999943e+02 1.969651445452494275e-39
1.952000000000000171e+02 2.051326174341609843e-43
2.054000000000000057e+02 6.159903343709703929e-44
2.160999999999999943e+02 1.311943784752549749e-48
2.273999999999999773e+02 4.656617904600422321e-49
2.391999999999999886e+02 2.118095350446151925e-54
2.516999999999999886e+02 8.551389114903096648e-55
2.647999999999999545e+02 7.456679439390254760e-61
2.785000000000000000e+02 3.332458419121026192e-61
2.930000000000000000e+02 4.404682303941312896e-68
3.083000000000000114e+02 2.104948937405054732e-68
3.244000000000000341e+02 2.763573937630222280e-76
3.411999999999999886e+02 1.944905390270169783e-76
3.590000000000000000e+02 1.566335062128761694e-77
3.776999999999999886e+02 2.602786628020458725e-85
3.973999999999999773e+02 4.731163372648010454e-86
4.181000000000000227e+02 0.000000000000000000e+00
4.398000000000000114e+02 7.145271377862013824e-96
4.626999999999999886e+02 0.000000000000000000e+00
4.868000000000000114e+02 6.594515302212623427e-107
5.122000000000000455e+02 0.000000000000000000e+00
5.387999999999999545e+02 3.311066087196167123e-119
5.668999999999999773e+02 0.000000000000000000e+00
5.964000000000000909e+02 6.163678200197234198e-133
6.275000000000000000e+02 0.000000000000000000e+00
6.601000000000000227e+02 0.000000000000000000e+00
6.945000000000000000e+02 0.000000000000000000e+00
7.307000000000000455e+02 0.000000000000000000e+00
7.687000000000000455e+02 0.000000000000000000e+00
8.087999999999999545e+02 0.000000000000000000e+00
8.508999999999999773e+02 0.000000000000000000e+00
8.952000000000000455e+02 0.000000000000000000e+00
9.417999999999999545e+02 0.000000000000000000e+00
9.908000000000000682e+02 0.000000000000000000e+00
1.042000000000000000e+03 0.000000000000000000e+00
1.097000000000000000e+03 0.000000000000000000e+00
1.154000000000000000e+03 0.000000000000000000e+00
1.214000000000000000e+03 0.000000000000000000e+00
1.277000000000000000e+03 0.000000000000000000e+00
1.344000000000000000e+03 0.000000000000000000e+00
1.414000000000000000e+03 0.000000000000000000e+00
1.487000000000000000e+03 0.000000000000000000e+00
1.565000000000000000e+03 0.000000000000000000e+00
1.646000000000000000e+03 0.000000000000000000e+00
1.732000000000000000e+03 0.000000000000000000e+00
1.822000000000000000e+03 0.000000000000000000e+00
1.917000000000000000e+03 0.000000000000000000e+00
2.017000000000000000e+03 0.000000000000000000e+00
2.122000000000000000e+03 0.000000000000000000e+00
2.232000000000000000e+03 0.000000000000000000e+00
2.348000000000000000e+03 0.000000000000000000e+00
2.470000000000000000e+03 0.000000000000000000e+00
2.599000000000000000e+03 0.000000000000000000e+00
2.734000000000000000e+03 0.000000000000000000e+00
2.877000000000000000e+03 0.000000000000000000e+00
3.027000000000000000e+03 0.000000000000000000e+00
3.184000000000000000e+03 0.000000000000000000e+00
3.350000000000000000e+03 0.000000000000000000e+00
3.524000000000000000e+03 0.000000000000000000e+00
3.708000000000000000e+03 0.000000000000000000e+00
3.901000000000000000e+03 0.000000000000000000e+00
4.104000000000000000e+03 0.000000000000000000e+00
4.318000000000000000e+03 0.000000000000000000e+00
4.543000000000000000e+03 0.000000000000000000e+00
4.779000000000000000e+03 0.000000000000000000e+00
5.028000000000000000e+03 0.000000000000000000e+00
5.290000000000000000e+03 0.000000000000000000e+00
5.565000000000000000e+03 0.000000000000000000e+00
5.855000000000000000e+03 0.000000000000000000e+00
6.160000000000000000e+03 0.000000000000000000e+00
6.481000000000000000e+03 0.000000000000000000e+00
6.818000000000000000e+03 0.000000000000000000e+00
7.173000000000000000e+03 0.000000000000000000e+00
7.547000000000000000e+03 0.000000000000000000e+00
7.940000000000000000e+03 0.000000000000000000e+00
8.353000000000000000e+03 0.000000000000000000e+00
8.788000000000000000e+03 0.000000000000000000e+00
9.246000000000000000e+03 0.000000000000000000e+00
9.727000000000000000e+03 0.000000000000000000e+00
1.023000000000000000e+04 0.000000000000000000e+00
1.077000000000000000e+04 0.000000000000000000e+00
1.133000000000000000e+04 0.000000000000000000e+00
1.192000000000000000e+04 0.000000000000000000e+00
1.254000000000000000e+04 0.000000000000000000e+00
1.319000000000000000e+04 0.000000000000000000e+00
1.388000000000000000e+04 0.000000000000000000e+00
1.460000000000000000e+04 0.000000000000000000e+00
1.536000000000000000e+04 0.000000000000000000e+00
1.616000000000000000e+04 0.000000000000000000e+00
1.700000000000000000e+04 0.000000000000000000e+00
1.789000000000000000e+04 0.000000000000000000e+00
1.882000000000000000e+04 0.000000000000000000e+00
1.980000000000000000e+04 0.000000000000000000e+00
2.083000000000000000e+04 0.000000000000000000e+00
2.191000000000000000e+04 0.000000000000000000e+00
2.305000000000000000e+04 0.000000000000000000e+00
2.425000000000000000e+04 0.000000000000000000e+00
2.552000000000000000e+04 0.000000000000000000e+00
2.684000000000000000e+04 0.000000000000000000e+00
2.824000000000000000e+04 0.000000000000000000e+00
2.971000000000000000e+04 0.000000000000000000e+00
3.126000000000000000e+04 0.000000000000000000e+00
3.289000000000000000e+04 0.000000000000000000e+00
3.460000000000000000e+04 0.000000000000000000e+00
3.640000000000000000e+04 0.000000000000000000e+00
3.830000000000000000e+04 0.000000000000000000e+00
4.029000000000000000e+04 0.000000000000000000e+00
4.239000000000000000e+04 0.000000000000000000e+00
4.460000000000000000e+04 0.000000000000000000e+00
4.692000000000000000e+04 0.000000000000000000e+00
4.936000000000000000e+04 0.000000000000000000e+00
5.193000000000000000e+04 0.000000000000000000e+00
5.464000000000000000e+04 0.000000000000000000e+00
5.748000000000000000e+04 0.000000000000000000e+00
6.047000000000000000e+04 0.000000000000000000e+00
6.362000000000000000e+04 0.000000000000000000e+00
6.693000000000000000e+04 0.000000000000000000e+00
7.042000000000000000e+04 0.000000000000000000e+00
7.409000000000000000e+04 0.000000000000000000e+00
7.794000000000000000e+04 0.000000000000000000e+00
8.200000000000000000e+04 0.000000000000000000e+00
8.627000000000000000e+04 0.000000000000000000e+00
9.076000000000000000e+04 0.000000000000000000e+00
9.549000000000000000e+04 0.000000000000000000e+00
1.005000000000000000e+05 0.000000000000000000e+00
1.057000000000000000e+05 0.000000000000000000e+00
1.112000000000000000e+05 0.000000000000000000e+00
1.170000000000000000e+05 0.000000000000000000e+00
1.231000000000000000e+05 0.000000000000000000e+00
1.295000000000000000e+05 0.000000000000000000e+00
1.362000000000000000e+05 0.000000000000000000e+00
1.433000000000000000e+05 0.000000000000000000e+00
1.508000000000000000e+05 0.000000000000000000e+00
1.586000000000000000e+05 0.000000000000000000e+00
1.669000000000000000e+05 0.000000000000000000e+00
1.756000000000000000e+05 0.000000000000000000e+00
1.847000000000000000e+05 0.000000000000000000e+00
1.943000000000000000e+05 0.000000000000000000e+00
2.045000000000000000e+05 0.000000000000000000e+00
2.151000000000000000e+05 0.000000000000000000e+00
2.263000000000000000e+05 0.000000000000000000e+00
2.381000000000000000e+05 0.000000000000000000e+00
2.505000000000000000e+05 0.000000000000000000e+00
2.635000000000000000e+05 0.000000000000000000e+00
2.773000000000000000e+05 0.000000000000000000e+00
2.917000000000000000e+05 0.000000000000000000e+00
3.069000000000000000e+05 0.000000000000000000e+00
3.229000000000000000e+05 0.000000000000000000e+00
3.397000000000000000e+05 0.000000000000000000e+00
3.574000000000000000e+05 0.000000000000000000e+00
3.760000000000000000e+05 0.000000000000000000e+00
3.955000000000000000e+05 0.000000000000000000e+00
4.161000000000000000e+05 0.000000000000000000e+00
4.378000000000000000e+05 0.000000000000000000e+00
4.606000000000000000e+05 0.000000000000000000e+00
4.846000000000000000e+05 0.000000000000000000e+00
5.098000000000000000e+05 0.000000000000000000e+00
5.364000000000000000e+05 0.000000000000000000e+00
5.643000000000000000e+05 0.000000000000000000e+00
5.937000000000000000e+05 0.000000000000000000e+00
6.246000000000000000e+05 0.000000000000000000e+00
6.571000000000000000e+05 0.000000000000000000e+00
6.913000000000000000e+05 0.000000000000000000e+00
7.273000000000000000e+05 0.000000000000000000e+00
7.652000000000000000e+05 0.000000000000000000e+00
8.050000000000000000e+05 0.000000000000000000e+00
8.469000000000000000e+05 0.000000000000000000e+00
8.910000000000000000e+05 0.000000000000000000e+00
9.374000000000000000e+05 0.000000000000000000e+00
9.863000000000000000e+05 0.000000000000000000e+00
1.038000000000000000e+06 0.000000000000000000e+00
1.092000000000000000e+06 0.000000000000000000e+00
1.148000000000000000e+06 0.000000000000000000e+00
1.208000000000000000e+06 0.000000000000000000e+00
1.271000000000000000e+06 0.000000000000000000e+00
1.337000000000000000e+06 0.000000000000000000e+00
1.407000000000000000e+06 0.000000000000000000e+00
1.480000000000000000e+06 0.000000000000000000e+00
1.557000000000000000e+06 0.000000000000000000e+00
1.638000000000000000e+06 0.000000000000000000e+00
1.724000000000000000e+06 0.000000000000000000e+00
1.814000000000000000e+06 0.000000000000000000e+00
1.908000000000000000e+06 0.000000000000000000e+00
2.007000000000000000e+06 0.000000000000000000e+00
2.112000000000000000e+06 0.000000000000000000e+00
2.222000000000000000e+06 0.000000000000000000e+00
2.337000000000000000e+06 0.000000000000000000e+00
2.459000000000000000e+06 0.000000000000000000e+00
2.587000000000000000e+06 0.000000000000000000e+00
2.722000000000000000e+06 0.000000000000000000e+00
2.864000000000000000e+06 0.000000000000000000e+00
3.013000000000000000e+06 0.000000000000000000e+00
3.170000000000000000e+06 0.000000000000000000e+00
3.335000000000000000e+06 0.000000000000000000e+00
3.508000000000000000e+06 0.000000000000000000e+00
3.691000000000000000e+06 0.000000000000000000e+00
3.883000000000000000e+06 0.000000000000000000e+00
4.085000000000000000e+06 0.000000000000000000e+00
4.298000000000000000e+06 0.000000000000000000e+00
4.522000000000000000e+06 0.000000000000000000e+00
4.757000000000000000e+06 0.000000000000000000e+00
5.005000000000000000e+06 0.000000000000000000e+00
5.266000000000000000e+06 0.000000000000000000e+00
5.540000000000000000e+06 0.000000000000000000e+00
5.828000000000000000e+06 0.000000000000000000e+00
6.132000000000000000e+06 0.000000000000000000e+00
6.451000000000000000e+06 0.000000000000000000e+00
6.787000000000000000e+06 0.000000000000000000e+00
7.140000000000000000e+06 0.000000000000000000e+00
7.512000000000000000e+06 0.000000000000000000e+00
7.903000000000000000e+06 0.000000000000000000e+00
8.315000000000000000e+06 0.000000000000000000e+00
8.748000000000000000e+06 0.000000000000000000e+00
9.203000000000000000e+06 0.000000000000000000e+00
9.682000000000000000e+06 0.000000000000000000e+00
1.019000000000000000e+07 0.000000000000000000e+00
1.072000000000000000e+07 0.000000000000000000e+00
1.127000000000000000e+07 0.000000000000000000e+00
1.186000000000000000e+07 0.000000000000000000e+00
1.248000000000000000e+07 0.000000000000000000e+00
1.313000000000000000e+07 0.000000000000000000e+00
1.381000000000000000e+07 0.000000000000000000e+00
1.453000000000000000e+07 0.000000000000000000e+00
1.529000000000000000e+07 0.000000000000000000e+00
1.608000000000000000e+07 0.000000000000000000e+00
1.692000000000000000e+07 0.000000000000000000e+00
1.780000000000000000e+07 0.000000000000000000e+00
1.873000000000000000e+07 0.000000000000000000e+00
1.971000000000000000e+07 0.000000000000000000e+00
2.073000000000000000e+07 0.000000000000000000e+00
2.181000000000000000e+07 0.000000000000000000e+00
2.295000000000000000e+07 0.000000000000000000e+00
2.414000000000000000e+07 0.000000000000000000e+00
2.540000000000000000e+07 0.000000000000000000e+00
2.672000000000000000e+07 0.000000000000000000e+00
2.811000000000000000e+07 0.000000000000000000e+00
2.958000000000000000e+07 0.000000000000000000e+00
3.112000000000000000e+07 0.000000000000000000e+00
3.274000000000000000e+07 0.000000000000000000e+00
3.444000000000000000e+07 0.000000000000000000e+00
3.623000000000000000e+07 0.000000000000000000e+00
3.812000000000000000e+07 0.000000000000000000e+00
4.011000000000000000e+07 0.000000000000000000e+00
4.219000000000000000e+07 0.000000000000000000e+00
4.439000000000000000e+07 0.000000000000000000e+00
4.670000000000000000e+07 0.000000000000000000e+00
4.913000000000000000e+07 0.000000000000000000e+00
5.169000000000000000e+07 0.000000000000000000e+00
5.438000000000000000e+07 0.000000000000000000e+00
5.722000000000000000e+07 0.000000000000000000e+00
6.019000000000000000e+07 0.000000000000000000e+00
6.333000000000000000e+07 0.000000000000000000e+00
6.663000000000000000e+07 0.000000000000000000e+00
7.010000000000000000e+07 0.000000000000000000e+00
7.375000000000000000e+07 0.000000000000000000e+00
7.759000000000000000e+07 0.000000000000000000e+00
8.163000000000000000e+07 0.000000000000000000e+00
8.588000000000000000e+07 0.000000000000000000e+00
9.035000000000000000e+07 0.000000000000000000e+00
9.505000000000000000e+07 0.000000000000000000e+00
1.000000000000000000e+08 0.000000000000000000e+00
