9.999999999999999547e-07 5.745728377190276980e+06
1.052000000000000050e-06 5.779526281350295059e+06
1.106999999999999947e-06 5.877782283250601962e+06
1.163999999999999994e-06 5.948365652162110433e+06
1.224999999999999918e-06 5.994581700072296895e+06
1.289000000000000068e-06 6.095526002645147964e+06
1.356000000000000019e-06 6.078469802644530311e+06
1.427000000000000059e-06 6.217918894468585029e+06
1.500999999999999901e-06 6.174855625165290199e+06
1.579000000000000044e-06 6.294671141921689734e+06
1.661000000000000064e-06 6.255072365585152060e+06
1.748000000000000035e-06 6.344356008057979867e+06
1.839000000000000096e-06 6.294261665263950825e+06
1.935000000000000108e-06 6.350375542855842039e+06
2.034999999999999998e-06 6.283203037559577264e+06
2.140999999999999915e-06 6.332538359850797802e+06
2.252999999999999859e-06 6.250061325993690640e+06
2.370000000000000179e-06 6.247126056726660579e+06
2.493000000000000102e-06 6.173556034144185483e+06
2.623000000000000128e-06 6.138272645148670301e+06
2.759999999999999833e-06 6.049860407868443057e+06
2.904000000000000063e-06 5.979645929023442790e+06
3.054999999999999973e-06 5.851562057664554566e+06
3.214000000000000060e-06 5.787221928987842053e+06
3.380999999999999901e-06 5.619349677724322304e+06
3.556999999999999995e-06 5.534442921066851355e+06
3.741999999999999917e-06 5.363617059469234198e+06
3.936999999999999745e-06 5.229413697812171653e+06
4.142000000000000323e-06 5.055757580232217908e+06
4.357999999999999610e-06 4.881164643703544512e+06
4.585000000000000147e-06 4.725998298512239940e+06
4.823999999999999892e-06 4.519573723995098844e+06
5.074999999999999691e-06 4.369869411829847842e+06
5.339000000000000043e-06 4.147589693617060781e+06
5.616999999999999753e-06 4.000284169589166064e+06
5.908999999999999668e-06 3.771742421656066552e+06
6.216999999999999938e-06 3.630670180926157627e+06
6.540999999999999716e-06 3.399243100760544650e+06
6.880999999999999848e-06 3.261214364724171814e+06
7.240000000000000138e-06 3.052092872734146658e+06
7.617000000000000086e-06 2.908279108353534248e+06
8.012999999999999344e-06 2.724850223060076125e+06
8.430000000000000603e-06 2.582666070144603029e+06
8.868999999999999280e-06 2.428253508922262583e+06
9.330999999999999261e-06 2.287479613387319259e+06
9.816999999999999351e-06 2.165315203232003376e+06
1.032999999999999935e-05 2.035002658443010878e+06
1.086999999999999926e-05 1.932428505333544221e+06
1.143000000000000068e-05 1.822342307796723908e+06
1.203000000000000002e-05 1.737914034420070238e+06
1.264999999999999916e-05 1.649472239604755072e+06
1.330999999999999962e-05 1.579905935073573375e+06
1.400999999999999969e-05 1.508961721787650604e+06
1.472999999999999958e-05 1.452506587955763564e+06
1.550000000000000068e-05 1.401991401827517198e+06
1.631000000000000139e-05 1.357679953383354936e+06
1.715999999999999833e-05 1.320292514579469338e+06
1.805000000000000167e-05 1.288699667025854578e+06
1.898999999999999945e-05 1.267500359341737116e+06
1.997999999999999844e-05 1.242346029805586440e+06
2.101999999999999865e-05 1.233828770136496751e+06
2.212000000000000167e-05 1.215433516997209983e+06
2.326999999999999913e-05 1.215131865026753163e+06
2.447999999999999940e-05 1.204702565795589238e+06
2.574999999999999910e-05 1.209894256355972495e+06
2.708999999999999982e-05 1.206998633393995697e+06
2.850000000000000157e-05 1.213436507993277162e+06
2.998999999999999916e-05 1.214682052781663137e+06
3.155000000000000117e-05 1.224084032925185515e+06
3.318999999999999902e-05 1.230195865645580925e+06
3.491999999999999770e-05 1.241026210803011898e+06
3.673999999999999722e-05 1.249735922217863612e+06
3.864999999999999756e-05 1.259943951505417936e+06
4.066000000000000034e-05 1.273061802648882614e+06
4.278000000000000037e-05 1.280223205612405203e+06
4.500999999999999766e-05 1.295677249991273275e+06
4.734999999999999897e-05 1.302771913820923073e+06
4.982000000000000073e-05 1.316966430586308008e+06
5.241000000000000134e-05 1.325746294208239531e+06
5.513999999999999723e-05 1.338675350423616357e+06
5.801000000000000194e-05 1.347154855349294143e+06
6.102999999999999674e-05 1.356170294749390334e+06
6.420999999999999679e-05 1.364845828182277502e+06
6.755999999999999690e-05 1.372256948026044294e+06
7.106999999999999548e-05 1.377048354594358010e+06
7.477000000000000410e-05 1.385199490864854073e+06
7.867000000000000403e-05 1.387652639546228573e+06
8.276000000000000045e-05 1.392659686844007345e+06
8.707000000000000492e-05 1.393531001790757757e+06
9.160999999999999872e-05 1.395015608065166511e+06
9.637999999999999541e-05 1.394110419442313258e+06
1.013999999999999982e-04 1.393948038109649206e+06
1.067000000000000050e-04 1.390374630326932529e+06
1.122000000000000032e-04 1.388712727936824784e+06
1.180999999999999975e-04 1.382796453785173362e+06
1.242000000000000103e-04 1.378432137699865736e+06
1.307000000000000056e-04 1.368912644391492940e+06
1.375000000000000083e-04 1.363479642131621018e+06
1.446999999999999936e-04 1.352025919644909911e+06
1.522000000000000132e-04 1.342364722884370480e+06
1.600999999999999884e-04 1.330547626506567933e+06
1.684000000000000004e-04 1.317405933144167997e+06
1.771999999999999975e-04 1.303660909702818375e+06
1.864000000000000043e-04 1.288478309219781077e+06
1.960999999999999961e-04 1.272828876513624564e+06
2.064000000000000025e-04 1.254382174117419170e+06
2.170999999999999916e-04 1.236319132097891299e+06
2.283999999999999952e-04 1.216670593909247313e+06
2.403000000000000134e-04 1.197192501750221476e+06
2.528000000000000191e-04 1.174198744164495030e+06
2.660000000000000146e-04 1.154400977362073259e+06
2.798000000000000248e-04 1.129758501916070003e+06
2.944000000000000002e-04 1.108564358531433623e+06
3.096999999999999927e-04 1.082634461131567834e+06
3.259000000000000070e-04 1.059422935152893187e+06
3.427999999999999841e-04 1.033475078793306835e+06
3.606999999999999855e-04 1.008811193734314642e+06
3.795000000000000088e-04 9.825661234618180897e+05
3.991999999999999997e-04 9.563395960347051732e+05
4.200000000000000174e-04 9.300080437248479575e+05
4.419000000000000076e-04 9.022021884363440331e+05
4.649000000000000246e-04 8.757871458897483535e+05
4.891000000000000165e-04 8.470809059284769464e+05
5.144999999999999834e-04 8.208916800232583191e+05
5.412999999999999843e-04 7.909469657087787054e+05
5.695000000000000192e-04 7.654288159027902875e+05
5.992000000000000364e-04 7.358308463185244473e+05
6.304000000000000358e-04 7.097989767329909373e+05
6.631999999999999658e-04 6.812558866546520730e+05
6.976999999999999912e-04 6.552903705051627476e+05
7.341000000000000086e-04 6.280540442005357472e+05
7.722999999999999613e-04 6.025973109924654709e+05
8.124999999999999627e-04 5.767945800859901356e+05
8.547999999999999609e-04 5.514844799324683845e+05
8.993000000000000126e-04 5.271784543259514030e+05
9.460999999999999575e-04 5.029730203022757778e+05
9.954000000000000174e-04 4.794968287683119997e+05
1.046999999999999971e-03 4.565030762841378455e+05
1.101999999999999898e-03 4.341406358121609665e+05
1.159000000000000091e-03 4.122796024363230681e+05
1.219000000000000031e-03 3.911441204222592642e+05
1.283000000000000069e-03 3.705437250733277178e+05
1.350000000000000071e-03 3.502867426753990585e+05
1.420000000000000038e-03 3.313106635464236606e+05
1.494000000000000102e-03 3.124232070697456948e+05
1.572000000000000047e-03 2.949532434728241060e+05
1.654000000000000088e-03 2.778933296706013498e+05
1.740000000000000010e-03 2.620819356435484369e+05
1.830000000000000029e-03 2.468119959966853785e+05
1.925999999999999978e-03 2.327843364986223169e+05
2.026000000000000023e-03 2.193474416297406424e+05
2.131000000000000082e-03 2.068072036357403267e+05
2.242000000000000069e-03 1.951599658126750146e+05
2.358999999999999986e-03 1.840522052042176074e+05
2.481999999999999831e-03 1.740362122253128327e+05
2.611000000000000040e-03 1.642605809514308348e+05
2.746999999999999876e-03 1.556350498588128830e+05
2.890000000000000208e-03 1.470773618954619160e+05
3.040999999999999866e-03 1.396039716175113863e+05
3.199000000000000021e-03 1.319683488612095243e+05
3.366000000000000068e-03 1.254562210199444962e+05
3.540999999999999877e-03 1.188195007453503204e+05
3.725000000000000012e-03 1.132405978896648739e+05
3.918999999999999741e-03 1.077376359036313370e+05
4.122999999999999929e-03 1.031903262631543475e+05
4.337999999999999842e-03 9.892221930415375391e+04
4.564000000000000348e-03 9.537914742957646376e+04
4.800999999999999712e-03 9.226510661273699952e+04
5.050999999999999934e-03 8.962194538868380187e+04
5.314000000000000147e-03 8.745252360880214837e+04
5.590999999999999616e-03 8.557944486109743593e+04
5.882000000000000076e-03 8.404304114019259578e+04
6.187999999999999924e-03 8.283897942210224574e+04
6.511000000000000294e-03 8.181832212335104123e+04
6.850000000000000186e-03 8.109628881960912258e+04
7.205999999999999732e-03 8.059889265319965489e+04
7.582000000000000198e-03 8.028096205857362656e+04
7.976000000000000451e-03 8.025496203456165676e+04
8.392000000000000154e-03 8.031258183613306028e+04
8.829000000000000042e-03 8.066743474801175762e+04
9.287999999999999381e-03 8.105038059945299756e+04
9.771999999999999437e-03 8.168245106717183080e+04
1.027999999999999921e-02 8.234261499899692717e+04
1.081999999999999976e-02 8.318272834244875412e+04
1.137999999999999949e-02 8.408504432053015626e+04
1.196999999999999974e-02 8.507126757731717953e+04
1.260000000000000009e-02 8.618242431367776589e+04
1.324999999999999963e-02 8.732205154612252954e+04
1.393999999999999927e-02 8.856417770690111502e+04
1.467000000000000075e-02 8.986201471620019583e+04
1.542999999999999927e-02 9.122653141765313921e+04
1.623000000000000137e-02 9.263970247389894212e+04
1.708000000000000143e-02 9.412124524524631852e+04
1.796999999999999986e-02 9.566115233775315573e+04
1.890000000000000013e-02 9.722787949262437178e+04
1.989000000000000143e-02 9.889148308387550060e+04
2.092000000000000109e-02 1.005677150868768804e+05
2.200999999999999832e-02 1.023318092796725687e+05
2.316000000000000003e-02 1.041218631192625035e+05
2.436999999999999930e-02 1.059750282595769386e+05
2.563000000000000000e-02 1.078042653737393557e+05
2.697000000000000092e-02 1.096339780336269469e+05
2.836999999999999938e-02 1.114176682203254750e+05
2.985000000000000153e-02 1.129121510646414245e+05
3.139999999999999736e-02 1.144111940801831952e+05
3.303999999999999992e-02 1.148834759756618005e+05
3.475999999999999923e-02 1.154295448956890905e+05
3.656999999999999834e-02 1.139317819266427396e+05
3.846999999999999725e-02 1.122974057246836455e+05
4.048000000000000209e-02 1.078233248524158698e+05
4.259000000000000286e-02 1.025634414243010106e+05
4.479999999999999954e-02 9.484692668004566804e+04
4.714000000000000135e-02 8.569173946062423056e+04
4.959000000000000213e-02 7.549065076774664340e+04
5.217000000000000109e-02 6.422370430039233906e+04
5.489000000000000129e-02 5.325671700098047586e+04
5.775000000000000272e-02 4.287419351052287675e+04
6.074999999999999845e-02 3.321390769768872269e+04
6.392000000000000459e-02 2.579127320933771989e+04
6.723999999999999422e-02 1.870358864030517725e+04
7.074999999999999345e-02 1.429928541706411670e+04
7.442999999999999616e-02 9.848816846796342361e+03
7.829999999999999460e-02 7.634229661261390902e+03
8.237999999999999490e-02 5.388013402248924649e+03
8.666999999999999704e-02 4.093642293876875101e+03
9.117999999999999716e-02 2.938046671879732003e+03
9.593000000000000138e-02 2.122588033810515753e+03
1.009000000000000036e-01 1.431583052665826244e+03
1.062000000000000027e-01 9.346931188265012906e+02
1.116999999999999937e-01 5.799550302416912473e+02
1.174999999999999933e-01 3.291439757656818301e+02
1.236000000000000015e-01 2.021447151468342156e+02
1.300999999999999934e-01 1.029357251981800516e+02
1.368999999999999939e-01 6.493065075615623982e+01
1.439999999999999891e-01 3.212233174767621335e+01
1.514999999999999958e-01 1.955296837961408940e+01
1.593999999999999861e-01 7.569100338018992957e+00
1.676999999999999880e-01 4.591810550368159660e+00
1.764000000000000012e-01 1.573973030051177835e+00
1.855999999999999872e-01 8.921261871721324344e-01
1.952000000000000124e-01 3.359272685466603847e-01
2.053999999999999992e-01 1.523005560402963532e-01
2.160999999999999865e-01 5.712281315978769147e-02
2.273999999999999910e-01 1.886311289248130546e-02
2.391999999999999960e-01 7.603798925129933751e-03
2.516999999999999793e-01 1.874624062507356794e-03
2.647999999999999798e-01 8.004725524632624097e-04
2.785000000000000253e-01 1.400060947478007248e-04
2.929999999999999827e-01 6.360852026815119742e-05
3.083000000000000185e-01 7.114026318939359493e-06
3.244000000000000217e-01 3.437322084922618952e-06
3.412000000000000033e-01 2.846621810476741175e-07
3.589999999999999858e-01 1.448806373336392292e-07
3.776999999999999802e-01 6.586116605032843282e-09
3.973999999999999755e-01 3.534885118065420751e-09
4.181000000000000272e-01 4.160926976103872310e-10
4.398000000000000242e-01 5.795074865350310510e-11
4.627000000000000002e-01 1.191091507142849249e-11
4.868000000000000105e-01 5.772306165301780363e-13
5.121999999999999886e-01 1.593157768654813618e-13
5.387999999999999456e-01 2.984869536180067688e-15
5.668999999999999595e-01 1.010811913415091471e-15
5.964000000000000412e-01 9.985871256509033782e-18
6.274999999999999467e-01 3.912172801209673420e-18
6.601000000000000201e-01 1.515631953847441516e-20
6.945000000000000062e-01 6.629042329782111197e-21
7.307000000000000162e-01 1.012112186308746332e-23
7.687000000000000499e-01 4.833246269489603399e-24
8.087999999999999634e-01 3.968382320536701399e-27
8.508999999999999897e-01 2.030347745576099313e-27
8.951999999999999957e-01 3.847877659330927645e-29
9.417999999999999705e-01 2.662666438660472760e-31
9.908000000000000140e-01 3.571205792651667336e-32
1.042000000000000037e+00 1.267722231821034313e-35
1.096999999999999975e+00 2.770584992327981439e-36
1.153999999999999915e+00 2.125700130817133122e-40
1.213999999999999968e+00 6.314977556518636169e-41
1.276999999999999913e+00 9.811715302889280932e-46
1.344000000000000083e+00 3.478780232512581082e-46
1.413999999999999924e+00 1.027187986260752814e-51
1.487000000000000099e+00 4.242526146420674102e-52
1.564999999999999947e+00 2.093611159949466348e-58
1.645999999999999908e+00 9.546468398782807636e-59
1.731999999999999984e+00 7.602245586419728740e-66
1.822000000000000064e+00 3.745420834961243841e-66
1.917000000000000037e+00 4.532414772453001744e-74
2.016999999999999904e+00 2.379028010328397770e-74
2.121999999999999886e+00 1.479043430367803701e-75
2.232000000000000206e+00 1.262405429447579826e-83
2.347999999999999865e+00 2.173398786610902881e-84
2.470000000000000195e+00 6.948745120051853560e-94
2.599000000000000199e+00 1.768270957756642531e-94
2.733999999999999986e+00 2.470812631481526653e-105
2.876999999999999780e+00 7.951560422749608935e-106
3.027000000000000135e+00 3.856564977643664042e-118
3.184000000000000163e+00 1.473937038093125890e-118
3.350000000000000089e+00 2.468271823681075245e-132
3.524000000000000021e+00 1.063754620270760862e-132
3.708000000000000185e+00 2.900993569672170929e-148
3.900999999999999801e+00 1.368191189690386664e-148
4.104000000000000092e+00 5.824652612476103394e-166
4.317999999999999616e+00 2.955788780564365001e-166
4.543000000000000149e+00 1.251198324366923662e-185
4.778999999999999915e+00 6.769092627627275359e-186
5.027999999999999581e+00 7.348188789302255022e-187
5.290000000000000036e+00 6.584472125600403863e-208
5.565000000000000391e+00 1.353401238482605614e-208
5.855000000000000426e+00 2.323798013256372045e-232
6.160000000000000142e+00 6.560228838575321967e-233
6.480999999999999872e+00 1.150303607568365331e-259
6.817999999999999616e+00 3.995667475457120443e-260
7.173000000000000043e+00 4.373693961061897912e-290
7.546999999999999709e+00 1.750970402228605479e-290
7.940000000000000391e+00 0.000000000000000000e+00
8.352999999999999758e+00 0.000000000000000000e+00
8.788000000000000256e+00 0.000000000000000000e+00
9.246000000000000441e+00 0.000000000000000000e+00
9.727000000000000313e+00 0.000000000000000000e+00
1.023000000000000043e+01 0.000000000000000000e+00
1.076999999999999957e+01 0.000000000000000000e+00
1.133000000000000007e+01 0.000000000000000000e+00
1.191999999999999993e+01 0.000000000000000000e+00
1.253999999999999915e+01 0.000000000000000000e+00
1.318999999999999950e+01 0.000000000000000000e+00
1.388000000000000078e+01 0.000000000000000000e+00
1.459999999999999964e+01 0.000000000000000000e+00
1.535999999999999943e+01 0.000000000000000000e+00
1.616000000000000014e+01 0.000000000000000000e+00
1.700000000000000000e+01 0.000000000000000000e+00
1.789000000000000057e+01 0.000000000000000000e+00
1.882000000000000028e+01 0.000000000000000000e+00
1.980000000000000071e+01 0.000000000000000000e+00
2.082999999999999829e+01 0.000000000000000000e+00
2.191000000000000014e+01 0.000000000000000000e+00
2.305000000000000071e+01 0.000000000000000000e+00
2.425000000000000000e+01 0.000000000000000000e+00
2.551999999999999957e+01 0.000000000000000000e+00
2.683999999999999986e+01 0.000000000000000000e+00
2.823999999999999844e+01 0.000000000000000000e+00
2.971000000000000085e+01 0.000000000000000000e+00
3.126000000000000156e+01 0.000000000000000000e+00
3.289000000000000057e+01 0.000000000000000000e+00
3.460000000000000142e+01 0.000000000000000000e+00
3.639999999999999858e+01 0.000000000000000000e+00
3.829999999999999716e+01 0.000000000000000000e+00
4.028999999999999915e+01 0.000000000000000000e+00
4.239000000000000057e+01 0.000000000000000000e+00
4.460000000000000142e+01 0.000000000000000000e+00
4.692000000000000171e+01 0.000000000000000000e+00
4.935999999999999943e+01 0.000000000000000000e+00
5.192999999999999972e+01 0.000000000000000000e+00
5.464000000000000057e+01 0.000000000000000000e+00
5.747999999999999687e+01 0.000000000000000000e+00
6.046999999999999886e+01 0.000000000000000000e+00
6.361999999999999744e+01 0.000000000000000000e+00
6.693000000000000682e+01 0.000000000000000000e+00
7.042000000000000171e+01 0.000000000000000000e+00
7.409000000000000341e+01 0.000000000000000000e+00
7.793999999999999773e+01 0.000000000000000000e+00
8.200000000000000000e+01 0.000000000000000000e+00
8.626999999999999602e+01 0.000000000000000000e+00
9.076000000000000512e+01 0.000000000000000000e+00
9.548999999999999488e+01 0.000000000000000000e+00
1.005000000000000000e+02 0.000000000000000000e+00
1.057000000000000028e+02 0.000000000000000000e+00
1.112000000000000028e+02 0.000000000000000000e+00
1.170000000000000000e+02 0.000000000000000000e+00
1.230999999999999943e+02 0.000000000000000000e+00
1.295000000000000000e+02 0.000000000000000000e+00
1.361999999999999886e+02 0.000000000000000000e+00
1.433000000000000114e+02 0.000000000000000000e+00
1.508000000000000114e+02 0.000000000000000000e+00
1.585999999999999943e+02 0.000000000000000000e+00
1.669000000000000057e+02 0.000000000000000000e+00
1.755999999999999943e+02 0.000000000000000000e+00
1.846999999999999886e+02 0.000000000000000000e+00
1.943000000000000114e+02 0.000000000000000000e+00
2.045000000000000000e+02 0.000000000000000000e+00
2.150999999999999943e+02 0.000000000000000000e+00
2.263000000000000114e+02 0.000000000000000000e+00
2.380999999999999943e+02 0.000000000000000000e+00
2.505000000000000000e+02 0.000000000000000000e+00
2.635000000000000000e+02 0.000000000000000000e+00
2.773000000000000114e+02 0.000000000000000000e+00
2.916999999999999886e+02 0.000000000000000000e+00
3.068999999999999773e+02 0.000000000000000000e+00
3.228999999999999773e+02 0.000000000000000000e+00
3.396999999999999886e+02 0.000000000000000000e+00
3.573999999999999773e+02 0.000000000000000000e+00
3.760000000000000000e+02 0.000000000000000000e+00
3.955000000000000000e+02 0.000000000000000000e+00
4.161000000000000227e+02 0.000000000000000000e+00
4.378000000000000114e+02 0.000000000000000000e+00
4.606000000000000227e+02 0.000000000000000000e+00
4.846000000000000227e+02 0.000000000000000000e+00
5.098000000000000114e+02 0.000000000000000000e+00
5.363999999999999773e+02 0.000000000000000000e+00
5.642999999999999545e+02 0.000000000000000000e+00
5.937000000000000455e+02 0.000000000000000000e+00
6.246000000000000227e+02 0.000000000000000000e+00
6.571000000000000227e+02 0.000000000000000000e+00
6.912999999999999545e+02 0.000000000000000000e+00
7.272999999999999545e+02 0.000000000000000000e+00
7.652000000000000455e+02 0.000000000000000000e+00
8.050000000000000000e+02 0.000000000000000000e+00
8.468999999999999773e+02 0.000000000000000000e+00
8.910000000000000000e+02 0.000000000000000000e+00
9.373999999999999773e+02 0.000000000000000000e+00
9.862999999999999545e+02 0.000000000000000000e+00
1.038000000000000000e+03 0.000000000000000000e+00
1.092000000000000000e+03 0.000000000000000000e+00
1.148000000000000000e+03 0.000000000000000000e+00
1.208000000000000000e+03 0.000000000000000000e+00
1.271000000000000000e+03 0.000000000000000000e+00
1.337000000000000000e+03 0.000000000000000000e+00
1.407000000000000000e+03 0.000000000000000000e+00
1.480000000000000000e+03 0.000000000000000000e+00
1.557000000000000000e+03 0.000000000000000000e+00
1.638000000000000000e+03 0.000000000000000000e+00
1.724000000000000000e+03 0.000000000000000000e+00
1.814000000000000000e+03 0.000000000000000000e+00
1.908000000000000000e+03 0.000000000000000000e+00
2.007000000000000000e+03 0.000000000000000000e+00
2.112000000000000000e+03 0.000000000000000000e+00
2.222000000000000000e+03 0.000000000000000000e+00
2.337000000000000000e+03 0.000000000000000000e+00
2.459000000000000000e+03 0.000000000000000000e+00
2.587000000000000000e+03 0.000000000000000000e+00
2.722000000000000000e+03 0.000000000000000000e+00
2.864000000000000000e+03 0.000000000000000000e+00
3.013000000000000000e+03 0.000000000000000000e+00
3.170000000000000000e+03 0.000000000000000000e+00
3.335000000000000000e+03 0.000000000000000000e+00
3.508000000000000000e+03 0.000000000000000000e+00
3.691000000000000000e+03 0.000000000000000000e+00
3.883000000000000000e+03 0.000000000000000000e+00
4.085000000000000000e+03 0.000000000000000000e+00
4.298000000000000000e+03 0.000000000000000000e+00
4.522000000000000000e+03 0.000000000000000000e+00
4.757000000000000000e+03 0.000000000000000000e+00
5.005000000000000000e+03 0.000000000000000000e+00
5.266000000000000000e+03 0.000000000000000000e+00
5.540000000000000000e+03 0.000000000000000000e+00
5.828000000000000000e+03 0.000000000000000000e+00
6.132000000000000000e+03 0.000000000000000000e+00
6.451000000000000000e+03 0.000000000000000000e+00
6.787000000000000000e+03 0.000000000000000000e+00
7.140000000000000000e+03 0.000000000000000000e+00
7.512000000000000000e+03 0.000000000000000000e+00
7.903000000000000000e+03 0.000000000000000000e+00
8.315000000000000000e+03 0.000000000000000000e+00
8.748000000000000000e+03 0.000000000000000000e+00
9.203000000000000000e+03 0.000000000000000000e+00
9.682000000000000000e+03 0.000000000000000000e+00
1.019000000000000000e+04 0.000000000000000000e+00
1.072000000000000000e+04 0.000000000000000000e+00
1.127000000000000000e+04 0.000000000000000000e+00
1.186000000000000000e+04 0.000000000000000000e+00
1.248000000000000000e+04 0.000000000000000000e+00
1.313000000000000000e+04 0.000000000000000000e+00
1.381000000000000000e+04 0.000000000000000000e+00
1.453000000000000000e+04 0.000000000000000000e+00
1.529000000000000000e+04 0.000000000000000000e+00
1.608000000000000000e+04 0.000000000000000000e+00
1.692000000000000000e+04 0.000000000000000000e+00
1.780000000000000000e+04 0.000000000000000000e+00
1.873000000000000000e+04 0.000000000000000000e+00
1.971000000000000000e+04 0.000000000000000000e+00
2.073000000000000000e+04 0.000000000000000000e+00
2.181000000000000000e+04 0.000000000000000000e+00
2.295000000000000000e+04 0.000000000000000000e+00
2.414000000000000000e+04 0.000000000000000000e+00
2.540000000000000000e+04 0.000000000000000000e+00
2.672000000000000000e+04 0.000000000000000000e+00
2.811000000000000000e+04 0.000000000000000000e+00
2.958000000000000000e+04 0.000000000000000000e+00
3.112000000000000000e+04 0.000000000000000000e+00
3.274000000000000000e+04 0.000000000000000000e+00
3.444000000000000000e+04 0.000000000000000000e+00
3.623000000000000000e+04 0.000000000000000000e+00
3.812000000000000000e+04 0.000000000000000000e+00
4.011000000000000000e+04 0.000000000000000000e+00
4.219000000000000000e+04 0.000000000000000000e+00
4.439000000000000000e+04 0.000000000000000000e+00
4.670000000000000000e+04 0.000000000000000000e+00
4.913000000000000000e+04 0.000000000000000000e+00
5.169000000000000000e+04 0.000000000000000000e+00
5.438000000000000000e+04 0.000000000000000000e+00
5.722000000000000000e+04 0.000000000000000000e+00
6.019000000000000000e+04 0.000000000000000000e+00
6.333000000000000000e+04 0.000000000000000000e+00
6.663000000000000000e+04 0.000000000000000000e+00
7.010000000000000000e+04 0.000000000000000000e+00
7.375000000000000000e+04 0.000000000000000000e+00
7.759000000000000000e+04 0.000000000000000000e+00
8.163000000000000000e+04 0.000000000000000000e+00
8.588000000000000000e+04 0.000000000000000000e+00
9.035000000000000000e+04 0.000000000000000000e+00
9.505000000000000000e+04 0.000000000000000000e+00
1.000000000000000000e+05 0.000000000000000000e+00
