1.900000000000000000e+01 1.210902825555671296e+18
2.000000000000000000e+01 1.208372334419604224e+18
2.100000000000000000e+01 1.200903933983835648e+18
2.200000000000000000e+01 1.188869080489977344e+18
2.300000000000000000e+01 1.177470723058038784e+18
2.400000000000000000e+01 1.166907388209784576e+18
2.500000000000000000e+01 1.157108514662385664e+18
2.600000000000000000e+01 1.147764334217307520e+18
2.700000000000000000e+01 1.139759739110018944e+18
2.800000000000000000e+01 1.133002032255210752e+18
2.900000000000000000e+01 1.126515471666817792e+18
3.000000000000000000e+01 1.120081928712496896e+18
3.100000000000000000e+01 1.113695229217560576e+18
3.200000000000000000e+01 1.107542915117024384e+18
3.300000000000000000e+01 1.101570384841151744e+18
3.400000000000000000e+01 1.095765714254350336e+18
3.500000000000000000e+01 1.090156231435689216e+18
3.600000000000000000e+01 1.084730143712441600e+18
3.700000000000000000e+01 1.079476669852949376e+18
3.800000000000000000e+01 1.075676379110916608e+18
3.900000000000000000e+01 1.073264667253187456e+18
4.000000000000000000e+01 1.070918467610711168e+18
4.100000000000000000e+01 1.068634447165618432e+18
4.200000000000000000e+01 1.066593487630032512e+18
4.300000000000000000e+01 1.064786137160487040e+18
4.400000000000000000e+01 1.063022829229179392e+18
4.500000000000000000e+01 1.061301536159865856e+18
4.600000000000000000e+01 1.059620365666294400e+18
4.700000000000000000e+01 1.056548687263782912e+18
4.800000000000000000e+01 1.052135123676359424e+18
4.900000000000000000e+01 1.047829523546862080e+18
5.000000000000000000e+01 1.043627143105980288e+18
5.100000000000000000e+01 1.039523535806652288e+18
5.200000000000000000e+01 1.035514528351521664e+18
5.300000000000000000e+01 1.032338632405666944e+18
5.400000000000000000e+01 1.029967995249746048e+18
5.500000000000000000e+01 1.027645762039893120e+18
5.600000000000000000e+01 1.025370098505283712e+18
5.700000000000000000e+01 1.023139270821587072e+18
5.800000000000000000e+01 1.020951638474514048e+18
5.900000000000000000e+01 1.018805647742683392e+18
6.000000000000000000e+01 1.017245862382771840e+18
6.100000000000000000e+01 1.016256814152219392e+18
6.200000000000000000e+01 1.015284658243604608e+18
6.300000000000000000e+01 1.014328842673061504e+18
6.400000000000000000e+01 1.013388841834825728e+18
6.500000000000000000e+01 1.012464154854301824e+18
6.600000000000000000e+01 1.011554304067369728e+18
6.700000000000000000e+01 1.010200681516631936e+18
6.800000000000000000e+01 1.008413413532104832e+18
6.900000000000000000e+01 1.006655143603564288e+18
7.000000000000000000e+01 1.004924994000823680e+18
7.100000000000000000e+01 1.003222125541786880e+18
7.200000000000000000e+01 1.001545735387915648e+18
7.300000000000000000e+01 9.998950549942252800e+17
7.400000000000000000e+01 9.982693482010493440e+17
7.500000000000000000e+01 9.955705817750056960e+17
7.600000000000000000e+01 9.918250512326382080e+17
7.700000000000000000e+01 9.881419853952043520e+17
7.800000000000000000e+01 9.845195564142750720e+17
7.900000000000000000e+01 9.809560123511906560e+17
8.000000000000000000e+01 9.774496731165377280e+17
8.100000000000000000e+01 9.739989266742113280e+17
8.200000000000000000e+01 9.706022254897982720e+17
8.300000000000000000e+01 9.672580832048129280e+17
8.400000000000000000e+01 9.623524239714996480e+17
8.500000000000000000e+01 9.559305633926179840e+17
8.600000000000000000e+01 9.496254900865832960e+17
8.700000000000000000e+01 9.434337663913182720e+17
8.800000000000000000e+01 9.373520936296869120e+17
8.900000000000000000e+01 9.313773049963961600e+17
9.000000000000000000e+01 9.255063588837099520e+17
9.100000000000000000e+01 9.197363326143715840e+17
9.200000000000000000e+01 9.140644165527782400e+17
9.300000000000000000e+01 9.084879085677390080e+17
9.400000000000000000e+01 9.016740962196253440e+17
9.500000000000000000e+01 8.936653057591402240e+17
9.600000000000000000e+01 8.858099741512866560e+17
9.700000000000000000e+01 8.781036158477130240e+17
9.800000000000000000e+01 8.705419206562620160e+17
9.900000000000000000e+01 8.631207451907252480e+17
1.000000000000000000e+02 8.558361048185070080e+17
1.010000000000000000e+02 8.486841660725662720e+17
1.020000000000000000e+02 8.416612394966080000e+17
1.030000000000000000e+02 8.347637728948244480e+17
1.040000000000000000e+02 8.279883449596679680e+17
