4.999999999999999237e-03 2.039841265527516160e+18
9.999999999999998473e-03 8.799486575910280960e+17
1.499999999999999771e-02 4.633659610898211840e+17
1.999999999999999695e-02 2.654713549302380800e+17
2.499999999999999445e-02 1.588270375473971840e+17
2.999999999999999195e-02 9.721447588952115200e+16
3.499999999999999639e-02 6.011677017615844800e+16
3.999999999999999389e-02 3.721903875552503200e+16
4.499999999999999140e-02 2.288864926871059200e+16
4.999999999999998890e-02 1.387493637302071800e+16
5.499999999999998640e-02 8.218722527122809000e+15
5.999999999999999084e-02 4.703838971252386000e+15
6.499999999999998834e-02 2.560789296145019500e+15
6.999999999999999278e-02 1.291583233374872750e+15
7.499999999999999722e-02 5.766102282850721250e+14
7.999999999999998779e-02 2.058967298292871875e+14
8.499999999999999223e-02 4.322635269783976562e+13
8.999999999999999667e-02 3.024845563005647949e+12
