1.473707518796992133e+01 2.745668746953734554e+19
1.573707518796992133e+01 2.583994204733293363e+19
1.673707518796992133e+01 2.431795476320295731e+19
1.773707518796992133e+01 2.292412486778392576e+19
1.873707518796992133e+01 2.162459069636201677e+19
1.973707518796992133e+01 2.042481336932017766e+19
2.073707518796992133e+01 1.931914789117539123e+19
2.173707518796992133e+01 1.829900694844681626e+19
2.273707518796992133e+01 1.735854861097188557e+19
2.373707518796992133e+01 1.649357079884343910e+19
2.473707518796992133e+01 1.569873052136709120e+19
2.573707518796992133e+01 1.496738941629057024e+19
2.673707518796992133e+01 1.429335334217186714e+19
2.773707518796992133e+01 1.366839830265958810e+19
2.873707518796992133e+01 1.308928366319037235e+19
2.973707518796992133e+01 1.254875635565169664e+19
3.073707518796992133e+01 1.204300833491875430e+19
3.173707518796992133e+01 1.156662683217516954e+19
3.273707518796992133e+01 1.111840345941615616e+19
3.373707518796992133e+01 1.069451438263250534e+19
3.473707518796992133e+01 1.029446605031110042e+19
3.573707518796992133e+01 9.916769174071486464e+18
3.673707518796992133e+01 9.560658006306924544e+18
3.773707518796992133e+01 9.225387054843625472e+18
3.873707518796992133e+01 8.909587092490537984e+18
3.973707518796992133e+01 8.611921315181575168e+18
4.073707518796992133e+01 8.330863226909418496e+18
4.173707518796992133e+01 8.064559825821346816e+18
4.273707518796992133e+01 7.811609306717466624e+18
4.373707518796992133e+01 7.570685983952598016e+18
4.473707518796992133e+01 7.340476376344541184e+18
4.573707518796992133e+01 7.120198104827912192e+18
4.673707518796992133e+01 6.909282579787066368e+18
4.773707518796992133e+01 6.706767444163205120e+18
4.873707518796992133e+01 6.512413560564284416e+18
4.973707518796992133e+01 6.325666582205057024e+18
5.073707518796992133e+01 6.146305072308182016e+18
5.173707518796992133e+01 5.973837342219765760e+18
5.273707518796992133e+01 5.808044394259430400e+18
5.373707518796992133e+01 5.648581262070365184e+18
5.473707518796992133e+01 5.495114263419916288e+18
5.573707518796992133e+01 5.347746854637334528e+18
5.673707518796992133e+01 5.205954736271590400e+18
5.773707518796992133e+01 5.069623294769492992e+18
5.873707518796992133e+01 4.938714198972129280e+18
5.973707518796992133e+01 4.813045531750777856e+18
6.073707518796992133e+01 4.692337993905016832e+18
6.173707518796992133e+01 4.576313924715942400e+18
6.273707518796992133e+01 4.464821335815070208e+18
6.373707518796992133e+01 4.357554314289366016e+18
6.473707518796992133e+01 4.254362448895213568e+18
6.573707518796992133e+01 4.155000321488713216e+18
6.673707518796992133e+01 4.059180186404109312e+18
6.773707518796992133e+01 3.966687468006360576e+18
6.873707518796992133e+01 3.877203159651655680e+18
6.973707518796992133e+01 3.790644171126439424e+18
7.073707518796992133e+01 3.706762199663121920e+18
7.173707518796992133e+01 3.625363349269599744e+18
7.273707518796992133e+01 3.546357657399012864e+18
7.373707518796992133e+01 3.469607931042271744e+18
7.473707518796992133e+01 3.394945220017457152e+18
7.573707518796992133e+01 3.322325948924066304e+18
7.673707518796992133e+01 3.251526788824375808e+18
7.773707518796992133e+01 3.182767237233488896e+18
7.873707518796992133e+01 3.115611009139673600e+18
7.973707518796992133e+01 3.050175437265969152e+18
8.073707518796992133e+01 2.986384877876364288e+18
8.173707518796992133e+01 2.924103679103115264e+18
8.273707518796992133e+01 2.863358474623279616e+18
8.373707518796992133e+01 2.804166787088672768e+18
8.473707518796992133e+01 2.746333698692233728e+18
8.573707518796992133e+01 2.689889828060140032e+18
8.673707518796992133e+01 2.634810897882973696e+18
