4.999999999999999237e-03 7.056159933174067200e+18
9.999999999999998473e-03 3.849152219869117440e+18
1.499999999999999771e-02 2.568528487933865472e+18
1.999999999999999695e-02 1.884418741227586560e+18
2.499999999999999445e-02 1.461399631137760512e+18
2.999999999999999195e-02 1.175377367411363328e+18
3.499999999999999639e-02 9.698741283950026240e+17
3.999999999999999389e-02 8.156600280069726720e+17
4.499999999999999140e-02 6.960906344234211840e+17
4.999999999999998890e-02 6.009475735570493440e+17
5.499999999999998640e-02 5.237316228650721920e+17
5.999999999999999084e-02 4.600023706693244160e+17
6.499999999999998834e-02 4.066912515446439680e+17
6.999999999999999278e-02 3.615771681205783040e+17
7.499999999999999722e-02 3.230152629753852160e+17
7.999999999999998779e-02 2.897774176950330880e+17
8.499999999999999223e-02 2.609214697585279040e+17
8.999999999999999667e-02 2.356996267408304640e+17
