9.999999999999999547e-07 1.642853220877655413e+26
1.052000000000000050e-06 1.591357724851407961e+26
1.106999999999999947e-06 1.544586754598599085e+26
1.163999999999999994e-06 1.500272854655693002e+26
1.224999999999999918e-06 1.455228831580118704e+26
1.289000000000000068e-06 1.417339748294425424e+26
1.356000000000000019e-06 1.379445213003153672e+26
1.427000000000000059e-06 1.345550651203152392e+26
1.500999999999999901e-06 1.312376533063489600e+26
1.579000000000000044e-06 1.281514650059643615e+26
1.661000000000000064e-06 1.252963345570845854e+26
1.748000000000000035e-06 1.226144313938296139e+26
1.839000000000000096e-06 1.201994217199272208e+26
1.935000000000000108e-06 1.180740851206275704e+26
2.034999999999999998e-06 1.160731775730068419e+26
2.140999999999999915e-06 1.142321667844315299e+26
2.252999999999999859e-06 1.125226754627598909e+26
2.370000000000000179e-06 1.110368486522431370e+26
2.493000000000000102e-06 1.098601854753773166e+26
2.623000000000000128e-06 1.086261108107404799e+26
2.759999999999999833e-06 1.076401205774235752e+26
2.904000000000000063e-06 1.068027738949203085e+26
3.054999999999999973e-06 1.061227095327339851e+26
3.214000000000000060e-06 1.055421329730138171e+26
3.380999999999999901e-06 1.050989697419822341e+26
3.556999999999999995e-06 1.047431785607366153e+26
3.741999999999999917e-06 1.045601474593530508e+26
3.936999999999999745e-06 1.043763289002911552e+26
4.142000000000000323e-06 1.042595811619232540e+26
4.357999999999999610e-06 1.042287753599474848e+26
4.585000000000000147e-06 1.041966954555634561e+26
4.823999999999999892e-06 1.042747146815758740e+26
5.074999999999999691e-06 1.043298433386512790e+26
5.339000000000000043e-06 1.043990650884526314e+26
5.616999999999999753e-06 1.045574050898756154e+26
5.908999999999999668e-06 1.046052296562170182e+26
6.216999999999999938e-06 1.047096025372301147e+26
6.540999999999999716e-06 1.047572835522113036e+26
6.880999999999999848e-06 1.047771863357808794e+26
7.240000000000000138e-06 1.047743309460937713e+26
7.617000000000000086e-06 1.047358822306144280e+26
8.012999999999999344e-06 1.046535183703542440e+26
8.430000000000000603e-06 1.045295978065273593e+26
8.868999999999999280e-06 1.043470044581207763e+26
9.330999999999999261e-06 1.040929113168985867e+26
9.816999999999999351e-06 1.037889773615331376e+26
1.032999999999999935e-05 1.034265418612198629e+26
1.086999999999999926e-05 1.030019042490669198e+26
1.143000000000000068e-05 1.024956803653381291e+26
1.203000000000000002e-05 1.019414453447354392e+26
1.264999999999999916e-05 1.013353147234627161e+26
1.330999999999999962e-05 1.006251128354890246e+26
1.400999999999999969e-05 9.987619397478553589e+25
1.472999999999999958e-05 9.904700181634858809e+25
1.550000000000000068e-05 9.813503952572446455e+25
1.631000000000000139e-05 9.716670022648452584e+25
1.715999999999999833e-05 9.611831503085860146e+25
1.805000000000000167e-05 9.504418128801226758e+25
1.898999999999999945e-05 9.387283374973867607e+25
1.997999999999999844e-05 9.264837002479686780e+25
2.101999999999999865e-05 9.137658960143116242e+25
2.212000000000000167e-05 9.004302262816802086e+25
2.326999999999999913e-05 8.865332788763531179e+25
2.447999999999999940e-05 8.718609563823686214e+25
2.574999999999999910e-05 8.570704487135730830e+25
2.708999999999999982e-05 8.415925702265472780e+25
2.850000000000000157e-05 8.257330887634377734e+25
2.998999999999999916e-05 8.092939797443554102e+25
3.155000000000000117e-05 7.928180657728817316e+25
3.318999999999999902e-05 7.756793067831124768e+25
3.491999999999999770e-05 7.582063020261631398e+25
3.673999999999999722e-05 7.403745518813116301e+25
3.864999999999999756e-05 7.225778292287239998e+25
4.066000000000000034e-05 7.043406608019116002e+25
4.278000000000000037e-05 6.858797803419953728e+25
4.500999999999999766e-05 6.674012121734906563e+25
4.734999999999999897e-05 6.486767930176723605e+25
4.982000000000000073e-05 6.298650468986528355e+25
5.241000000000000134e-05 6.109170002105480067e+25
5.513999999999999723e-05 5.924240934179100209e+25
5.801000000000000194e-05 5.733726373865350119e+25
6.102999999999999674e-05 5.546667730585708297e+25
6.420999999999999679e-05 5.358493318817953710e+25
6.755999999999999690e-05 5.172187260375990266e+25
7.106999999999999548e-05 4.988093987638212361e+25
7.477000000000000410e-05 4.804811040724180742e+25
7.867000000000000403e-05 4.623423688704840575e+25
8.276000000000000045e-05 4.442647759280254010e+25
8.707000000000000492e-05 4.265011197253939256e+25
9.160999999999999872e-05 4.090645123813384782e+25
9.637999999999999541e-05 3.919885658165907395e+25
1.013999999999999982e-04 3.750611581869628719e+25
1.067000000000000050e-04 3.585410917898256604e+25
1.122000000000000032e-04 3.424143331200226813e+25
1.180999999999999975e-04 3.265621601828793279e+25
1.242000000000000103e-04 3.111243428239387348e+25
1.307000000000000056e-04 2.960173843308799038e+25
1.375000000000000083e-04 2.813822647057638070e+25
1.446999999999999936e-04 2.671045783372408952e+25
1.522000000000000132e-04 2.533035880192029831e+25
1.600999999999999884e-04 2.400290652748101725e+25
1.684000000000000004e-04 2.270744700052396478e+25
1.771999999999999975e-04 2.145244802158237296e+25
1.864000000000000043e-04 2.025699553840381244e+25
1.960999999999999961e-04 1.908890601502412252e+25
2.064000000000000025e-04 1.796496426405429368e+25
2.170999999999999916e-04 1.688701428425080730e+25
2.283999999999999952e-04 1.587295989717549164e+25
2.403000000000000134e-04 1.488293320810837595e+25
2.528000000000000191e-04 1.394389158141997781e+25
2.660000000000000146e-04 1.304776648946148067e+25
2.798000000000000248e-04 1.219385600208797646e+25
2.944000000000000002e-04 1.138290244729903444e+25
3.096999999999999927e-04 1.060725106945469665e+25
3.259000000000000070e-04 9.872288404311110993e+24
3.427999999999999841e-04 9.182564542447023093e+24
3.606999999999999855e-04 8.526582336170245950e+24
3.795000000000000088e-04 7.905799359096261255e+24
3.991999999999999997e-04 7.323526714853236928e+24
4.200000000000000174e-04 6.777918347947732529e+24
4.419000000000000076e-04 6.263200730903501659e+24
4.649000000000000246e-04 5.779571690917075091e+24
4.891000000000000165e-04 5.326734829690185469e+24
5.144999999999999834e-04 4.905627211723395685e+24
5.412999999999999843e-04 4.508149312299318811e+24
5.695000000000000192e-04 4.138845140080768875e+24
5.992000000000000364e-04 3.795270723571991833e+24
6.304000000000000358e-04 3.476938380208159356e+24
6.631999999999999658e-04 3.183065542616147351e+24
6.976999999999999912e-04 2.910861312572690738e+24
7.341000000000000086e-04 2.658906468704038622e+24
7.722999999999999613e-04 2.424250638305310546e+24
8.124999999999999627e-04 2.210562251632483974e+24
8.547999999999999609e-04 2.014073466526544274e+24
8.993000000000000126e-04 1.832619574417755684e+24
9.460999999999999575e-04 1.666168584200263660e+24
9.954000000000000174e-04 1.515365964287969203e+24
1.046999999999999971e-03 1.377994797883461437e+24
1.101999999999999898e-03 1.249986369618605416e+24
1.159000000000000091e-03 1.135138584018669013e+24
1.219000000000000031e-03 1.031225236204511910e+24
1.283000000000000069e-03 9.352772605734971318e+23
1.350000000000000071e-03 8.487001999765841988e+23
1.420000000000000038e-03 7.701396953444192082e+23
1.494000000000000102e-03 6.988969409362398030e+23
1.572000000000000047e-03 6.347558429023653635e+23
1.654000000000000088e-03 5.765293373358423681e+23
1.740000000000000010e-03 5.237938222391254749e+23
1.830000000000000029e-03 4.765148332517913474e+23
1.925999999999999978e-03 4.332277914615799402e+23
2.026000000000000023e-03 3.939943270199078536e+23
2.131000000000000082e-03 3.590086609775763443e+23
2.242000000000000069e-03 3.266400054066714342e+23
2.358999999999999986e-03 2.973200719138018107e+23
2.481999999999999831e-03 2.708376463654166630e+23
2.611000000000000040e-03 2.466023341416578883e+23
2.746999999999999876e-03 2.245657778014688788e+23
2.890000000000000208e-03 2.044135099661141630e+23
3.040999999999999866e-03 1.857504319667781669e+23
3.199000000000000021e-03 1.689308828075202865e+23
3.366000000000000068e-03 1.531620063001641652e+23
3.540999999999999877e-03 1.391064668180024320e+23
3.725000000000000012e-03 1.259763651429748745e+23
3.918999999999999741e-03 1.138203426165154413e+23
4.122999999999999929e-03 1.027825122526372204e+23
4.337999999999999842e-03 9.259112288729922378e+22
4.564000000000000348e-03 8.322613727441318838e+22
4.800999999999999712e-03 7.465184904466507026e+22
5.050999999999999934e-03 6.676313488642435501e+22
5.314000000000000147e-03 5.960401264008229605e+22
5.590999999999999616e-03 5.311292397405031367e+22
5.882000000000000076e-03 4.708396595999476495e+22
6.187999999999999924e-03 4.180918100769183367e+22
6.511000000000000294e-03 3.687783044283854383e+22
6.850000000000000186e-03 3.251995069821759783e+22
7.205999999999999732e-03 2.863700838716194947e+22
7.582000000000000198e-03 2.506822101581691670e+22
7.976000000000000451e-03 2.198208613039601825e+22
8.392000000000000154e-03 1.915507113639925724e+22
8.829000000000000042e-03 1.669598100745351070e+22
9.287999999999999381e-03 1.453368172811185344e+22
9.771999999999999437e-03 1.258203559842167547e+22
1.027999999999999921e-02 1.094113680115211279e+22
1.081999999999999976e-02 9.392520672251401470e+21
1.137999999999999949e-02 8.148210172949566587e+21
1.196999999999999974e-02 7.004479907562176643e+21
1.260000000000000009e-02 6.026601243372909756e+21
1.324999999999999963e-02 5.189033167084532531e+21
1.393999999999999927e-02 4.445537513065752297e+21
1.467000000000000075e-02 3.825727941828775772e+21
1.542999999999999927e-02 3.265911659974203277e+21
1.623000000000000137e-02 2.812801748186621280e+21
1.708000000000000143e-02 2.392843413376375194e+21
1.796999999999999986e-02 2.050956613807916450e+21
1.890000000000000013e-02 1.748512902306760753e+21
1.989000000000000143e-02 1.491951912366385398e+21
2.092000000000000109e-02 1.275717724485168136e+21
2.200999999999999832e-02 1.084368798123946148e+21
2.316000000000000003e-02 9.280551314433779958e+20
2.436999999999999930e-02 7.846328111558036029e+20
2.563000000000000000e-02 6.747638132912517284e+20
2.697000000000000092e-02 5.692367536287458263e+20
2.836999999999999938e-02 4.911140244284610314e+20
2.985000000000000153e-02 4.130887437970094162e+20
3.139999999999999736e-02 3.575144762957928202e+20
3.303999999999999992e-02 3.021253766646048358e+20
3.475999999999999923e-02 2.605181614901475082e+20
3.656999999999999834e-02 2.210779703064058593e+20
3.846999999999999725e-02 1.900867690023272776e+20
4.048000000000000209e-02 1.618506399539992986e+20
4.259000000000000286e-02 1.385453492285909729e+20
4.479999999999999954e-02 1.185380026601606676e+20
4.714000000000000135e-02 1.011588724267502469e+20
4.959000000000000213e-02 8.676975150682382336e+19
5.217000000000000109e-02 7.385235838325748531e+19
5.489000000000000129e-02 6.351530847608542822e+19
5.775000000000000272e-02 5.393206698987938611e+19
6.074999999999999845e-02 4.650866888623071232e+19
6.392000000000000459e-02 3.940264612373907046e+19
6.723999999999999422e-02 3.407997679738168115e+19
7.074999999999999345e-02 2.886104415376318874e+19
7.442999999999999616e-02 2.499276310656152371e+19
7.829999999999999460e-02 2.126864291603542016e+19
8.237999999999999490e-02 1.833823054439424410e+19
8.666999999999999704e-02 1.565043905687025664e+19
9.117999999999999716e-02 1.344746856959145165e+19
9.593000000000000138e-02 1.149087877981749453e+19
1.009000000000000036e-01 9.835501552512423936e+18
1.062000000000000027e-01 8.397711088572659712e+18
1.116999999999999937e-01 7.147424615832223744e+18
1.174999999999999933e-01 6.103532470614872064e+18
1.236000000000000015e-01 5.148519528399891456e+18
1.300999999999999934e-01 4.366350304863622144e+18
1.368999999999999939e-01 3.632306498955365376e+18
1.439999999999999891e-01 3.059617043033469952e+18
1.514999999999999958e-01 2.496413489550601728e+18
1.593999999999999861e-01 2.066652614983538432e+18
1.676999999999999880e-01 1.645951949411432192e+18
1.764000000000000012e-01 1.329692943720022016e+18
1.855999999999999872e-01 1.030674363325807744e+18
1.952000000000000124e-01 8.046006634035214080e+17
2.053999999999999992e-01 6.053273905988633600e+17
2.160999999999999865e-01 4.555146482476936320e+17
2.273999999999999910e-01 3.360741595633551360e+17
2.391999999999999960e-01 2.443200813578898240e+17
2.516999999999999793e-01 1.773375213432169280e+17
2.647999999999999798e-01 1.243158642292763200e+17
2.785000000000000253e-01 9.019340837551000000e+16
2.929999999999999827e-01 6.168925455941988000e+16
3.083000000000000185e-01 4.440023228377984000e+16
3.244000000000000217e-01 2.947770762007627600e+16
3.412000000000000033e-01 2.078929732657348800e+16
3.589999999999999858e-01 1.286432312539212800e+16
3.776999999999999802e-01 8.676744535699084000e+15
3.973999999999999755e-01 5.016859299415196000e+15
4.181000000000000272e-01 3.107245122785152500e+15
4.398000000000000242e-01 1.734224085785416750e+15
4.627000000000000002e-01 9.891006846011268750e+14
4.868000000000000105e-01 5.552194841425911875e+14
5.121999999999999886e-01 2.984320627813171250e+14
5.387999999999999456e-01 1.625563908970551562e+14
5.668999999999999595e-01 7.729760266854131250e+13
5.964000000000000412e-01 3.976136978393205469e+13
6.274999999999999467e-01 1.608223447638441406e+13
6.601000000000000201e-01 7.958190607276071289e+12
6.945000000000000062e-01 2.947696658999079102e+12
7.307000000000000162e-01 1.387581299532460938e+12
7.687000000000000499e-01 4.385056814505616455e+11
8.087999999999999634e-01 1.881650342604537659e+11
8.508999999999999897e-01 5.640493427054877472e+10
8.951999999999999957e-01 2.099523896851867294e+10
9.417999999999999705e-01 6.714655215445156097e+09
9.908000000000000140e-01 1.944315518787103891e+09
1.042000000000000037e+00 6.068675038051029444e+08
1.096999999999999975e+00 1.411324288387419283e+08
1.153999999999999915e+00 3.966660219900130481e+07
1.213999999999999968e+00 7.701175459535376169e+06
1.276999999999999913e+00 1.748478618150982307e+06
1.344000000000000083e+00 2.903664989114183700e+05
1.413999999999999924e+00 5.314347300763687963e+04
1.487000000000000099e+00 8.265305806398202549e+03
1.564999999999999947e+00 9.554222878117866458e+02
1.645999999999999908e+00 1.416900400413641137e+02
1.731999999999999984e+00 1.258668791703406598e+01
1.822000000000000064e+00 1.739718159954349419e+00
1.917000000000000037e+00 6.972626123239325513e-02
2.016999999999999904e+00 1.407783498406884812e-02
2.121999999999999886e+00 1.106815261533499860e-03
2.232000000000000206e+00 9.030692167512130030e-05
2.347999999999999865e+00 8.834099312577103755e-06
2.470000000000000195e+00 1.994391010616413793e-07
2.599000000000000199e+00 2.164248638213915792e-08
2.733999999999999986e+00 2.243668670976726117e-10
2.876999999999999780e+00 2.577988960354483859e-11
3.027000000000000135e+00 1.207182313934912525e-13
3.184000000000000163e+00 1.502245035413518453e-14
3.350000000000000089e+00 2.147532384960476146e-17
3.524000000000000021e+00 2.852558713530243765e-18
3.708000000000000185e+00 1.736138211700061328e-21
3.900999999999999801e+00 2.192398542552542188e-22
4.104000000000000092e+00 4.412347424215042410e-26
4.317999999999999616e+00 6.205891086008590276e-27
4.543000000000000149e+00 1.058729331277224197e-28
4.778999999999999915e+00 6.922677932091941455e-32
5.027999999999999581e+00 5.133247727069068857e-33
5.290000000000000036e+00 1.566381121816038824e-37
5.565000000000000391e+00 1.600020716353352316e-38
5.855000000000000426e+00 7.186513812287274224e-44
6.160000000000000142e+00 7.917053772959575324e-45
6.480999999999999872e+00 5.208979287110750442e-51
6.817999999999999616e+00 6.278594219878044607e-52
7.173000000000000043e+00 4.521012215661902961e-59
7.546999999999999709e+00 5.427895451406094093e-60
7.940000000000000391e+00 2.379756682939714739e-68
8.352999999999999758e+00 3.010455092487781891e-69
8.788000000000000256e+00 -2.237294677764108480e-77
9.246000000000000441e+00 -2.938196058975661545e-78
9.727000000000000313e+00 -1.612975689789955373e-87
1.023000000000000043e+01 -2.949344931078159577e-88
1.076999999999999957e+01 -1.189929718107420826e-89
1.133000000000000007e+01 -1.487441292747237233e-99
1.191999999999999993e+01 -1.255799071176492776e-100
1.253999999999999915e+01 -2.900882344926771500e-112
1.318999999999999950e+01 -3.013464738486259475e-113
1.388000000000000078e+01 -2.132653119049979932e-126
1.459999999999999964e+01 -2.444301697305909706e-127
1.535999999999999943e+01 -2.696303674338312769e-142
1.616000000000000014e+01 -3.236012891321813140e-143
1.700000000000000000e+01 -5.642262561984217645e-160
1.789000000000000057e+01 -6.862534395137009695e-161
1.882000000000000028e+01 -1.233329784875024739e-179
1.980000000000000071e+01 -1.565953567481836859e-180
2.082999999999999829e+01 -1.138574903473803135e-201
2.191000000000000014e+01 -1.518260721361625873e-202
2.305000000000000071e+01 -3.802584904413353918e-226
2.425000000000000000e+01 -8.068294885242860293e-227
2.551999999999999957e+01 -5.076482147858133567e-228
2.683999999999999986e+01 -4.801856204313150830e-254
2.823999999999999844e+01 -4.535433780272087956e-255
2.971000000000000085e+01 -2.082187504639179993e-284
3.126000000000000156e+01 -2.240994129294991680e-285
3.289000000000000057e+01 0.000000000000000000e+00
3.460000000000000142e+01 0.000000000000000000e+00
3.639999999999999858e+01 0.000000000000000000e+00
3.829999999999999716e+01 0.000000000000000000e+00
4.028999999999999915e+01 0.000000000000000000e+00
4.239000000000000057e+01 0.000000000000000000e+00
4.460000000000000142e+01 0.000000000000000000e+00
4.692000000000000171e+01 0.000000000000000000e+00
4.935999999999999943e+01 0.000000000000000000e+00
5.192999999999999972e+01 0.000000000000000000e+00
5.464000000000000057e+01 0.000000000000000000e+00
5.747999999999999687e+01 0.000000000000000000e+00
6.046999999999999886e+01 0.000000000000000000e+00
6.361999999999999744e+01 0.000000000000000000e+00
6.693000000000000682e+01 0.000000000000000000e+00
7.042000000000000171e+01 0.000000000000000000e+00
7.409000000000000341e+01 0.000000000000000000e+00
7.793999999999999773e+01 0.000000000000000000e+00
8.200000000000000000e+01 0.000000000000000000e+00
8.626999999999999602e+01 0.000000000000000000e+00
9.076000000000000512e+01 0.000000000000000000e+00
9.548999999999999488e+01 0.000000000000000000e+00
1.005000000000000000e+02 0.000000000000000000e+00
1.057000000000000028e+02 0.000000000000000000e+00
1.112000000000000028e+02 0.000000000000000000e+00
1.170000000000000000e+02 0.000000000000000000e+00
1.230999999999999943e+02 0.000000000000000000e+00
1.295000000000000000e+02 0.000000000000000000e+00
1.361999999999999886e+02 0.000000000000000000e+00
1.433000000000000114e+02 0.000000000000000000e+00
1.508000000000000114e+02 0.000000000000000000e+00
1.585999999999999943e+02 0.000000000000000000e+00
1.669000000000000057e+02 0.000000000000000000e+00
1.755999999999999943e+02 0.000000000000000000e+00
1.846999999999999886e+02 0.000000000000000000e+00
1.943000000000000114e+02 0.000000000000000000e+00
2.045000000000000000e+02 0.000000000000000000e+00
2.150999999999999943e+02 0.000000000000000000e+00
2.263000000000000114e+02 0.000000000000000000e+00
2.380999999999999943e+02 0.000000000000000000e+00
2.505000000000000000e+02 0.000000000000000000e+00
2.635000000000000000e+02 0.000000000000000000e+00
2.773000000000000114e+02 0.000000000000000000e+00
2.916999999999999886e+02 0.000000000000000000e+00
3.068999999999999773e+02 0.000000000000000000e+00
3.228999999999999773e+02 0.000000000000000000e+00
3.396999999999999886e+02 0.000000000000000000e+00
3.573999999999999773e+02 0.000000000000000000e+00
3.760000000000000000e+02 0.000000000000000000e+00
3.955000000000000000e+02 0.000000000000000000e+00
4.161000000000000227e+02 0.000000000000000000e+00
4.378000000000000114e+02 0.000000000000000000e+00
4.606000000000000227e+02 0.000000000000000000e+00
4.846000000000000227e+02 0.000000000000000000e+00
5.098000000000000114e+02 0.000000000000000000e+00
5.363999999999999773e+02 0.000000000000000000e+00
5.642999999999999545e+02 0.000000000000000000e+00
5.937000000000000455e+02 0.000000000000000000e+00
6.246000000000000227e+02 0.000000000000000000e+00
6.571000000000000227e+02 0.000000000000000000e+00
6.912999999999999545e+02 0.000000000000000000e+00
7.272999999999999545e+02 0.000000000000000000e+00
7.652000000000000455e+02 0.000000000000000000e+00
8.050000000000000000e+02 0.000000000000000000e+00
8.468999999999999773e+02 0.000000000000000000e+00
8.910000000000000000e+02 0.000000000000000000e+00
9.373999999999999773e+02 0.000000000000000000e+00
9.862999999999999545e+02 0.000000000000000000e+00
1.038000000000000000e+03 0.000000000000000000e+00
1.092000000000000000e+03 0.000000000000000000e+00
1.148000000000000000e+03 0.000000000000000000e+00
1.208000000000000000e+03 0.000000000000000000e+00
1.271000000000000000e+03 0.000000000000000000e+00
1.337000000000000000e+03 0.000000000000000000e+00
1.407000000000000000e+03 0.000000000000000000e+00
1.480000000000000000e+03 0.000000000000000000e+00
1.557000000000000000e+03 0.000000000000000000e+00
1.638000000000000000e+03 0.000000000000000000e+00
1.724000000000000000e+03 0.000000000000000000e+00
1.814000000000000000e+03 0.000000000000000000e+00
1.908000000000000000e+03 0.000000000000000000e+00
2.007000000000000000e+03 0.000000000000000000e+00
2.112000000000000000e+03 0.000000000000000000e+00
2.222000000000000000e+03 0.000000000000000000e+00
2.337000000000000000e+03 0.000000000000000000e+00
2.459000000000000000e+03 0.000000000000000000e+00
2.587000000000000000e+03 0.000000000000000000e+00
2.722000000000000000e+03 0.000000000000000000e+00
2.864000000000000000e+03 0.000000000000000000e+00
3.013000000000000000e+03 0.000000000000000000e+00
3.170000000000000000e+03 0.000000000000000000e+00
3.335000000000000000e+03 0.000000000000000000e+00
3.508000000000000000e+03 0.000000000000000000e+00
3.691000000000000000e+03 0.000000000000000000e+00
3.883000000000000000e+03 0.000000000000000000e+00
4.085000000000000000e+03 0.000000000000000000e+00
4.298000000000000000e+03 0.000000000000000000e+00
4.522000000000000000e+03 0.000000000000000000e+00
4.757000000000000000e+03 0.000000000000000000e+00
5.005000000000000000e+03 0.000000000000000000e+00
5.266000000000000000e+03 0.000000000000000000e+00
5.540000000000000000e+03 0.000000000000000000e+00
5.828000000000000000e+03 0.000000000000000000e+00
6.132000000000000000e+03 0.000000000000000000e+00
6.451000000000000000e+03 0.000000000000000000e+00
6.787000000000000000e+03 0.000000000000000000e+00
7.140000000000000000e+03 0.000000000000000000e+00
7.512000000000000000e+03 0.000000000000000000e+00
7.903000000000000000e+03 0.000000000000000000e+00
8.315000000000000000e+03 0.000000000000000000e+00
8.748000000000000000e+03 0.000000000000000000e+00
9.203000000000000000e+03 0.000000000000000000e+00
9.682000000000000000e+03 0.000000000000000000e+00
1.019000000000000000e+04 0.000000000000000000e+00
1.072000000000000000e+04 0.000000000000000000e+00
1.127000000000000000e+04 0.000000000000000000e+00
1.186000000000000000e+04 0.000000000000000000e+00
1.248000000000000000e+04 0.000000000000000000e+00
1.313000000000000000e+04 0.000000000000000000e+00
1.381000000000000000e+04 0.000000000000000000e+00
1.453000000000000000e+04 0.000000000000000000e+00
1.529000000000000000e+04 0.000000000000000000e+00
1.608000000000000000e+04 0.000000000000000000e+00
1.692000000000000000e+04 0.000000000000000000e+00
1.780000000000000000e+04 0.000000000000000000e+00
1.873000000000000000e+04 0.000000000000000000e+00
1.971000000000000000e+04 0.000000000000000000e+00
2.073000000000000000e+04 0.000000000000000000e+00
2.181000000000000000e+04 0.000000000000000000e+00
2.295000000000000000e+04 0.000000000000000000e+00
2.414000000000000000e+04 0.000000000000000000e+00
2.540000000000000000e+04 0.000000000000000000e+00
2.672000000000000000e+04 0.000000000000000000e+00
2.811000000000000000e+04 0.000000000000000000e+00
2.958000000000000000e+04 0.000000000000000000e+00
3.112000000000000000e+04 0.000000000000000000e+00
3.274000000000000000e+04 0.000000000000000000e+00
3.444000000000000000e+04 0.000000000000000000e+00
3.623000000000000000e+04 0.000000000000000000e+00
3.812000000000000000e+04 0.000000000000000000e+00
4.011000000000000000e+04 0.000000000000000000e+00
4.219000000000000000e+04 0.000000000000000000e+00
4.439000000000000000e+04 0.000000000000000000e+00
4.670000000000000000e+04 0.000000000000000000e+00
4.913000000000000000e+04 0.000000000000000000e+00
5.169000000000000000e+04 0.000000000000000000e+00
5.438000000000000000e+04 0.000000000000000000e+00
5.722000000000000000e+04 0.000000000000000000e+00
6.019000000000000000e+04 0.000000000000000000e+00
6.333000000000000000e+04 0.000000000000000000e+00
6.663000000000000000e+04 0.000000000000000000e+00
7.010000000000000000e+04 0.000000000000000000e+00
7.375000000000000000e+04 0.000000000000000000e+00
7.759000000000000000e+04 0.000000000000000000e+00
8.163000000000000000e+04 0.000000000000000000e+00
8.588000000000000000e+04 0.000000000000000000e+00
9.035000000000000000e+04 0.000000000000000000e+00
9.505000000000000000e+04 0.000000000000000000e+00
1.000000000000000000e+05 0.000000000000000000e+00
