1.000000000000000021e-03 1.642853220877655343e+23
1.051999999999999984e-03 1.591357724851407872e+23
1.106999999999999911e-03 1.544586754598599246e+23
1.163999999999999887e-03 1.500272854655692995e+23
1.224999999999999960e-03 1.455228831580118770e+23
1.288999999999999998e-03 1.417339748294425460e+23
1.356000000000000000e-03 1.379445213003153649e+23
1.427000000000000100e-03 1.345550651203152385e+23
1.500999999999999947e-03 1.312376533063489647e+23
1.579000000000000108e-03 1.281514650059643583e+23
1.661000000000000150e-03 1.252963345570845929e+23
1.747999999999999988e-03 1.226144313938296219e+23
1.839000000000000140e-03 1.201994217199272135e+23
1.935000000000000088e-03 1.180740851206275696e+23
2.034999999999999917e-03 1.160731775730068499e+23
2.141000000000000108e-03 1.142321667844315252e+23
2.252999999999999794e-03 1.125226754627598874e+23
2.370000000000000145e-03 1.110368486522431293e+23
2.492999999999999990e-03 1.098601854753773233e+23
2.623000000000000331e-03 1.086261108107404860e+23
2.759999999999999867e-03 1.076401205774235751e+23
2.903999999999999897e-03 1.068027738949203085e+23
3.054999999999999990e-03 1.061227095327339918e+23
3.213999999999999843e-03 1.055421329730138234e+23
3.380999999999999891e-03 1.050989697419822382e+23
3.556999999999999832e-03 1.047431785607366149e+23
3.742000000000000100e-03 1.045601474593530483e+23
3.936999999999999528e-03 1.043763289002911602e+23
4.142000000000000716e-03 1.042595811619232589e+23
4.357999999999999895e-03 1.042287753599474855e+23
4.585000000000000533e-03 1.041966954555634488e+23
4.824000000000000163e-03 1.042747146815758821e+23
5.074999999999999650e-03 1.043298433386512730e+23
5.338999999999999996e-03 1.043990650884526325e+23
5.616999999999999597e-03 1.045574050898756197e+23
5.908999999999999322e-03 1.046052296562170155e+23
6.217000000000000304e-03 1.047096025372301166e+23
6.540999999999999939e-03 1.047572835522113081e+23
6.880999999999999964e-03 1.047771863357808831e+23
7.239999999999999908e-03 1.047743309460937648e+23
7.617000000000000506e-03 1.047358822306144269e+23
8.012999999999999290e-03 1.046535183703542459e+23
8.429999999999999993e-03 1.045295978065273542e+23
8.868999999999998413e-03 1.043470044581207799e+23
9.330999999999999017e-03 1.040929113168985866e+23
9.816999999999999338e-03 1.037889773615331378e+23
1.032999999999999891e-02 1.034265418612198584e+23
1.086999999999999945e-02 1.030019042490669198e+23
1.143000000000000092e-02 1.024956803653381327e+23
1.203000000000000076e-02 1.019414453447354367e+23
1.264999999999999979e-02 1.013353147234627218e+23
1.330999999999999892e-02 1.006251128354890244e+23
1.400999999999999988e-02 9.987619397478553066e+22
1.473000000000000004e-02 9.904700181634859454e+22
1.549999999999999989e-02 9.813503952572446147e+22
1.631000000000000158e-02 9.716670022648452665e+22
1.715999999999999817e-02 9.611831503085859609e+22
1.805000000000000007e-02 9.504418128801227080e+22
1.898999999999999994e-02 9.387283374973867419e+22
1.997999999999999776e-02 9.264837002479686753e+22
2.101999999999999702e-02 9.137658960143115826e+22
2.212000000000000077e-02 9.004302262816802341e+22
2.326999999999999902e-02 8.865332788763531044e+22
2.447999999999999829e-02 8.718609563823685973e+22
2.574999999999999858e-02 8.570704487135730414e+22
2.708999999999999950e-02 8.415925702265472968e+22
2.850000000000000103e-02 8.257330887634376983e+22
2.998999999999999930e-02 8.092939797443554102e+22
3.155000000000000165e-02 7.928180657728817988e+22
3.318999999999999728e-02 7.756793067831125292e+22
3.491999999999999965e-02 7.582063020261631223e+22
3.673999999999999488e-02 7.403745518813116052e+22
3.864999999999999686e-02 7.225778292287240300e+22
4.066000000000000170e-02 7.043406608019115894e+22
4.277999999999999858e-02 6.858797803419953896e+22
4.500999999999999446e-02 6.674012121734906590e+22
4.734999999999999626e-02 6.486767930176723485e+22
4.982000000000000317e-02 6.298650468986528570e+22
5.240999999999999825e-02 6.109170002105480302e+22
5.513999999999999457e-02 5.924240934179100531e+22
5.800999999999999907e-02 5.733726373865349710e+22
6.102999999999999398e-02 5.546667730585708082e+22
6.421000000000000318e-02 5.358493318817953454e+22
6.755999999999999506e-02 5.172187260375989957e+22
7.106999999999999429e-02 4.988093987638212139e+22
7.477000000000000313e-02 4.804811040724181058e+22
7.867000000000000381e-02 4.623423688704840958e+22
8.276000000000000023e-02 4.442647759280253855e+22
8.707000000000000850e-02 4.265011197253938840e+22
9.160999999999999699e-02 4.090645123813384756e+22
9.637999999999999345e-02 3.919885658165907502e+22
1.014000000000000040e-01 3.750611581869628588e+22
1.067000000000000032e-01 3.585410917898256594e+22
1.122000000000000081e-01 3.424143331200226820e+22
1.180999999999999966e-01 3.265621601828793326e+22
1.242000000000000048e-01 3.111243428239387499e+22
1.307000000000000106e-01 2.960173843308799119e+22
1.375000000000000111e-01 2.813822647057638228e+22
1.446999999999999953e-01 2.671045783372409130e+22
1.522000000000000020e-01 2.533035880192030015e+22
1.600999999999999923e-01 2.400290652748101819e+22
1.683999999999999941e-01 2.270744700052396468e+22
1.771999999999999964e-01 2.145244802158237319e+22
1.864000000000000101e-01 2.025699553840381244e+22
1.960999999999999965e-01 1.908890601502412269e+22
2.064000000000000001e-01 1.796496426405429300e+22
2.170999999999999874e-01 1.688701428425080753e+22
2.283999999999999919e-01 1.587295989717549240e+22
2.403000000000000136e-01 1.488293320810837521e+22
2.528000000000000247e-01 1.394389158141997823e+22
2.660000000000000142e-01 1.304776648946148075e+22
2.798000000000000487e-01 1.219385600208797696e+22
2.943999999999999950e-01 1.138290244729903356e+22
3.096999999999999753e-01 1.060725106945469658e+22
3.259000000000000230e-01 9.872288404311111631e+21
3.427999999999999936e-01 9.182564542447023555e+21
3.606999999999999651e-01 8.526582336170245489e+21
3.795000000000000040e-01 7.905799359096260919e+21
3.991999999999999993e-01 7.323526714853236408e+21
4.200000000000000400e-01 6.777918347947732369e+21
4.419000000000000150e-01 6.263200730903501341e+21
4.649000000000000354e-01 5.779571690917075091e+21
4.891000000000000347e-01 5.326734829690185318e+21
5.144999999999999574e-01 4.905627211723396088e+21
5.413000000000000034e-01 4.508149312299318903e+21
5.695000000000000062e-01 4.138845140080769106e+21
5.992000000000000659e-01 3.795270723571991708e+21
6.304000000000000714e-01 3.476938380208159326e+21
6.632000000000000117e-01 3.183065542616147296e+21
6.976999999999999869e-01 2.910861312572690792e+21
7.340999999999999748e-01 2.658906468704038420e+21
7.722999999999999865e-01 2.424250638305310802e+21
8.125000000000000000e-01 2.210562251632484024e+21
8.548000000000000043e-01 2.014073466526544167e+21
8.992999999999999883e-01 1.832619574417755734e+21
9.460999999999999410e-01 1.666168584200263565e+21
9.954000000000000625e-01 1.515365964287969329e+21
1.046999999999999931e+00 1.377994797883461468e+21
1.101999999999999869e+00 1.249986369618605507e+21
1.159000000000000030e+00 1.135138584018669011e+21
1.219000000000000083e+00 1.031225236204511953e+21
1.283000000000000140e+00 9.352772605734970982e+20
1.350000000000000089e+00 8.487001999765842166e+20
1.419999999999999929e+00 7.701396953444192092e+20
1.493999999999999995e+00 6.988969409362397757e+20
1.572000000000000064e+00 6.347558429023653069e+20
1.654000000000000137e+00 5.765293373358423409e+20
1.739999999999999991e+00 5.237938222391254712e+20
1.830000000000000071e+00 4.765148332517913395e+20
1.925999999999999934e+00 4.332277914615799480e+20
2.025999999999999801e+00 3.939943270199078420e+20
2.131000000000000227e+00 3.590086609775763128e+20
2.241999999999999993e+00 3.266400054066714378e+20
2.358999999999999986e+00 2.973200719138018427e+20
2.481999999999999762e+00 2.708376463654166528e+20
2.611000000000000210e+00 2.466023341416578744e+20
2.746999999999999886e+00 2.245657778014688707e+20
2.890000000000000124e+00 2.044135099661141606e+20
3.040999999999999925e+00 1.857504319667781632e+20
3.198999999999999844e+00 1.689308828075202970e+20
3.366000000000000103e+00 1.531620063001641615e+20
3.540999999999999925e+00 1.391064668180024361e+20
3.725000000000000089e+00 1.259763651429748736e+20
3.918999999999999595e+00 1.138203426165154447e+20
4.123000000000000220e+00 1.027825122526372168e+20
4.338000000000000078e+00 9.259112288729921946e+19
4.564000000000000057e+00 8.322613727441318707e+19
4.801000000000000156e+00 7.465184904466507366e+19
5.051000000000000156e+00 6.676313488642435482e+19
5.314000000000000057e+00 5.960401264008229683e+19
5.590999999999999304e+00 5.311292397405031629e+19
5.881999999999999673e+00 4.708396595999476122e+19
6.187999999999999723e+00 4.180918100769183334e+19
6.511000000000000121e+00 3.687783044283854438e+19
6.850000000000000533e+00 3.251995069821759898e+19
7.205999999999999517e+00 2.863700838716194816e+19
7.581999999999999851e+00 2.506822101581691699e+19
7.976000000000000867e+00 2.198208613039601664e+19
8.391999999999999460e+00 1.915507113639925760e+19
8.829000000000000625e+00 1.669598100745351168e+19
9.288000000000000256e+00 1.453368172811185357e+19
9.772000000000000242e+00 1.258203559842167603e+19
1.027999999999999936e+01 1.094113680115211264e+19
1.082000000000000028e+01 9.392520672251402240e+18
1.137999999999999901e+01 8.148210172949566464e+18
1.196999999999999886e+01 7.004479907562176512e+18
1.259999999999999964e+01 6.026601243372909568e+18
1.325000000000000000e+01 5.189033167084532736e+18
1.393999999999999950e+01 4.445537513065752064e+18
1.466999999999999993e+01 3.825727941828775936e+18
1.542999999999999972e+01 3.265911659974203392e+18
1.623000000000000043e+01 2.812801748186621440e+18
1.708000000000000185e+01 2.392843413376375296e+18
1.796999999999999886e+01 2.050956613807916544e+18
1.889999999999999858e+01 1.748512902306760704e+18
1.989000000000000057e+01 1.491951912366385408e+18
2.092000000000000171e+01 1.275717724485168128e+18
2.200999999999999801e+01 1.084368798123946112e+18
2.316000000000000014e+01 9.280551314433780480e+17
2.437000000000000099e+01 7.846328111558036480e+17
2.562999999999999901e+01 6.747638132912517120e+17
2.697000000000000242e+01 5.692367536287458560e+17
2.837000000000000099e+01 4.911140244284610560e+17
2.985000000000000142e+01 4.130887437970094080e+17
3.139999999999999858e+01 3.575144762957928320e+17
3.303999999999999915e+01 3.021253766646048640e+17
3.475999999999999801e+01 2.605181614901475200e+17
3.657000000000000028e+01 2.210779703064058560e+17
3.846999999999999886e+01 1.900867690023272640e+17
4.048000000000000398e+01 1.618506399539992960e+17
4.259000000000000341e+01 1.385453492285909760e+17
4.479999999999999716e+01 1.185380026601606720e+17
4.714000000000000057e+01 1.011588724267502400e+17
4.959000000000000341e+01 8.676975150682382400e+16
5.217000000000000171e+01 7.385235838325748800e+16
5.489000000000000057e+01 6.351530847608543200e+16
5.775000000000000000e+01 5.393206698987938400e+16
6.075000000000000000e+01 4.650866888623071200e+16
6.392000000000000171e+01 3.940264612373907200e+16
6.723999999999999488e+01 3.407997679738168000e+16
7.075000000000000000e+01 2.886104415376318800e+16
7.442999999999999261e+01 2.499276310656152400e+16
7.829999999999999716e+01 2.126864291603542000e+16
8.237999999999999545e+01 1.833823054439424400e+16
8.667000000000000171e+01 1.565043905687025600e+16
9.117999999999999261e+01 1.344746856959145200e+16
9.593000000000000682e+01 1.149087877981749400e+16
1.009000000000000057e+02 9.835501552512424000e+15
1.062000000000000028e+02 8.397711088572660000e+15
1.116999999999999886e+02 7.147424615832224000e+15
1.175000000000000000e+02 6.103532470614872000e+15
1.236000000000000085e+02 5.148519528399891000e+15
1.300999999999999943e+02 4.366350304863622000e+15
1.369000000000000057e+02 3.632306498955365500e+15
1.440000000000000000e+02 3.059617043033470000e+15
1.515000000000000000e+02 2.496413489550601500e+15
1.593999999999999773e+02 2.066652614983538500e+15
1.676999999999999886e+02 1.645951949411432250e+15
1.764000000000000057e+02 1.329692943720022000e+15
1.855999999999999943e+02 1.030674363325807750e+15
1.952000000000000171e+02 8.046006634035213750e+14
2.054000000000000057e+02 6.053273905988633750e+14
2.160999999999999943e+02 4.555146482476936250e+14
2.273999999999999773e+02 3.360741595633551250e+14
2.391999999999999886e+02 2.443200813578898125e+14
2.516999999999999886e+02 1.773375213432169375e+14
2.647999999999999545e+02 1.243158642292763125e+14
2.785000000000000000e+02 9.019340837551000000e+13
2.930000000000000000e+02 6.168925455941988281e+13
3.083000000000000114e+02 4.440023228377984375e+13
3.244000000000000341e+02 2.947770762007627734e+13
3.411999999999999886e+02 2.078929732657348828e+13
3.590000000000000000e+02 1.286432312539212891e+13
3.776999999999999886e+02 8.676744535699083984e+12
3.973999999999999773e+02 5.016859299415196289e+12
4.181000000000000227e+02 3.107245122785152344e+12
4.398000000000000114e+02 1.734224085785416748e+12
4.626999999999999886e+02 9.891006846011268311e+11
4.868000000000000114e+02 5.552194841425911865e+11
5.122000000000000455e+02 2.984320627813171387e+11
5.387999999999999545e+02 1.625563908970551453e+11
5.668999999999999773e+02 7.729760266854130554e+10
5.964000000000000909e+02 3.976136978393205261e+10
6.275000000000000000e+02 1.608223447638441467e+10
6.601000000000000227e+02 7.958190607276071548e+09
6.945000000000000000e+02 2.947696658999079227e+09
7.307000000000000455e+02 1.387581299532460928e+09
7.687000000000000455e+02 4.385056814505616426e+08
8.087999999999999545e+02 1.881650342604537606e+08
8.508999999999999773e+02 5.640493427054877579e+07
8.952000000000000455e+02 2.099523896851867437e+07
9.417999999999999545e+02 6.714655215445156209e+06
9.908000000000000682e+02 1.944315518787103938e+06
1.042000000000000000e+03 6.068675038051028969e+05
1.097000000000000000e+03 1.411324288387419365e+05
1.154000000000000000e+03 3.966660219900130323e+04
1.214000000000000000e+03 7.701175459535375921e+03
1.277000000000000000e+03 1.748478618150982356e+03
1.344000000000000000e+03 2.903664989114183754e+02
1.414000000000000000e+03 5.314347300763687798e+01
1.487000000000000000e+03 8.265305806398203003e+00
1.565000000000000000e+03 9.554222878117866191e-01
1.646000000000000000e+03 1.416900400413641237e-01
1.732000000000000000e+03 1.258668791703406592e-02
1.822000000000000000e+03 1.739718159954349369e-03
1.917000000000000000e+03 6.972626123239325047e-05
2.017000000000000000e+03 1.407783498406884851e-05
2.122000000000000000e+03 1.106815261533499806e-06
2.232000000000000000e+03 9.030692167512130474e-08
2.348000000000000000e+03 8.834099312577104311e-09
2.470000000000000000e+03 1.994391010616413729e-10
2.599000000000000000e+03 2.164248638213915730e-11
2.734000000000000000e+03 2.243668670976726144e-13
2.877000000000000000e+03 2.577988960354483737e-14
3.027000000000000000e+03 1.207182313934912499e-16
3.184000000000000000e+03 1.502245035413518310e-17
3.350000000000000000e+03 2.147532384960476057e-20
3.524000000000000000e+03 2.852558713530243837e-21
3.708000000000000000e+03 1.736138211700061451e-24
3.901000000000000000e+03 2.192398542552542081e-25
4.104000000000000000e+03 4.412347424215042652e-29
4.318000000000000000e+03 6.205891086008590208e-30
4.543000000000000000e+03 1.058729331277224272e-31
4.779000000000000000e+03 6.922677932091941215e-35
5.028000000000000000e+03 5.133247727069068911e-36
5.290000000000000000e+03 1.566381121816038801e-40
5.565000000000000000e+03 1.600020716353352200e-41
5.855000000000000000e+03 7.186513812287274232e-47
6.160000000000000000e+03 7.917053772959575275e-48
6.481000000000000000e+03 5.208979287110750275e-54
6.818000000000000000e+03 6.278594219878044729e-55
7.173000000000000000e+03 4.521012215661903133e-62
7.547000000000000000e+03 5.427895451406094136e-63
7.940000000000000000e+03 2.379756682939714684e-71
8.353000000000000000e+03 3.010455092487781862e-72
8.788000000000000000e+03 -2.237294677764108420e-80
9.246000000000000000e+03 -2.938196058975661631e-81
9.727000000000000000e+03 -1.612975689789955343e-90
1.023000000000000000e+04 -2.949344931078159319e-91
1.077000000000000000e+04 -1.189929718107420905e-92
1.133000000000000000e+04 -1.487441292747237240e-102
1.192000000000000000e+04 -1.255799071176492717e-103
1.254000000000000000e+04 -2.900882344926771525e-115
1.319000000000000000e+04 -3.013464738486259263e-116
1.388000000000000000e+04 -2.132653119049979917e-129
1.460000000000000000e+04 -2.444301697305909585e-130
1.536000000000000000e+04 -2.696303674338312604e-145
1.616000000000000000e+04 -3.236012891321813023e-146
1.700000000000000000e+04 -5.642262561984217280e-163
1.789000000000000000e+04 -6.862534395137009670e-164
1.882000000000000000e+04 -1.233329784875024673e-182
1.980000000000000000e+04 -1.565953567481836893e-183
2.083000000000000000e+04 -1.138574903473803167e-204
2.191000000000000000e+04 -1.518260721361625771e-205
2.305000000000000000e+04 -3.802584904413354164e-229
2.425000000000000000e+04 -8.068294885242860674e-230
2.552000000000000000e+04 -5.076482147858133604e-231
2.684000000000000000e+04 -4.801856204313150777e-257
2.824000000000000000e+04 -4.535433780272088303e-258
2.971000000000000000e+04 -2.082187504639179907e-287
3.126000000000000000e+04 -2.240994129294991788e-288
3.289000000000000000e+04 0.000000000000000000e+00
3.460000000000000000e+04 0.000000000000000000e+00
3.640000000000000000e+04 0.000000000000000000e+00
3.830000000000000000e+04 0.000000000000000000e+00
4.029000000000000000e+04 0.000000000000000000e+00
4.239000000000000000e+04 0.000000000000000000e+00
4.460000000000000000e+04 0.000000000000000000e+00
4.692000000000000000e+04 0.000000000000000000e+00
4.936000000000000000e+04 0.000000000000000000e+00
5.193000000000000000e+04 0.000000000000000000e+00
5.464000000000000000e+04 0.000000000000000000e+00
5.748000000000000000e+04 0.000000000000000000e+00
6.047000000000000000e+04 0.000000000000000000e+00
6.362000000000000000e+04 0.000000000000000000e+00
6.693000000000000000e+04 0.000000000000000000e+00
7.042000000000000000e+04 0.000000000000000000e+00
7.409000000000000000e+04 0.000000000000000000e+00
7.794000000000000000e+04 0.000000000000000000e+00
8.200000000000000000e+04 0.000000000000000000e+00
8.627000000000000000e+04 0.000000000000000000e+00
9.076000000000000000e+04 0.000000000000000000e+00
9.549000000000000000e+04 0.000000000000000000e+00
1.005000000000000000e+05 0.000000000000000000e+00
1.057000000000000000e+05 0.000000000000000000e+00
1.112000000000000000e+05 0.000000000000000000e+00
1.170000000000000000e+05 0.000000000000000000e+00
1.231000000000000000e+05 0.000000000000000000e+00
1.295000000000000000e+05 0.000000000000000000e+00
1.362000000000000000e+05 0.000000000000000000e+00
1.433000000000000000e+05 0.000000000000000000e+00
1.508000000000000000e+05 0.000000000000000000e+00
1.586000000000000000e+05 0.000000000000000000e+00
1.669000000000000000e+05 0.000000000000000000e+00
1.756000000000000000e+05 0.000000000000000000e+00
1.847000000000000000e+05 0.000000000000000000e+00
1.943000000000000000e+05 0.000000000000000000e+00
2.045000000000000000e+05 0.000000000000000000e+00
2.151000000000000000e+05 0.000000000000000000e+00
2.263000000000000000e+05 0.000000000000000000e+00
2.381000000000000000e+05 0.000000000000000000e+00
2.505000000000000000e+05 0.000000000000000000e+00
2.635000000000000000e+05 0.000000000000000000e+00
2.773000000000000000e+05 0.000000000000000000e+00
2.917000000000000000e+05 0.000000000000000000e+00
3.069000000000000000e+05 0.000000000000000000e+00
3.229000000000000000e+05 0.000000000000000000e+00
3.397000000000000000e+05 0.000000000000000000e+00
3.574000000000000000e+05 0.000000000000000000e+00
3.760000000000000000e+05 0.000000000000000000e+00
3.955000000000000000e+05 0.000000000000000000e+00
4.161000000000000000e+05 0.000000000000000000e+00
4.378000000000000000e+05 0.000000000000000000e+00
4.606000000000000000e+05 0.000000000000000000e+00
4.846000000000000000e+05 0.000000000000000000e+00
5.098000000000000000e+05 0.000000000000000000e+00
5.364000000000000000e+05 0.000000000000000000e+00
5.643000000000000000e+05 0.000000000000000000e+00
5.937000000000000000e+05 0.000000000000000000e+00
6.246000000000000000e+05 0.000000000000000000e+00
6.571000000000000000e+05 0.000000000000000000e+00
6.913000000000000000e+05 0.000000000000000000e+00
7.273000000000000000e+05 0.000000000000000000e+00
7.652000000000000000e+05 0.000000000000000000e+00
8.050000000000000000e+05 0.000000000000000000e+00
8.469000000000000000e+05 0.000000000000000000e+00
8.910000000000000000e+05 0.000000000000000000e+00
9.374000000000000000e+05 0.000000000000000000e+00
9.863000000000000000e+05 0.000000000000000000e+00
1.038000000000000000e+06 0.000000000000000000e+00
1.092000000000000000e+06 0.000000000000000000e+00
1.148000000000000000e+06 0.000000000000000000e+00
1.208000000000000000e+06 0.000000000000000000e+00
1.271000000000000000e+06 0.000000000000000000e+00
1.337000000000000000e+06 0.000000000000000000e+00
1.407000000000000000e+06 0.000000000000000000e+00
1.480000000000000000e+06 0.000000000000000000e+00
1.557000000000000000e+06 0.000000000000000000e+00
1.638000000000000000e+06 0.000000000000000000e+00
1.724000000000000000e+06 0.000000000000000000e+00
1.814000000000000000e+06 0.000000000000000000e+00
1.908000000000000000e+06 0.000000000000000000e+00
2.007000000000000000e+06 0.000000000000000000e+00
2.112000000000000000e+06 0.000000000000000000e+00
2.222000000000000000e+06 0.000000000000000000e+00
2.337000000000000000e+06 0.000000000000000000e+00
2.459000000000000000e+06 0.000000000000000000e+00
2.587000000000000000e+06 0.000000000000000000e+00
2.722000000000000000e+06 0.000000000000000000e+00
2.864000000000000000e+06 0.000000000000000000e+00
3.013000000000000000e+06 0.000000000000000000e+00
3.170000000000000000e+06 0.000000000000000000e+00
3.335000000000000000e+06 0.000000000000000000e+00
3.508000000000000000e+06 0.000000000000000000e+00
3.691000000000000000e+06 0.000000000000000000e+00
3.883000000000000000e+06 0.000000000000000000e+00
4.085000000000000000e+06 0.000000000000000000e+00
4.298000000000000000e+06 0.000000000000000000e+00
4.522000000000000000e+06 0.000000000000000000e+00
4.757000000000000000e+06 0.000000000000000000e+00
5.005000000000000000e+06 0.000000000000000000e+00
5.266000000000000000e+06 0.000000000000000000e+00
5.540000000000000000e+06 0.000000000000000000e+00
5.828000000000000000e+06 0.000000000000000000e+00
6.132000000000000000e+06 0.000000000000000000e+00
6.451000000000000000e+06 0.000000000000000000e+00
6.787000000000000000e+06 0.000000000000000000e+00
7.140000000000000000e+06 0.000000000000000000e+00
7.512000000000000000e+06 0.000000000000000000e+00
7.903000000000000000e+06 0.000000000000000000e+00
8.315000000000000000e+06 0.000000000000000000e+00
8.748000000000000000e+06 0.000000000000000000e+00
9.203000000000000000e+06 0.000000000000000000e+00
9.682000000000000000e+06 0.000000000000000000e+00
1.019000000000000000e+07 0.000000000000000000e+00
1.072000000000000000e+07 0.000000000000000000e+00
1.127000000000000000e+07 0.000000000000000000e+00
1.186000000000000000e+07 0.000000000000000000e+00
1.248000000000000000e+07 0.000000000000000000e+00
1.313000000000000000e+07 0.000000000000000000e+00
1.381000000000000000e+07 0.000000000000000000e+00
1.453000000000000000e+07 0.000000000000000000e+00
1.529000000000000000e+07 0.000000000000000000e+00
1.608000000000000000e+07 0.000000000000000000e+00
1.692000000000000000e+07 0.000000000000000000e+00
1.780000000000000000e+07 0.000000000000000000e+00
1.873000000000000000e+07 0.000000000000000000e+00
1.971000000000000000e+07 0.000000000000000000e+00
2.073000000000000000e+07 0.000000000000000000e+00
2.181000000000000000e+07 0.000000000000000000e+00
2.295000000000000000e+07 0.000000000000000000e+00
2.414000000000000000e+07 0.000000000000000000e+00
2.540000000000000000e+07 0.000000000000000000e+00
2.672000000000000000e+07 0.000000000000000000e+00
2.811000000000000000e+07 0.000000000000000000e+00
2.958000000000000000e+07 0.000000000000000000e+00
3.112000000000000000e+07 0.000000000000000000e+00
3.274000000000000000e+07 0.000000000000000000e+00
3.444000000000000000e+07 0.000000000000000000e+00
3.623000000000000000e+07 0.000000000000000000e+00
3.812000000000000000e+07 0.000000000000000000e+00
4.011000000000000000e+07 0.000000000000000000e+00
4.219000000000000000e+07 0.000000000000000000e+00
4.439000000000000000e+07 0.000000000000000000e+00
4.670000000000000000e+07 0.000000000000000000e+00
4.913000000000000000e+07 0.000000000000000000e+00
5.169000000000000000e+07 0.000000000000000000e+00
5.438000000000000000e+07 0.000000000000000000e+00
5.722000000000000000e+07 0.000000000000000000e+00
6.019000000000000000e+07 0.000000000000000000e+00
6.333000000000000000e+07 0.000000000000000000e+00
6.663000000000000000e+07 0.000000000000000000e+00
7.010000000000000000e+07 0.000000000000000000e+00
7.375000000000000000e+07 0.000000000000000000e+00
7.759000000000000000e+07 0.000000000000000000e+00
8.163000000000000000e+07 0.000000000000000000e+00
8.588000000000000000e+07 0.000000000000000000e+00
9.035000000000000000e+07 0.000000000000000000e+00
9.505000000000000000e+07 0.000000000000000000e+00
1.000000000000000000e+08 0.000000000000000000e+00
