1.774127155601597394e+01 1.038161167122219500e+20
1.874127155601597394e+01 1.071477214947673702e+20
1.974127155601597394e+01 1.100339095375292662e+20
2.074127155601597394e+01 1.125024338868221542e+20
2.174127155601597394e+01 1.146201746092960645e+20
2.274127155601597394e+01 1.163387249336820204e+20
2.374127155601597394e+01 1.177341017901606666e+20
2.474127155601597394e+01 1.188025087871698371e+20
2.574127155601597394e+01 1.195627113718693560e+20
2.674127155601597394e+01 1.200631578910263542e+20
2.774127155601597394e+01 1.203090818450223923e+20
2.874127155601597394e+01 1.203140214065064018e+20
2.974127155601597394e+01 1.200954237174609019e+20
3.074127155601597394e+01 1.197116222040335155e+20
3.174127155601597394e+01 1.191136644738296873e+20
3.274127155601597394e+01 1.183492179667633766e+20
3.374127155601597394e+01 1.174624982765818348e+20
3.474127155601597394e+01 1.163979629252402053e+20
3.574127155601597394e+01 1.152996290985101230e+20
3.674127155601597394e+01 1.140572932176923197e+20
3.774127155601597394e+01 1.127799433913140183e+20
3.874127155601597394e+01 1.115100671756422840e+20
3.974127155601597394e+01 1.100990820210181571e+20
4.074127155601597394e+01 1.087156795452695347e+20
4.174127155601597394e+01 1.073530579004716483e+20
4.274127155601597394e+01 1.058771044774119997e+20
4.374127155601597394e+01 1.044252405746162074e+20
4.474127155601597394e+01 1.029263731561061581e+20
4.574127155601597394e+01 1.014019930923690721e+20
4.674127155601597394e+01 9.985516640480346112e+19
4.774127155601597394e+01 9.828398415018855629e+19
4.874127155601597394e+01 9.670900084690426266e+19
4.974127155601597394e+01 9.512475856245163622e+19
5.074127155601597394e+01 9.353693201630678221e+19
5.174127155601597394e+01 9.195180220553501082e+19
5.274127155601597394e+01 9.037077509301256192e+19
5.374127155601597394e+01 8.879863400468257178e+19
5.474127155601597394e+01 8.723616195637601894e+19
5.574127155601597394e+01 8.568571183955563315e+19
5.674127155601597394e+01 8.415558220586513203e+19
5.774127155601597394e+01 8.263219418332051866e+19
5.874127155601597394e+01 8.114420854729079194e+19
5.974127155601597394e+01 7.966462081600906854e+19
6.074127155601597394e+01 7.821506650055647232e+19
6.174127155601597394e+01 7.680450877242916864e+19
6.274127155601597394e+01 7.539027141485505741e+19
6.374127155601597394e+01 7.401662767918340506e+19
6.474127155601597394e+01 7.268028870075128218e+19
6.574127155601597394e+01 7.133932152833542554e+19
6.674127155601597394e+01 7.003482129777277338e+19
6.774127155601597394e+01 6.876609111232052429e+19
6.874127155601597394e+01 6.749159786823668531e+19
6.974127155601597394e+01 6.624963566133373338e+19
7.074127155601597394e+01 6.504234024874174054e+19
7.174127155601597394e+01 6.382976461235826688e+19
7.274127155601597394e+01 6.264630795060155187e+19
7.374127155601597394e+01 6.149645446773091533e+19
7.474127155601597394e+01 6.034250230844527411e+19
7.574127155601597394e+01 5.921455117520983654e+19
7.674127155601597394e+01 5.811923696597434368e+19
7.774127155601597394e+01 5.702278647043688038e+19
7.874127155601597394e+01 5.594991817336330650e+19
7.974127155601597394e+01 5.490842783870164992e+19
8.074127155601597394e+01 5.386757440201735373e+19
8.174127155601597394e+01 5.284781689618359091e+19
8.274127155601597394e+01 5.185834996749968998e+19
8.374127155601597394e+01 5.087688001323270963e+19
8.474127155601597394e+01 4.991624968165115494e+19
