1.221799999999999287e+01 2.100879689704388608e+19
1.321799999999999287e+01 2.251556275296428032e+19
1.421799999999999287e+01 2.391631809342984602e+19
1.521799999999999287e+01 2.520578931382143386e+19
1.621799999999999287e+01 2.638356630450319360e+19
1.721799999999999287e+01 2.744737169066729062e+19
1.821799999999999287e+01 2.840005699632533504e+19
1.921799999999999287e+01 2.924148092173889946e+19
2.021799999999999287e+01 2.994993476268530893e+19
2.121799999999999287e+01 3.052700195073434419e+19
2.221799999999999287e+01 3.108845783378440192e+19
2.321799999999999287e+01 3.151463683525778227e+19
2.421799999999999287e+01 3.180899436916423066e+19
2.521799999999999287e+01 3.209426146885396890e+19
2.621799999999999287e+01 3.227025736610294579e+19
2.721799999999999287e+01 3.234106551928989696e+19
2.821799999999999287e+01 3.240951050834636390e+19
2.921799999999999287e+01 3.238756855459482829e+19
3.021799999999999287e+01 3.227940928355467264e+19
3.121799999999999287e+01 3.217505996050164531e+19
3.221799999999998931e+01 3.197735159818296525e+19
3.321799999999998931e+01 3.169145240551932314e+19
3.421799999999998931e+01 3.141635656608976486e+19
3.521799999999998931e+01 3.115136177007517696e+19
3.621799999999998931e+01 3.089582943363580723e+19
3.721799999999998931e+01 3.058008901522938266e+19
3.821799999999998931e+01 3.020781925643391795e+19
3.921799999999998931e+01 2.984940479871560909e+19
4.021799999999998931e+01 2.950400007275685888e+19
4.121799999999998931e+01 2.911983842700625920e+19
4.221799999999998931e+01 2.869952090778032128e+19
4.321799999999998931e+01 2.829478975491331277e+19
4.421799999999998931e+01 2.790472980352366182e+19
4.521799999999998931e+01 2.752849855356388147e+19
4.621799999999998931e+01 2.711072718462778982e+19
4.721799999999998931e+01 2.665437420891271578e+19
4.821799999999998931e+01 2.621493278682394624e+19
4.921799999999998931e+01 2.579144793212573696e+19
5.021799999999998931e+01 2.538303639259045069e+19
5.121799999999998931e+01 2.498887997588472627e+19
5.221799999999998931e+01 2.456347644253933568e+19
5.321799999999998931e+01 2.410921294326333850e+19
5.421799999999998931e+01 2.367150014623421235e+19
5.521799999999998931e+01 2.324944875399093043e+19
5.621799999999998931e+01 2.284223209347360358e+19
5.721799999999998931e+01 2.244908069707914854e+19
5.821799999999998931e+01 2.206927743695583642e+19
5.921799999999998931e+01 2.167356004256441958e+19
6.021799999999998931e+01 2.126326827023884288e+19
6.121799999999998931e+01 2.086725810662581453e+19
6.221799999999998931e+01 2.048481288448579174e+19
6.321799999999998931e+01 2.011526257181008691e+19
6.421799999999998931e+01 1.975798006411548262e+19
6.521799999999998931e+01 1.941237782340241818e+19
6.621799999999998931e+01 1.905609520672969933e+19
6.721799999999998931e+01 1.869009038706699059e+19
6.821799999999998931e+01 1.833632799072775578e+19
6.921799999999998931e+01 1.799422915260614451e+19
7.021799999999998931e+01 1.766325016099626394e+19
7.121799999999998931e+01 1.734287986331092992e+19
7.221799999999998931e+01 1.703263729623487283e+19
7.321799999999998931e+01 1.673206951812001178e+19
7.421799999999998931e+01 1.642036038304744653e+19
7.521799999999998931e+01 1.609846093117299098e+19
7.621799999999998931e+01 1.578697259511177626e+19
7.721799999999998931e+01 1.548542942326280192e+19
7.821799999999998931e+01 1.519339195496474419e+19
7.921799999999998931e+01 1.491044540191504384e+19
8.021799999999998931e+01 1.463619797535449907e+19
8.121799999999998931e+01 1.437027934569847603e+19
8.221799999999998931e+01 1.411233922265745408e+19
8.321799999999998931e+01 1.384691147197091635e+19
8.421799999999998931e+01 1.357466704507967078e+19
8.521799999999998931e+01 1.331087672585082880e+19
8.621799999999998931e+01 1.305518388561309082e+19
8.721799999999998931e+01 1.280725081913454182e+19
8.821799999999998931e+01 1.256675753928003174e+19
8.921799999999998931e+01 1.233340066097647206e+19
9.021799999999998931e+01 1.210689236696072397e+19
9.121799999999998931e+01 1.188695944849365402e+19
9.221799999999998931e+01 1.167334241485937459e+19
9.321799999999998931e+01 1.145981398785978573e+19
9.421799999999998931e+01 1.124651132987749171e+19
9.521799999999998931e+01 1.103935712843215053e+19
9.621799999999998931e+01 1.083811265938629632e+19
9.721799999999998931e+01 1.064255080643378995e+19
9.821799999999998931e+01 1.045245538523911168e+19
9.921799999999998931e+01 1.026762051328707994e+19
1.002179999999999893e+02 1.008785002193001267e+19
1.012179999999999893e+02 9.912956907420641280e+18
1.022179999999999893e+02 9.742762817993101312e+18
1.032179999999999893e+02 9.577097574301046784e+18
