1.900000000000000000e+01 4.090160097329855693e+19
2.000000000000000000e+01 4.445800673356289638e+19
2.100000000000000000e+01 4.785307815870913741e+19
2.200000000000000000e+01 5.104918732755002163e+19
2.300000000000000000e+01 5.430586494544909107e+19
2.400000000000000000e+01 5.749668111421122150e+19
2.500000000000000000e+01 6.060856026532735386e+19
2.600000000000000000e+01 6.375945220985397248e+19
2.700000000000000000e+01 6.681151982037318042e+19
2.800000000000000000e+01 6.975384668736491520e+19
2.900000000000000000e+01 7.271758767432155136e+19
3.000000000000000000e+01 7.550391040056100454e+19
3.100000000000000000e+01 7.810156258008411341e+19
3.200000000000000000e+01 8.070321900221366272e+19
3.300000000000000000e+01 8.311478265005003571e+19
3.400000000000000000e+01 8.532899635826307891e+19
3.500000000000000000e+01 8.753640618544555622e+19
3.600000000000000000e+01 8.973722390509833421e+19
3.700000000000000000e+01 9.193164908148958822e+19
3.800000000000000000e+01 9.405724724129017037e+19
3.900000000000000000e+01 9.611262738805932032e+19
4.000000000000000000e+01 9.815985351101913498e+19
4.100000000000000000e+01 1.001991581735091896e+20
4.200000000000000000e+01 1.020843120988916449e+20
4.300000000000000000e+01 1.038129780657628119e+20
4.400000000000000000e+01 1.055306304253447700e+20
4.500000000000000000e+01 1.072375845738453729e+20
4.600000000000000000e+01 1.089341401592661443e+20
4.700000000000000000e+01 1.103324422778305413e+20
4.800000000000000000e+01 1.114312124691032310e+20
4.900000000000000000e+01 1.125181652850367529e+20
5.000000000000000000e+01 1.135936628063237734e+20
5.100000000000000000e+01 1.146580491023936717e+20
5.200000000000000000e+01 1.157116514582014853e+20
5.300000000000000000e+01 1.167139639481782927e+20
5.400000000000000000e+01 1.176653734939921777e+20
5.500000000000000000e+01 1.186070281016249713e+20
5.600000000000000000e+01 1.195392009125301944e+20
5.700000000000000000e+01 1.204621527427941663e+20
5.800000000000000000e+01 1.213761328430923612e+20
5.900000000000000000e+01 1.222813795996487516e+20
6.000000000000000000e+01 1.231215320487000801e+20
6.100000000000000000e+01 1.238970328780200509e+20
6.200000000000000000e+01 1.246647916519568998e+20
6.300000000000000000e+01 1.254250077158024151e+20
6.400000000000000000e+01 1.261778722375560724e+20
6.500000000000000000e+01 1.269235686644078346e+20
6.600000000000000000e+01 1.276622731471847588e+20
6.700000000000000000e+01 1.282257057687058186e+20
6.800000000000000000e+01 1.286153901425701356e+20
6.900000000000000000e+01 1.290005851907258286e+20
7.000000000000000000e+01 1.293814061287315210e+20
7.100000000000000000e+01 1.297579636314748027e+20
7.200000000000000000e+01 1.301303640728043356e+20
7.300000000000000000e+01 1.304987097493998797e+20
7.400000000000000000e+01 1.308630990901194097e+20
7.500000000000000000e+01 1.309888934118205850e+20
7.600000000000000000e+01 1.308797079957059011e+20
7.700000000000000000e+01 1.307720299009451622e+20
7.800000000000000000e+01 1.306658192665025577e+20
7.900000000000000000e+01 1.305610377765757911e+20
8.000000000000000000e+01 1.304576485821295821e+20
8.100000000000000000e+01 1.303556162273356186e+20
8.200000000000000000e+01 1.302549065805518275e+20
8.300000000000000000e+01 1.301554867695127429e+20
8.400000000000000000e+01 1.297868640522292429e+20
8.500000000000000000e+01 1.291552527183111946e+20
8.600000000000000000e+01 1.285340065080759910e+20
8.700000000000000000e+01 1.279228384079813345e+20
8.800000000000000000e+01 1.273214725161088451e+20
8.900000000000000000e+01 1.267296434922251551e+20
9.000000000000000000e+01 1.261470960408591729e+20
9.100000000000000000e+01 1.255735844250668401e+20
9.200000000000000000e+01 1.250088720087550034e+20
9.300000000000000000e+01 1.244527308255934054e+20
9.400000000000000000e+01 1.236980019158862070e+20
9.500000000000000000e+01 1.227506684091018281e+20
9.600000000000000000e+01 1.218203457621462548e+20
9.700000000000000000e+01 1.209065569329396285e+20
9.800000000000000000e+01 1.200088429713749770e+20
9.900000000000000000e+01 1.191267621579849073e+20
1.000000000000000000e+02 1.182598891917909688e+20
1.010000000000000000e+02 1.174078144240677192e+20
1.020000000000000000e+02 1.165701431350029517e+20
1.030000000000000000e+02 1.157464948504616632e+20
1.040000000000000000e+02 1.149365026962663506e+20
